Date,Open,High,Low,Close,Volume,Adj Close
1995-02-28,18.1875,18.4374895,17.9375105,18.062521,2582700.0,3.01042
1995-03-31,19.9431875455,20.5340975909,19.7159186364,20.1647784545,480163.636364,3.36079636364
1995-04-30,20.0723584737,20.3092005789,19.8059144211,20.0855174737,130989.473684,3.34758631579
1995-05-31,20.6875038182,21.1249990455,20.3750076364,20.6988655455,132190.909091,3.44981090909
1995-06-30,23.5454535909,24.0170454545,23.2443161818,23.7499988636,216163.636364,3.95833318182
1995-07-31,26.39999715,26.7437576,26.2437481,26.53125,103290.0,4.40625
1995-08-31,24.5380408261,25.1902199565,24.2173878261,24.6141336522,618339.130435,4.10235565217
1995-09-30,25.7750038,26.5499829,25.525019,25.99375475,195960.0,4.3322925
1995-10-31,25.5795437273,26.0681731818,25.2272753182,25.5568173182,280990.909091,4.25946954545
1995-11-30,26.9437557,27.46875285,26.5750076,27.05000665,168510.0,4.5083345
1995-12-31,30.58125,31.2999962,30.17499335,30.7312443,173490.0,5.121874
1996-01-31,35.2215874545,35.8920411364,34.8920428636,35.3977229545,304200.0,5.89962045455
1996-02-29,35.01875665,35.5375019,34.425,34.98125095,569100.0,5.8302085
1996-03-31,36.8625,37.49999715,36.3125038,37.125,330810.0,6.1875
1996-04-30,51.5714312857,52.9166657619,50.6785714286,52.0446428571,613742.857143,8.67410714286
1996-05-31,52.943187,53.9147727273,52.2897735909,53.0625,439200.0,8.84375
1996-06-30,58.9934210526,60.124996,58.1842075263,59.3421002632,812463.157895,9.89035
1996-07-31,33.8749977727,35.2954526818,32.2329518636,34.1107935909,336818.181818,10.8342795455
1996-08-31,29.863635,30.4431831818,29.1136377273,29.8068218182,225436.363636,9.93560727273
1996-09-30,34.036716,35.1187485,33.593745,34.4874975,368010.0,11.474999
1996-10-31,41.385873913,42.4402173913,40.4130430435,41.4945626087,240560.869565,13.8315208696
1996-11-30,37.0875,37.756251,35.999997,36.8250015,383910.0,12.2750005
1996-12-31,34.61905,35.0267857143,33.8928585714,34.45238,214257.142857,11.4841266667
1997-01-31,32.8392857143,33.3809542857,31.8869057143,32.3125,486171.428571,10.7708333333
1997-02-28,28.2500005263,28.6447357895,27.4539442105,27.9407873684,454405.263158,9.31359578947
1997-03-31,26.1499995,26.962497,25.615626,26.134377,350625.0,8.711459
1997-04-30,28.20982,28.82738,27.6815457143,28.2916671429,459500.0,9.43055571429
1997-05-31,34.5238128571,36.0089285714,33.8541671429,35.2886928571,546057.142857,11.762897619
1997-06-30,39.2678571429,39.9583314286,38.14881,38.99107,380514.285714,12.9970233333
1997-07-31,36.1051118182,36.7499986364,35.4488590909,36.0624981818,765177.272727,12.0056813636
1997-08-31,35.0922614286,35.6279785714,34.42262,35.0119057143,770114.285714,11.6706352381
1997-09-30,37.4047585714,38.0357114286,36.9107114286,37.5625028571,502085.714286,12.5208342857
1997-10-31,42.7228291304,43.4245930435,42.0054313043,42.7282604348,688878.26087,14.2427534783
1997-11-30,39.2708316667,39.69965,38.9236133333,39.1979133333,460016.666667,13.0659711111
1997-12-31,38.2017040909,38.6463068182,37.7471590909,38.2443163636,446018.181818,12.7481054545
1998-01-31,37.643751,38.1890625,37.1609355,37.675002,447780.0,12.558334
1998-02-28,41.8472216667,42.470485,41.4999983333,42.14236,477000.0,14.0474533333
1998-03-31,40.6022768182,41.0596595455,40.0482968182,40.4289763636,547145.454545,13.4763254545
1998-04-30,39.6726185714,40.2440485714,39.1569971429,39.76786,685900.0,13.2559533333
1998-05-31,40.3001652632,40.9309231579,39.6348694737,40.1332231579,312110.526316,13.3777410526
1998-06-30,38.9034081818,39.5937477273,38.3096590909,38.9119295455,371918.181818,12.9706431818
1998-07-31,37.261365,37.9687527273,36.4090895455,37.15341,1009431.81818,12.38447
1998-08-31,37.0297614286,37.3950885714,36.3497014286,36.8005971429,485385.714286,12.2668657143
1998-09-30,34.7937495,35.299998,34.321875,34.9343775,602640.0,11.6447925
1998-10-31,33.3323863636,34.1711631818,32.5227259091,33.3536931818,1001877.27273,11.1178977273
1998-11-30,37.503123,38.070312,37.0937505,37.578126,694740.0,12.526042
1998-12-31,41.7901757143,42.8601214286,41.4776771429,42.4255971429,464814.285714,14.1418657143
1999-01-31,48.0888157895,49.2368415789,46.7960542105,48.0328942105,527700.0,16.0109647368
1999-02-28,42.2730284211,42.5098689474,40.9440789474,41.6973663158,995273.684211,13.8991221053
1999-03-31,38.1051136364,38.4374986364,37.36719,37.8664786364,961581.818182,12.6221595455
1999-04-30,35.4732157143,36.2142871429,33.6718742857,35.3511871429,1945928.57143,11.7837290476
1999-05-31,32.264061,32.9125035,31.678122,32.3687535,1150785.0,10.7895845
1999-06-30,34.6249985714,35.29762,34.2857114286,34.8541685714,1247942.85714,11.6180561905
1999-07-31,36.42411,36.84524,35.7261928571,36.10268,1703785.71429,12.0342266667
1999-08-31,30.3721581818,30.9829568182,29.761365,30.323865,1348922.72727,10.107955
1999-09-30,28.9494057143,29.4419642857,28.1830385714,28.7187485714,1673357.14286,9.56874952381
1999-10-31,27.3377957143,28.5312514286,26.5610114286,27.6056542857,1905485.71429,9.2018847619
1999-11-30,33.9598228571,35.0654771429,33.0297614286,34.0029771429,1589800.0,11.3343257143
1999-12-31,30.2315318182,31.2684681818,29.5795459091,30.4602286364,2697013.63636,10.1515154545
2000-01-31,24.748437,25.365624,23.618751,24.387501,3218805.0,8.129167
2000-02-29,27.3848668421,29.7894757895,26.1628278947,27.6611810526,5534178.94737,9.22039368421
2000-03-31,34.6019008696,35.6005434783,32.925273913,33.8967404348,2166756.52174,11.2989134783
2000-04-30,24.3421057895,25.3034557895,23.25987,23.9999984211,4054942.10526,7.99999947368
2000-05-31,15.0252985714,15.3511928571,14.4427085714,14.7232157143,1928757.14286,4.90773857143
2000-06-30,16.1690345455,16.7187504545,15.7997181818,16.3124972727,1255772.72727,5.43749909091
2000-07-31,18.276567,18.94297045,17.681253,18.3937515,907650.0,6.1312505
2000-08-31,18.2784109091,18.7982972727,17.8778413636,18.4026981818,442145.454545,6.13423272727
2000-09-30,16.7265615,17.334375,16.2171885,16.728126,792585.0,5.576042
2000-10-31,14.259945,14.8728695455,13.5255695455,14.1811090455,616990.909091,4.72703636364
2000-11-30,14.617185,15.306252,14.1187515,14.739063,687300.0,4.913021
2000-12-31,13.7546865,14.367966,13.2421845,13.779684,790110.0,4.593228
2001-01-31,12.2745542857,12.7217285238,11.7529757143,12.2596729048,872100.0,4.08655761905
2001-02-28,10.7378516667,11.01042,10.4236133333,10.61632,630933.333333,3.53877333333
2001-03-31,8.15482636364,8.36861045455,7.77982772727,8.05610590909,691554.545455,2.68536863636
2001-04-30,7.43052789474,7.84263315789,7.25723526316,7.59746684211,823073.684211,2.53248894737
2001-05-31,11.8822731818,12.400909,11.5363623182,12.00591,814077.272727,4.00197
2001-06-30,11.8371457619,12.3771457143,11.5404772381,12.0233315238,469257.142857,4.00777714286
2001-07-31,11.33449955,11.70749865,10.9510005,11.33449645,580590.0,3.7781655
2001-08-31,10.9008691304,11.2086952174,10.6469556522,10.9052191304,574917.391304,3.63507304348
2001-09-30,8.315334,8.621334,7.722662,8.058666,382260.0,2.686222
2001-10-31,9.18181909091,9.64227136364,8.84590909091,9.31136318182,534954.545455,3.10378772727
2001-11-30,11.0861942857,11.4395229048,10.8033328571,11.1795257619,735014.285714,3.72650857143
2001-12-31,12.9080026,13.31199875,12.5594984,12.9944953,685140.0,4.3314985
2002-01-31,11.12900105,11.46099905,10.8105,11.1274995,632355.0,3.7091665
2002-02-28,9.96526105263,10.1552636842,9.73315894737,9.93632052632,516015.789474,3.31210684211
2002-03-31,10.179999,10.4475015,9.9844995,10.229496,884655.0,3.409832
2002-04-30,11.3572745909,11.8727278182,11.0045440909,11.431361,374481.818182,3.81045363636
2002-05-31,10.7828571429,10.9566657143,10.55095,10.7628542857,500342.857143,3.58761809524
2002-06-30,11.0214975,11.336502,10.790499,11.114499,545265.0,3.704833
2002-07-31,10.3036377273,10.6881819091,9.91636227273,10.2195463636,461836.363636,3.40651545455
2002-08-31,8.73523571429,9.21380857143,8.46714142857,8.92,760600.0,2.97333333333
2002-09-30,7.1059995,7.3425015,6.801501,7.0275,354930.0,2.3425
2002-10-31,6.21173869565,6.51565173913,6.01173913043,6.3043526087,240247.826087,2.10145086957
2002-11-30,8.870001,9.224499,8.4190005,8.8174995,603120.0,2.9215
2002-12-31,6.72762142857,7.07190428571,6.50000142857,6.74714285714,459685.714286,2.24904761905
2003-01-31,6.88619142857,7.07428714286,6.63333142857,6.85238,583928.571429,2.28412666667
2003-02-28,5.99444833333,6.24833166667,5.65444166667,5.98111,673850.0,1.99370333333
2003-03-31,5.98476,6.22904714286,5.79714428571,6.04571285714,446971.428571,2.01523761905
2003-04-30,6.08333428571,6.28619428571,5.93428571429,6.12000142857,313785.714286,2.04000047619
2003-05-31,8.1164955,8.4194985,7.9619985,8.2360005,510885.0,2.7453335
2003-06-30,9.65571714286,9.95238142857,9.42476428571,9.66285571429,631085.714286,3.22095190476
2003-07-31,9.77091136364,10.1431813636,9.53273045455,9.89999863636,550963.636364,3.29999954545
2003-08-31,12.0840031,12.47299955,11.82300605,12.21499805,1245750.0,4.071666
2003-09-30,16.6680926667,17.1528599048,16.0428585238,16.5800014762,1877385.71429,5.52666714286
2003-10-31,18.9195492273,19.3513637273,18.3936354091,18.8981836818,1101109.09091,6.29939454545
2003-11-30,19.4115757895,19.7857911053,18.9526328421,19.4368434737,1011047.36842,6.47894789474
2003-12-31,20.6468181818,21.1609105455,20.0895463182,20.7545467273,854645.454545,6.91818227273
2004-01-31,22.6973698947,23.3921035789,22.2294758947,22.7710544737,1153184.21053,7.59035157895
2004-02-29,20.8284237895,21.2657922105,20.1084172105,20.5089455263,953684.210526,6.83631526316
2004-03-31,19.6039135217,20.1360872609,19.1617407826,19.729563913,927926.086957,6.57652130435
2004-04-30,23.00950045,23.74349985,22.3520027,22.93399805,1041420.0,7.644666
2004-05-31,20.41749745,21.00650115,19.9590047,20.43100195,965340.0,6.810334
2004-06-30,20.2614286667,20.5704771905,19.9704728095,20.3200015238,702628.571429,6.77333380952
2004-07-31,19.0057127143,19.3576199048,18.4819042857,18.720954,589028.571429,6.2231752381
2004-08-31,15.7395464545,15.9600025909,15.4254531364,15.7181795,754227.272727,5.23939318182
2004-09-30,17.8420006,18.2239993,17.5305045,17.86999945,899970.0,5.9566665
2004-10-31,17.2785713333,17.6128588095,16.9476200476,17.2338100952,853214.285714,5.74460333333
2004-11-30,18.1890471905,18.6261898571,17.9871415238,18.433808381,1075100.0,6.14460285714
2004-12-31,20.3581785909,20.6422690455,20.0549987273,20.3531847727,809754.545455,6.78242545455
2005-01-31,18.75399885,19.19799745,18.42849595,18.79150045,1089795.0,6.2638335
2005-02-28,22.2863162632,22.9452629474,22.0352667895,22.4700001579,1170615.78947,7.49
2005-03-31,23.0661899524,23.3957170476,22.7904787619,23.0038129524,808071.428571,7.66793761905
2005-04-30,21.9390471905,22.1728544762,21.5738070952,21.8019055238,814271.428571,7.26730190476
2005-05-31,22.0545015,22.3475011,21.87550155,22.14600165,777000.0,7.3820005
2005-06-30,23.5068176818,23.8540896364,23.3063645,23.6118190909,520336.363636,7.87060636364
2005-07-31,26.07849725,26.56000035,25.7759982,26.19349765,670815.0,8.731166
2005-08-31,25.813912087,26.209563913,25.3986952174,25.8139147391,488465.217391,8.59434826087
2005-09-30,27.7099971429,28.0533340952,27.3247609524,27.7057111905,688542.857143,9.23523714286
2005-10-31,28.1766684762,28.6552356667,27.510474381,28.0247611905,1000542.85714,9.34158714286
2005-11-30,27.32950055,27.7604996,26.8599976,27.3614983,592155.0,9.1204995
2005-12-31,29.6019027143,29.8990487143,29.1704755238,29.545237,856128.571429,9.84841238095
2006-01-31,31.5773699474,32.0421044737,31.2084217368,31.773685,722636.842105,10.5912284211
2006-02-28,31.633683,32.1310533684,31.0915785263,31.7210510526,1053505.26316,10.5736836842
2006-03-31,31.6069566087,32.0221772174,31.1878263043,31.5669533043,803165.217391,10.5223178261
2006-04-30,34.2261085556,34.9322213333,33.7677752222,34.4672183889,1141100.0,11.4890727778
2006-05-31,40.1163641818,40.7818185909,39.5531823182,40.0863614545,954900.0,13.3621204545
2006-06-30,39.4790877727,40.2081805,38.7477258182,39.5222728182,937240.909091,13.1740909091
2006-07-31,37.2647354211,37.9768404211,36.2505270526,36.9384189474,1379431.57895,12.3128063158
2006-08-31,35.1630466957,35.599565,34.5473946957,34.904786087,734295.652174,11.6349286957
2006-09-30,33.5689498947,34.0378925789,33.0936866842,33.4652638947,1018578.94737,11.1550878947
2006-10-31,35.1586364091,35.6427302727,34.6663649545,35.2436387273,970813.636364,11.7478795455
2006-11-30,33.959045619,34.610475619,33.4995228095,34.0957188571,1465671.42857,11.3652395238
2006-12-31,33.2675009,33.61150185,32.870499,33.2224998,807165.0,11.074
2007-01-31,34.9405005,35.3884965,34.55149805,35.13099895,1138995.0,11.710333
2007-02-28,36.9705267895,37.3052622105,36.4131568421,36.9552664737,912173.684211,12.3184221053
2007-03-31,30.5409526667,31.1271414286,30.1323814762,30.733809619,2487342.85714,10.2446033333
2007-04-30,32.2795006,32.55249755,31.93500165,32.2229999,1796415.0,10.741
2007-05-31,32.0904743333,32.5347611905,31.7923785238,32.2580958095,1480614.28571,10.7526985714
2007-06-30,34.1247628095,34.4833388095,33.713331619,34.1085728095,1765642.85714,11.3695242857
2007-07-31,33.4985697619,33.9795231429,32.941905619,33.5171429048,1151928.57143,11.1723809524
2007-08-31,27.4454537727,28.1668185909,26.6218159545,27.3472730455,1541086.36364,9.11575772727
2007-09-30,25.0063120526,25.5047354211,24.5047373158,25.0752660526,2082615.78947,8.35842210526
2007-10-31,23.2018199091,23.6190914091,22.8018205,23.2104573182,1634263.63636,7.73681909091
2007-11-30,22.2900014286,22.7180982857,21.864287,22.2838070476,1028785.71429,7.42793571429
2007-12-31,21.3334982,21.75950235,20.7035028,21.30400365,1892130.0,7.1013345
2008-01-31,14.61000465,15.0464971,14.147001,14.4580035,1650945.0,4.8193345
2008-02-29,16.04750255,16.61899965,15.65199885,16.1625015,1426365.0,5.3875005
2008-03-31,19.19350045,19.88750115,18.68900105,19.28400165,1412250.0,6.4280005
2008-04-30,21.8014327143,22.3161902381,21.2804787619,21.8509543333,881685.714286,7.28365142857
2008-05-31,18.7490471429,19.0923799048,18.2519044286,18.6076185714,1222614.28571,6.20253952381
2008-06-30,17.33449955,17.7509984,17.05250095,17.4264958,1013910.0,5.808832
2008-07-31,18.0199991818,18.5390920455,17.6400028182,18.1181821364,818468.181818,6.03939409091
2008-08-31,18.0452370952,18.5485700476,17.4228558095,18.04857,1300457.14286,6.01619
2008-09-30,18.53150095,19.14749995,17.94700185,18.491997,1138635.0,6.163999
2008-10-31,12.4769595217,13.1843491304,11.6382626087,12.3386948696,953986.956522,4.11289826087
2008-11-30,14.2026347895,14.9421063684,13.6278947368,14.3515812632,1032805.26316,4.78386052632
2008-12-31,14.6727258182,15.2213630455,14.0672701818,14.6731812727,1106004.54545,4.89106045455
2009-01-31,16.92800105,17.3699984,16.5629984,17.02150035,944235.0,5.6738335
2009-02-28,16.7473704211,17.2094747368,16.4205301579,16.8589452632,960410.526316,5.61964842105
2009-03-31,18.3923784762,18.7966657143,18.047623,18.3533313333,1280000.0,6.11777714286
2009-04-30,18.7980941429,19.1504756667,18.443333,18.7752400952,930328.571429,6.25841333333
2009-05-31,14.91449715,15.1974975,14.5204982,14.8365029,1260480.0,4.945501
2009-06-30,14.6038116667,14.7780944286,14.3133343333,14.5114285714,561828.571429,4.83714285714
2009-07-31,14.0654521364,14.3027262727,13.8299970909,14.1254535455,525136.363636,4.70848454545
2009-08-31,14.18900125,14.4149999,13.9155002,14.13049665,601350.0,4.7101655
2009-09-30,14.7938099524,15.0533341429,14.5704771905,14.8733328571,445057.142857,4.95777761905
2009-10-31,16.4986390455,16.772726,16.2336340909,16.5118144545,579872.727273,5.50393818182
2009-11-30,16.8368431053,17.1584177895,16.5721057368,16.9189453158,355200.0,5.63964842105
2009-12-31,16.9668178636,17.2004549091,16.7081794545,16.9700017727,364363.636364,5.65666727273
2010-01-31,16.604212,16.7752656842,16.3710518947,16.5505245789,327536.842105,5.51684157895
2010-02-28,16.0416667222,16.3200017778,15.8544450556,16.1638867778,358333.333333,5.38796222222
2010-03-31,20.3052182174,20.6952197391,20.0804375217,20.4469565217,501756.521739,6.81565217391
2010-04-30,20.3109528095,20.5857129048,20.0557170952,20.3290482857,561442.857143,6.77634952381
2010-05-31,19.3757922632,19.703155,19.0589496842,19.4184221053,624742.105263,6.47280736842
2010-06-30,19.2218195909,19.5040938636,18.9381818182,19.2218153182,475704.545455,6.40727181818
2010-07-31,19.1409542381,19.4176199524,18.7847629524,19.12476,529885.714286,6.37492
2010-08-31,19.7290457619,20.0604745714,19.432858619,19.7566627143,477842.857143,6.58555428571
2010-09-30,20.6447643333,20.9819072381,20.3899998571,20.7361899048,468014.285714,6.91206333333
2010-10-31,23.25100195,23.60099995,23.05250065,23.3809994,320865.0,7.7936665
2010-11-30,25.7242869048,26.0476214762,25.4533341905,25.8585711429,431028.571429,8.61952380952
2010-12-31,27.3240884091,27.5804549091,27.0927274091,27.3518207273,375654.545455,9.11727363636
2011-01-31,26.3368407895,26.6578925263,25.8899998947,26.3015792632,321094.736842,8.76719315789
2011-02-28,28.1052663158,28.6773726842,27.7921043158,28.4110531053,453394.736842,9.47035105263
2011-03-31,31.4878278696,31.9026082174,31.0873938696,31.5143476087,694069.565217,10.5047826087
2011-04-30,32.1968386316,32.4363142632,31.8442105263,32.1389512632,442705.263158,10.7129836842
2011-05-31,31.4590485714,31.8176229048,30.990480381,31.411901381,494014.285714,10.4706338095
2011-06-30,30.4690909091,30.9700009545,30.0595459545,30.5559096818,526513.636364,10.1853031818
2011-07-31,35.6626307895,36.1905266316,35.0868408947,35.78526,610168.421053,11.92842
2011-08-31,30.7452198696,31.3813018696,29.8765215652,30.546521913,871982.608696,10.182173913
2011-09-30,28.12549935,28.7734966,27.6145006,28.1500019,1026285.0,9.383334
2011-10-31,28.2880944286,28.7938103333,27.6342857143,28.4099998571,1368785.71429,9.47
2011-11-30,30.129050381,30.5133344286,29.5795231905,30.1142858571,737428.571429,10.0380952381
2011-12-31,29.4545009,29.8260016,28.8835023,29.33100305,596175.0,9.777001
2012-01-31,29.7170012,30.15349975,29.2834996,29.77400045,507780.0,9.924667
2012-02-29,35.800001,36.7115763158,35.2463162105,36.2252638421,1971963.15789,12.0750878947
2012-03-31,39.3986318636,39.9090913636,38.9881841364,39.504997,831872.727273,13.1683322727
2012-04-30,39.55999815,40.0095014,39.1729992,39.5729972,792360.0,13.190999
2012-05-31,39.6366657143,40.2099998095,39.1542844762,39.6995243333,1132185.71429,13.2331747619
2012-06-30,40.2799984286,41.0209502381,39.889998619,40.5328568095,874385.714286,13.510952381
2012-07-31,44.36950015,45.1299989,43.8444989,44.64349945,1064040.0,14.8811665
2012-08-31,44.6973913913,45.1717413043,44.153477,44.6613038696,640082.608696,14.8871013043
2012-09-30,44.0136835263,44.4415786842,43.4200006316,43.9200029474,720221.052632,14.6400010526
2012-10-31,40.78400085,41.1765015,40.16349915,40.6189979,652050.0,13.539666
2012-11-30,41.4166656667,42.2423825714,40.784288619,41.4261898095,918714.285714,13.80873
2012-12-31,43.1380006,43.6059972,42.6870004,43.15099785,649590.0,14.383666
2013-01-31,46.0515031,46.5505019,45.77450245,46.1995034,574935.0,15.3998345
2013-02-28,47.3957874737,47.9352635263,46.8810506842,47.3847366316,538294.736842,15.7949121579
2013-03-31,47.3639984,47.83350025,46.90399795,47.5294994,812175.0,15.84316655
2013-04-30,45.9976200952,46.4252396667,45.384764381,45.973813,682085.714286,15.3246042857
2013-05-31,45.5131824091,46.012271,45.1236311818,45.5545443636,768027.272727,15.1848481818
2013-06-30,44.908421,45.3163137895,44.3684228421,44.8442086316,832831.578947,14.9480694737
2013-07-31,47.3422718182,47.7154553636,46.9281804091,47.3195442273,540913.636364,15.7731813636
2013-08-31,48.9745442273,49.7986378182,48.5804514091,49.2490922727,1083763.63636,16.4062127273
2013-09-30,51.4555038,52.08449885,51.01250235,51.68200235,1154355.0,17.22733415
2013-10-31,54.8430417826,55.3717383043,54.2943497391,54.889129913,757160.869565,18.2963767391
2013-11-30,60.2352631053,61.1568410526,59.6463154211,60.5384225263,1023442.10526,20.1794741053
2013-12-31,63.593810619,64.3128602381,63.0076180476,63.5723792381,813771.428571,21.1907930952
2014-01-31,62.9715016,63.56650205,62.22500135,62.8769998,759480.0,20.959
2014-02-28,58.2836841053,59.1657872105,57.4368426842,58.2805234737,1295826.31579,19.4268411579
2014-03-31,60.9542868571,61.4800008571,60.2252384762,60.8161881905,828314.285714,20.2720627619
2014-04-30,57.9755042,58.6779971,57.13700155,57.89899915,698985.0,19.2996664
2014-05-31,54.2852368571,55.020475381,53.516192,54.2738092381,722157.142857,18.0912698095
2014-06-30,55.19649855,55.8910019,54.69700145,55.32600155,702300.0,18.4420005
2014-07-31,30.3399995455,30.7809079091,29.9645467273,30.3859093636,651759.090909,18.313182
2014-08-31,18.928571381,19.1133334762,18.6785711429,18.8952378571,503300.0,18.8952378571
2014-09-30,19.06150015,19.285,18.8304998,19.0755002,504810.0,19.0755002
2014-10-31,18.404348,18.6956521739,18.094348,18.4313047391,771686.956522,18.4313047391
2014-11-30,19.0973685263,19.2999997895,18.9436845789,19.1078948947,776857.894737,19.1078948947
2014-12-31,19.651428381,19.8938095238,19.4300001429,19.6838092381,625780.952381,19.6838092381
2015-01-31,18.7699999,19.0289997,18.4755,18.6785,593970.0,18.6785
2015-02-28,19.8773685263,20.1478946842,19.6631578947,19.9810524211,481668.421053,19.9810524211
2015-03-31,20.7885714286,21.0580950476,20.6452380476,20.884285381,670595.238095,20.884285381
2015-04-30,21.8495238095,22.140476,21.7095239524,21.9295237143,562023.809524,21.9295237143
2015-05-31,23.60049995,23.83299995,23.3824997,23.63449985,522400.0,23.63449985
2015-06-30,24.8723809048,25.1542855714,24.6323809524,24.913809619,593023.809524,24.913809619
2015-07-31,23.7763635909,24.0036363636,23.4781819545,23.7127275,852627.272727,23.7127275
2015-08-31,22.48850015,22.7730003,22.12450045,22.3724999,560200.0,22.3724999
2015-09-30,21.5366666667,21.7657145238,21.273333381,21.520952381,416057.142857,21.520952381
2015-10-31,22.7345453636,23.0509089091,22.2227275,22.8340909091,315577.272727,22.8340909091
2015-11-30,23.6800000526,23.9810526316,23.2168417368,23.7084210526,530942.105263,23.7084210526
2015-12-31,22.6931816818,22.8618182273,22.1709091818,22.5877273182,486954.545455,22.5877273182
2016-01-31,19.1210527368,19.4857896842,18.5357894737,18.9747368947,681205.263158,18.9747368947
2016-02-29,17.38500025,17.81400005,16.78549975,17.4749999,687220.0,17.4749999
2016-03-31,19.8040907273,20.1168179545,19.5659093182,19.9140910455,831850.0,19.9140910455
2016-04-30,20.3961907143,20.6014282857,20.1485714762,20.3723808095,387200.0,20.3723808095
2016-05-31,19.9155,20.19700025,19.60849985,19.90649985,425695.0,19.90649985
2016-06-30,20.6377271818,20.884091,20.3349998182,20.6445456818,405854.545455,20.6445456818
2016-07-31,19.49299975,19.68700015,19.165,19.48899955,400035.0,19.48899955
2016-08-31,19.4533336667,19.6666666667,19.0566666667,19.203333,480166.666667,19.203333
