Date,Open,High,Low,Close,Volume,Adj Close
2002-11-30,46.1809119091,46.3672744545,46.1563690909,46.3436399091,3572.72727273,9.26420936364
2002-12-31,45.0190461905,45.0600002857,44.9866661429,45.048096,1842.85714286,9.00962404762
2003-01-31,46.75750335,47.23700545,45.8860032,46.11300575,2835.0,9.2317963
2003-02-28,42.6321051579,42.6468415263,42.5468421579,42.5636830526,2684.21052632,8.52122405263
2003-03-31,42.2780945714,43.089524619,41.5766658095,42.254761619,4685.71428571,8.48209919048
2003-04-30,43.5580998095,43.7342911429,43.1757197619,43.5766724762,428.571428571,8.79279985714
2003-05-31,47.3004771905,47.3504785238,47.3004771905,47.3504785238,328.571428571,9.55426952381
2003-06-30,49.8480037,49.90450555,49.7700036,49.82000605,20100.0,10.0768293
2003-07-31,48.5718177273,48.6022715909,48.5631802727,48.5936341364,3177.27272727,9.88488145455
2003-08-31,52.403336381,52.403336381,52.403336381,52.403336381,42.8571428571,10.6598484762
2003-09-30,54.0361927619,54.0838113333,53.7509541905,53.7509541905,1100.0,10.9554599524
2003-10-31,56.0686972609,56.2773929565,54.7791317826,54.9639147826,2908.69565217,11.2373304783
2003-11-30,54.8015794211,55.4821056842,54.5015795263,55.0884220526,836.842105263,11.2627858421
2003-12-31,57.6127255909,57.6663627273,57.2890908636,57.3513638636,5331.81818182,11.7351751818
2004-01-31,61.88850045,62.18400025,61.4229976,61.5369991,3735.0,12.6087347
2004-02-29,62.3373705789,62.4310543684,61.9126324211,62.016319,3410.52631579,12.7069457368
2004-03-31,60.0421747826,60.2239136957,59.814347,60.051306,4369.56521739,12.3297750435
2004-04-30,59.816665619,59.9190471429,59.6704755714,59.7790469524,2157.14285714,12.315984381
2004-05-31,58.4115017,58.5380007,58.26900155,58.39850235,4395.0,12.03155755
2004-06-30,59.8857144286,59.9195240952,59.8180957619,59.8504757619,2614.28571429,12.3812844762
2004-07-31,58.53649865,58.5664988,58.4514982,58.4794988,765.0,12.16347125
2004-08-31,57.5472708636,57.5618155455,57.5259055455,57.529087,995.454545455,11.9657898636
2004-09-30,59.6604774762,59.6895247143,59.5233330952,59.5557143333,1471.42857143,12.4187312857
2004-10-31,61.1519984,61.18199565,61.07199875,61.10399555,2580.0,12.77672695
2004-11-30,65.6890482381,65.777142381,65.2066669048,65.3238100476,5400.0,13.6590819524
2004-12-31,67.6177227273,68.0404542273,67.2831797727,67.7050025,7827.27272727,14.1797730909
2005-01-31,66.3815791053,67.0463175789,65.7957901579,66.4968388947,6505.26315789,13.965282
2005-02-28,68.8936896316,69.1110523684,68.5389522105,68.7836850526,4657.89473684,14.4455521579
2005-03-31,69.7172724091,69.9209082727,69.4063620455,69.5922767273,6559.09090909,14.6517723182
2005-04-30,67.59850065,67.7359994,67.33149795,67.52399875,2955.0,14.26921985
2005-05-31,67.3504741905,67.690947381,67.1499974286,67.3542813333,2228.57142857,14.2333549048
2005-06-30,67.2454550455,67.4195440909,66.9663627727,67.1527230455,5004.54545455,14.2670100909
2005-07-31,67.7855037,68.0050003,67.6020006,67.9064993,4140.0,14.5196058
2005-08-31,70.5934756087,70.8330415217,70.2195645217,70.3999995217,16421.7391304,15.0527601304
2005-09-30,71.955715619,72.0571444286,71.5376210476,71.7328557143,5214.28571429,15.3844003333
2005-10-31,69.62150115,69.77650115,69.33900355,69.49399945,5580.0,14.94572585
2005-11-30,69.7595230952,70.092379381,69.5623814762,69.9385718571,5528.57142857,15.0413377619
2005-12-31,71.9419030952,72.157619,71.6747608571,71.9171422857,6314.28571429,15.466859
2006-01-31,75.1000008421,75.4447372105,74.5936834211,75.0026335789,16926.3157895,16.1304401053
2006-02-28,75.4694719474,75.6500012632,75.025262,75.3878942105,6457.89473684,16.2132961579
2006-03-31,77.0204336957,77.3804310435,76.7034782174,77.0856513478,12169.5652174,16.6142172609
2006-04-30,79.8721064211,80.1636875263,79.5947356316,79.9910542632,8873.68421053,17.2801258947
2006-05-31,81.7722748636,82.0963647727,81.0122744091,81.3845427727,14345.4545455,17.5811551364
2006-06-30,76.7599985238,77.2209526667,76.114285619,76.617142619,11185.7142857,16.6786767619
2006-07-31,36.5664995,36.72000045,36.1939996,36.4979997,16050.0,17.0890693
2006-08-31,26.9390906818,27.0195454545,26.8031817727,26.9090912273,10940.9090909,17.6983883636
2006-09-30,27.0934999,27.1874997,26.79100015,26.93750005,11460.0,17.7705501
2006-10-31,27.8172726818,27.9118180909,27.6236362273,27.7659090455,11768.1818182,18.3622329545
2006-11-30,28.8476189524,28.9547620952,28.7280951429,28.8285715714,16419.047619,19.0615028571
2006-12-31,29.63850005,30.00249995,29.45799995,29.5794999,18360.0,19.59759035
2007-01-31,29.67200015,29.88650015,29.53399995,29.6750001,18055.0,19.6966838
2007-02-28,30.3627778889,30.4905556111,30.2144443889,30.4088892778,12950.0,20.1838003889
2007-03-31,29.5277270909,29.7809090455,29.2327270455,29.6136365455,15600.0,19.7025203182
2007-04-30,31.79300035,31.87900015,31.5575001,31.7294998,12260.0,21.15847575
2007-05-31,32.6704764762,32.7742856667,32.4885712857,32.6366664762,13061.9047619,21.7634099048
2007-06-30,33.0028568571,33.1580951429,32.6785716667,32.9142860952,12176.1904762,22.0964224762
2007-07-31,33.745238381,33.9304762381,33.3795237143,33.533809619,16123.8095238,22.6490595238
2007-08-31,31.4300000909,31.7750000909,31.1445453182,31.5086361818,109731.818182,21.2812377727
2007-09-30,33.0142103158,33.1768422105,32.7647371579,32.9805262105,14700.0,22.3101735789
2007-10-31,34.6504343478,34.7847824348,34.2421736522,34.553912913,16369.5652174,23.450777913
2007-11-30,34.06749995,34.2940002,33.7515002,34.03149945,12055.0,23.09623035
2007-12-31,33.80600015,33.97500065,33.4699999,33.6935001,21650.0,23.0514669
2008-01-31,30.25999995,30.5875003,29.87650005,30.1980001,23165.0,21.5580167
2008-02-29,28.787,28.9854998,28.50049985,28.7015002,24795.0,20.4896818
2008-03-31,28.1929999,28.45550005,27.9704999,28.22449995,8620.0,20.2034973
2008-04-30,29.6818178636,29.8450001818,29.5699999091,29.7640908182,4213.63636364,21.4107542727
2008-05-31,30.6109524762,30.7271428571,30.5019049524,30.6261905714,7185.71428571,22.03312
2008-06-30,28.4823810476,28.619524,28.3438095238,28.4709525714,10185.7142857,20.5943595238
2008-07-31,26.7785712857,26.9223808571,26.5161903333,26.6942857143,11495.2380952,19.5299240476
2008-08-31,25.8857141905,26.0314284762,25.7709521905,25.8942858095,10109.5238095,18.9446324286
2008-09-30,23.6404999,23.9284999,23.09749985,23.52699995,8750.0,17.2558578
2008-10-31,17.8917392174,18.6556520435,17.3008696087,18.0826087391,14604.3478261,13.325962
2008-11-30,16.1778948947,16.4963158947,15.8778947368,16.1773682632,11868.4210526,11.9218968947
2008-12-31,16.4304544545,16.6295453636,16.2468181364,16.4677271818,6640.90909091,12.2036928182
2009-01-31,15.6660001,15.82149995,15.48799995,15.699,5490.0,11.84015745
2009-02-28,14.4426315789,14.5515789474,14.2173684211,14.4057894737,5836.84210526,10.8648203158
2009-03-31,13.3522727273,13.5231818182,13.235,13.3940909091,6045.45454545,10.0822282273
2009-04-30,14.9238095238,15.0647619048,14.8685714286,14.990952381,4495.23809524,11.3061491905
2009-05-31,16.94049995,17.1345,16.83150015,17.0099999,3185.0,12.8289111
2009-06-30,17.8476192381,17.9576191905,17.7123808571,17.8523809524,3552.38095238,13.5188261905
2009-07-31,17.9295453182,18.0109087727,17.8304543182,17.9404543636,3695.45454545,13.6993853182
2009-08-31,19.7809521905,19.8957142857,19.7104760476,19.8471428571,4880.95238095,15.1553384286
2009-09-30,20.99599995,21.10700015,20.87799995,20.9980001,3485.0,16.0903529
2009-10-31,21.4750000909,21.5622728182,21.3095455455,21.4150002727,3300.0,16.4938257727
2009-11-30,21.71550015,21.82450005,21.63750005,21.74600005,3260.0,16.74876195
2009-12-31,21.4376188571,21.4599999524,21.3242856667,21.3680952381,2871.42857143,16.5601805238
2010-01-31,21.2252632632,21.3031579474,21.1157891579,21.1794736316,3378.94736842,16.5823687895
2010-02-28,19.6278949474,19.7600002105,19.5168420526,19.6573682632,7789.47368421,15.3906436842
2010-03-31,20.5743477826,20.6669562609,20.4678261739,20.5926087391,8717.39130435,16.1228858261
2010-04-30,21.0550001,21.12199995,20.9560001,21.0374999,4465.0,16.4712111
2010-05-31,18.3824999,18.52249995,17.9694999,18.3114998,11650.0,14.33690235
2010-06-30,17.8377270909,17.9345453182,17.6959091364,17.7827274545,5536.36363636,14.0132742273
2010-07-31,18.57399985,18.6764997,18.48700015,18.6065001,4835.0,14.79910715
2010-08-31,19.2504546818,19.3222725909,19.1795456364,19.274091,3304.54545455,15.3300908182
2010-09-30,19.9190476667,19.9838094286,19.8704762381,19.9347617619,2261.9047619,15.8918208095
2010-10-31,20.9623810476,21.0247620476,20.8776190952,20.9461903333,4171.42857143,16.738947
2010-11-30,20.8899999048,20.9257141905,20.7938095714,20.8580950952,2633.33333333,16.6685512857
2010-12-31,20.6009090909,20.6718181818,20.5590909091,20.6409090455,3581.81818182,16.5759888182
2011-01-31,21.3700001,21.44949985,21.2709999,21.3665,5535.0,17.2570008
2011-02-28,22.2500001579,22.3294739474,22.2094737368,22.2910525789,3426.31578947,18.0060836842
2011-03-31,21.9326085217,22.0295652174,21.7943476522,21.9426088261,3743.47826087,17.742728
2011-04-30,22.8000002632,22.8452632632,22.7547367368,22.8099998421,3557.89473684,18.4685474737
2011-05-31,22.5933337143,22.6385717619,22.4342859048,22.571428619,3904.76190476,18.2753836667
2011-06-30,21.7504544545,21.8263636364,21.5913636818,21.7477273636,14963.6363636,17.7197443636
2011-07-31,21.538421,21.5999998421,21.4463158421,21.5115788421,6100.0,17.6637075789
2011-08-31,19.1582609565,19.3139131739,18.9426087826,19.1299999565,5908.69565217,15.7081321739
2011-09-30,17.876666619,18.0252380476,17.7452381905,17.8985714286,4400.0,14.7468061429
2011-10-31,18.6820001,18.85200005,18.58450025,18.7810001,5810.0,15.52336515
2011-11-30,18.6480952857,18.7128571429,18.5523810476,18.6352382381,2247.61904762,15.4028863333
2011-12-31,18.5223812857,18.5676192857,18.4390479048,18.5033334286,3433.33333333,15.4063605714
2012-01-31,18.9252632105,18.9757896316,18.8936843684,18.9478945789,2568.42105263,15.9059514211
2012-02-29,19.9160001,20.03400025,19.83100015,19.93650015,2370.0,16.73584365
2012-03-31,20.0940908182,20.1318184091,20.025909,20.0595455909,2127.27272727,16.8391350909
2012-04-30,19.40450005,19.4375002,19.33950025,19.40200035,1650.0,16.28715365
2012-05-31,18.3127273182,18.3554547727,18.2536363636,18.3327274545,3045.45454545,15.3884975
2012-06-30,17.7819048095,17.8914285238,17.7328570476,17.8271426667,2138.0952381,15.0800813333
2012-07-31,18.300476381,18.3342859524,18.2814288095,18.3157144762,1061.9047619,15.598343381
2012-08-31,19.305909,19.3381817273,19.2813637273,19.3063635909,1536.36363636,16.4420170455
2012-09-30,20.2321053158,20.2836842105,20.2115791579,20.2657896316,1000.0,17.2886348947
2012-10-31,20.2490477619,20.2523811429,20.1900000476,20.2276192381,776.19047619,17.319435619
2012-11-30,20.056190381,20.0704760476,20.0390476667,20.0538094762,852.380952381,17.1706152381
2012-12-31,20.85800035,20.8920002,20.83500045,20.8825003,1675.0,17.96964565
2013-01-31,21.4976191905,21.5619048095,21.4776190952,21.5371429048,3319.04761905,18.7498061429
2013-02-28,21.4184211053,21.4510524737,21.3515790526,21.3778946842,1584.21052632,18.6111678421
2013-03-31,21.2724999,21.3179999,21.26199995,21.3014999,1315.0,18.5446601
2013-04-30,21.3786362273,21.4090909545,21.3513634091,21.3831818636,1859.09090909,18.5839498182
2013-05-31,22.3372725,22.3754543182,22.2468179545,22.3440907727,2177.27272727,19.4523188182
2013-06-30,21.5850003,21.6095,21.51500015,21.5445,1145.0,18.7759005
2013-07-31,21.767142619,21.7938092381,21.751904619,21.7799997143,1038.0952381,19.030005381
2013-08-31,22.5831817727,22.6168180909,22.5299999091,22.5822725909,2109.09090909,19.7309813182
2013-09-30,23.19699985,23.2709999,23.1489999,23.2184999,4870.0,20.33021145
2013-10-31,23.7934785652,23.9334783043,23.7395653043,23.8808693913,5769.56521739,20.991794087
2013-11-30,24.2668418421,24.3057893684,24.2057893684,24.2457895789,2378.94736842,21.3125665263
2013-12-31,24.1976189524,24.2628570952,24.1633331905,24.2280951905,3209.52380952,21.4387975238
2014-01-31,24.505714381,24.5752377619,24.4209524762,24.5014282381,4366.66666667,21.9637763333
2014-02-28,24.5216668333,24.6405555,24.4638889444,24.5727774444,5994.44444444,22.0277357222
2014-03-31,24.7528572857,24.7890478095,24.6871427619,24.7238094762,1442.85714286,22.2948470952
2014-04-30,24.8904762381,24.9542857143,24.829523381,24.9104762381,13566.6666667,22.7343171429
2014-05-31,25.5580001,25.599,25.49350005,25.5560001,11330.0,23.3234485
2014-06-30,25.7261903333,25.8052382857,25.6776187619,25.7561907619,3480.95238095,23.5925011905
2014-07-31,25.4522727273,25.5204545909,25.3527273182,25.4531818182,10618.1818182,23.4869916364
2014-08-31,24.7504760952,24.8299999524,24.7104761905,24.7885715714,2947.61904762,22.8737208571
2014-09-30,24.8800001,24.9240001,24.82100015,24.8725,4905.0,23.0056378
2014-10-31,23.2413043913,23.3152174783,23.1060870435,23.2117393043,5682.60869565,21.5469086957
2014-11-30,23.5394738421,23.5815788421,23.4594739474,23.5126314211,9915.78947368,21.8262197895
2014-12-31,22.9790475238,23.055238,22.8523808571,22.9652380952,5142.85714286,21.4497722857
2015-01-31,22.0925001,22.1530003,21.9779999,22.062,4285.0,20.81557165
2015-02-28,23.0936840526,23.1878946842,23.0557894211,23.1415788947,6126.31578947,21.8341579474
2015-03-31,23.0366665238,23.1257143333,22.9404761905,23.0447618571,9742.85714286,21.7640333333
2015-04-30,23.63,23.6971429524,23.573333381,23.638095381,1928.57142857,22.3592044762
2015-05-31,24.10599995,24.1384999,24.05199985,24.09949995,2090.0,22.79564565
2015-06-30,23.7376189048,23.7790477143,23.654285619,23.7247619048,2385.71428571,22.501914
2015-07-31,23.3686361818,23.4072725909,23.3054544545,23.3504544545,4277.27272727,22.2669373636
2015-08-31,22.7890478571,22.881905,22.6476190952,22.7523809524,2561.9047619,21.6966159048
2015-09-30,21.1339999,21.16199995,21.05549995,21.1010002,1560.0,20.21421365
2015-10-31,21.6254545455,21.6659092727,21.6145453182,21.6504546364,1045.45454545,20.8895651364
2015-11-30,21.4504999,21.47799985,21.4159999,21.43699995,1100.0,20.6836124
2015-12-31,20.7359089545,20.7949999545,20.6245454091,20.6995455455,4950.0,20.0766802273
2016-01-31,19.0988889444,19.1644446667,19.0172222778,19.1122220556,1922.22222222,18.6790317222
2016-02-29,18.4695001,18.5090003,18.42500015,18.48000015,1305.0,18.0611393
2016-03-31,19.3181816818,19.3699997727,19.2845454091,19.3336365455,1840.90909091,18.9606940455
2016-04-30,19.7547618571,19.8176192381,19.7242858095,19.7866667619,3357.14285714,19.5017715714
2016-05-31,19.704285619,19.7414285238,19.6542856667,19.6857143333,2666.66666667,19.399479619
2016-06-30,19.4322726364,19.5218184091,19.3577274091,19.4550001818,2377.27272727,19.3001460455
2016-07-31,19.4825001,19.5330001,19.45099995,19.4895001,1755.0,19.4895001
2016-08-31,19.525,19.62499975,19.51000025,19.55500025,2350.0,19.55500025
