Date,Open,High,Low,Close,Volume,Adj Close
1996-10-31,12.5909090909,13.1136363636,12.3068181818,12.4772727273,284290.909091,12.4772727273
1996-11-30,11.9,12.08125,11.45,11.6,47365.0,11.6
1996-12-31,12.6130952381,13.0535714286,12.1339285714,12.755952381,94500.0,12.755952381
1997-01-31,19.6640627727,20.4261363636,18.9026991364,19.8238636364,116468.181818,19.8238636364
1997-02-28,22.7532894737,23.4111842105,21.9802631579,22.6842105263,39105.2631579,22.6842105263
1997-03-31,17.0723684211,17.5328947368,16.4210526316,17.0657894737,35057.8947368,17.0657894737
1997-04-30,13.8295454545,14.1676136364,13.4161931818,13.7897727273,90536.3636364,13.7897727273
1997-05-31,17.3839285714,17.7797619048,17.0029761905,17.5178571429,59519.047619,17.5178571429
1997-06-30,18.0595238095,18.369047619,17.4821428571,17.8928571429,41304.7619048,17.8928571429
1997-07-31,17.349702381,17.7976190476,16.9107142857,17.3660714286,72728.5714286,17.3660714286
1997-08-31,16.6428571429,17.068452381,16.2738095238,16.6666666667,93742.8571429,16.6666666667
1997-09-30,20.494047619,21.1220238095,19.9166666667,20.5863095238,81461.9047619,20.5863095238
1997-10-31,24.6195652174,25.5326086957,23.5869565217,24.6413043478,166826.086957,24.6413043478
1997-11-30,22.1571177222,22.6805555556,21.5416666667,22.1111111111,69883.3333333,22.1111111111
1997-12-31,21.4914772727,21.9744318182,20.9005681818,21.3877840909,50504.5454545,21.3877840909
1998-01-31,19.865625,20.403125,19.1125,19.759375,151155.0,19.759375
1998-02-28,23.2434210526,23.7072368421,22.6710526316,23.2697368421,99673.6842105,23.2697368421
1998-03-31,21.9494047619,22.712797619,21.2291666667,21.9330357143,64633.3333333,21.9330357143
1998-04-30,19.2410714286,19.5,18.4077380952,18.7113095238,55271.4285714,18.7113095238
1998-05-31,16.075,16.3,15.44375,15.721875,83575.0,15.721875
1998-06-30,12.9851190476,13.3571428571,12.3154761905,12.8080357143,300319.047619,12.8080357143
1998-07-31,11.8267045455,12.1875,11.3991477273,11.71875,78759.0909091,11.71875
1998-08-31,7.44791666667,7.63095238095,7.07886904762,7.24404761905,157757.142857,7.24404761905
1998-09-30,5.34523809524,5.65773809524,5.06845238095,5.41220238095,49000.0,5.41220238095
1998-10-31,5.29761904762,5.5744047619,5.00446428571,5.26785714286,75090.4761905,5.26785714286
1998-11-30,6.303125,6.5921875,6.05625,6.33125,108240.0,6.33125
1998-12-31,5.19744318182,5.39204545455,4.98011363636,5.15056818182,56386.3636364,5.15056818182
1999-01-31,6.64144736842,6.98190789474,6.20723684211,6.56414473684,103205.263158,6.56414473684
1999-02-28,6.11805555556,6.36805555556,5.73958333333,6.03819444444,67216.6666667,6.03819444444
1999-03-31,5.20108695652,5.39945652174,4.89538043478,5.10733695652,52669.5652174,5.10733695652
1999-04-30,4.40327380952,4.53273809524,4.10416666667,4.23660714286,68857.1428571,4.23660714286
1999-05-31,4.41875,4.571875,4.2234375,4.4140625,36110.0,4.4140625
1999-06-30,4.48958333333,4.60714285714,4.35714285714,4.4880952381,34242.8571429,4.4880952381
1999-07-31,5.39880952381,5.75892857143,5.13392857143,5.3869047619,383319.047619,5.3869047619
1999-08-31,6.04829545455,6.15767045455,5.87215909091,6.02414772727,42763.6363636,6.02414772727
1999-09-30,6.24255952381,6.47172619048,6.03869047619,6.25446428571,74719.047619,6.25446428571
1999-10-31,6.6992185,6.8898435,6.4484375,6.6421875,62805.0,6.6421875
1999-11-30,5.60714285714,5.83630952381,5.31547619048,5.62053571429,48909.5238095,5.62053571429
1999-12-31,7.42400545455,8.10227272727,7.03764181818,7.49573863636,173350.0,7.49573863636
2000-01-31,13.6578125,14.603125,12.73125,13.81875,369345.0,13.81875
2000-02-29,26.0427631579,28.0657894737,24.2532894737,26.6842105263,686152.631579,26.6842105263
2000-03-31,23.9402173913,25.1107339565,21.6610051739,22.9293478261,245130.434783,22.9293478261
2000-04-30,11.0361842105,11.7179284211,9.74671052632,10.7368421053,181836.842105,10.7368421053
2000-05-31,8.76488095238,9.1093752381,8.03794666667,8.34895809524,143819.047619,8.34895809524
2000-06-30,11.6846590909,12.5589490909,11.0731536364,11.9957386364,353454.545455,11.9957386364
2000-07-31,20.709375,21.825,19.29375,20.48359405,339315.0,20.48359405
2000-08-31,19.6065340909,20.7088068182,18.9630681818,19.8181818182,173554.545455,19.8181818182
2000-09-30,19.39375,20.06875,18.403125,19.1375,236000.0,19.1375
2000-10-31,18.9126418182,20.3025573182,17.7613636364,19.0568181818,367863.636364,19.0568181818
2000-11-30,24.9441955714,26.5952380952,23.7061009048,25.0148809524,497500.0,25.0148809524
2000-12-31,28.48359345,30.3421875,27.109375,28.728125,488010.0,28.728125
2001-01-31,26.4218747143,27.4494047619,24.7418151905,25.8898809524,325828.571429,25.8898809524
2001-02-28,20.7623352105,21.5180921053,19.5263157895,20.492599,305405.263158,20.4662832105
2001-03-31,13.8629259545,14.3295454545,13.0973009091,13.6051136364,403427.272727,13.6051136364
2001-04-30,13.2765625,13.7875,12.752,13.284125,228800.0,13.284125
2001-05-31,17.2985715714,18.0461905238,16.5980952857,17.3480952857,212104.761905,17.3480952857
2001-06-30,19.4542857619,20.0961904762,19.0352380952,19.6571427143,318480.952381,19.6571427143
2001-07-31,18.7457143333,19.0076189524,18.084762,18.4504763333,151761.904762,18.4504763333
2001-08-31,13.1109090909,13.3995454545,12.7668181818,12.9868181818,163918.181818,12.9868181818
2001-09-30,10.0066666667,10.326,9.33266666667,9.84533333333,244446.666667,9.84533333333
2001-10-31,10.647826087,11.1808695652,9.9547826087,10.4991304348,236260.869565,10.4991304348
2001-11-30,9.589,9.917,9.3,9.5635,412960.0,9.5635
2001-12-31,13.9340002,14.55200015,13.4184999,13.98550005,520215.0,13.98550005
2002-01-31,15.0071428571,15.3204762381,14.3133332857,14.7804761905,336585.714286,14.7804761905
2002-02-28,12.1663157895,12.5110526316,11.6321052632,12.0494736842,176794.736842,12.0494736842
2002-03-31,12.3010526316,12.6536842105,11.9231578947,12.2989473684,137568.421053,12.2989473684
2002-04-30,10.635,10.9109090909,10.2418181818,10.5072727273,154909.090909,10.5072727273
2002-05-31,8.84954545455,9.13909090909,8.50181818182,8.73863636364,116172.727273,8.73863636364
2002-06-30,6.53210526316,6.81105263158,6.12578947368,6.36789473684,181357.894737,6.36789473684
2002-07-31,6.59545454545,6.90863636364,6.17409090909,6.62136363636,140700.0,6.62136363636
2002-08-31,5.97636363636,6.21090909091,5.74181818182,5.94454545455,88881.8181818,5.94454545455
2002-09-30,6.23315789474,6.45157894737,5.99052631579,6.21421052632,102873.684211,6.21421052632
2002-10-31,4.94,5.17434782609,4.73434782609,4.96652173913,73413.0434783,4.96652173913
2002-11-30,5.636,5.8825,5.4455,5.6635,68550.0,5.6635
2002-12-31,4.19476190476,4.32380952381,3.97523809524,4.11333333333,210047.619048,4.11333333333
2003-01-31,3.0485,3.097,2.9755,3.036,151465.0,3.036
2003-02-28,2.62736842105,2.69105263158,2.50526315789,2.57684210526,164747.368421,2.57684210526
2003-03-31,2.26,2.36428571429,2.15380952381,2.28047619048,108061.904762,2.28047619048
2003-04-30,3.066,3.239,2.952,3.113,152710.0,3.113
2003-05-31,3.85428571429,4.03,3.71047619048,3.87,156276.190476,3.87
2003-06-30,4.56476190476,4.86142857143,4.34761904762,4.5319047619,294947.619048,4.5319047619
2003-07-31,4.21136363636,4.32227272727,4.04681818182,4.19363636364,110809.090909,4.19363636364
2003-08-31,4.059,4.131,3.9365,4.0275,86785.0,4.0275
2003-09-30,4.45761904762,4.6019047619,4.28523809524,4.41,289509.52381,4.41
2003-10-31,5.06391304348,5.23782608696,4.88608695652,5.06,244147.826087,5.06
2003-11-30,4.88333333333,5.00888888889,4.76833333333,4.88055555556,109288.888889,4.88055555556
2003-12-31,4.81272727273,4.92272727273,4.68954545455,4.81454545455,123572.727273,4.81454545455
2004-01-31,5.7585,5.9705,5.578,5.802,364745.0,5.802
2004-02-29,5.92684210526,6.09894736842,5.70210526316,5.87631578947,231805.263158,5.87631578947
2004-03-31,5.56409090909,5.80636363636,5.43045454545,5.60136363636,199690.909091,5.60136363636
2004-04-30,7.05047619048,7.29380952381,6.76238095238,7.03428571429,434895.238095,7.03428571429
2004-05-31,6.138,6.2915,5.9555,6.095,157980.0,6.095
2004-06-30,5.4555,5.5725,5.332,5.435,130040.0,5.435
2004-07-31,4.42761904762,4.54095238095,4.26285714286,4.38047619048,127614.285714,4.38047619048
2004-08-31,4.31363636364,4.44318181818,4.22136363636,4.34,117995.454545,4.34
2004-09-30,4.67714285714,4.7819047619,4.53952380952,4.67333333333,91338.0952381,4.67333333333
2004-10-31,4.234,4.33,4.133,4.2055,149440.0,4.2055
2004-11-30,5.21,5.38714285714,5.1119047619,5.26285714286,115876.190476,5.26285714286
2004-12-31,5.47954545455,5.59909090909,5.37545454545,5.50227272727,89077.2727273,5.50227272727
2005-01-31,6.2675,6.443,6.0735,6.2075,266665.0,6.2075
2005-02-28,5.65666666667,5.75611111111,5.485,5.58611111111,216272.222222,5.58611111111
2005-03-31,4.83863636364,4.91181818182,4.70272727273,4.775,128031.818182,4.775
2005-04-30,5.21333333333,5.33523809524,5.10428571429,5.2,140452.380952,5.2
2005-05-31,6.0625,6.169,5.911,6.0795,149775.0,6.0795
2005-06-30,6.45409090909,6.54909090909,6.31272727273,6.46181818182,216986.363636,6.46181818182
2005-07-31,6.962,7.168,6.8145,7.0135,346310.0,7.0135
2005-08-31,7.35260869565,7.49130434783,7.20826086957,7.35652173913,175178.26087,7.35652173913
2005-09-30,7.8980952381,8.0,7.75619047619,7.90714285714,197942.857143,7.90666666667
2005-10-31,7.14047619048,7.33238095238,6.89904761905,7.1080952381,146704.761905,7.1080952381
2005-11-30,6.98666666667,7.09523809524,6.87285714286,6.98333333333,92052.3809524,6.98333333333
2005-12-31,6.7175,6.8155,6.5915,6.6815,125520.0,6.6815
2006-01-31,5.6855,5.7715,5.5395,5.6565,183680.0,5.6565
2006-02-28,5.41,5.51263157895,5.30157894737,5.40263157895,166352.631579,5.40263157895
2006-03-31,5.29130434783,5.42391304348,5.20956521739,5.3147826087,176291.304348,5.3147826087
2006-04-30,6.09722222222,6.21555555556,5.94,6.13111111111,205916.666667,6.13111111111
2006-05-31,5.59409090909,5.76045454545,5.45227272727,5.56727272727,146845.454545,5.56727272727
2006-06-30,4.765,4.94772727273,4.62818181818,4.78,385918.181818,4.78
2006-07-31,5.2755,5.384,5.116,5.2585,161585.0,5.2585
2006-08-31,5.15,5.24045454545,4.99909090909,5.13227272727,94150.0,5.13227272727
2006-09-30,4.5095,4.623,4.3775,4.4825,232535.0,4.4825
2006-10-31,4.26272727273,4.35409090909,4.19409090909,4.26863636364,101268.181818,4.26863636364
2006-11-30,4.5185,4.6295,4.412,4.556,179335.0,4.556
2006-12-31,5.97,6.1765,5.804,6.019,276230.0,6.019
2007-01-31,6.2215,6.351,6.093,6.261,299390.0,6.261
2007-02-28,6.62842105263,6.74684210526,6.46894736842,6.64210526316,142000.0,6.64210526316
2007-03-31,6.72904761905,6.88523809524,6.59761904762,6.76619047619,128209.52381,6.76619047619
2007-04-30,8.5795,8.797,8.379,8.5885,411240.0,8.5885
2007-05-31,8.99681818182,9.18318181818,8.80090909091,8.96818181818,364090.909091,8.96818181818
2007-06-30,7.7845,7.922,7.5555,7.665,726530.0,7.665
2007-07-31,6.84333333333,6.9519047619,6.67238095238,6.78095238095,410938.095238,6.78095238095
2007-08-31,6.61260869565,6.85608695652,6.4652173913,6.68652173913,520226.086957,6.68652173913
2007-09-30,7.72777777778,7.82722222222,7.56277777778,7.68555555556,259900.0,7.68555555556
2007-10-31,7.7752173913,7.96130434783,7.61826086957,7.79260869565,212143.478261,7.79260869565
2007-11-30,7.12904761905,7.27904761905,6.93380952381,7.09380952381,291795.238095,7.09380952381
2007-12-31,6.21105263158,6.31368421053,6.05263157895,6.16315789474,342352.631579,6.16315789474
2008-01-31,4.92380952381,5.08571428571,4.71761904762,4.88857142857,703952.380952,4.88857142857
2008-02-29,5.0715,5.232,4.887,5.0665,505225.0,5.0665
2008-03-31,4.216,4.3915,3.9985,4.1455,518415.0,4.1455
2008-04-30,3.97857142857,4.10380952381,3.87142857143,3.97523809524,276728.571429,3.97523809524
2008-05-31,3.95714285714,4.13333333333,3.84904761905,3.99333333333,322314.285714,3.99333333333
2008-06-30,3.92619047619,4.04380952381,3.76047619048,3.88619047619,247561.904762,3.88619047619
2008-07-31,3.61409090909,3.76136363636,3.515,3.63909090909,177877.272727,3.63909090909
2008-08-31,3.567,3.693,3.4105,3.554,160670.0,3.554
2008-09-30,3.32,3.45238095238,3.12571428571,3.28238095238,283209.52381,3.28238095238
2008-10-31,2.50130434783,2.71260869565,2.28652173913,2.48826086957,315704.347826,2.48826086957
2008-11-30,2.75789473684,2.95578947368,2.58,2.76157894737,417531.578947,2.76105263158
2008-12-31,3.74136363636,3.89863636364,3.61954545455,3.765,237413.636364,3.765
2009-01-31,3.9945,4.168,3.82,3.986,122875.0,3.986
2009-02-28,3.97263157895,4.14894736842,3.80947368421,3.94526315789,137300.0,3.94526315789
2009-03-31,3.64047619048,3.83761904762,3.52666666667,3.68142857143,143528.571429,3.68142857143
2009-04-30,4.30761904762,4.44571428571,4.12380952381,4.35428571429,139795.238095,4.35428571429
2009-05-31,4.107,4.3155,3.974,4.1605,160470.0,4.1605
2009-06-30,5.54761904762,5.69,5.4,5.60619047619,269852.380952,5.60619047619
2009-07-31,5.78454545455,5.93590909091,5.62636363636,5.82136363636,194995.454545,5.82136363636
2009-08-31,5.7380952381,5.84476190476,5.55047619048,5.70761904762,93595.2380952,5.70761904762
2009-09-30,5.25142857143,5.32238095238,5.10619047619,5.20857142857,419276.190476,5.20857142857
2009-10-31,4.09619047619,4.17857142857,3.96380952381,4.01619047619,276042.857143,4.01619047619
2009-11-30,3.4105,3.499,3.3265,3.4165,182035.0,3.4165
2009-12-31,3.77227272727,3.85363636364,3.69090909091,3.77772727273,135800.0,3.77772727273
2010-01-31,3.57833333333,3.66,3.45222222222,3.53333333333,221311.111111,3.53333333333
2010-02-28,3.25210526316,3.31578947368,3.16789473684,3.25789473684,149421.052632,3.25789473684
2010-03-31,3.64739130435,3.80043478261,3.54434782609,3.63304347826,2188860.86957,3.63304347826
2010-04-30,6.27904761905,6.45047619048,6.16095238095,6.3219047619,1018957.14286,6.3219047619
2010-05-31,5.89421052632,6.10736842105,5.66157894737,5.89473684211,545094.736842,5.89473684211
2010-06-30,5.13954545455,5.26045454545,4.93090909091,5.05363636364,503859.090909,5.05363636364
2010-07-31,4.16761904762,4.30428571429,4.01380952381,4.15476190476,277071.428571,4.15476190476
2010-08-31,4.32818181818,4.50363636364,4.22045454545,4.38590909091,345522.727273,4.38136363636
2010-09-30,5.35952380952,5.4680952381,5.17428571429,5.33285714286,379195.238095,5.33285714286
2010-10-31,5.40619047619,5.52904761905,5.29142857143,5.40380952381,282523.809524,5.40380952381
2010-11-30,5.39571428571,5.49142857143,5.29428571429,5.39380952381,148219.047619,5.39380952381
2010-12-31,5.76238095238,5.86619047619,5.64904761905,5.76380952381,214938.095238,5.76380952381
2011-01-31,6.4005,6.534,6.2485,6.427,386985.0,6.427
2011-02-28,6.37315789474,6.50736842105,6.24473684211,6.38947368421,207268.421053,6.38947368421
2011-03-31,6.39727272727,6.50318181818,6.295,6.43545454545,222972.727273,6.43545454545
2011-04-30,7.0595,7.1885,6.889,7.066,247145.0,7.066
2011-05-31,6.75523809524,6.88619047619,6.63,6.77,172428.571429,6.77
2011-06-30,6.49590909091,6.60818181818,6.36045454545,6.45681818182,288954.545455,6.45681818182
2011-07-31,6.27105263158,6.40421052632,6.13368421053,6.25210526316,190815.789474,6.25210526316
2011-08-31,4.64608695652,4.81608695652,4.43565217391,4.59260869565,347926.086957,4.59260869565
2011-09-30,4.71,4.88238095238,4.57952380952,4.76285714286,379704.761905,4.76285714286
2011-10-31,5.401,5.54,5.2145,5.4285,282475.0,5.4285
2011-11-30,5.61142857143,5.76904761905,5.44904761905,5.60285714286,205990.47619,5.60285714286
2011-12-31,5.59666666667,5.71476190476,5.42619047619,5.59095238095,185971.428571,5.59095238095
2012-01-31,6.5075,6.7265,6.3735,6.567,463230.0,6.567
2012-02-29,7.74315789474,7.83736842105,7.56473684211,7.69105263158,270026.315789,7.69105263158
2012-03-31,7.24863636364,7.355,7.1,7.20045454545,435218.181818,7.20045454545
2012-04-30,7.43,7.5995,7.2675,7.462,771165.0,7.462
2012-05-31,6.30619047619,6.42619047619,6.13428571429,6.26476190476,488380.952381,6.26476190476
2012-06-30,5.95714285714,6.11904761905,5.79666666667,5.95047619048,611580.952381,5.95047619048
2012-07-31,6.1319047619,6.22,6.02571428571,6.12571428571,328123.809524,6.12571428571
2012-08-31,6.44863636364,6.55409090909,6.28045454545,6.42318181818,421586.363636,6.42318181818
2012-09-30,5.33105263158,5.43315789474,5.22578947368,5.32631578947,585594.736842,5.32631578947
2012-10-31,2.69095238095,2.80285714286,2.61333333333,2.69714285714,2527880.95238,2.69714285714
2012-11-30,2.47333333333,2.54095238095,2.41428571429,2.48095238095,512871.428571,2.48095238095
2012-12-31,2.7595,2.8305,2.6865,2.7525,547195.0,2.7515
2013-01-31,2.69142857143,2.75380952381,2.61904761905,2.68333333333,825280.952381,2.68333333333
2013-02-28,2.49789473684,2.54789473684,2.45368421053,2.48736842105,380726.315789,2.48736842105
2013-03-31,2.6055,2.6675,2.5435,2.615,374535.0,2.615
2013-04-30,2.84666666667,2.8980952381,2.7919047619,2.86428571429,375347.619048,2.86428571429
2013-05-31,2.82818181818,2.88363636364,2.75363636364,2.80318181818,229913.636364,2.80318181818
2013-06-30,2.4165,2.4595,2.347,2.3925,385205.0,2.3925
2013-07-31,2.61090909091,2.65818181818,2.545,2.61227272727,277790.909091,2.61227272727
2013-08-31,2.61090909091,2.66272727273,2.55272727273,2.61227272727,229859.090909,2.585
2013-09-30,2.3125,2.374,2.238,2.2885,969660.0,2.2885
2013-10-31,2.35956521739,2.4,2.30739130435,2.34913043478,388847.826087,2.34913043478
2013-11-30,2.25684210526,2.30526315789,2.22157894737,2.25789473684,252026.315789,2.25789473684
2013-12-31,2.15285714286,2.21047619048,2.09571428571,2.13952380952,480676.190476,2.13952380952
2014-01-31,2.37047619048,2.42142857143,2.30666666667,2.3580952381,494761.904762,2.3580952381
2014-02-28,2.23842105263,2.27947368421,2.18315789474,2.23157894737,267547.368421,2.23157894737
2014-03-31,2.1435,2.179,2.084,2.135,352620.0,2.135
2014-04-30,1.81904761905,1.85333333333,1.76285714286,1.79571428571,321252.380952,1.79571428571
2014-05-31,1.46380952381,1.50714285714,1.4119047619,1.45857142857,954619.047619,1.45857142857
2014-06-30,1.43428571429,1.47285714286,1.41095238095,1.43761904762,969433.333333,1.43761904762
2014-07-31,1.43238095238,1.45476190476,1.39952380952,1.42619047619,289147.619048,1.42619047619
2014-08-31,1.3019047619,1.32571428571,1.27666666667,1.30476190476,222785.714286,1.30476190476
2014-09-30,1.21619047619,1.23523809524,1.19,1.21333333333,179861.904762,1.21333333333
2014-10-31,1.13652173913,1.17304347826,1.10913043478,1.14173913043,205995.652174,1.14173913043
2014-11-30,1.20052631579,1.23631578947,1.16947368421,1.20052631579,470031.578947,1.20052631579
2014-12-31,1.21476190476,1.24761904762,1.1719047619,1.20428571429,490019.047619,1.20428571429
2015-01-31,1.1625,1.18,1.1285,1.1625,195320.0,1.1625
2015-02-28,1.30315789474,1.37,1.26368421053,1.33947368421,639268.421053,1.33947368421
2015-03-31,2.18954545455,2.28363636364,2.09409090909,2.19909090909,712050.0,2.19909090909
2015-04-30,2.163,2.2105,2.0955,2.151,499175.0,2.151
2015-05-31,1.8825,1.9115,1.816,1.863,216770.0,1.863
2015-06-30,1.76772727273,1.81681818182,1.72090909091,1.75909090909,171827.272727,1.75909090909
2015-07-31,1.66818181818,1.71318181818,1.61181818182,1.67318181818,141590.909091,1.67318181818
2015-08-31,1.689,1.7315,1.644,1.6975,145345.0,1.6975
2015-09-30,1.81523809524,1.8619047619,1.77,1.81428571429,189352.380952,1.81428571429
2015-10-31,2.14545454545,2.18454545455,2.08363636364,2.14954545455,166918.181818,2.14954545455
2015-11-30,2.4435,2.4965,2.378,2.432,189290.0,2.432
2015-12-31,2.19619047619,2.22952380952,2.13714285714,2.17619047619,103895.238095,2.17619047619
2016-01-31,1.89157894737,1.92842105263,1.84473684211,1.87684210526,85668.4210526,1.87684210526
2016-02-29,1.7665,1.822,1.7275,1.771,69945.0,1.771
2016-03-31,1.65136363636,1.71272727273,1.58045454545,1.63454545455,170659.090909,1.63454545455
2016-04-30,1.643,1.6825,1.5845,1.6315,147530.0,1.6315
2016-05-31,1.62142857143,1.65904761905,1.58714285714,1.62904761905,68471.4285714,1.62904761905
2016-06-30,1.81454545455,1.87318181818,1.75,1.81045454545,186463.636364,1.81045454545
2016-07-31,1.6845,1.7195,1.6345,1.6675,121600.0,1.6675
2016-08-31,1.6525,1.69,1.62,1.66,51600.0,1.66
