Date,Open,High,Low,Close,Volume,Adj Close
2000-11-30,8.75,13.0,7.875,11.5,314000.0,11.5
2000-12-31,9.2375,9.684375,8.5296875,8.990625,123120.0,8.990625
2001-01-31,7.60703,7.777344,7.278125,7.565625,64990.0,7.565625
2001-02-28,7.17516421053,7.26809210526,6.80756578947,7.06167789474,39263.1578947,7.06167789474
2001-03-31,5.97017090909,6.23082409091,5.64559681818,5.88707363636,40277.2727273,5.88707363636
2001-04-30,5.461875,5.670875,5.252625,5.503031,107125.0,5.503031
2001-05-31,6.89952380952,7.11523809524,6.59952380952,6.94142857143,111000.0,6.94142857143
2001-06-30,7.76476190476,8.09428571429,7.40095238095,7.81095238095,124352.380952,7.81095238095
2001-07-31,8.53666666667,8.74619047619,8.36571428571,8.5780952381,124533.333333,8.5780952381
2001-08-31,10.295,10.5990909091,9.92136363636,10.2963636364,154845.454545,10.2963636364
2001-09-30,9.172,9.45466666667,8.81333333333,9.1,146653.333333,9.1
2001-10-31,9.42086956522,9.76086956522,9.26565217391,9.53913043478,180943.478261,9.53913043478
2001-11-30,12.0571428571,12.6723809524,11.5761904762,12.1495238095,253142.857143,12.1495238095
2001-12-31,14.0836842105,14.6242105263,13.6857894737,14.1263157895,163168.421053,14.1263157895
2002-01-31,13.65,14.0228571429,13.2276190476,13.5680952381,93814.2857143,13.5680952381
2002-02-28,10.7542105263,10.9452631579,10.2068421053,10.5236842105,184105.263158,10.5236842105
2002-03-31,11.023,11.471,10.635,11.097,105750.0,11.097
2002-04-30,10.8590909091,11.2154545455,10.3659090909,10.6890909091,123740.909091,10.6890909091
2002-05-31,10.1236363636,10.4745454545,9.68272727273,10.0790909091,101659.090909,10.0790909091
2002-06-30,8.9,9.268,8.5815,8.95,70805.0,8.9455
2002-07-31,8.37272727273,8.75409090909,7.865,8.40863636364,84909.0909091,8.40863636364
2002-08-31,8.94,9.15636363636,8.60272727273,8.88681818182,49809.0909091,8.88681818182
2002-09-30,7.4155,7.6445,7.0815,7.369,78070.0,7.369
2002-10-31,7.39363636364,7.73681818182,7.08590909091,7.41454545455,76036.3636364,7.41454545455
2002-11-30,8.3145,8.5685,8.068,8.3515,69335.0,8.3515
2002-12-31,6.64714285714,6.87238095238,6.31666666667,6.57333333333,79014.2857143,6.57333333333
2003-01-31,4.867,5.0445,4.676,4.8335,101145.0,4.8335
2003-02-28,4.17578947368,4.36368421053,4.05842105263,4.15736842105,90552.6315789,4.15736842105
2003-03-31,4.17095238095,4.34761904762,4.11523809524,4.24904761905,72604.7619048,4.24904761905
2003-04-30,2.60904761905,2.68952380952,2.44476190476,2.55047619048,341352.380952,2.55047619048
2003-05-31,3.1885,3.444,3.0615,3.26,226050.0,3.26
2003-06-30,3.64095238095,3.83428571429,3.47,3.62095238095,144361.904762,3.62095238095
2003-07-31,3.43454545455,3.53318181818,3.32818181818,3.41727272727,210804.545455,3.41727272727
2003-08-31,4.309,4.494,4.2055,4.39,170775.0,4.39
2003-09-30,5.83666666667,5.9880952381,5.65571428571,5.80571428571,145500.0,5.80571428571
2003-10-31,5.8247826087,5.95173913043,5.67,5.82782608696,57230.4347826,5.82782608696
2003-11-30,4.99368421053,5.16631578947,4.81947368421,4.96,367794.736842,4.96
2003-12-31,5.36285714286,5.5680952381,5.22095238095,5.41238095238,133119.047619,5.41238095238
2004-01-31,7.292,7.484,7.0455,7.278,352225.0,7.278
2004-02-29,6.95315789474,7.22105263158,6.81578947368,7.03263157895,266731.578947,7.03263157895
2004-03-31,8.87181818182,9.09545454545,8.60909090909,8.87363636364,168004.545455,8.87363636364
2004-04-30,9.36238095238,9.67952380952,9.06571428571,9.4619047619,316923.809524,9.4619047619
2004-05-31,10.0235,10.2365,9.684,9.947,222255.0,9.947
2004-06-30,8.83714285714,9.00523809524,8.47333333333,8.71571428571,277790.47619,8.71571428571
2004-07-31,7.2915,7.4755,7.071,7.2435,107500.0,7.2435
2004-08-31,6.11090909091,6.30909090909,5.90681818182,6.12090909091,114200.0,6.12090909091
2004-09-30,7.24761904762,7.46428571429,7.12047619048,7.26,89509.5238095,7.26
2004-10-31,7.1395,7.324,6.9925,7.159,66040.0,7.159
2004-11-30,8.0819047619,8.3519047619,7.94523809524,8.21095238095,103819.047619,8.21095238095
2004-12-31,8.75227272727,9.04863636364,8.53227272727,8.81636363636,320681.818182,8.81636363636
2005-01-31,8.9825,9.177,8.7345,8.9875,164065.0,8.9875
2005-02-28,8.72421052632,8.93315789474,8.51210526316,8.69421052632,200568.421053,8.69210526316
2005-03-31,7.61090909091,7.74409090909,7.39545454545,7.53772727273,190981.818182,7.53772727273
2005-04-30,6.40142857143,6.53904761905,6.27047619048,6.35761904762,158347.619048,6.35761904762
2005-05-31,6.46,6.596,6.308,6.4415,200530.0,6.4415
2005-06-30,6.04,6.15318181818,5.91454545455,6.03909090909,163186.363636,6.03909090909
2005-07-31,6.9395,7.0845,6.7685,6.9625,124035.0,6.9625
2005-08-31,6.35565217391,6.50695652174,6.22347826087,6.35217391304,87534.7826087,6.35217391304
2005-09-30,7.0095,7.147,6.8635,7.0305,110710.0,7.0305
2005-10-31,6.88142857143,7.10761904762,6.70238095238,6.88904761905,167833.333333,6.88904761905
2005-11-30,7.00666666667,7.12333333333,6.82666666667,6.99714285714,132276.190476,6.99714285714
2005-12-31,6.81761904762,6.93333333333,6.70333333333,6.84428571429,101719.047619,6.80619047619
2006-01-31,7.3115,7.4985,7.198,7.355,205025.0,7.355
2006-02-28,8.49578947368,8.69315789474,8.35684210526,8.55894736842,202152.631579,8.55894736842
2006-03-31,9.3747826087,9.51304347826,9.1947826087,9.38043478261,216504.347826,9.38043478261
2006-04-30,8.22833333333,8.34055555556,7.98,8.11055555556,258427.777778,8.11055555556
2006-05-31,6.99045454545,7.15772727273,6.86863636364,6.99909090909,225422.727273,6.99909090909
2006-06-30,8.29272727273,8.505,8.12272727273,8.32090909091,307045.454545,8.32090909091
2006-07-31,8.19210526316,8.37157894737,7.97473684211,8.17526315789,158289.473684,8.17526315789
2006-08-31,7.98043478261,8.17739130435,7.83869565217,7.98130434783,141204.347826,7.98130434783
2006-09-30,8.342,8.4555,8.1735,8.347,124450.0,8.347
2006-10-31,9.01904761905,9.19142857143,8.88571428571,9.06428571429,206633.333333,9.06428571429
2006-11-30,12.0119047619,12.3338095238,11.8342857143,12.1761904762,543290.47619,12.1761904762
2006-12-31,13.1245,13.3495,12.921,13.092,271135.0,13.092
2007-01-31,13.0275,13.3045,12.8125,13.0755,269045.0,13.0755
2007-02-28,12.8873684211,13.0573684211,12.6268421053,12.7989473684,421789.473684,12.1736842105
2007-03-31,11.9763636364,12.2231818182,11.7795454545,12.0354545455,332259.090909,12.0354545455
2007-04-30,13.335,13.5785,13.1305,13.4015,330010.0,13.4015
2007-05-31,12.7461904762,12.8638095238,12.5366666667,12.6952380952,502609.52381,12.6952380952
2007-06-30,11.8195238095,11.9747619048,11.6047619048,11.790952381,419714.285714,11.790952381
2007-07-31,11.4680952381,11.5685714286,11.2042857143,11.4095238095,253880.952381,11.4095238095
2007-08-31,10.8036363636,11.1504545455,10.5540909091,10.8554545455,407563.636364,10.8554545455
2007-09-30,12.0010526316,12.25,11.6889473684,11.9752631579,417252.631579,11.9752631579
2007-10-31,11.2334782609,11.4156521739,11.0043478261,11.1782608696,429682.608696,11.1782608696
2007-11-30,10.766,10.99,10.499,10.7205,369000.0,10.7205
2007-12-31,10.463,10.686,10.1485,10.387,714375.0,10.387
2008-01-31,7.24380952381,7.39571428571,6.99333333333,7.18238095238,478461.904762,7.18238095238
2008-02-29,5.8145,6.0145,5.6175,5.772,480490.0,5.772
2008-03-31,6.3395,6.6305,6.0785,6.385,500720.0,6.364
2008-04-30,6.77272727273,6.93681818182,6.59409090909,6.73909090909,221459.090909,6.73909090909
2008-05-31,6.10761904762,6.29047619048,5.95761904762,6.11333333333,267866.666667,6.11333333333
2008-06-30,5.3025,5.4305,5.109,5.239,312685.0,5.239
2008-07-31,6.15545454545,6.47227272727,5.99045454545,6.30409090909,308136.363636,6.30409090909
2008-08-31,7.9519047619,8.19095238095,7.72142857143,7.98761904762,335680.952381,7.98761904762
2008-09-30,7.3265,7.6535,7.006,7.2885,381110.0,7.2885
2008-10-31,4.94086956522,5.24347826087,4.58260869565,4.83043478261,367526.086957,4.83043478261
2008-11-30,3.74684210526,3.98842105263,3.47473684211,3.67684210526,299226.315789,3.67684210526
2008-12-31,3.7419047619,3.92,3.55238095238,3.76095238095,211780.952381,3.76095238095
2009-01-31,3.929,4.1075,3.765,3.944,163515.0,3.944
2009-02-28,3.92052631579,4.04736842105,3.76105263158,3.87631578947,213531.578947,3.87631578947
2009-03-31,2.77090909091,2.91545454545,2.625,2.73772727273,195577.272727,2.73772727273
2009-04-30,2.89714285714,3.01571428571,2.78761904762,2.89857142857,203914.285714,2.85333333333
2009-05-31,3.194,3.3235,3.0565,3.1955,222365.0,3.1955
2009-06-30,3.17909090909,3.24863636364,3.07681818182,3.16227272727,167381.818182,3.16227272727
2009-07-31,3.37590909091,3.50454545455,3.26363636364,3.40545454545,223040.909091,3.40545454545
2009-08-31,4.138,4.2285,3.9995,4.1225,243925.0,4.1225
2009-09-30,2.94380952381,2.99904761905,2.85857142857,2.89952380952,699804.761905,2.89952380952
2009-10-31,2.235,2.29636363636,2.17,2.20318181818,259254.545455,2.20318181818
2009-11-30,2.02473684211,2.10526315789,1.94,1.99631578947,307810.526316,1.99631578947
2009-12-31,2.39136363636,2.49772727273,2.26636363636,2.41681818182,1113318.18182,2.41681818182
2010-01-31,2.61684210526,2.66526315789,2.51947368421,2.59105263158,441747.368421,2.59105263158
2010-02-28,2.45315789474,2.5,2.38789473684,2.43842105263,307242.105263,2.43842105263
2010-03-31,2.56045454545,2.62227272727,2.50727272727,2.57409090909,290959.090909,2.57409090909
2010-04-30,3.23523809524,3.34666666667,3.16095238095,3.24476190476,1442547.61905,3.24476190476
2010-05-31,3.667,3.773,3.571,3.6715,489835.0,3.6715
2010-06-30,3.36181818182,3.44045454545,3.26045454545,3.32727272727,307763.636364,3.32727272727
2010-07-31,3.12476190476,3.19619047619,3.00619047619,3.11761904762,233828.571429,3.11380952381
2010-08-31,2.97590909091,3.05272727273,2.90136363636,2.96545454545,193954.545455,2.96545454545
2010-09-30,2.98571428571,3.03619047619,2.93571428571,3.00047619048,190614.285714,3.00047619048
2010-10-31,3.3815,3.437,3.278,3.351,226195.0,3.351
2010-11-30,3.27523809524,3.33857142857,3.19238095238,3.26523809524,166361.904762,3.26523809524
2010-12-31,3.19818181818,3.25454545455,3.12681818182,3.17818181818,245672.727273,3.17818181818
2011-01-31,3.1155,3.173,3.0525,3.109,274475.0,3.109
2011-02-28,2.89388888889,2.95055555556,2.84,2.88666666667,209655.555556,2.88666666667
2011-03-31,2.96956521739,3.02869565217,2.91043478261,2.98130434783,279665.217391,2.98130434783
2011-04-30,3.0815,3.1285,3.021,3.072,357160.0,3.072
2011-05-31,2.78714285714,2.84476190476,2.7180952381,2.76238095238,280947.619048,2.76238095238
2011-06-30,2.33238095238,2.40904761905,2.26476190476,2.30904761905,424138.095238,2.30904761905
2011-07-31,2.4105,2.4735,2.3475,2.4035,454520.0,2.4035
2011-08-31,2.19826086957,2.26782608696,2.12,2.20434782609,383404.347826,2.20434782609
2011-09-30,2.11333333333,2.17095238095,2.05095238095,2.10428571429,357119.047619,2.10428571429
2011-10-31,2.2015,2.285,2.126,2.226,342925.0,2.226
2011-11-30,2.40571428571,2.47523809524,2.32,2.39523809524,333095.238095,2.39523809524
2011-12-31,2.19714285714,2.25142857143,2.10095238095,2.19380952381,278200.0,2.19380952381
2012-01-31,2.251,2.3365,2.1965,2.2735,328520.0,2.2735
2012-02-29,2.84473684211,2.91789473684,2.76315789474,2.86578947368,1501273.68421,2.86578947368
2012-03-31,3.10272727273,3.17090909091,3.05318181818,3.12909090909,764109.090909,3.12909090909
2012-04-30,3.5105,3.587,3.4275,3.5095,816285.0,3.5095
2012-05-31,3.48428571429,3.58476190476,3.37380952381,3.46523809524,1033152.38095,3.46523809524
2012-06-30,3.33761904762,3.42714285714,3.23619047619,3.33523809524,900209.52381,3.33523809524
2012-07-31,3.92380952381,4.09476190476,3.85095238095,3.99619047619,1145319.04762,3.99619047619
2012-08-31,5.13434782609,5.27217391304,5.01130434783,5.16130434783,1066086.95652,5.16130434783
2012-09-30,5.56833333333,5.72111111111,5.46722222222,5.58166666667,935127.777778,5.58166666667
2012-10-31,5.11619047619,5.19714285714,4.95285714286,5.03380952381,828347.619048,5.03380952381
2012-11-30,3.68952380952,3.7980952381,3.58428571429,3.69571428571,1728857.14286,3.69571428571
2012-12-31,3.71105263158,3.77368421053,3.60315789474,3.68263157895,1018668.42105,3.68263157895
2013-01-31,4.04333333333,4.12238095238,3.9580952381,4.03523809524,671219.047619,4.03523809524
2013-02-28,3.88368421053,3.96842105263,3.79789473684,3.87842105263,741021.052632,3.87842105263
2013-03-31,4.3065,4.436,4.2165,4.3625,985195.0,4.3625
2013-04-30,5.44047619048,5.5980952381,5.31857142857,5.48285714286,1235004.7619,5.48285714286
2013-05-31,5.72863636364,5.89545454545,5.61909090909,5.73363636364,1264431.81818,5.73363636364
2013-06-30,4.943,5.0345,4.787,4.881,2121915.0,4.881
2013-07-31,5.52095238095,5.66476190476,5.41761904762,5.54285714286,1770342.85714,5.54285714286
2013-08-31,6.23227272727,6.34045454545,6.10727272727,6.20954545455,1532495.45455,6.20954545455
2013-09-30,6.0425,6.1425,5.9355,6.0545,2067695.0,6.0545
2013-10-31,5.81227272727,5.89227272727,5.61590909091,5.74,1851900.0,5.74
2013-11-30,5.397,5.562,5.25,5.432,1879020.0,5.432
2013-12-31,5.18761904762,5.27714285714,5.0319047619,5.15619047619,1835004.7619,5.15619047619
2014-01-31,5.21952380952,5.30619047619,5.08095238095,5.20666666667,1240042.85714,5.20666666667
2014-02-28,4.845,4.95666666667,4.70944444444,4.83277777778,1353816.66667,4.83277777778
2014-03-31,5.04,5.12333333333,4.88619047619,5.02238095238,1508928.57143,5.02238095238
2014-04-30,4.1080952381,4.2080952381,3.90714285714,4.05714285714,1903414.28571,4.05714285714
2014-05-31,4.0155,4.1435,3.8815,4.0125,1794815.0,4.0125
2014-06-30,4.31238095238,4.38571428571,4.21857142857,4.33380952381,1666104.7619,4.33380952381
2014-07-31,4.19227272727,4.29954545455,4.06590909091,4.16090909091,1784600.0,4.16090909091
2014-08-31,3.94761904762,4.0180952381,3.83952380952,3.92952380952,1060195.2381,3.92952380952
2014-09-30,3.74285714286,3.81333333333,3.65714285714,3.72476190476,1339985.71429,3.72047619048
2014-10-31,3.43695652174,3.53304347826,3.33130434783,3.43695652174,1340665.21739,3.43695652174
2014-11-30,3.76421052632,3.85842105263,3.71105263158,3.77947368421,1322605.26316,3.77947368421
2014-12-31,4.64380952381,4.76142857143,4.55285714286,4.6519047619,3452457.14286,4.6519047619
2015-01-31,5.3615,5.6615,5.197,5.478,4732405.0,5.478
2015-02-28,7.87315789474,8.09842105263,7.68,7.90368421053,2999952.63158,7.90368421053
2015-03-31,7.95863636364,8.12590909091,7.78772727273,7.93363636364,2341995.45455,7.93363636364
2015-04-30,7.30761904762,7.40238095238,7.13619047619,7.26380952381,1326866.66667,7.24285714286
2015-05-31,7.265,7.416,7.103,7.2965,2177040.0,7.2965
2015-06-30,7.58954545455,7.68681818182,7.43454545455,7.56545454545,1571863.63636,7.56545454545
2015-07-31,6.61476190476,6.70142857143,6.45761904762,6.56714285714,1707580.95238,6.56714285714
2015-08-31,5.71428571429,5.8680952381,5.57428571429,5.71380952381,1826461.90476,5.71380952381
2015-09-30,5.52761904762,5.64476190476,5.35238095238,5.46714285714,1832747.61905,5.46714285714
2015-10-31,5.1019047619,5.23619047619,4.94476190476,5.12523809524,1800128.57143,5.12523809524
2015-11-30,4.525,4.6175,4.3945,4.462,2762335.0,4.462
2015-12-31,4.14681818182,4.235,4.04045454545,4.10863636364,3447904.54545,4.10863636364
2016-01-31,3.48789473684,3.57684210526,3.35,3.44105263158,2761826.31579,3.43947368421
2016-02-29,2.7415,2.8355,2.643,2.733,2466795.0,2.733
2016-03-31,2.83136363636,2.94363636364,2.75181818182,2.85136363636,1700627.27273,2.85136363636
2016-04-30,3.11904761905,3.20666666667,3.0419047619,3.13523809524,1345071.42857,3.13523809524
2016-05-31,3.144,3.2495,3.0635,3.1505,1794435.0,3.1505
2016-06-30,3.51,3.60954545455,3.40045454545,3.48590909091,2709327.27273,3.48590909091
2016-07-31,3.6975,3.7555,3.6195,3.688,1072210.0,3.688
2016-08-31,4.0125,4.3175,3.955,4.22,3276825.0,4.22
