Date,Open,High,Low,Close,Volume,Adj Close
1995-12-31,12.0520833333,12.2916666667,12.0,12.0416666667,24433.3333333,120.416668667
1996-01-31,12.2321428571,12.5148809524,12.0,12.2023809524,4738.0952381,122.023811524
1996-02-29,13.890625,14.375,13.60625,14.1375,5745.0,141.375002
1996-03-31,13.8720238095,14.0476190476,13.5119047619,13.7083333333,1895.23809524,137.083335333
1996-04-30,14.2470238095,14.6101190476,14.1428571429,14.3541666667,2166.66666667,143.541668667
1996-05-31,14.3636363636,14.5511363636,14.1761363636,14.3352272727,645.454545455,143.352274727
1996-06-30,12.4671052632,12.7763157895,12.0131578947,12.2763157895,3536.84210526,122.763159789
1996-07-31,9.89488636364,10.1107954545,9.31818181818,9.72727272727,3400.0,97.2727286818
1996-08-31,8.72159090909,8.8359375,8.47159090909,8.67613636364,927.272727273,86.7613646364
1996-09-30,8.65,8.95625,8.190625,8.546875,2835.0,85.468751
1996-10-31,7.56793478261,7.80434782609,7.10597826087,7.33152173913,4021.73913043,73.3152183913
1996-11-30,6.24342105263,6.42763157895,5.95394736842,6.07894736842,3042.10526316,60.7894746842
1996-12-31,6.27380952381,6.66145833333,6.08333333333,6.33333333333,3009.52380952,63.3333343333
1997-01-31,6.07954545455,6.15340909091,5.7890625,5.93465909091,1518.18181818,59.3465919091
1997-02-28,6.60773026316,6.74671052632,6.28371710526,6.57976973684,5457.89473684,65.7976983684
1997-03-31,6.75,6.85625,6.65625,6.75625,965.0,67.562501
1997-04-30,6.49330357143,6.59523809524,6.45238095238,6.53199404762,1000.0,65.3199414762
1997-05-31,6.55952380952,6.6875,6.27380952381,6.5119047619,6561.9047619,65.119048619
1997-06-30,7.57291666667,7.79166666667,7.32738095238,7.62797619048,4295.23809524,76.2797629048
1997-07-31,9.65980113636,9.84588068182,9.31036931818,9.58451704545,4436.36363636,95.8451718182
1997-08-31,10.0357142857,10.2142857143,9.88095238095,10.0386904762,2547.61904762,100.386906476
1997-09-30,10.86875,11.08125,10.56875,10.80625,7050.0,108.062502
1997-10-31,10.8315217391,10.9456521739,10.5679347826,10.7445652174,2504.34782609,107.445654174
1997-11-30,10.2269736842,10.3618421053,10.0361842105,10.1480263158,2742.10526316,101.480264632
1997-12-31,10.1363636364,10.2840909091,10.0397727273,10.1363636364,1409.09090909,101.363637773
1998-01-31,10.35625,10.396875,10.13125,10.23125,825.0,102.3125018
1998-02-28,10.5173611111,10.7083333333,10.3472222222,10.5616319444,2205.55555556,105.616321333
1998-03-31,10.65625,10.8579545455,10.5170454545,10.6619318182,1781.81818182,106.619320045
1998-04-30,11.4523809524,11.6071428571,11.3273809524,11.443452381,1347.61904762,114.43452581
1998-05-31,11.6375,11.7453125,11.346875,11.50625,1915.0,115.062502
1998-06-30,11.5909090909,11.7670454545,11.4744318182,11.5994318182,1545.45454545,115.994320182
1998-07-31,11.1041666667,11.2574404762,10.9375,11.0863095238,2876.19047619,110.863097238
1998-08-31,9.69642857143,9.80654761905,9.37797619048,9.61011904762,1247.61904762,96.1011915714
1998-09-30,8.56696428571,8.77678571429,8.46428571429,8.65327380952,1309.52380952,86.5327390952
1998-10-31,7.71306818182,7.86931818182,7.48863636364,7.66761363636,1545.45454545,76.6761373636
1998-11-30,8.6453125,8.765625,8.359375,8.578125,1740.0,85.781251
1998-12-31,10.0922619048,10.3839285714,9.86607142857,10.0744047619,2652.38095238,100.744049143
1999-01-31,10.5394736842,10.7960526316,10.2253289474,10.4539473684,3557.89473684,104.539475526
1999-02-28,8.77302631579,8.98026315789,8.34868421053,8.59375,2910.52631579,85.937501
1999-03-31,6.90217391304,7.0652173913,6.72010869565,6.85326086957,1495.65217391,68.5326096957
1999-04-30,5.884375,6.146875,5.7375,5.8515625,970.0,58.515626
1999-05-31,5.646875,5.81875,5.4125,5.559375,1520.0,55.593751
1999-06-30,5.29261363636,5.36505681818,5.20028409091,5.27130681818,2254.54545455,52.7130691818
1999-07-31,5.53125,5.63839285714,5.41964285714,5.5193452381,3723.80952381,55.193453381
1999-08-31,5.36860795455,5.52698863636,5.22017045455,5.34943181818,2818.18181818,53.4943191818
1999-09-30,4.94921875,5.04453125,4.85703125,4.92890625,2535.0,49.2890635
1999-10-31,4.48139880952,4.63988095238,4.32663690476,4.50892857143,2666.66666667,45.0892867143
1999-11-30,4.99255952381,5.15178571429,4.85416666667,5.02083333333,2280.95238095,50.2083343333
1999-12-31,5.48153409091,5.71875,5.19034090909,5.42755681818,2750.0,54.2755691818
2000-01-31,5.46875,5.6359375,5.278125,5.44765625,2490.0,54.4765635
2000-02-29,4.90953947368,5.03453947368,4.76480263158,4.87911184211,2336.84210526,48.7911194211
2000-03-31,4.97961956522,5.2472826087,4.72826086957,4.99524456522,14626.0869565,49.9524466522
2000-04-30,5.11184210526,5.36513157895,4.87993421053,5.09210526316,2526.31578947,50.9210536316
2000-05-31,4.79403409091,4.84659090909,4.64346590909,4.734375,1359.09090909,47.343751
2000-06-30,4.71800595238,4.8712797619,4.58928571429,4.76785714286,2233.33333333,47.6785724286
2000-07-31,5.48046875,5.78125,5.2953125,5.6046875,2750.0,56.046876
2000-08-31,5.58423913043,5.71739130435,5.44633152174,5.56046195652,530.434782609,55.6046205652
2000-09-30,5.778125,5.86484375,5.6984375,5.7828125,985.0,57.828126
2000-10-31,4.77485795455,4.88707386364,4.42542613636,4.63920454545,1095.45454545,46.3920464545
2000-11-30,3.671875,3.76640625,3.4625,3.5953125,1290.0,35.95312585
2000-12-31,2.94375,3.1890625,2.6890625,2.875,3740.0,28.7500002
2001-01-31,3.04464285714,3.14211309524,2.80803571429,2.97395833333,1957.14285714,29.739583381
2001-02-28,3.12664473684,3.21381578947,2.96628289474,3.10526315789,905.263157895,31.0526317895
2001-03-31,2.72470238095,2.82514880952,2.56398809524,2.6369047619,561.904761905,26.369047619
2001-04-30,2.6118125,2.700375,2.48065625,2.599625,435.0,25.9962503
2001-05-31,2.515,2.54227272727,2.42772727273,2.47136363636,877.272727273,24.7136365909
2001-06-30,2.3080952381,2.3580952381,2.23857142857,2.29714285714,261.904761905,22.9714289048
2001-07-31,2.27714285714,2.33571428571,2.20857142857,2.27952380952,300.0,22.795238381
2001-08-31,1.66545454545,1.79318181818,1.54863636364,1.73409090909,1172.72727273,17.3409091818
2001-09-30,1.65333333333,1.766,1.526,1.66866666667,786.666666667,16.6866668667
2001-10-31,1.1952173913,1.27173913043,1.1252173913,1.21086956522,2113.04347826,12.1086956957
2001-11-30,0.922857142857,0.98619047619,0.862380952381,0.929047619048,8847.61904762,9.29047628571
2001-12-31,0.861578947368,0.896315789474,0.8,0.826842105263,8068.42105263,8.26842105263
2002-01-31,0.865714285714,0.898571428571,0.810476190476,0.847142857143,1666.66666667,8.47142866667
2002-02-28,1.41210526316,1.53315789474,1.31315789474,1.41526315789,3573.68421053,14.1526317895
2002-03-31,1.575,1.698,1.4515,1.5925,1350.0,15.9250001
2002-04-30,1.435,1.51,1.365,1.42272727273,1036.36363636,14.2272727273
2002-05-31,1.24285714286,1.30047619048,1.17238095238,1.24333333333,842.857142857,12.4333334762
2002-06-30,1.1615,1.2175,1.093,1.151,1155.0,11.5100002
2002-07-31,1.03727272727,1.06818181818,1.01181818182,1.01545454545,1395.45454545,10.154546
2002-08-31,1.02727272727,1.04318181818,0.997272727273,1.00954545455,1436.36363636,10.0954549091
2002-09-30,0.783,0.8455,0.7055,0.7465,835.0,7.465
2002-10-31,0.794782608696,0.849130434783,0.724782608696,0.778260869565,2765.2173913,7.78260882609
2002-11-30,0.9055,0.948,0.884,0.927,525.0,9.2700002
2002-12-31,0.867142857143,0.908095238095,0.84619047619,0.872857142857,390.476190476,8.72857147619
2003-01-31,0.889523809524,0.917619047619,0.860476190476,0.888571428571,966.666666667,8.88571433333
2003-02-28,0.816842105263,0.867368421053,0.746842105263,0.805789473684,7363.15789474,8.05789473684
2003-03-31,0.950476190476,1.01714285714,0.900476190476,0.985238095238,4528.57142857,9.85238114286
2003-04-30,0.979,1.025,0.9415,0.994,1635.0,9.94
2003-05-31,1.05619047619,1.08333333333,1.0280952381,1.04333333333,1014.28571429,10.4333335714
2003-06-30,1.0119047619,1.02380952381,0.992380952381,1.00238095238,357.142857143,10.0238096667
2003-07-31,0.890909090909,0.91,0.880909090909,0.9,400.0,9.00000031818
2003-08-31,0.94619047619,0.980476190476,0.896666666667,0.936666666667,1371.42857143,9.3666667619
2003-09-30,0.901,0.944,0.8595,0.912,1075.0,9.12000025
2003-10-31,1.07739130435,1.14739130435,1.04086956522,1.10956521739,1691.30434783,11.0956522174
2003-11-30,1.06105263158,1.10473684211,0.998421052632,1.05105263158,4873.68421053,10.5105263158
2003-12-31,1.37409090909,1.54363636364,1.29272727273,1.43863636364,20681.8181818,14.3863638182
2004-01-31,2.75263157895,2.95105263158,2.55842105263,2.75631578947,68868.4210526,27.5631581579
2004-02-29,3.25947368421,3.42894736842,3.12684210526,3.31526315789,24842.1052632,33.1526319474
2004-03-31,3.96391304348,4.11,3.76173913043,3.97869565217,23647.826087,39.7869574783
2004-04-30,3.99761904762,4.12571428571,3.87952380952,3.99428571429,11461.9047619,39.9428578095
2004-05-31,3.92736842105,4.07526315789,3.78631578947,3.90894736842,7078.94736842,39.0894745789
2004-06-30,3.71619047619,3.83,3.60619047619,3.75238095238,4695.23809524,37.5238098095
2004-07-31,3.12095238095,3.25047619048,3.0080952381,3.12380952381,2976.19047619,31.2380958095
2004-08-31,2.44045454545,2.51227272727,2.38545454545,2.46409090909,3427.27272727,24.6409094091
2004-09-30,2.4165,2.48,2.346,2.4125,3435.0,24.1250004
2004-10-31,1.42904761905,1.45666666667,1.32380952381,1.3819047619,14561.9047619,13.8190478095
2004-11-30,1.74380952381,1.88333333333,1.62571428571,1.77238095238,55990.4761905,17.7238098095
2004-12-31,2.09409090909,2.21454545455,1.98181818182,2.05863636364,43404.5454545,20.586364
2005-01-31,1.85368421053,1.91263157895,1.79526315789,1.83578947368,10752.6315789,18.357895
2005-02-28,1.75052631579,1.80210526316,1.67578947368,1.73210526316,13831.5789474,17.321053
2005-03-31,1.87727272727,1.945,1.81409090909,1.87090909091,12522.7272727,18.7090911818
2005-04-30,1.69428571429,1.73428571429,1.63619047619,1.67238095238,6214.28571429,16.723809619
2005-05-31,1.443,1.493,1.361,1.437,5265.0,14.3700002
2005-06-30,1.51681818182,1.57818181818,1.48045454545,1.54636363636,3950.0,15.4636365
2005-07-31,1.755,1.817,1.6615,1.7065,22505.0,17.06500005
2005-08-31,1.37086956522,1.40347826087,1.33260869565,1.36043478261,4508.69565217,13.6043481304
2005-09-30,1.2035,1.2445,1.164,1.1975,6490.0,11.9750003
2005-10-31,1.04571428571,1.08047619048,1.0119047619,1.0419047619,3800.0,10.4190476667
2005-11-30,0.843333333333,0.869047619048,0.806666666667,0.825238095238,2842.85714286,8.252381
2005-12-31,0.747619047619,0.784761904762,0.711428571429,0.734285714286,12338.0952381,7.34285719048
2006-01-31,0.817,0.8615,0.7795,0.816,14485.0,8.1600002
2006-02-28,0.815,0.842222222222,0.778888888889,0.808888888889,9077.77777778,8.08888894444
2006-03-31,0.89652173913,0.941304347826,0.852608695652,0.9,15204.3478261,9.00000008696
2006-04-30,0.926315789474,0.954736842105,0.893157894737,0.924210526316,3084.21052632,9.24210552632
2006-05-31,1.02772727273,1.07863636364,0.975,1.04090909091,8513.63636364,10.4090911364
2006-06-30,1.18904761905,1.22238095238,1.12476190476,1.17047619048,4123.80952381,11.7047622857
2006-07-31,1.1425,1.17,1.0975,1.126,2380.0,11.2600002
2006-08-31,1.02652173913,1.05347826087,0.978260869565,1.01782608696,8421.73913043,10.178261
2006-09-30,0.768,0.793,0.739,0.7585,4930.0,7.585
2006-10-31,0.678636363636,0.695,0.653636363636,0.674090909091,2440.90909091,6.74090909091
2006-11-30,0.71,0.7535,0.689,0.727,11175.0,7.27
2006-12-31,0.724,0.741,0.6955,0.721,3075.0,7.21
2007-01-31,0.7825,0.8355,0.737,0.7975,28135.0,7.975
2007-02-28,0.814736842105,0.840526315789,0.770526315789,0.802631578947,15873.6842105,8.02631589474
2007-03-31,0.642727272727,0.666363636364,0.623181818182,0.64,5513.63636364,6.4
2007-04-30,0.598947368421,0.628947368421,0.564210526316,0.593157894737,5552.63157895,5.93157894737
2007-05-31,0.535454545455,0.552727272727,0.519090909091,0.534545454545,2072.72727273,5.34545454545
2007-06-30,0.595238095238,0.641904761905,0.565238095238,0.604285714286,13133.3333333,6.04285714286
2007-07-31,0.581428571429,0.597619047619,0.559047619048,0.576666666667,2876.19047619,5.76666666667
2007-08-31,0.478260869565,0.502608695652,0.457391304348,0.48347826087,3134.7826087,4.8347826087
2007-09-30,0.430555555556,0.445555555556,0.413888888889,0.431666666667,3277.77777778,4.31666666667
2007-10-31,0.335652173913,0.355217391304,0.321304347826,0.334347826087,7347.82608696,3.34347826087
2007-11-30,0.365714285714,0.423333333333,0.320952380952,0.388095238095,36509.5238095,2.14523809524
2007-12-31,1.9665,2.2,1.839,1.959,43525.0,1.959
2008-01-31,1.42666666667,1.49714285714,1.31047619048,1.39142857143,20219.047619,1.39142857143
2008-02-29,1.21894736842,1.31210526316,1.10157894737,1.21315789474,120073.684211,1.21315789474
2008-03-31,0.788,0.8285,0.7205,0.7615,24755.0,0.7615
2008-04-30,0.499090909091,0.517727272727,0.453636363636,0.47,33922.7272727,0.47
2008-05-31,0.444761904762,0.485714285714,0.417142857143,0.449523809524,101304.761905,0.449523809524
2008-06-30,0.655,0.676,0.5955,0.6325,29205.0,0.6325
2008-07-31,0.495,0.527272727273,0.468181818182,0.503181818182,17759.0909091,0.503181818182
2008-08-31,0.519047619048,0.534285714286,0.484285714286,0.509047619048,8228.57142857,0.509047619048
2008-09-30,0.422380952381,0.438571428571,0.37,0.41,16285.7142857,0.41
2008-10-31,0.352608695652,0.369130434783,0.326956521739,0.346086956522,15739.1304348,0.346086956522
2008-11-30,0.353157894737,0.375789473684,0.333157894737,0.354210526316,7078.94736842,0.336315789474
2008-12-31,0.312272727273,0.330454545455,0.283636363636,0.311363636364,15100.0,0.311363636364
2009-01-31,0.3115,0.332,0.3025,0.3195,17050.0,0.3195
2009-02-28,0.370526315789,0.384736842105,0.363157894737,0.377368421053,6415.78947368,0.377368421053
2009-03-31,0.378636363636,0.400454545455,0.358636363636,0.377727272727,93777.2727273,0.377727272727
2009-04-30,0.523,0.563,0.4875,0.5425,14740.0,0.5425
2009-05-31,0.8845,0.984,0.805,0.918,50850.0,0.918
2009-06-30,1.17954545455,1.26363636364,1.10136363636,1.17318181818,30172.7272727,1.17318181818
2009-07-31,1.16090909091,1.20409090909,1.09181818182,1.14954545455,20063.6363636,1.14954545455
2009-08-31,1.2925,1.331,1.2255,1.284,23275.0,1.284
2009-09-30,1.31952380952,1.44904761905,1.2619047619,1.37095238095,342952.380952,1.37095238095
2009-10-31,2.58045454545,2.73818181818,2.38818181818,2.53545454545,529863.636364,2.53545454545
2009-11-30,1.899,1.983,1.8045,1.8775,192095.0,1.8775
2009-12-31,1.91571428571,1.97952380952,1.85285714286,1.91333333333,72400.0,1.91333333333
2010-01-31,2.33473684211,2.47157894737,2.20947368421,2.34684210526,307200.0,2.34684210526
2010-02-28,2.82052631579,2.91,2.65578947368,2.80473684211,351452.631579,2.80473684211
2010-03-31,3.32565217391,3.47173913043,3.1852173913,3.32782608696,390573.913043,3.32782608696
2010-04-30,3.3005,3.3615,3.157,3.2415,285350.0,3.2415
2010-05-31,2.326,2.4045,2.155,2.247,238745.0,2.247
2010-06-30,1.56090909091,1.61863636364,1.46318181818,1.52409090909,138822.727273,1.52409090909
2010-07-31,1.3765,1.4515,1.3,1.379,242810.0,1.379
2010-08-31,1.39727272727,1.43,1.33818181818,1.37909090909,81768.1818182,1.37909090909
2010-09-30,1.23285714286,1.2619047619,1.19428571429,1.23285714286,54285.7142857,1.23285714286
2010-10-31,1.17047619048,1.20476190476,1.15761904762,1.17857142857,55328.5714286,1.17857142857
2010-11-30,1.136,1.1795,1.084,1.119,415755.0,1.119
2010-12-31,1.15454545455,1.19045454545,1.12318181818,1.15090909091,120768.181818,1.15090909091
2011-01-31,1.2515,1.2905,1.207,1.2455,267010.0,1.2455
2011-02-28,1.24842105263,1.27263157895,1.22578947368,1.24157894737,56631.5789474,1.24157894737
2011-03-31,1.12304347826,1.15086956522,1.1,1.12217391304,56126.0869565,1.12217391304
2011-04-30,1.05263157895,1.06789473684,1.03421052632,1.04842105263,38005.2631579,1.04842105263
2011-05-31,1.03476190476,1.06380952381,0.997142857143,1.0280952381,123623.809524,1.0280952381
2011-06-30,1.07454545455,1.10409090909,1.04590909091,1.07090909091,58295.4545455,1.07090909091
2011-07-31,0.9895,1.013,0.9595,0.9845,38430.0,0.9845
2011-08-31,0.782608695652,0.809130434783,0.748260869565,0.778260869565,27491.3043478,0.778260869565
2011-09-30,0.6865,0.7015,0.6475,0.6725,35660.0,0.6725
2011-10-31,0.575714285714,0.605714285714,0.549047619048,0.585714285714,22761.9047619,0.585714285714
2011-11-30,0.612857142857,0.655238095238,0.588095238095,0.631904761905,57290.4761905,0.631904761905
2011-12-31,0.642380952381,0.672380952381,0.615238095238,0.640476190476,39152.3809524,0.640476190476
2012-01-31,0.597894736842,0.628947368421,0.583157894737,0.61,81121.0526316,0.61
2012-02-29,0.732,0.753,0.7035,0.736,41355.0,0.736
2012-03-31,0.752727272727,0.77,0.725454545455,0.751818181818,29254.5454545,0.751818181818
2012-04-30,0.9415,0.9805,0.909,0.952,59825.0,0.952
2012-05-31,1.11727272727,1.15954545455,1.07136363636,1.12454545455,136654.545455,1.12454545455
2012-06-30,1.0915,1.1235,1.0535,1.0835,36040.0,1.0835
2012-07-31,1.13333333333,1.16761904762,1.10285714286,1.13619047619,50023.8095238,1.13619047619
2012-08-31,1.20956521739,1.23913043478,1.17,1.21565217391,70717.3913043,1.21565217391
2012-09-30,1.18789473684,1.21315789474,1.14578947368,1.18210526316,63778.9473684,1.18210526316
2012-10-31,0.864285714286,0.888095238095,0.834761904762,0.860476190476,48766.6666667,0.860476190476
2012-11-30,0.8075,0.8305,0.7735,0.807,283595.0,0.807
2012-12-31,0.8,0.8305,0.7765,0.806,60670.0,0.806
2013-01-31,0.894285714286,0.91,0.869523809524,0.895238095238,14771.4285714,0.895238095238
2013-02-28,0.864736842105,0.887894736842,0.840526315789,0.865263157895,29242.1052632,0.865263157895
2013-03-31,0.8455,0.8705,0.819,0.854,20750.0,0.854
2013-04-30,0.796666666667,0.815238095238,0.77380952381,0.795238095238,12014.2857143,0.795238095238
2013-05-31,0.781363636364,0.797727272727,0.755909090909,0.770909090909,30490.9090909,0.770909090909
2013-06-30,0.747,0.7605,0.721,0.7475,20505.0,0.7475
2013-07-31,0.683181818182,0.692727272727,0.66,0.681818181818,17509.0909091,0.681818181818
2013-08-31,0.710909090909,0.744090909091,0.690454545455,0.724545454545,50977.2727273,0.724545454545
2013-09-30,0.785789473684,0.796842105263,0.745263157895,0.775789473684,14152.6315789,0.775789473684
2013-10-31,1.09173913043,1.15608695652,1.02304347826,1.08565217391,434934.782609,1.08565217391
2013-11-30,1.4125,1.4665,1.3575,1.4,217555.0,1.4
2013-12-31,2.17952380952,2.35857142857,2.07238095238,2.23238095238,847090.47619,2.23238095238
2014-01-31,3.237,3.4345,3.061,3.268,619910.0,3.268
2014-02-28,2.96421052632,3.07842105263,2.83157894737,2.94947368421,319900.0,2.94947368421
2014-03-31,2.37333333333,2.46476190476,2.29904761905,2.37666666667,125447.619048,2.37666666667
2014-04-30,2.5685,2.669,2.4845,2.5655,117450.0,2.5655
2014-05-31,2.41761904762,2.56380952381,2.32095238095,2.42095238095,599819.047619,2.42095238095
2014-06-30,3.06333333333,3.15714285714,2.96285714286,3.07095238095,184390.47619,3.07095238095
2014-07-31,3.01954545455,3.07545454545,2.95909090909,3.00454545455,50595.4545455,3.00454545455
2014-08-31,2.9335,3.0025,2.87,2.942,64690.0,2.942
2014-09-30,3.04714285714,3.1519047619,2.96571428571,3.04571428571,81552.3809524,3.04571428571
2014-10-31,2.42826086957,2.52652173913,2.35869565217,2.4347826087,70304.3478261,2.4347826087
2014-11-30,2.72842105263,2.86105263158,2.63263157895,2.73052631579,71994.7368421,2.73052631579
2014-12-31,2.51333333333,2.60333333333,2.45857142857,2.51047619048,38919.047619,2.51047619048
2015-01-31,2.6425,2.706,2.5955,2.6505,30905.0,2.6505
2015-02-28,2.98631578947,3.03894736842,2.90315789474,2.97578947368,47073.6842105,2.97578947368
2015-03-31,3.17909090909,3.29,3.08636363636,3.17636363636,57995.4545455,3.17636363636
2015-04-30,3.0435,3.1285,2.99,3.068,18660.0,3.068
2015-05-31,2.8855,2.9585,2.842,2.8875,16110.0,2.8875
2015-06-30,2.85863636364,2.94045454545,2.78863636364,2.855,24981.8181818,2.855
2015-07-31,2.68590909091,2.77681818182,2.60318181818,2.67181818182,36431.8181818,2.67181818182
2015-08-31,2.2965,2.353,2.2085,2.274,30210.0,2.274
2015-09-30,2.22523809524,2.30380952381,2.15952380952,2.22857142857,29542.8571429,2.22857142857
2015-10-31,2.02636363636,2.09636363636,1.95454545455,2.01181818182,23981.8181818,2.01181818182
2015-11-30,1.7325,1.7795,1.645,1.7045,27040.0,1.7045
2015-12-31,1.68636363636,1.74227272727,1.58818181818,1.67863636364,43227.2727273,1.64681818182
2016-01-31,1.32842105263,1.39789473684,1.25052631579,1.30473684211,61447.3684211,1.30473684211
2016-02-29,1.2455,1.2995,1.1795,1.239,40990.0,1.239
2016-03-31,1.85181818182,2.00590909091,1.77136363636,1.87772727273,613118.181818,1.87772727273
2016-04-30,2.0115,2.092,1.9635,2.019,48635.0,2.019
2016-05-31,1.72571428571,1.77333333333,1.65571428571,1.71142857143,45238.0952381,1.71142857143
2016-06-30,1.75227272727,1.825,1.69727272727,1.75681818182,31300.0,1.75681818182
2016-07-31,1.7485,1.8075,1.688,1.7465,36035.0,1.7465
2016-08-31,1.7225,1.745,1.6025,1.71,30750.0,1.71
