Date,Open,High,Low,Close,Volume,Adj Close
1962-01-31,51.6363677727,52.4431832727,51.2158948636,51.8352135,1030718.18182,0.216924772727
1962-02-28,54.5329411579,55.0987474737,53.9144739474,54.4342383158,757589.473684,0.229655631579
1962-03-31,50.9583435714,51.428578,50.571395,50.8214244286,436000.0,0.214619904762
1962-04-30,48.05622675,48.5875467,47.27504295,47.79372585,453330.0,0.20183395
1962-05-31,44.452395,45.4226012857,43.607218,44.4762031429,1124295.2381,0.189324904762
1962-06-30,40.4821508571,41.2856708571,39.7856954286,40.5118895714,1013438.09524,0.172912095238
1962-07-31,40.4404361429,40.9761352857,40.0237775714,40.4047675714,565019.047619,0.172454857143
1962-08-31,40.7282791304,41.364093913,40.2010480435,40.7500702174,973104.347826,0.175437826087
1962-09-30,39.7499736667,40.2083663333,39.2013335,39.5277635,632911.111111,0.170924222222
1962-10-31,38.0978308696,38.6467197391,37.7011068261,38.1141011739,538608.695652,0.164811304348
1962-11-30,40.0389579,40.70778495,39.4124127,40.20614175,1567420.0,0.17589105
1962-12-31,38.0920725789,38.4275401579,37.7368447895,38.0130974211,768368.421053,0.166502315789
1963-01-31,38.4204263182,38.8636251818,38.0964902727,38.4942927273,751436.363636,0.16861
1963-02-28,38.8815663158,39.3157695789,38.5395123158,38.8223512105,732273.684211,0.171863210526
1963-03-31,37.1428104286,37.3928401429,36.8511527143,37.0297287143,637285.714286,0.164261095238
1963-04-30,37.0499364,37.3686918,36.76881585,37.08119235,534070.0,0.16448925
1963-05-31,36.9374633182,37.3067957727,36.7215797727,36.937491,518072.727273,0.165170409091
1963-06-30,36.0249927,36.25001085,35.7687495,35.9562237,433220.0,0.16167655
1963-07-31,33.8864057727,34.1818159091,33.5171286818,33.7727479091,532690.909091,0.151858454545
1963-08-31,33.9821614286,34.3809705714,33.7797481429,34.1012314286,451371.428571,0.154845428571
1963-09-30,34.74374505,35.0936952,34.4312169,34.6937175,476650.0,0.15830205
1963-10-31,33.989202913,34.2934803913,33.7554738261,34.0163552609,398008.695652,0.155211521739
1963-11-30,35.8824165882,36.3676660588,35.6618227059,35.9412368824,683376.470588,0.165761352941
1963-12-31,36.9881007143,37.3274328571,36.648826,36.9165885714,708495.238095,0.17080047619
1964-01-31,37.6533745909,38.0966563636,37.4545007727,37.8011076818,512209.090909,0.174892818182
1964-02-29,40.1735698333,40.5416813333,39.9582785,40.263885,754722.222222,0.188128444444
1964-03-31,43.0356761429,43.4940492857,42.7023318571,43.0773624286,931847.619048,0.201835047619
1964-04-30,45.511332,45.9430708636,44.9773396364,45.4772566364,1038036.36364,0.213079454545
1964-05-31,47.5065963158,48.2828210526,47.0987077895,47.7237295263,1655042.10526,0.225177473684
1964-06-30,51.2897060455,51.9772300909,50.9147959091,51.4260897273,1169409.09091,0.243563954545
1964-07-31,55.0000127727,55.3750058182,54.7215289091,55.0908890455,868872.727273,0.260921045455
1964-08-31,56.54376135,57.21866325,56.0563035,56.73123585,1008220.0,0.27089765
1964-09-30,63.33338,64.1429168571,62.9642511905,63.6191072857,1178085.71429,0.304057761905
1964-10-31,64.8182349091,65.1818231818,64.1875391818,64.5511558182,881772.727273,0.308512409091
1964-11-30,64.9374977222,65.6596796667,64.4999966111,65.1249443889,810388.888889,0.312764944444
1964-12-31,68.6307115455,69.3238406818,68.0454675909,68.7727284545,791445.454545,0.3312615
1965-01-31,66.9061922,67.34994,66.23125995,66.7749425,1369970.0,0.3216386
1965-02-28,67.4540193684,68.1380951053,66.993502,67.5065838421,1096789.47368,0.327035842105
1965-03-31,65.2273022727,65.8295551364,64.5795699091,64.9488737727,807154.545455,0.315258454545
1965-04-30,70.3332831905,71.2916596667,70.0357232857,70.857093,1296380.95238,0.343936809524
1965-05-31,74.26872735,74.78756265,73.8250401,74.20627665,590910.0,0.36191195
1965-06-30,68.875023619,69.8571480952,67.8928698571,68.6071447619,1253504.7619,0.335280904762
1965-07-31,72.3869227143,73.4702685714,71.9404108571,72.8393072857,977542.857143,0.355963333333
1965-08-31,79.4943021364,80.2273055,78.9658875455,79.6874592727,1047472.72727,0.387939318182
1965-09-30,92.3392188571,94.3511717143,91.2737796667,93.0594535238,1956180.95238,0.457702904762
1965-10-31,107.285715714,109.404761667,106.273793381,108.12499119,1587390.47619,0.531801095238
1965-11-30,125.763210684,127.677571053,124.552686947,126.421036789,1982736.84211,0.626858736842
1965-12-31,134.795413727,136.028418727,133.176123045,134.397666545,1282163.63636,0.666410863636
1966-01-31,146.83129125,149.8811852,145.95630905,148.06254325,1579620.0,0.7341682
1966-02-28,164.822424,167.315761316,162.440799579,164.532965842,2709600.0,0.817744052632
1966-03-31,151.0738175,153.687448955,148.386292955,150.238642545,2524709.09091,0.747182
1966-04-30,165.08745695,167.7812019,162.33745635,164.6500271,3079740.0,0.81909705
1966-05-31,112.1875109,113.6812928,109.4312835,110.84999295,2278320.0,0.68563275
1966-06-30,70.7045636818,72.1477353182,69.6192923636,70.8693348636,1751281.81818,0.707122136364
1966-07-31,69.3062581,70.1874969,68.03125205,68.7750142,1574780.0,0.68622535
1966-08-31,59.3238661818,60.4545475909,58.329568,59.0511261364,1129390.90909,0.592516681818
1966-09-30,56.285714,57.3274029524,55.3095484762,56.1904667143,1097914.28571,0.56690647619
1966-10-31,48.4702559524,49.7143290952,47.196429,48.3571737143,1942866.66667,0.487876285714
1966-11-30,60.00002645,61.26250215,59.08753135,60.6062806,1698130.0,0.61440655
1966-12-31,64.023775,65.1726147143,63.1428274286,64.1011582857,1207152.38095,0.650365761905
1967-01-31,68.7202411429,69.8571333333,67.8749769524,68.8869418095,1699304.7619,0.698922
1967-02-28,69.8403083889,71.0208001667,69.0763946111,70.0694376667,810955.555556,0.713637111111
1967-03-31,81.1647614091,82.1875012273,80.4602131364,81.4034262273,1074627.27273,0.8294695
1967-04-30,86.88123245,88.21873605,86.15624265,87.3624936,1197480.0,0.89018595
1967-05-31,96.3352237727,97.3409129545,95.2272400909,96.0909121364,748209.090909,0.981397045455
1967-06-30,102.784057,103.909077682,101.965906682,103.249968091,958509.090909,1.05542
1967-07-31,100.888132632,102.282888368,99.9670653158,100.967124158,1346536.84211,1.03208478947
1967-08-31,101.576073957,102.782581783,100.032628174,101.21196987,1131017.3913,1.03651330435
1967-09-30,92.22501555,93.0625002,90.6312692,91.7625101,1379140.0,0.94058515
1967-10-31,84.2142830476,85.2976142381,83.1666491429,83.916665619,1212561.90476,0.86016352381
1967-11-30,86.6375044,87.9437655,85.6562397,86.91873125,1038850.0,0.89373825
1967-12-31,89.8815916842,90.5921422105,89.2434122105,89.8881460526,537536.842105,0.924589578947
1968-01-31,81.7045114545,82.4375016818,80.4942891364,81.1192682273,875754.545455,0.834392818182
1968-02-29,76.4474014737,77.2763181053,75.7039637895,76.4013425263,527894.736842,0.788583947368
1968-03-31,73.1249876,73.84376665,72.2249606,72.87500215,553540.0,0.7524969
1968-04-30,71.0937357,72.4062088,70.4125156,71.4062333,1451540.0,0.7373306
1968-05-31,74.6250101364,75.2556637727,73.6818381818,74.3238695455,1024881.81818,0.770093227273
1968-06-30,68.5546859375,69.2656498125,67.5156331875,68.20309525,1225487.5,0.7069325
1968-07-31,64.9779319412,65.7499931176,64.2646914118,64.8087965882,971423.529412,0.671750117647
1968-08-31,57.1389362778,57.8819252222,56.3333907222,56.9167091667,1475733.33333,0.592651777778
1968-09-30,55.742206875,56.3202808125,55.14845175,55.8125059375,1757800.0,0.581498625
1968-10-31,58.5625101111,59.3958487778,57.8194536667,58.3125070556,2017666.66667,0.607716944444
1968-11-30,55.5293951765,56.2132618824,55.1102918824,55.7573506471,1610764.70588,0.584082058824
1968-12-31,57.6319048889,58.1944162222,56.8263936111,57.4860879444,1165577.77778,0.602191444444
1969-01-31,56.9147553182,57.6079269545,56.4602080909,56.9431834545,656818.181818,0.570077636364
1969-02-28,57.4791863889,57.8888944444,56.8402821667,57.1319495,1129033.33333,0.601541444444
1969-03-31,49.8703278,50.32505715,49.33124765,49.78283285,835320.0,0.5241628
1969-04-30,49.3095311905,49.6666687619,48.8571311429,49.1607081905,573152.380952,0.49348347619
1969-05-31,45.3928339524,45.6845211429,44.9583124762,45.2142720952,851580.952381,0.479061
1969-06-30,42.7937581,43.23750655,42.33125305,42.67500705,1062560.0,0.4522996
1969-07-31,37.4940318095,37.8631178095,36.6309624286,37.0892777143,1234923.80952,0.393098095238
1969-08-31,32.2976652381,32.9167076667,31.8333180952,32.4226364286,1112876.19048,0.343637809524
1969-09-30,34.58126935,34.9625211,33.8312193,34.3312525,1149850.0,0.3638667
1969-10-31,32.6141526087,33.1032293913,32.1739402609,32.6087247391,1508869.56522,0.345898652174
1969-11-30,32.131586,32.4999870526,31.7171432632,32.0921146842,966252.631579,0.343514789474
1969-12-31,29.2499821429,29.7202452381,28.8571467143,29.1071328571,957323.809524,0.31156347619
1970-01-31,27.857187381,28.291665381,27.1964444286,27.6131024762,1098190.47619,0.295571142857
1970-02-28,22.3816110526,22.9473694211,21.822391,22.4145121053,2615568.42105,0.239925473684
1970-03-31,23.1071302381,23.4821315238,22.6785533333,22.976185,757352.380952,0.245937619048
1970-04-30,21.5178670476,21.946443619,21.0238103333,21.3869363333,1069847.61905,0.228926285714
1970-05-31,18.93456,19.2738343333,18.4821460952,18.839312619,950342.857143,0.202681904762
1970-06-30,15.4431608182,15.7045377273,14.9374998182,15.1874861364,1189736.36364,0.163393818182
1970-07-31,13.6250099524,13.9940660952,13.3511722857,13.6666815238,957047.619048,0.147084095238
1970-08-31,13.3333232857,13.6250244286,13.1845290952,13.4047624286,1194104.7619,0.145290047619
1970-09-30,17.3928841905,17.7440771429,17.1072147143,17.4285817143,1039857.14286,0.188903190476
1970-10-31,15.9345225714,16.1368924286,15.5773703333,15.8035918095,661342.857143,0.17139147619
1970-11-30,13.96873355,14.2812619,13.81874175,13.9499921,694160.0,0.1522224
1970-12-31,14.3522978182,14.6648014091,14.1022841818,14.3863868182,1159772.72727,0.156984227273
1971-01-31,17.3437452,17.8187645,17.1812389,17.5625061,1717900.0,0.19169805
1971-02-28,21.8611065556,22.4583296667,21.3958629444,21.8749778889,1830466.66667,0.239953666667
1971-03-31,22.0651923913,22.4129992174,21.6195646957,22.0706468261,1560582.6087,0.242100043478
1971-04-30,22.3214159048,22.7023474286,22.041676619,22.4345120952,1274523.80952,0.246142190476
1971-05-31,23.5328872632,23.9210481053,23.1842144211,23.5328711579,1255105.26316,0.259213368421
1971-06-30,21.2329396818,21.5170840909,20.8579327273,21.1420356364,964927.272727,0.232878363636
1971-07-31,18.2202268571,18.452407381,17.8690631905,18.0356769048,802790.47619,0.198714047619
1971-08-31,16.1647604091,16.4317982273,15.9715617273,16.1533973182,643154.545455,0.179021363636
1971-09-30,15.50627055,15.6812306,15.29378225,15.47501455,743830.0,0.17150315
1971-10-31,16.2619070476,16.5416755714,15.9940284286,16.2678517619,690466.666667,0.180396190476
1971-11-30,14.7976440952,15.0357262857,14.589300619,14.7857544762,1040019.04762,0.16493647619
1971-12-31,17.9821157619,18.3988174286,17.7083069524,18.1428284286,1337542.85714,0.202384952381
1972-01-31,23.1369123333,23.7857225714,22.7261843333,23.4285557143,2773542.85714,0.26134752381
1972-02-29,25.2687954,25.56255205,24.9062696,25.25003875,1192830.0,0.2826401
1972-03-31,23.2916510952,23.6190505238,22.8452398095,23.2321450476,889647.619048,0.260207285714
1972-04-30,23.7375005,24.06254345,23.33750735,23.68750325,1605070.0,0.2653655
1972-05-31,21.6477242273,21.9999912273,21.3522994091,21.5852622727,787090.909091,0.242884
1972-06-30,21.4772791364,21.6363751818,21.2897547727,21.3863611818,506727.272727,0.240645954545
1972-07-31,22.1447334737,22.4539353158,21.8618625789,22.1381471579,633126.315789,0.249105421053
1972-08-31,22.5271828696,22.8206446087,22.2608997826,22.6250035652,617730.434783,0.255594826087
1972-09-30,22.41878525,22.64377275,22.1000453,22.4375265,455870.0,0.2536197
1972-10-31,22.1022997273,22.3579883636,21.829546,22.0454568182,453263.636364,0.249187954545
1972-11-30,23.3289114737,23.6644752105,23.0394696316,23.4539285263,1910894.73684,0.266265421053
1972-12-31,25.4276476842,25.7500544737,25.2039276842,25.4210932105,1307410.52632,0.288662789474
1973-01-31,24.8095188095,25.1071213333,24.416683381,24.696422619,985885.714286,0.280433857143
1973-02-28,22.7569499444,23.0555700556,22.4583637778,22.5902755556,615022.222222,0.257574333333
1973-03-31,21.4375012727,21.6136348636,21.1079602727,21.3806722727,688227.272727,0.243842181818
1973-04-30,19.4312519,19.5812589,19.04375785,19.3000015,788120.0,0.22011265
1973-05-31,19.0340796364,19.4147611818,18.5852060909,19.1306859545,618363.636364,0.219142545455
1973-06-30,17.3625172,17.5750206,16.9625392,17.26252265,1015650.0,0.1978768
1973-07-31,18.4940356667,18.7678445714,18.2618838571,18.5892685714,723228.571429,0.213085
1973-08-31,18.0543190435,18.2065108696,17.793424087,17.9510573043,616695.652174,0.206743347826
1973-09-30,18.2697631053,18.6118655789,17.9145033684,18.4276653684,930021.052632,0.212335
1973-10-31,19.1704908182,19.4659017273,18.8636620909,19.1818260455,811163.636364,0.221024863636
1973-11-30,17.1487703333,17.3869104286,16.5714285238,16.9761680952,1244685.71429,0.196637380952
1973-12-31,13.08750925,13.36249405,12.7312711,13.0062561,1116500.0,0.15065315
1974-01-31,12.7321874286,13.0178572381,12.5238293333,12.8274202857,956180.952381,0.148581857143
1974-02-28,13.7302832105,14.0065677895,13.5394643158,13.8092103684,686873.684211,0.161656105263
1974-03-31,14.8155072857,14.9643014762,14.5297800476,14.7559867143,378676.190476,0.172739761905
1974-04-30,14.5536171429,14.779780619,14.3690818571,14.5774252857,340228.571429,0.170649285714
1974-05-31,16.5119222381,16.8333476667,16.2499886667,16.642867381,717895.238095,0.196149809524
1974-06-30,17.7249664,17.95625735,17.5687786,17.76247965,552360.0,0.2098728
1974-07-31,16.6931889545,17.0170552727,16.3920620455,16.6761373182,802481.818182,0.197353045455
1974-08-31,18.3987880476,18.7678590952,18.1011857143,18.3749797143,1316085.71429,0.21898752381
1974-09-30,17.4000304,17.74372305,17.05004975,17.36877455,813390.0,0.20699585
1974-10-31,16.6956583913,17.0706441304,16.3369561304,16.7445751304,803234.782609,0.199556913043
1974-11-30,18.59999475,18.9625052,18.26248275,18.68749,904370.0,0.2255941
1974-12-31,16.2999694,16.4875046,15.97495675,16.20623215,655040.0,0.19626145
1975-01-31,16.3522845,16.6591273182,16.062452,16.4147741818,604645.454545,0.198787045455
1975-02-28,17.2631991579,17.5723848947,17.0526849474,17.3289851579,694052.631579,0.211983105263
1975-03-31,20.5625082,21.11876555,20.21875445,20.66250255,1566060.0,0.2532267
1975-04-30,22.2556796818,22.8068064545,21.8863749091,22.4659161364,1546709.09091,0.275328727273
1975-05-31,27.8928708571,28.4107064762,27.4524045714,28.0833221905,2212809.52381,0.346006714286
1975-06-30,30.0874856,30.55000545,29.6875227,30.11249935,2040000.0,0.37175495
1975-07-31,29.2670165909,29.6022597273,28.7727187727,29.1761125,991672.727273,0.360194772727
1975-08-31,25.761919619,26.1845228095,25.3630957619,25.8214839048,1171828.57143,0.320688619048
1975-09-30,26.25628665,26.63752325,25.7750098,26.1312784,762190.0,0.32514065
1975-10-31,28.1522101739,28.5869558696,27.8043636522,28.1576247826,678556.521739,0.350353608696
1975-11-30,24.934182,25.1644566842,24.460508,24.7565202105,1168652.63158,0.311834210526
1975-12-31,23.7272516818,24.0170154091,23.4886561364,23.7443031818,867590.909091,0.299842272727
1976-01-31,27.21877955,27.66875435,26.91250835,27.36877115,1344870.0,0.345612
1976-02-29,26.9473893684,27.3158062105,26.4539553158,26.9079177895,2148989.47368,0.342225368421
1976-03-31,26.5380434348,26.9075746957,26.2608515217,26.5760648261,968547.826087,0.338666347826
1976-04-30,27.71873655,28.1750148,27.51247515,27.8750009,1663750.0,0.35521895
1976-05-31,34.0125426,34.649993,33.62500375,34.26252865,4326040.0,0.4395139
1976-06-30,36.5852378182,37.0852239091,36.3352656818,36.7727480909,1479054.54545,0.472384545455
1976-07-31,40.0312579,40.2937587,39.57497995,39.968731,1654730.0,0.51344025
1976-08-31,41.4659482273,41.8352666364,41.017047,41.4886879545,2055118.18182,0.535548227273
1976-09-30,42.9464173333,43.4107351905,42.696416381,43.1904440952,1226485.71429,0.558119047619
1976-10-31,42.4125067,42.6750224,41.73125555,42.13747605,1535850.0,0.54451225
1976-11-30,42.5125004,43.10627095,42.04372295,42.7249887,1698860.0,0.5574701
1976-12-31,44.4715542273,44.7556711364,44.1363519545,44.4602052727,1492881.81818,0.581111727273
1977-01-31,41.4749818,41.7875561,40.81247265,41.1874979,1704520.0,0.5383362
1977-02-28,40.5921586842,41.0263294737,40.3552658947,40.7632178947,1602831.57895,0.535309157895
1977-03-31,43.7282457391,44.0760792174,43.4619098696,43.8151843478,1453243.47826,0.577719130435
1977-04-30,44.6184453684,45.1842193684,44.3552858947,44.7960749474,1685410.52632,0.590652578947
1977-05-31,51.7738549524,52.3333478571,51.3631122857,51.9167187143,2273904.7619,0.688279904762
1977-06-30,56.0795537273,56.8977316818,55.7840738636,56.3693171818,2023145.45455,0.748249136364
1977-07-31,57.3157697368,57.5855165263,56.9078655263,57.2762661579,1890336.84211,0.760256578947
1977-08-31,57.5978277826,58.1086958696,56.9837248261,57.4945530435,1671800.0,0.768467565217
1977-09-30,36.2380837619,36.4821685714,35.7797536667,36.1190426667,1159314.28571,0.722515952381
1977-10-31,25.3374731,25.63746415,25.099986,25.4124766,970480.0,0.68033405
1977-11-30,27.3392716667,27.7321288571,26.9642707619,27.4285598095,1084142.85714,0.739250714286
1977-12-31,28.0356982381,28.3392747619,27.8273691905,28.01189,934895.238095,0.757276190476
1978-01-31,26.1812376,26.4249893,25.86249015,26.13125555,1405500.0,0.70643515
1978-02-28,29.3289729474,29.8355396316,28.9868545263,29.5394957895,2280094.73684,0.798573842105
1978-03-31,33.6761202273,34.0681787727,33.3749869091,33.7670383182,1756109.09091,0.912861636364
1978-04-30,36.8947377368,37.5394866842,36.6249999474,37.1907981579,2520736.84211,1.00541994737
1978-05-31,47.2727301818,48.3579595455,46.6250032273,47.6647746364,3422336.36364,1.29539672727
1978-06-30,51.4106926667,52.0297498571,50.8630821905,51.4583162381,1954076.19048,1.40001719048
1978-07-31,57.52501085,58.5437578,56.968768,58.0124993,2613440.0,1.5783355
1978-08-31,70.1902263478,71.6956641739,69.1956433043,70.3424112609,3912695.65217,1.91905656522
1978-09-30,68.5394851053,69.3486987895,67.1447442105,68.256582,2876673.68421,1.86490926316
1978-10-31,63.1193262727,64.1363498182,61.8124968182,62.8863706818,2912518.18182,1.71818413636
1978-11-30,62.6547509524,64.0654750952,61.7380765238,63.0059440952,4008200.0,1.72145119048
1978-12-31,71.5394797895,72.7105233684,70.5921154211,71.7368454211,3701905.26316,1.95999726316
1979-01-31,76.1022625455,77.0284041364,75.1306850455,76.2897586818,3431290.90909,2.08439204545
1979-02-28,69.9539604211,70.4276351053,68.5197572105,69.3552771053,3844410.52632,1.90014484211
1979-03-31,65.8181934091,66.6818239091,64.9602306364,65.8181867727,2405418.18182,1.80775140909
1979-04-30,53.02499705,53.64373565,52.42501265,52.99374375,1545820.0,1.7756659
1979-05-31,39.934518381,40.4642827143,39.517855381,39.7440479524,1728600.0,1.64326519048
1979-06-30,41.7678575238,42.3154752857,41.3809481905,41.7619125714,1335761.90476,1.73156728571
1979-07-31,41.005965619,41.505957381,40.6785809524,41.154769381,990066.666667,1.70639328571
1979-08-31,46.1420504091,46.9261440909,45.6534134545,46.3977340909,1831254.54545,1.93097209091
1979-09-30,48.210523,48.8815813158,47.6381566316,48.2631571053,1972736.84211,2.01194352632
1979-10-31,45.0163048696,45.5706616087,44.3369615652,44.798916913,1958356.52174,1.86752986957
1979-11-30,44.031246,44.73125285,43.36874685,44.18750035,1747590.0,1.84204185
1979-12-31,48.78125785,49.3874975,48.4124946,49.0187547,1924520.0,2.0434421
1980-01-31,60.1488016667,61.3809566667,59.3571419048,60.5654690952,4416495.2381,2.52478942857
1980-02-29,63.69374775,64.40624355,62.4937477,63.4625079,2893590.0,2.6586171
1980-03-31,57.2321511905,58.2499978095,55.7559597143,56.8988120952,3295809.52381,2.38785519048
1980-04-30,44.06249955,44.88125165,43.4812551,44.18125095,2065580.0,2.308824
1980-05-31,33.940469,34.4285748571,33.19047,33.851179381,2063047.61905,2.14486261905
1980-06-30,35.6071399524,36.0833267143,35.095243,35.660715619,1703276.19048,2.26551528571
1980-07-31,38.2857139524,38.7857121905,37.8214295714,38.4226232381,2292342.85714,2.44097842857
1980-08-31,38.1011949524,38.571428619,37.6309580952,38.1011917143,2428780.95238,2.43558542857
1980-09-30,39.2857137143,39.8392842857,38.6428660476,39.3273772857,1651819.04762,2.51874033333
1980-10-31,37.7840916364,38.4545442273,37.1931778636,37.6874989091,3447390.90909,2.41371372727
1980-11-30,38.5416676667,39.1319321111,37.9861163333,38.5694439444,3730955.55556,2.49894622222
1980-12-31,39.1590910455,39.7386431818,38.8295469545,39.3636344545,1956290.90909,2.55401577273
1981-01-31,41.38750735,41.82500475,40.7187472,41.2187573,1816350.0,2.67438115
1981-02-28,36.1973654737,36.4868408947,35.5986867895,35.9868434737,2096968.42105,2.35129821053
1981-03-31,34.9261449091,35.3693245909,34.4716001818,34.954547,1891154.54545,2.28847963636
1981-04-30,34.6785784286,34.970239619,34.327385619,34.6250092381,1224295.2381,2.26293938095
1981-05-31,32.56874985,32.80624495,32.2062551,32.5437475,1294350.0,2.14771025
1981-06-30,31.2215879091,31.5625061818,30.8068156364,31.1249955,1349445.45455,2.05968545455
1981-07-31,29.1249962381,29.309525381,28.7797630952,29.0238072857,1263514.28571,1.92064004762
1981-08-31,26.5357255714,26.7500022857,26.0654787143,26.3571593333,1636371.42857,1.76174119048
1981-09-30,24.3333321429,24.8154783333,23.880950381,24.3928574762,1349571.42857,1.6345287619
1981-10-31,25.4545444545,25.8977282727,25.0909066818,25.5454515909,1310990.90909,1.70798613636
1981-11-30,23.9062524,24.15625205,23.5249953,23.75625385,1990080.0,1.61030665
1981-12-31,23.1193177273,23.4488619545,22.801135,23.1249968636,1644463.63636,1.5710285
1982-01-31,21.5197320526,21.8223662105,21.1973697368,21.4605203684,1046210.52632,1.45795005263
1982-02-28,19.8486912105,20.0592202105,19.4802656316,19.7302714211,1968315.78947,1.35854557895
1982-03-31,18.3858701304,18.603267087,18.1630438696,18.3532588696,997869.565217,1.26851069565
1982-04-30,18.7812507,19.14999635,18.5187567,18.8750015,1620790.0,1.3045717
1982-05-31,19.0812407,19.3125028,18.7874839,19.04374795,1282540.0,1.3332672
1982-06-30,16.0227326364,16.0965961364,15.7897779091,15.9715983182,1218281.81818,1.12319227273
1982-07-31,16.5952480476,16.8035753333,16.3869075714,16.5773894286,1386161.90476,1.16579409524
1982-08-31,19.0178515238,19.6428567619,18.785709381,19.3630981905,2741495.2381,1.38520728571
1982-09-30,23.1726181429,23.6071447619,22.7023779048,23.083328381,2142980.95238,1.6569377619
1982-10-31,24.1190552381,24.738094381,23.7738118571,24.3214361905,3273542.85714,1.74581009524
1982-11-30,29.0119082857,29.7440420476,28.4345290952,29.2440537143,3445676.19048,2.12098319048
1982-12-31,33.1988591818,33.880686,32.755685,33.2443145455,2239163.63636,2.41507522727
1983-01-31,35.00000235,35.53750845,34.50625665,35.13125265,2233300.0,2.5521542
1983-02-28,36.5131516842,36.8881566842,36.0921083158,36.5065758421,1937673.68421,2.67154784211
1983-03-31,38.0162996087,38.5163106087,37.6521747391,38.152174087,2069008.69565,2.79737726087
1983-04-30,40.519735,40.7500022632,39.9342115263,40.513159,2222905.26316,2.97048836842
1983-05-31,37.9166789048,38.2857206667,37.4523814762,38.0119149524,2421800.0,2.80621847619
1983-06-30,44.9545457727,45.6818185909,44.4886332273,45.1193194545,2291363.63636,3.33807945455
1983-07-31,44.9736869474,45.4144761053,44.2302595789,44.8947331053,2264894.73684,3.32146384211
1983-08-31,39.4782674783,39.8423976087,38.8206526957,39.3532663913,2121365.21739,2.9305493913
1983-09-30,41.1011904762,41.6369028095,40.6250035714,41.1369046667,2230476.19048,3.06933209524
1983-10-31,39.41250115,39.8562524,38.9562515,39.34999945,1896820.0,2.93600645
1983-11-30,41.2797631429,41.9404755714,40.9821394286,41.6071480476,2890866.66667,3.1293352381
1983-12-31,45.4047657143,45.7083286667,44.910716381,45.2976208571,1779171.42857,3.40960704762
1984-01-31,46.9999932,47.59374705,46.4999936,47.0749961,2913790.0,3.54339225
1984-02-29,42.77499615,43.2687556,42.0562492,42.6562466,2344970.0,3.2334642
1984-03-31,39.4715977727,39.8579649091,38.8806844091,39.3295466818,1997318.18182,2.98503690909
1984-04-30,37.9125023,38.3062503,37.51250405,37.86249815,1208360.0,2.83043315
1984-05-31,38.3920549545,38.8295435909,37.9943204091,38.4715975,2282763.63636,2.94191372727
1984-06-30,41.99375825,42.59999915,41.5937532,42.193754,2827930.0,3.23190055
1984-07-31,44.6011907619,45.1845220476,44.1309504762,44.8154740476,3070485.71429,3.43271561905
1984-08-31,51.739128087,52.5489021739,51.1956446087,52.0108686087,3423330.43478,4.00761213043
1984-09-30,54.3125028889,54.9236097778,53.7430611667,54.3750035556,3096522.22222,4.19330288889
1984-10-31,54.9130398261,55.7499956087,54.4565226957,55.0869523478,2370460.86957,4.24820721739
1984-11-30,56.6190391429,57.0416597143,56.0297577619,56.4761834762,2409228.57143,4.38009457143
1984-12-31,54.6184133158,55.1381564737,54.1513203684,54.7368372632,2009105.26316,4.24645021053
1985-01-31,58.1590864545,58.9602252273,57.5340943636,58.3693182273,4072763.63636,4.52825577273
1985-02-28,63.9407894211,64.5986793684,63.4144735789,64.0855236316,2729357.89474,4.99658
1985-03-31,63.1624978,63.7374994,62.43750035,63.02500345,1899800.0,4.91670085
1985-04-30,61.3273857143,61.726191,60.589283,61.1726274286,2114409.52381,4.77219352381
1985-05-31,61.6193267273,62.3181846364,61.1704575,61.801141,2944918.18182,4.84057413636
1985-06-30,50.043752,50.4750017,49.52499855,50.06250325,2044790.0,5.22503665
1985-07-31,47.2159082727,47.8011397727,46.7556809545,47.3465866818,1830772.72727,5.56630872727
1985-08-31,48.5059502857,48.9047634762,47.9107115714,48.482139,1834380.95238,5.72656357143
1985-09-30,46.9407908947,47.348685,46.3552649474,46.7565775263,1771305.26316,5.52716863158
1985-10-31,45.2608650435,45.8532585217,44.690222,45.2282594348,1987408.69565,5.34650369565
1985-11-30,47.269736,47.8947336842,46.8355281579,47.4078953684,2319294.73684,5.63574215789
1985-12-31,50.6309589524,51.2261891429,50.1666687143,50.7023867619,2335647.61905,6.02919104762
1986-01-31,49.1988640909,49.8124986364,48.3750001818,49.0000007727,3515072.72727,5.82675472727
1986-02-28,49.4999973333,50.1527771667,48.9375023333,49.6736097222,3592466.66667,5.94191661111
1986-03-31,54.48125225,55.18750065,53.93750625,54.58125115,2259740.0,6.53115605
1986-04-30,56.8522761818,57.3863625455,56.1761444091,56.7954575909,1865209.09091,6.79610645455
1986-05-31,56.600001,57.12500025,56.1062571,56.6937496,1772230.0,6.8144421
1986-06-30,60.9107104286,61.547614619,60.4345221905,61.1249981429,1985714.28571,7.35279257143
1986-07-31,60.9829526818,61.4318155455,60.2102311364,60.846586,1902709.09091,7.319302
1986-08-31,60.02500255,60.54999995,59.58125095,60.00000285,1836920.0,7.25021485
1986-09-30,56.7738084762,57.2321421429,55.797617619,56.4880971429,1957561.90476,6.82923328571
1986-10-31,53.880437087,54.5163063043,53.4293434783,53.8369612609,2191556.52174,6.50871943478
1986-11-30,50.9722201111,51.5624998333,50.3680551111,50.9027726111,2984788.88889,6.1878145
1986-12-31,52.3125002273,52.7272731818,51.8181809545,52.2613619091,2520645.45455,6.35507754545
1987-01-31,51.392860381,52.0059495714,50.7678553333,51.3273831905,5238266.66667,6.241504
1987-02-28,51.3541671111,51.8402771667,51.0138897778,51.5625023333,3623088.88889,6.30953966667
1987-03-31,52.4374981364,52.8579554091,51.8693136818,52.3977259091,2876945.45455,6.41657663636
1987-04-30,49.8273832857,50.119049381,49.0535739048,49.4940470952,3299790.47619,6.06099490476
1987-05-31,44.5723671053,45.1184183158,44.1776318421,44.6776316842,2999136.84211,5.51155752632
1987-06-30,46.8863648182,47.272729,46.5454517727,46.9375031364,1965636.36364,5.79273009091
1987-07-31,48.4261407273,48.8295448636,47.9090928636,48.4886395,3698845.45455,5.9841615
1987-08-31,52.19375205,52.5687523,51.73750085,52.16875,3688390.0,6.47937495
1987-09-30,50.7142864762,51.1547635238,50.226190619,50.6130984762,1612066.66667,6.28827209524
1987-10-31,44.6874994091,45.2556837273,43.3352285455,44.2784062727,3322500.0,5.50123722727
1987-11-30,36.2368444211,36.5921023684,35.5592086842,36.0855262632,2296368.42105,4.52216052632
1987-12-31,36.6818170909,37.2500016364,36.2045434545,36.7897722727,2212100.0,4.61276990909
1988-01-31,41.9605245789,42.697369,41.4210526316,42.2368408947,2464273.68421,5.29573336842
1988-02-29,46.89375275,47.37500285,46.3625053,46.97500005,2461760.0,5.9258993
1988-03-31,47.4836987391,47.8423935217,47.000002913,47.4836948261,2128921.73913,5.99899278261
1988-04-30,46.4078936316,46.8618421053,45.835527,46.4144732105,1493810.52632,5.86390968421
1988-05-31,50.1547653333,50.7440465714,49.8095270952,50.4702393333,3265676.19048,6.4166742381
1988-06-30,56.0284080455,56.5227288182,55.5795473182,56.1647723636,3404372.72727,7.15414390909
1988-07-31,58.6973702105,59.0921031579,58.2302673158,58.7697394211,2350726.31579,7.48595878947
1988-08-31,59.793477913,60.3043493043,59.1467441739,59.7445649565,2583513.04348,7.61012991304
1988-09-30,60.9523847143,61.5595264286,60.5654741905,61.1964303333,2201980.95238,7.79506533333
1988-10-31,65.28125005,65.6687498,64.80624815,65.2812524,2314590.0,8.31538085
1988-11-30,62.6964237619,63.0416639048,62.095236619,62.601188,1779847.61905,8.01610304762
1988-12-31,61.3749963333,61.7857178571,60.8571429048,61.2976154762,2051504.7619,7.85630104762
1989-01-31,60.737499,61.3562487,60.31250325,60.93124685,3227140.0,7.8093449
1989-02-28,62.7499969474,62.973682,62.2105253158,62.6644756316,2455852.63158,8.07414831579
1989-03-31,65.8124960455,66.5056879091,65.4431812727,66.1420470455,2532045.45455,8.53082781818
1989-04-30,71.2302635789,71.8947396316,70.9407906316,71.5197343158,2594873.68421,9.22442784211
1989-05-31,78.6590923636,79.3465911818,78.0511395455,78.8750040909,3187127.27273,10.2198064091
1989-06-30,59.8154745714,60.1488092381,58.8214268571,59.4761889524,2615590.47619,9.90034366667
1989-07-31,50.7062505,51.306252,50.3562525,50.912499,1925290.0,9.90802785
1989-08-31,52.9239104348,53.4402169565,52.3532595652,52.9728247826,2199930.43478,10.3457603913
1989-09-30,56.5328921053,57.1907889474,56.05263,56.69079,1990536.84211,11.0962454737
1989-10-31,58.0056818182,58.7897740909,57.0113618182,57.9488618182,2554509.09091,11.3424914091
1989-11-30,56.8690471429,57.4464314286,56.4345242857,57.0595228571,1823857.14286,11.206308
1989-12-31,59.1118436842,59.6710515789,58.5,59.0263152632,1487273.68421,11.6156114211
1990-01-31,60.2215922727,60.8238640909,59.4034104545,60.2727286364,2280700.0,11.8608894545
1990-02-28,61.94079,62.6644736842,61.4342068421,62.2105294737,1954357.89474,12.2794387895
1990-03-31,68.7976214286,69.7619057143,68.2380914286,69.14881,2583990.47619,13.673349619
1990-04-30,71.618751,72.1187505,70.962501,71.5062525,1908150.0,14.1395056
1990-05-31,76.75,77.6071428571,76.3214314286,77.2202371429,2459533.33333,15.3128022857
1990-06-30,66.1071428571,66.732142381,65.2023790476,66.1130952381,2748190.47619,17.3022833333
1990-07-31,59.3392857143,59.9464285714,58.494047619,59.3511904762,2127609.52381,17.6890257619
1990-08-31,50.7045454545,51.3977272727,49.5909090909,50.4375,4129363.63636,15.0760425
1990-09-30,45.1052631579,45.5526315789,44.1447368421,44.8684210526,2756221.05263,13.4356593158
1990-10-31,45.222826087,46.1086956522,44.5163043478,45.3369565217,2583286.95652,13.5759602609
1990-11-30,44.9166666667,45.494047619,44.2857142857,44.9345238095,2581828.57143,13.4647836667
1990-12-31,45.475,45.96875,45.06875,45.53125,1714120.0,13.71160795
1991-01-31,46.1988636364,46.9943181818,45.5625,46.4488636364,2246272.72727,13.9879449091
1991-02-28,49.0789473684,49.8552631579,48.3092105263,49.0921052632,5540231.57895,14.8315756316
1991-03-31,48.3026315789,48.7894736842,47.8684210526,48.2763157895,2675452.63158,14.6081726842
1991-04-30,47.2613636364,47.8295454545,46.6704545455,47.2272727273,3197590.90909,14.2907375909
1991-05-31,46.6306818182,47.3806818182,46.2386363636,46.7727272727,2288009.09091,14.2013526818
1991-06-30,47.7105263158,47.9736842105,47.1513157895,47.5723684211,2121242.10526,14.4721408421
1991-07-31,44.875,45.3409090909,44.4659090909,44.8693181818,1964463.63636,13.6498373636
1991-08-31,47.1363636364,47.6875,46.8238636364,47.2386363636,2078572.72727,14.4243617727
1991-09-30,50.2171052632,50.6644736842,49.7631578947,50.2697368421,2514463.15789,15.3756026316
1991-10-31,49.2554347826,49.6358695652,48.7663043478,49.2173913043,1482156.52174,15.0537300435
1991-11-30,47.13125,47.5125,46.525,46.9375,2200340.0,14.41022545
1991-12-31,43.755952381,44.5714285714,43.3035714286,43.880952381,2487123.80952,13.4898190952
1992-01-31,50.5357142857,51.3333333333,49.9583333333,50.6428571429,2890552.38095,15.5685540476
1992-02-29,47.7236842105,48.0921052632,47.0723684211,47.4671052632,2944431.57895,14.6455815263
1992-03-31,45.1193181818,45.5681818182,44.7443181818,45.0,2022100.0,13.9038809091
1992-04-30,45.2375,45.725,44.81875,45.2625,2027840.0,13.9849869
1992-05-31,43.76875,44.1625,43.46875,43.74375,1915530.0,13.56973575
1992-06-30,42.8806818182,43.2613636364,42.3465909091,42.7045454545,1976436.36364,13.2698257727
1992-07-31,40.0119047619,40.4345238095,39.5357142857,40.0178571429,2529752.38095,12.4349757619
1992-08-31,39.1964285714,39.4166666667,38.869047619,39.0892857143,1699447.61905,12.2037042857
1992-09-30,36.3452380952,36.7142857143,35.9642857143,36.3273809524,2390466.66667,11.3587645238
1992-10-31,36.6420454545,36.9090909091,36.2272727273,36.6363636364,1837736.36364,11.4553765909
1992-11-30,35.3,35.6,34.86875,35.2625,2509880.0,11.08644845
1992-12-31,35.9772727273,36.5227272727,35.7897727273,36.1875,2948990.90909,11.3936032273
1993-01-31,37.64375,37.84375,37.08125,37.5,3062860.0,11.8068427
1993-02-28,34.8541666667,35.2152777778,34.4722222222,34.8055555556,2261977.77778,11.0139252222
1993-03-31,34.7717391304,35.1847826087,34.4347826087,34.7934782609,2143634.78261,11.0321145652
1993-04-30,36.6964285714,37.1488095238,36.3273809524,36.8273809524,1934476.19048,11.6770127619
1993-05-31,39.46875,39.8875,39.1875,39.55,2033080.0,12.6013601
1993-06-30,38.7678571429,39.0357142857,38.3869047619,38.6428571429,1292685.71429,12.3317025714
1993-07-31,37.6071428571,38.0773809524,37.4523809524,37.7083333333,1191400.0,12.0334773333
1993-08-31,38.8863636364,39.1420454545,38.5852272727,38.9090909091,1207418.18182,12.4788981364
1993-09-30,39.675,39.91875,39.3875,39.61875,1464430.0,12.7249622
1993-10-31,37.8333333333,38.1547619048,37.5,37.8154761905,1414057.14286,12.1457768095
1993-11-30,37.7142857143,38.1666666667,37.3630952381,37.7916666667,2141704.7619,12.2043677143
1993-12-31,41.5238095238,42.1130952381,41.1369047619,41.6845238095,2858609.52381,13.4786167143
1994-01-31,43.4702380952,43.8988095238,43.1547619048,43.4761904762,2177809.52381,14.0579490476
1994-02-28,44.8421052632,45.375,44.4671052632,44.9407894737,2653073.68421,14.6002273684
1994-03-31,46.527173913,46.9130434783,45.9076086957,46.4184782609,1779713.04348,15.0981454783
1994-04-30,44.9444444444,45.3541666667,44.3680555556,44.8819444444,1601100.0,14.5983700556
1994-05-31,44.5892857143,44.9583333333,44.2678571429,44.6011904762,1410285.71429,14.5692678571
1994-06-30,47.9573863636,48.40625,47.4602272727,47.9659090909,1792581.81818,15.6893605909
1994-07-31,46.5435853158,46.8157894737,46.1356905789,46.4605263158,1193915.78947,15.1969587895
1994-08-31,45.027173913,45.375,44.7391304348,45.0760869565,1359408.69565,14.8084905217
1994-09-30,44.8869047619,45.1488095238,44.3988095238,44.7916666667,1505914.28571,14.732934
1994-10-31,43.7857142857,44.1607142857,43.5119047619,43.8154761905,1365685.71429,14.4118442381
1994-11-30,44.275,44.56875,44.04375,44.28125,1280590.0,14.6358942
1994-12-31,47.1130952381,47.505952381,46.8333333333,47.2023809524,1759647.61905,15.6145882381
1995-01-31,47.4345238095,47.8392857143,46.875,47.369047619,2050542.85714,15.6697217619
1995-02-28,46.5972222222,47.1666666667,46.3055555556,46.6319444444,2680922.22222,15.4953002778
1995-03-31,48.4347826087,49.0597826087,48.1630434783,48.6739130435,2467391.30435,16.188173
1995-04-30,54.5592105263,55.1381578947,54.0723684211,54.6447368421,2467178.94737,18.1739745789
1995-05-31,55.7678571429,56.4761904762,55.3333333333,55.9464285714,2194790.47619,18.6719855714
1995-06-30,62.8920454545,63.5113636364,62.3011363636,63.0227272727,2804018.18182,21.05629
1995-07-31,64.44375,65.15625,63.74375,64.60625,2653620.0,21.58535495
1995-08-31,64.8693181818,65.3125,64.2670454545,64.6818181818,1642000.0,21.669837
1995-09-30,68.9125,69.7125,68.31875,69.20625,2072840.0,23.2103273
1995-10-31,66.2556818182,66.7556818182,65.3863636364,66.1477272727,1901281.81818,22.1845628636
1995-11-30,71.5952380952,72.494047619,71.0476190476,71.9047619048,2428428.57143,24.1822062857
1995-12-31,75.20234415,76.20625,74.51875,75.38359415,2088940.0,25.37302185
1996-01-31,77.9375,78.8409090909,76.9545454545,77.8515628636,2531081.81818,26.2037043182
1996-02-29,81.0592105263,81.9605263158,80.3881578947,81.2565789474,2147073.68421,27.4178922105
1996-03-31,83.9047619048,84.9404761905,82.8095238095,84.2083333333,2652400.0,28.4320128095
1996-04-30,82.2142857143,82.8869047619,81.0654761905,82.005952381,2809152.38095,27.6884030952
1996-05-31,81.5119047619,82.4345238095,80.625,81.5119047619,2676247.61905,27.5773623333
1996-06-30,85.85,86.64375,85.075,85.91875,2228780.0,29.10921735
1996-07-31,87.9829545455,88.9715909091,86.6477272727,88.0688916818,2351472.72727,29.8376837727
1996-08-31,91.0,91.8522727273,90.4829545455,91.0056818182,1873600.0,30.8874874545
1996-09-30,92.0125,92.775,91.66875,92.16875,2191550.0,31.3238965
1996-10-31,96.8043478261,97.4836956522,96.2934782609,96.7989130435,1846556.52174,32.897474913
1996-11-30,94.5394736842,95.7171052632,94.125,94.7763157895,2548578.94737,32.2731855789
1996-12-31,99.9828865238,101.029761905,99.25,100.161457952,3081866.66667,34.1444502857
1997-01-31,106.946428571,108.023809524,106.005952381,107.095238095,3187809.52381,36.5081351429
1997-02-28,107.282894737,108.296052632,105.901315789,106.980263158,2515842.10526,36.5291697895
1997-03-31,104.61875,105.66875,103.3375,104.35625,3118630.0,35.6676543
1997-04-30,99.494047619,100.517857143,98.4523809524,99.6071428571,3928742.85714,34.0444691429
1997-05-31,100.107142857,101.369047619,99.2738095238,100.386904762,4160876.19048,34.3662887619
1997-06-30,67.9910714286,68.7857142857,67.3244047619,68.0535714286,3107152.38095,37.9160046667
1997-07-31,56.8238636364,57.6960227273,56.1136363636,57.0085227273,3786213.63636,37.4058295
1997-08-31,57.125,57.6279761905,56.3035714286,56.9404761905,2878138.09524,39.0908758095
1997-09-30,54.0982142857,54.7291666667,53.4702380952,54.0505952381,4165857.14286,37.1427158095
1997-10-31,51.5454545455,52.4005681818,50.5340909091,51.4481535909,8011295.45455,35.3543590455
1997-11-30,48.3388157895,49.0592105263,47.9078947368,48.5559210526,4116900.0,33.4324262632
1997-12-31,50.3958333333,50.8541666667,49.7202380952,50.1964285714,3079466.66667,34.5989231905
1998-01-31,45.925,46.65,45.253125,45.896875,4902660.0,31.63536725
1998-02-28,49.5263157895,50.2960526316,49.0131578947,49.8289473684,4283026.31579,34.4099938947
1998-03-31,52.1875,52.7886904762,51.5476190476,52.1041666667,3295190.47619,36.0175748571
1998-04-30,52.9880952381,53.4583333333,52.3125,52.9672619048,4057900.0,36.614199
1998-05-31,49.28125,49.746875,48.659375,49.140625,2760155.0,34.0257713
1998-06-30,44.9119318182,45.3693181818,44.3494318182,44.7727272727,3696263.63636,31.0374175455
1998-07-31,45.7073863636,46.3295454545,44.9232954545,45.5653409091,5887318.18182,31.5868743636
1998-08-31,36.8958333333,37.3571428571,35.9047619048,36.5744047619,5231090.47619,25.4153161429
1998-09-30,34.3720238095,34.9970238095,33.9732142857,34.4047619048,4829304.7619,23.9383146667
1998-10-31,34.0738636364,34.8011363636,33.3835227273,34.1420454545,3771290.90909,23.7555206818
1998-11-30,41.7532894737,42.3980263158,41.1447368421,42.0427631579,3808015.78947,29.3191750526
1998-12-31,33.2727272727,33.7130681818,32.6363636364,33.1477272727,7448659.09091,23.139803
1999-01-31,34.5296052632,35.1611842105,33.9835526316,34.5756578947,4721726.31579,24.1366145263
1999-02-28,35.7048611111,36.3888888889,35.2404511667,35.8298611111,3383872.22222,25.0803485556
1999-03-31,34.7717391304,35.1956521739,34.3152173913,34.7119565217,3328052.17391,24.3231783478
1999-04-30,37.7232142857,38.630952381,37.3154761905,37.9226190476,4911961.90476,26.5729369048
1999-05-31,43.384375,44.18125,42.575,43.453125,3368720.0,30.5020161
1999-06-30,42.96875,43.5227272727,42.3153409091,43.1051136364,2519295.45455,30.30205
1999-07-31,45.2053571429,45.8303571429,44.5952380952,45.3363095238,3047447.61905,31.870537
1999-08-31,45.6924717727,46.0880681818,45.2414772727,45.7066763182,2399463.63636,32.1970614545
1999-09-30,43.880952381,44.2172619048,43.4107142857,43.7589285714,2397885.71429,30.8554507143
1999-10-31,43.2976190476,44.0178571429,42.7946428571,43.3720238095,3269314.28571,30.5826350952
1999-11-30,42.45625,42.90625,41.71875,42.26875,3887300.0,29.8699358
1999-12-31,39.5724431818,40.25,39.0681818182,39.5553977273,3738831.81818,27.9800911818
2000-01-31,44.075,44.91875,43.2625,44.075,4449665.0,31.1770982
2000-02-29,39.5263157895,40.0921052632,38.4638157895,39.2138157895,3777973.68421,27.8061326316
2000-03-31,35.6630434783,36.4211956522,35.0788043478,35.7445652174,4487604.34783,25.3710771739
2000-04-30,37.0034722222,37.8229166667,36.2708333333,37.0625,4260611.11111,26.3065318889
2000-05-31,37.9630681818,38.5738636364,37.4090909091,37.9204545455,2925759.09091,26.9824336364
2000-06-30,39.4957386364,40.1136363636,39.0028409091,39.5553977273,3111481.81818,28.1789312273
2000-07-31,45.2565789474,46.0921052632,44.875,45.5148026316,4432163.15789,32.4243611579
2000-08-31,49.3885869565,50.1929347826,48.8342391304,49.652853087,4332008.69565,35.4481979565
2000-09-30,59.29375,60.828125,58.359375,59.834375,5858875.0,42.7487442
2000-10-31,60.6785714286,62.0595238095,59.5267857143,60.8779761905,4557257.14286,43.494346381
2000-11-30,65.8958333333,66.869047619,64.75,65.9136904762,3506404.7619,47.1693689524
2000-12-31,66.4835526316,67.8519736842,65.1513157895,66.3815789474,3913615.78947,47.528476
2001-01-31,59.0988095714,60.0977381905,57.5652381905,58.7879762381,3935076.19048,42.0915404762
2001-02-28,59.568421,60.5510524737,58.8268424737,59.7078947895,2801405.26316,42.8528571053
2001-03-31,58.049523381,59.0209521429,56.6652376667,57.8404760476,4541661.90476,41.5376151429
2001-04-30,58.92150005,60.1825004,58.27600005,59.1504999,3245415.0,42.4783968
2001-05-31,65.4023811429,66.0890476667,64.6433344286,65.4338089048,3029114.28571,47.0798810476
2001-06-30,62.4266664286,63.1076188095,61.4266672381,62.1366661905,4018757.14286,44.740568
2001-07-31,55.84050015,56.60050025,55.2270003,55.83950015,2921470.0,40.20638855
2001-08-31,54.9799996957,55.4486957826,54.2804344348,54.7456523043,2774539.13043,39.4841164783
2001-09-30,38.4478572143,39.7100005,37.2199999286,38.2335717143,10268342.8571,27.613497
2001-10-31,34.9726086087,35.6717389565,34.1726086087,34.8491305652,5438026.08696,25.1691463913
2001-11-30,34.6795240476,35.045714381,34.0999999048,34.6357143333,4023300.0,25.0883629048
2001-12-31,37.2473682632,37.8547368947,36.8810525263,37.4415784211,3459852.63158,27.1789666316
2002-01-31,39.685238,40.1666667143,39.0580950476,39.6066670476,3835638.09524,28.7506115238
2002-02-28,43.0827773889,43.8450001667,42.7127781111,43.3844448333,4106288.88889,31.6035767222
2002-03-31,48.02199985,48.73300005,47.2410004,48.13700035,3742410.0,35.0886527
2002-04-30,46.4454547727,47.0404545,45.5513635,46.1581820455,4652586.36364,33.6462265455
2002-05-31,44.3740908636,44.8372726364,43.6859088636,44.225909,2761545.45455,32.3034508636
2002-06-30,42.90749965,43.74599985,42.4394998,43.0514999,2810550.0,31.49940715
2002-07-31,41.9857144762,42.6400000476,40.7266662381,41.804761381,4346914.28571,30.5872084286
2002-08-31,38.5531817273,39.1918184091,37.6622725455,38.4745452273,4184595.45455,28.2248306364
2002-09-30,36.19700035,36.782,35.5430001,36.13150005,3312420.0,26.5575274
2002-10-31,31.3182608696,31.9360870435,30.490000087,31.2030436957,4809256.52174,22.9349945217
2002-11-30,32.1939999,32.94699985,31.6179999,32.22600005,4059475.0,23.76446575
2002-12-31,32.6954999,33.14899975,32.30800035,32.68850055,2609240.0,24.1565513
2003-01-31,32.8285710476,33.228571381,32.4161902857,32.7266669524,2677266.66667,24.1847558571
2003-02-28,29.8105556111,30.1649996111,29.2216667222,29.6549998889,3326538.88889,22.0207203333
2003-03-31,26.6109524286,26.9766666667,26.1047619524,26.5319048571,4864823.80952,19.7141550476
2003-04-30,27.0080954286,27.4442855238,26.63,27.0938094286,4724547.61905,20.1316701429
2003-05-31,29.0769999,29.5835,28.76700005,29.24799995,4367435.0,21.8090241
2003-06-30,34.3980957619,35.0400004762,33.9752379524,34.5647621905,5162900.0,25.8314611429
2003-07-31,33.5213636818,33.9727274545,33.1377271818,33.6368179091,4101340.90909,25.1345081818
2003-08-31,33.5790477619,34.0628567619,33.2957145238,33.7852380952,3159219.04762,25.3333233333
2003-09-30,35.9235001,36.30749985,35.4905001,35.82049995,3319525.0,26.91020505
2003-10-31,36.5839128696,37.000000087,36.2726087391,36.7282610435,2914986.95652,27.5921618261
2003-11-30,38.8447363158,39.2742107368,38.4410526316,38.9157896316,3038157.89474,29.3180423684
2003-12-31,40.0357144762,40.5242860476,39.7519048571,40.2185714286,3412557.14286,30.3488999048
2004-01-31,42.63749975,43.06150015,42.11550005,42.50399995,3180275.0,32.0734824
2004-02-29,43.7022224444,44.2844444444,43.4022225,43.8805553889,3639761.11111,33.1913785556
2004-03-31,40.6991304783,41.0995651739,40.281304087,40.7191305652,3080908.69565,30.846428
2004-04-30,42.1490475238,42.556191,41.732856619,42.0723808095,2565104.7619,31.8715710476
2004-05-31,43.6036841579,44.1563156842,43.3205267368,43.8026315789,3202226.31579,33.2485511579
2004-06-30,48.8490477143,49.3290479524,48.5476192857,49.0385712381,3575766.66667,37.3222596667
2004-07-31,49.0749999,49.5029999,48.5650002,49.05149995,3236555.0,37.33209945
2004-08-31,50.5418183182,50.985909,50.0704544091,50.5922730455,2976672.72727,38.6116846818
2004-09-30,53.3719997,53.8770002,52.984,53.4894996,2911055.0,40.87455395
2004-10-31,50.3980952857,50.895714619,49.8166664286,50.3371426667,3307357.14286,38.4656476667
2004-11-30,52.9538091905,53.4304760476,52.580476381,53.0457144286,3421842.85714,40.6489625714
2004-12-31,53.2885710476,53.6328574286,52.7561905238,53.1223807619,2924671.42857,40.750538
2005-01-31,50.67450025,51.20550005,50.17549975,50.64600015,3414970.0,38.8508897
2005-02-28,53.2566663889,53.7077777222,52.8561110556,53.3372225,3833500.0,41.0553440556
2005-03-31,57.207727,57.8440911364,56.7959089091,57.3899998636,4250445.45455,44.2309436818
2005-04-30,58.6429998,59.17549965,57.99949985,58.5375002,4004605.0,45.1153317
2005-05-31,61.0138093333,61.6647620476,60.548095,61.1323813333,3995766.66667,47.2453169524
2005-06-30,63.8923818095,64.4047618571,63.2157142381,63.880952619,4728404.7619,49.436051
2005-07-31,65.406,65.90399975,64.8625001,65.3275001,3538765.0,50.55550205
2005-08-31,66.7273921304,67.2904345652,66.2413036957,66.7765208696,2749230.43478,51.8116396087
2005-09-30,64.9055006,65.43999935,64.3280002,64.9374996,4153970.0,50.4415401
2005-10-31,66.8895239048,67.510952619,66.1995239524,66.8276192857,4588966.66667,51.9097293333
2005-11-30,66.819047,67.3709524286,66.3957141905,66.9147617143,4005909.52381,52.1296095238
2005-12-31,70.4733331905,70.9123810476,69.9980955714,70.3733328095,3235585.71429,54.872766619
2006-01-31,68.87800065,69.3355,68.25850085,68.81650005,3847920.0,53.6584909
2006-02-28,72.3026316842,73.0263153158,71.9715794737,72.5489477895,3896689.47368,56.7456940526
2006-03-31,75.8681814091,76.5218190909,75.3572731364,75.9959095,2893127.27273,59.5064047273
2006-04-30,82.4331576842,83.2426315263,81.7326311053,82.5710525263,3779678.94737,64.6548806842
2006-05-31,85.4590911364,86.3422737727,84.4881818182,85.3813636364,3732950.0,67.0103789545
2006-06-30,82.9219047619,83.607619,81.710000619,82.6514284762,4495252.38095,64.9392293333
2006-07-31,80.2964993,81.2054997,79.12700045,80.11599955,4202395.0,62.9471427
2006-08-31,77.1772727727,77.8945454545,76.0981824545,76.8572725,3919172.72727,60.5542881364
2006-09-30,75.9029999,76.6470001,75.30100065,75.960001,3941350.0,59.91176135
2006-10-31,82.0228564762,82.5957139524,81.1319038571,81.938571381,4607319.04762,64.6272258571
2006-11-30,86.0071432381,86.9700000476,85.3066670952,86.2047616667,5239428.57143,68.179424
2006-12-31,89.86899985,90.40299945,89.24049985,89.75949965,3143220.0,71.04700635
2007-01-31,87.8363161579,88.6242100526,86.9715789474,87.7984205263,4693778.94737,69.4947604737
2007-02-28,90.0547364211,90.8178951053,89.1642103684,89.9994738947,4320784.21053,71.4536912105
2007-03-31,89.4995457727,90.2654547273,88.8118182727,89.5818183636,3985840.90909,71.1801953182
2007-04-30,91.8344998,92.44199985,91.1054997,91.82099915,4398935.0,72.9594125
2007-05-31,95.4127277727,96.3113628182,94.9399996818,95.6586362727,3945409.09091,76.1999884091
2007-06-30,97.5766667619,98.1838088095,96.602857619,97.2519059048,4502776.19048,77.5628715238
2007-07-31,101.848571286,102.747143714,100.991427714,101.824762333,5128214.28571,81.2099348571
2007-08-31,98.9981811364,100.034545409,97.3922721818,98.6204542273,6007859.09091,78.8706126818
2007-09-30,99.3168418421,100.452105842,98.5363163684,99.7915776842,5662321.05263,79.8591671579
2007-10-31,98.6113642727,99.6236367273,97.0159090909,98.2827272727,7990250.0,78.6516951818
2007-11-30,93.3485714286,94.1357142381,92.199524,92.9614283333,6629109.52381,74.6072990952
2007-12-31,89.5294739474,90.2026315789,88.3484220526,89.0289467368,6262247.36842,71.502415
2008-01-31,80.8166662381,82.2823809524,79.2647625714,80.7680959524,8742538.09524,64.867822381
2008-02-29,82.9405273158,83.8799992105,81.9815794211,82.9936853158,5698157.89474,66.9318150526
2008-03-31,76.25800025,77.0684997,75.017499,75.92850035,7900440.0,61.2810326
2008-04-30,78.696666619,79.7342859048,78.0728570952,78.9504757143,6778990.47619,63.720034619
2008-05-31,84.4214285714,85.0709521429,83.3614287619,84.2380963333,5186685.71429,68.2432354286
2008-06-30,74.6995242857,75.4661905714,73.4371435238,74.0776186667,8223185.71429,60.0657030952
2008-07-31,65.0368182727,65.8509090455,63.9259095909,64.8936360455,7824790.90909,52.6192345909
2008-08-31,64.3338095714,65.4500001429,63.4528570952,64.5428567143,6335138.09524,52.6129118571
2008-09-30,60.6410007,61.67650035,59.1604997,60.41899965,8135575.0,49.29337145
2008-10-31,47.5986960435,49.6095656087,45.6378261304,47.5782612609,11029317.3913,38.8171422174
2008-11-30,43.4016662222,44.5694443333,41.9744441667,43.2877779444,9079205.55556,35.5458839444
2008-12-31,40.4736366364,41.4804543636,39.6113641364,40.6540911364,7203000.0,33.4172883182
2009-01-31,43.0494733684,43.9926320526,42.1884206842,43.1952630526,6965815.78947,35.5061082632
2009-02-28,38.9531579474,39.5152632632,37.9221047368,38.5489473158,8023668.42105,31.9701126316
2009-03-31,33.1623812381,33.9795239048,32.5114284286,33.361428619,10433895.2381,27.6991859524
2009-04-30,37.5319046667,38.3909520476,36.9419048571,37.8866666667,7543233.33333,31.456381381
2009-05-31,43.5084212105,44.1794738947,42.9326318421,43.6926316842,5993194.73684,36.5791527368
2009-06-30,47.9686368182,48.7336363182,47.0209094091,47.9100001364,9270995.45455,40.1695005455
2009-07-31,41.4827274091,42.0400000909,40.9268175455,41.5150003636,7181231.81818,34.8076983182
2009-08-31,46.11249995,46.8600001,45.54399965,46.34749985,7159095.0,39.1971766
2009-09-30,51.3628567619,52.0242860476,50.7980949048,51.4985717143,5212052.38095,43.592898381
2009-10-31,51.1590908636,51.6568180455,50.3381817727,51.0309091364,5769877.27273,43.1956848182
2009-11-30,50.69649965,51.3474997,50.2160004,50.9874999,4191095.0,43.5045407
2009-12-31,55.0286370455,55.4827275455,54.4404544545,54.8886358636,4703095.45455,46.8682790909
2010-01-31,59.7878946316,60.7689474211,58.9789473158,60.0536841579,6877242.10526,51.2824834211
2010-02-28,61.0794446667,61.823333,60.4266665,61.2533334444,5852172.22222,52.6239711111
2010-03-31,69.4530435217,70.2473910435,68.9139128696,69.6582612174,7124339.13043,59.890353087
2010-04-30,72.5780952381,73.304286381,71.7776187143,72.5971424762,5611995.2381,62.4171264762
2010-05-31,67.993685,69.0242117368,66.4057901579,67.716842,7703200.0,58.5395251579
2010-06-30,65.1959084091,66.0249990909,64.1495456364,65.0181815455,6450677.27273,56.2253578636
2010-07-31,64.8479999,65.65899965,63.9165005,64.91050025,5309145.0,56.13223905
2010-08-31,65.4281815909,66.0763639545,64.5890911364,65.3159085455,4509204.54545,56.7927774545
2010-09-30,63.8054999,64.5004998,63.1105001,63.84250005,4699180.0,55.54413985
2010-10-31,70.000477,70.7128570952,69.3028579524,70.0147629048,4644528.57143,60.9141209524
2010-11-30,66.45749935,67.01900035,65.56099985,66.28000035,7211425.0,57.9770444
2010-12-31,65.0109097727,65.4495454091,64.4459095,64.9831822273,4723195.45455,56.8789034091
2011-01-31,69.76550065,70.4849998,69.1980003,69.91800075,6433090.0,61.19828355
2011-02-28,71.7305550556,72.3472218333,71.1155546667,71.7033342778,4867016.66667,63.0251401667
2011-03-31,71.3378262174,72.0543483913,70.6004346087,71.442608913,5208343.47826,62.8960632609
2011-04-30,74.2231582105,74.966315,73.6594739474,74.3589485263,4672278.94737,65.4635264737
2011-05-31,78.2047620952,78.7780947143,77.5890484762,78.0823801429,4166261.90476,68.9816329524
2011-06-30,73.7199995,74.2809090909,73.0654554091,73.5659094545,4715459.09091,65.1073853636
2011-07-31,72.5080002,73.1895008,71.70999985,72.25399975,5321065.0,63.94631795
2011-08-31,62.6578261304,63.5895649565,61.2795652174,62.4382603913,8474626.08696,55.5159590435
2011-09-30,62.88650005,63.63150065,61.8005002,62.59849955,5960980.0,55.77677625
2011-10-31,63.4028569524,64.3109518095,62.639523619,63.4428567619,6067885.71429,56.5291188571
2011-11-30,65.6849998,66.36449975,64.88399945,65.70050005,5442525.0,58.82144005
2011-12-31,71.8857141905,72.7209523333,71.1823817619,71.8923815238,5550528.57143,64.4662989048
2012-01-31,74.7484203684,75.3168415263,74.2142100526,74.7994738947,5222889.47368,67.0731045789
2012-02-29,75.4409996,75.8185005,74.9940004,75.45749895,4216880.0,67.9617506
2012-03-31,74.4722720909,74.8636359545,73.9699998636,74.4377271818,4074240.90909,67.1415704545
2012-04-30,73.79550005,74.4639996,73.3280003,73.98199915,4264465.0,66.73050715
2012-05-31,73.0286351364,73.5663632273,72.2227269545,72.8409098182,4004172.72727,65.9765727727
2012-06-30,70.84950035,71.4419994,70.2549995,70.9325005,4185490.0,64.3554676
2012-07-31,73.679046619,74.291904619,72.8809519524,73.6404768095,4141176.19048,66.8123537619
2012-08-31,72.928181,73.3504544545,72.4268184545,72.9172720909,3471009.09091,66.3709163636
2012-09-30,70.8310518947,71.2500000526,70.2763158421,70.7431572105,5425042.10526,64.5685866316
2012-10-31,71.7985717143,72.2366670476,71.1642859524,71.6385715238,4385409.52381,65.3858477619
2012-11-30,72.2090004,73.0185006,71.7529994,72.51750005,4860160.0,66.53510575
2012-12-31,74.92950055,75.4720006,74.40450055,75.08200005,4502405.0,68.94997355
2013-01-31,75.24250035,75.85649985,74.59400025,75.3890003,9044420.0,69.2319009
2013-02-28,75.7326310526,76.3694746842,75.2700003158,75.7836847368,5338389.47368,69.8525893158
2013-03-31,82.7305257895,83.6405253158,82.3099995789,83.2021062632,5294021.05263,76.8976975263
2013-04-30,87.7845451364,88.5731819091,87.0272723182,87.8286361364,4835490.90909,81.1736648636
2013-05-31,96.1419041905,97.1680955714,95.7190469524,96.5514283333,5004142.85714,89.5889371429
2013-06-30,101.0985009,101.9489991,100.14399995,101.08950005,4985575.0,93.91021935
2013-07-31,105.155713714,106.057143048,104.01095219,105.105238,7025328.57143,97.640763619
2013-08-31,104.957727227,105.793636682,104.354090273,105.104545545,3627940.90909,98.0020647273
2013-09-30,112.611053421,113.754736947,111.909474526,113.048948211,4551226.31579,105.498336632
2013-10-31,121.505651348,122.844348435,120.732608957,122.05043487,4438052.17391,113.898608217
2013-11-30,133.96549985,135.1705001,132.73549805,134.005999,4412530.0,125.443475
2013-12-31,135.08142819,135.898570476,134.039999619,134.859047333,3746666.66667,126.310094095
2014-01-31,138.504285286,139.474762333,136.968571952,138.099046714,5427209.52381,129.344978524
2014-02-28,127.475555944,128.835556778,126.342778167,127.624444889,6127650.0,119.987813167
2014-03-31,125.538571048,126.39999981,124.30095281,125.179522524,4657066.66667,117.905691381
2014-04-30,127.30800015,128.1544994,126.075,127.1095002,3744030.0,119.72352335
2014-05-31,131.624761667,132.548573095,131.034760952,131.871431619,2929261.90476,124.774529333
2014-06-30,133.118095048,133.63952419,132.042379429,132.819524429,3750195.2381,125.803510238
2014-07-31,126.822272909,127.545908545,125.639545227,126.449545409,5082572.72727,119.770205682
2014-08-31,123.48900025,124.33850125,122.88900045,123.7245002,3847255.0,117.79511035
2014-09-30,127.400476,128.142856048,126.689048048,127.449524905,3588776.19048,121.448444095
2014-10-31,123.596956391,124.553913913,122.131304217,123.268261217,4670673.91304,117.463632174
2014-11-30,128.688947474,129.737896105,128.098420684,129.058420842,3811210.52632,123.625454947
2014-12-31,128.945908273,129.718180591,127.731362455,128.518182591,4401700.0,123.181357
2015-01-31,132.7495017,134.39999995,131.6834995,133.29749905,5454540.0,127.7576537
2015-02-28,149.444209158,150.987369632,148.816841579,150.349472842,4868968.42105,144.675063105
2015-03-31,152.680475905,153.87285719,151.594285571,152.677618857,3744880.95238,147.242649571
2015-04-30,150.791903524,151.765237714,149.550953476,150.620952048,4024238.09524,145.259195429
2015-05-31,144.679999263,145.607367211,143.723158263,144.498948737,3996700.0,140.107783105
2015-06-30,142.540453818,143.472273455,141.551362409,142.383180818,3202877.27273,138.194646909
2015-07-31,144.364284714,145.15714219,143.270952476,144.231427857,3223004.7619,139.988523476
2015-08-31,139.223808571,140.77333219,137.17476181,138.998095095,4418838.09524,135.685181714
2015-09-30,132.84700165,133.96650155,131.57050015,132.85749965,3856585.0,129.77189875
2015-10-31,139.625909227,141.297726,138.3245455,140.343181955,4184050.0,137.083727045
2015-11-30,146.700525316,147.757892737,145.848946105,146.875260895,2616205.26316,144.256884
2015-12-31,145.379092864,146.489091409,143.921363864,145.182273227,3621022.72727,142.687233091
2016-01-31,128.672105842,129.647895316,126.378420158,127.970000053,7151015.78947,125.770762789
2016-02-29,116.631580158,118.558421421,114.972105368,117.162631421,7607926.31579,115.866238316
2016-03-31,126.465455,127.960000182,125.419999591,127.024999864,4902595.45455,125.997259091
2016-04-30,129.993333333,131.572381048,129.205714381,130.539048952,4580676.19048,129.482875857
2016-05-31,131.289524667,132.345237429,130.093334,130.993809667,3917695.2381,130.635673762
2016-06-30,129.314287429,130.46000019,128.230952714,129.519047286,4706880.95238,129.519047286
2016-07-31,131.8054993,132.9089996,130.68450055,131.9005001,3805540.0,131.9005001
2016-08-31,132.482502,133.1574975,131.65750125,131.97250375,2886600.0,131.97250375
