Date,Open,High,Low,Close,Volume,Adj Close
2010-11-30,19.59,19.951250125,19.295000125,19.624999875,259312.5,8.986541
2010-12-31,19.1690909545,19.3831819091,18.8736363636,19.1218183636,227809.090909,8.75612772727
2011-01-31,18.6139999,18.77199985,18.313,18.5354998,141285.0,8.48764125
2011-02-28,18.8963156842,19.1352631579,18.6821054211,18.8878949474,144105.263158,8.64901115789
2011-03-31,18.3226087391,18.4391303478,18.161738913,18.3147827391,139830.434783,8.38657586957
2011-04-30,18.93800005,19.1399998,18.77649995,19.00500025,186680.0,8.702632
2011-05-31,19.1338093333,19.2404761429,18.9085714762,19.0795238095,118780.952381,8.73676042857
2011-06-30,18.3299999545,18.4799999545,18.0886361818,18.295,551450.0,8.37751704545
2011-07-31,19.0078947368,19.2636837368,18.693158,18.9931581053,304252.631579,8.69721257895
2011-08-31,16.3465215217,16.6682608696,15.8895653043,16.2369566522,301643.478261,7.43511221739
2011-09-30,14.7114285714,15.0271428571,14.4014285714,14.7219047619,369490.47619,6.74135052381
2011-10-31,15.79349995,16.05049965,15.5465,15.8359999,248605.0,7.251509
2011-11-30,15.142381,15.3523808571,14.84,15.1390474762,182061.904762,6.93236542857
2011-12-31,16.5570001,16.86100005,16.2645002,16.67549995,337970.0,7.63592695
2012-01-31,17.4315,17.5789999,17.26149995,17.42600025,161185.0,7.97959075
2012-02-29,17.9365,18.08650015,17.7900001,17.99550015,238520.0,8.2698097
2012-03-31,17.4371427619,17.5752380952,17.2390475238,17.3761905238,229438.095238,7.99717195238
2012-04-30,17.0104999,17.14499995,16.84700015,17.02150005,162345.0,7.8339301
2012-05-31,15.7290909091,15.9150001364,15.4186364545,15.6804545,537140.909091,7.21673081818
2012-06-30,15.299047619,15.5423809048,15.1128570952,15.3409524762,404980.952381,7.64362938095
2012-07-31,16.2057143333,16.557619,15.9938094762,16.3414284286,520785.714286,8.30201285714
2012-08-31,18.3478262609,18.5373913043,18.1673913478,18.3734780435,352908.695652,9.36636969565
2012-09-30,13.2021052632,13.4389473684,13.0873684211,13.3210526316,479689.473684,10.5275268421
2012-10-31,12.8980952381,13.08,12.739047619,12.8976190476,548904.761905,10.1928917143
2012-11-30,13.872,14.0665,13.7205,13.904,418425.0,11.0427206
2012-12-31,14.1305,14.289,13.9605,14.136,374615.0,11.24572285
2013-01-31,14.4852380952,14.6776190476,14.2985714286,14.55,323276.190476,11.5750754762
2013-02-28,13.1452631579,13.2715789474,12.9694736842,13.0994736842,378989.473684,10.4762577368
2013-03-31,12.927,13.0645,12.825,12.966,284200.0,10.38469185
2013-04-30,13.8259090909,14.005,13.6813636364,13.8909090909,265527.272727,11.1254671818
2013-05-31,16.5447618571,16.8109522857,16.3452381905,16.6404761429,440238.095238,13.3276427619
2013-06-30,17.21099975,17.47349995,17.00900015,17.23549985,508505.0,13.87147435
2013-07-31,18.4181820455,18.6922728182,18.2745455,18.5181816818,485527.272727,14.9168660455
2013-08-31,20.6242859048,20.9261905238,20.3176191905,20.639047619,426471.428571,16.6915599048
2013-09-30,19.56650035,19.7604999,19.34149995,19.49999985,319905.0,15.78500895
2013-10-31,19.1154544091,19.3263636364,18.8563635,19.1154545909,274422.727273,15.4737242273
2013-11-30,17.7735001,17.96399985,17.53900015,17.73450015,771160.0,15.1093648
2013-12-31,17.8638097143,18.0638094762,17.7147620476,17.9242854762,507580.952381,15.4163302857
2014-01-31,18.6466666667,18.8371427143,18.4752380476,18.6580951905,413800.0,16.0473261905
2014-02-28,19.2084212632,19.5289473684,19.0552632632,19.3252634211,895178.947368,17.4992826316
2014-03-31,21.7776189048,22.0190477143,21.6038093333,21.802857,687861.904762,19.9182656667
2014-04-30,22.20099995,22.44600015,21.9869999,22.25349985,676875.0,20.32995575
2014-05-31,23.8076192381,24.0780951429,23.5233331905,23.831904619,821857.142857,21.7719267619
2014-06-30,21.7604998,22.0009999,21.57899985,21.75850025,923320.0,19.9565047
2014-07-31,21.2150001818,21.4472727273,21.0777273182,21.2318181818,653077.272727,19.4930865455
2014-08-31,21.6523810952,21.8633334762,21.5004761905,21.6714283333,829242.857143,20.7471731429
2014-09-30,23.1729997,23.4349999,22.9885,23.2050001,553530.0,22.43400965
2014-10-31,25.0100001304,25.3660868261,24.7747826522,25.0939129565,769843.478261,24.2601633478
2014-11-30,26.1638888333,26.4233332222,26.0488888889,26.2555556111,954916.666667,25.4719447222
2014-12-31,26.7286363636,26.945909,26.4513634545,26.6595455455,499990.909091,25.8819888636
2015-01-31,28.3030001,28.66999965,27.88600025,28.2995001,653810.0,27.4741122
2015-02-28,29.6826315789,29.9084214211,29.3742105263,29.6778947368,1326568.42105,28.9144996842
2015-03-31,29.3086366364,29.6054545455,29.0049998182,29.3036366364,688445.454545,28.5763160909
2015-04-30,28.57,28.7795235238,28.2899999048,28.543333381,545604.761905,27.8348836667
2015-05-31,27.0784209474,27.3105263158,26.7336842632,27.0142104737,1081700.0,26.3437136842
2015-06-30,25.7754545909,25.9704544545,25.5245455455,25.7781818182,985827.272727,25.2384323182
2015-07-31,26.1618182727,26.3990910909,25.8950000455,26.2118183182,741863.636364,25.6927846364
2015-08-31,26.8752381905,27.2000000476,26.5180949524,26.9152381429,845785.714286,26.491109381
2015-09-30,26.9866667619,27.256666619,26.6847618095,26.9947618095,1287247.61905,26.5877233333
2015-10-31,27.5628568571,27.8909523333,27.2847618571,27.6571425714,899728.571429,27.2401165238
2015-11-30,29.36399975,29.69899975,29.1585001,29.4925001,1367350.0,29.15344635
2015-12-31,29.9995240476,30.2728572381,29.6895235714,29.9776189048,872661.904762,29.6596693333
2016-01-31,29.7589473684,30.0826317895,29.2894737895,29.6963157368,1419068.42105,29.3813498421
2016-02-29,26.89250005,27.17750005,26.5225,26.8839998,900405.0,26.7089922
2016-03-31,28.845,29.1777271364,28.6572727273,28.9927271364,575640.909091,28.8447049091
2016-04-30,28.7128570952,28.9185715714,28.3976190952,28.6357145238,700257.142857,28.4895149524
2016-05-31,28.1149999,28.4335001,27.87900005,28.19050005,1447215.0,28.0465735
2016-06-30,28.9122729091,29.1559090455,28.6622726818,28.9795452273,882013.636364,28.9453059091
2016-07-31,30.5484999,30.77949975,30.36299995,30.59300015,916280.0,30.59300015
2016-08-31,30.62499975,30.73,30.3475005,30.475,712250.0,30.475
