Date,Open,High,Low,Close,Volume,Adj Close
1992-12-31,14.575,15.025,14.3,14.7125,135410.0,6.9870514
1993-01-31,15.9078947368,16.1513157895,15.4473684211,15.8289473684,67089.4736842,7.51725889474
1993-02-28,14.0328947368,14.3157894737,13.5263157895,13.8552631579,47168.4210526,6.57994468421
1993-03-31,13.0652173913,13.5163043478,12.8043478261,13.152173913,25421.7391304,6.24604356522
1993-04-30,12.7619047619,13.0892857143,12.5297619048,12.6726190476,17300.0,6.01830009524
1993-05-31,12.95,13.2375,12.775,13.08125,8715.0,6.2123613
1993-06-30,12.5535714286,12.8095238095,12.3273809524,12.5833333333,49495.2380952,5.97589780952
1993-07-31,13.755952381,14.2797619048,13.5238095238,14.0595238095,73090.4761905,6.67694928571
1993-08-31,15.2159090909,15.6079545455,15.0284090909,15.3522727273,60727.2727273,7.29088313636
1993-09-30,15.6547619048,15.9464285714,15.494047619,15.7023809524,24390.4761905,7.45715166667
1993-10-31,16.0476190476,16.2797619048,15.875,16.130952381,89019.047619,7.66068266667
1993-11-30,16.0875,16.31875,15.89375,16.1875,37800.0,7.68753755
1993-12-31,18.4034090909,18.9090909091,18.0,18.5340909091,35427.2727273,8.80194709091
1994-01-31,19.25,19.4880952381,18.9226190476,19.119047619,33009.5238095,9.07974642857
1994-02-28,18.9473684211,19.1315789474,18.6644736842,18.8881578947,67031.5789474,8.97009552632
1994-03-31,18.0,18.2386363636,17.7840909091,18.0909090909,84727.2727273,8.59147745455
1994-04-30,17.6184210526,17.9605263158,17.3486842105,17.7368421053,41821.0526316,8.42332905263
1994-05-31,19.5952380952,20.1220238095,19.193452381,19.625,44957.1428571,9.32002604762
1994-06-30,12.2755681818,12.6818181818,11.9261363636,12.2784090909,113618.181818,9.41986440909
1994-07-31,9.71710526316,9.96710526316,9.40789473684,9.67269736842,68736.8421053,8.30761084211
1994-08-31,11.5108695652,11.7608695652,11.2119565217,11.527173913,23386.9565217,9.90036891304
1994-09-30,11.8943452381,12.2202380952,11.6339285714,11.931547619,66523.8095238,10.2476741905
1994-10-31,13.369047619,13.7023809524,13.0744047619,13.4345238095,110980.952381,11.5385385238
1994-11-30,14.4345238095,14.630952381,14.1607142857,14.4077380952,25352.3809524,12.3744054286
1994-12-31,14.06875,14.378125,13.875,14.284375,49335.0,12.26845225
1995-01-31,13.9702380952,14.2053571429,13.7261904762,13.9404761905,52719.047619,11.9730868095
1995-02-28,13.1973684211,13.4276315789,13.0180921053,13.2532894737,31515.7894737,11.3828813158
1995-03-31,13.7201086957,13.8913043478,13.5706521739,13.7989130435,27213.0434783,11.851502087
1995-04-30,15.3819444444,15.6284722222,15.2013888889,15.4548611111,17377.7777778,13.2737503889
1995-05-31,16.3181818182,16.4602272727,15.9488636364,16.2102272727,27481.8181818,13.9225133182
1995-06-30,14.9630681818,15.1193181818,14.5852272727,14.8323863636,26186.3636364,12.7391242273
1995-07-31,15.56875,15.9125,15.21875,15.6,59375.0,13.39840615
1995-08-31,16.0380434783,16.2608695652,15.7391304348,16.0570652174,27613.0434783,13.7909666957
1995-09-30,17.66875,18.24375,17.325,17.9125,343340.0,14.61861915
1995-10-31,17.6306818182,17.9715909091,17.3352272727,17.5767045455,158840.909091,15.0961424091
1995-11-30,16.9642857143,17.369047619,16.7023809524,17.119047619,55590.4761905,14.7030736667
1995-12-31,16.415625,16.725,16.065625,16.3375,87485.0,14.0318243
1996-01-31,15.3693181818,15.75,14.9090909091,15.3863636364,174295.454545,13.2138192273
1996-02-29,17.41875,17.60625,16.96875,17.325,69665.0,14.8799604
1996-03-31,17.1607142857,17.5357142857,16.7261904762,17.1607142857,55547.6190476,14.7388600476
1996-04-30,18.3601190476,18.7351190476,18.1964285714,18.5007437619,65919.047619,15.889774
1996-05-31,20.1845238095,20.4464285714,19.8333333333,20.1279761905,148490.47619,17.2873589524
1996-06-30,21.20625,21.625,20.7625,21.096875,220605.0,18.11951895
1996-07-31,23.1534090909,23.7215909091,22.4659090909,23.1335227273,266104.545455,19.8687389091
1996-08-31,25.4772727273,25.9147727273,25.1363636364,25.6221590909,111518.181818,22.0061595
1996-09-30,29.1907894737,29.9605263158,28.6414473684,29.5328947368,306294.736842,25.3649816842
1996-10-31,35.5217391304,36.2608695652,34.7826086957,35.5190217391,315843.478261,30.5062995217
1996-11-30,37.4015625,38.125,36.775,37.696875,226190.0,32.37679715
1996-12-31,39.825,40.475,39.425,39.878125,79475.0,34.250212
1997-01-31,39.5340909091,40.2784090909,38.9715909091,39.5511363636,179781.818182,33.9693705
1997-02-28,31.8421052632,32.5394736842,30.7894736842,31.4276315789,551157.894737,26.9923182632
1997-03-31,28.99375,29.73125,28.01875,28.859375,245675.0,24.78651415
1997-04-30,23.9077380952,24.6547619048,23.1517857143,23.7470238095,287271.428571,20.395658
1997-05-31,32.119047619,33.4583333333,31.5119047619,32.7976190476,252342.857143,28.1689623333
1997-06-30,36.4404761905,37.443452381,36.0,36.9196428571,124519.047619,31.709254
1997-07-31,37.8898809524,38.619047619,36.880952381,37.5952380952,189595.238095,32.2895038571
1997-08-31,36.6011904762,37.181547619,35.8392857143,36.4553571429,158642.857143,31.3104917143
1997-09-30,38.8452380952,39.6011904762,38.3035714286,39.1785714286,110309.52381,33.649385
1997-10-31,43.4090909091,43.9715909091,42.5823863636,43.5014204545,142172.727273,37.3621597727
1997-11-30,40.0394736842,40.6414473684,39.2796052632,39.8848684211,86773.6842105,34.2560038421
1997-12-31,35.1221590909,35.75,34.1931818182,34.9176136364,230931.818182,29.9897668182
1998-01-31,33.453125,34.165625,32.5375,33.28125,236555.0,28.58433955
1998-02-28,37.0138888889,37.9053821667,36.3506944444,37.15625,146600.0,31.9124692222
1998-03-31,34.84375,35.4588068182,34.2940340909,34.9119318182,188927.272727,29.9848867727
1998-04-30,34.4761904762,34.962797619,33.787202381,34.3526785714,182914.285714,29.5045597143
1998-05-31,36.6776315789,37.6184210526,36.2763157895,37.1101973684,213136.842105,31.8729159474
1998-06-30,36.1534090909,36.7244318182,35.2613636364,35.7805399545,213154.545455,30.7309101818
1998-07-31,33.9488636364,34.7414772727,33.1221590909,33.8522727273,267772.727273,29.0747750455
1998-08-31,29.85625,30.3328125,28.7109375,29.3125,190305.0,25.17569055
1998-09-30,24.6607142857,25.3571428571,24.0535714286,24.5386904762,173461.904762,21.0755984762
1998-10-31,26.6860795455,27.6931818182,26.2002840909,27.0823863636,131063.636364,23.2603080909
1998-11-30,34.1085526316,34.7631578947,33.4736842105,34.2203947368,87352.6315789,29.3909449474
1998-12-31,35.8096590909,36.3948863636,35.2642045455,35.84375,82477.2727273,30.7851995
1999-01-31,36.2631578947,36.7993421053,35.3848684211,36.0098684211,111026.315789,30.927874
1999-02-28,33.7236842105,34.1118421053,32.8486842105,33.3503289474,128357.894737,28.6436696316
1999-03-31,28.9801136364,29.625,28.3863636364,29.0056818182,172781.818182,24.912173
1999-04-30,34.1547619048,34.9077380952,33.3898809524,34.1919642857,113766.666667,29.3665266667
1999-05-31,41.5032894737,42.7368421053,40.9835526316,42.0164473684,257268.421053,36.0867575789
1999-06-30,47.7485795455,48.5369318182,47.0539772727,47.7911931818,117513.636364,41.046526
1999-07-31,53.5208333333,54.3541666667,52.3258928571,53.2767857143,177152.380952,45.7579488095
1999-08-31,48.0044642857,48.5,47.3154761905,47.755952381,100680.952381,41.0162585714
1999-09-30,52.5848214286,54.0119047619,51.7604166667,52.9553571429,137876.190476,45.4818828571
1999-10-31,50.099702381,50.7738095238,49.34375,49.9702380952,113095.238095,42.9180471905
1999-11-30,55.2157738095,56.0922619048,54.193452381,55.0595238095,193628.571429,47.2890915714
1999-12-31,65.0213068182,66.2301136364,63.8465909091,65.3196022727,153277.272727,56.1011889091
2000-01-31,61.5078125,62.53125,60.0796875,61.1890625,242625.0,52.5535832
2000-02-29,63.7203947368,65.3116778421,62.8889798421,64.4769736842,190105.263158,55.3774786842
2000-03-31,70.6100543478,72.1467391304,68.9864130435,70.5360057826,161669.565217,60.5814126522
2000-04-30,70.900493,73.3947368421,68.8182561579,71.4243421053,138178.947368,61.3443801053
2000-05-31,74.6205357143,76.8973214286,72.619047619,74.7165182381,167719.047619,64.1719385714
2000-06-30,83.4460227273,85.4048295455,81.2897727273,83.5376424091,223345.454545,71.7481567273
2000-07-31,65.3815789474,66.7072368421,61.4013157895,63.0345394737,674731.578947,54.1386120526
2000-08-31,54.8845108696,56.1779891304,53.8206521739,55.2119565217,241204.347826,47.4200130435
2000-09-30,55.6953125,56.85,54.0453125,54.99609395,236975.0,47.2346148
2000-10-31,54.0892857143,56.3839285714,52.5208333333,54.8303571429,238304.761905,47.0922682381
2000-11-30,62.7529761905,64.2209832857,60.9025295714,62.4285714286,130180.952381,53.6181629524
2000-12-31,51.8116774211,54.1447368421,49.5731905789,51.8511515263,283952.631579,44.5335113684
2001-01-31,56.6741071429,59.319196619,55.0617557619,57.7529761905,267385.714286,49.6024243333
2001-02-28,57.2541116316,58.4407894737,54.2582232632,55.6282894737,304352.631579,47.7775898947
2001-03-31,43.8325890952,45.2760418571,42.7180057619,44.0334819524,459295.238095,37.8191323333
2001-04-30,47.7926255,49.73034385,46.85812485,48.4587189,335685.0,41.61984535
2001-05-31,62.0300001905,63.9576198571,60.9399999524,62.5709522381,324780.952381,53.7404499524
2001-06-30,64.3976193333,65.9680950952,63.5590464762,64.8561907143,298461.904762,55.7031775238
2001-07-31,59.65749995,61.03999955,57.5804999,59.15399985,798130.0,50.80572465
2001-08-31,51.1930436087,51.9995654783,49.9256520435,50.868260913,574556.521739,43.689333913
2001-09-30,42.8040000667,44.0553334667,41.5999998,42.7500005333,601673.333333,36.7167859333
2001-10-31,46.7004342609,48.3069568261,45.4352173478,47.008260913,476373.913043,38.7421281739
2001-11-30,52.3209521905,53.7352380476,51.4309521429,52.6404762857,330738.095238,45.2114402381
2001-12-31,53.8173673684,54.9436837368,52.9542104211,53.8636844737,304478.947368,46.2620198421
2002-01-31,52.400476381,53.296666381,51.4671431429,52.1880951429,494042.857143,44.8229027143
2002-02-28,48.4631578421,49.336316,47.1957896842,48.2299995789,507005.263158,41.4234047895
2002-03-31,48.4263157895,49.6168417895,47.7942107368,48.6210518947,394021.052632,41.7592686842
2002-04-30,46.9190907727,48.0786363636,46.0759094545,46.9554548182,490877.272727,40.3287335909
2002-05-31,49.9219047619,50.9942857143,49.1571427143,50.0661903333,417357.142857,43.0004577143
2002-06-30,45.99799945,46.87400055,44.81799985,45.6519994,537905.0,39.209232
2002-07-31,39.1104539545,40.0040905909,37.9772723636,38.7513636818,541386.363636,33.2824680909
2002-08-31,35.4014287619,36.309523619,34.7280952381,35.4085718095,322309.52381,30.4114369524
2002-09-30,33.22149935,33.90349995,32.44,33.16899985,415825.0,28.48793105
2002-10-31,36.5021738696,37.4934782174,35.7743476522,36.870435087,422969.565217,31.6669896522
2002-11-30,46.11550015,47.29700015,45.3620005,46.48950005,370885.0,39.928538
2002-12-31,46.6390479524,47.318095381,45.802857381,46.4328569048,288233.333333,39.8858368571
2003-01-31,44.6925004,45.4394999,43.9119999,44.64349995,409565.0,38.3846189
2003-02-28,40.3721052105,40.9668420526,39.8042104211,40.3484209474,262073.684211,34.6916966316
2003-03-31,32.88350005,33.5379997,32.2399999,32.8235,882155.0,28.22814565
2003-04-30,31.010476,31.4257144286,30.6009523333,31.0247617143,166219.047619,26.7189881905
2003-05-31,35.86449945,36.64550005,35.51999975,36.12650005,371175.0,31.1126814
2003-06-30,38.7242855238,39.6609525714,38.1657147619,38.7509520476,289242.857143,33.379051619
2003-07-31,38.8668185909,39.5209088182,38.3395450909,39.0222726818,206995.454545,33.6517936364
2003-08-31,43.1115,43.71300025,42.7220004,43.4099999,182265.0,37.4356556
2003-09-30,45.6300002381,46.1471434286,44.947619,45.4261900952,174661.904762,39.180169381
2003-10-31,43.257273,43.9977275909,42.8140906818,43.4422722727,205254.545455,37.5072519545
2003-11-30,43.9752634211,44.5210531579,43.5268418947,44.0010528947,132621.052632,37.9896925789
2003-12-31,43.0972725,43.7686365455,42.604091,43.2672723636,136309.090909,37.3622108636
2004-01-31,50.6647369474,51.6142104737,50.0689476316,50.9278944211,366926.315789,44.0194173158
2004-02-29,52.0163158421,52.6494736842,51.3673683684,51.903158,252157.894737,44.8623844211
2004-03-31,52.1363639091,52.7649999091,51.6445452727,52.2486363182,140072.727273,45.1670004091
2004-04-30,55.551904381,56.158571381,54.7019047143,55.4504768095,149980.952381,47.9743667143
2004-05-31,47.87600005,48.6099999,47.12549965,47.91149995,301190.0,41.45183235
2004-06-30,45.39700035,45.92549995,44.93750015,45.4660002,144505.0,39.3424842
2004-07-31,41.805714619,42.3680955238,41.016190381,41.4100002381,161428.571429,35.8651720476
2004-08-31,35.7947615238,36.2623808095,35.26619,35.7557141429,203628.571429,30.9679989524
2004-09-30,38.0028569524,38.5895238095,37.6309521905,38.054285619,118357.142857,32.9662937143
2004-10-31,37.22000035,37.8150002,36.7325002,37.2460002,151325.0,32.31161795
2004-11-30,41.274762,41.8509522857,40.9147619048,41.4471428571,121509.52381,35.9561896667
2004-12-31,44.2763638182,45.0145452273,43.8131821818,44.4981816364,115204.545455,38.6101241364
2005-01-31,46.2095002,46.7184999,45.72699985,46.15050025,139125.0,40.0845067
2005-02-28,38.7610525789,39.3468421579,38.1210527895,38.7036843684,370010.526316,33.6184473684
2005-03-31,39.0227276364,39.4059086818,38.6559090909,38.9418182273,171859.090909,33.8323588182
2005-04-30,35.1276195238,35.6528570952,34.506666381,34.9433330476,127400.0,30.4004205714
2005-05-31,34.6023808095,35.0780953333,34.0542858571,34.5923812381,185138.095238,30.095095619
2005-06-30,34.6266660952,35.0742852857,34.2904759524,34.6747618571,174071.428571,30.1744799524
2005-07-31,37.1515,37.64849985,36.6540002,37.28149985,181160.0,32.49177665
2005-08-31,42.4618185,43.0359095,41.9981818182,42.4872725909,122777.272727,37.0287400455
2005-09-30,42.2661904762,42.6361905238,41.8557143333,42.2242856667,98223.8095238,36.8070475714
2005-10-31,40.0380951905,40.5004765714,39.254762,39.903333381,113561.904762,34.8270749524
2005-11-30,45.1555,45.7809998,44.5120001,45.20499995,185875.0,39.4542958
2005-12-31,48.5638095714,49.0680952857,47.9671427143,48.5547623333,109228.571429,42.3853354286
2006-01-31,49.8084208421,50.3763157895,49.254737,49.9878949474,114747.368421,43.6830625789
2006-02-28,50.2168419474,50.6889473684,49.3994735789,49.9700002632,147894.736842,43.6674248947
2006-03-31,47.1639134348,47.7321737391,46.6095652609,47.1504349565,83943.4782609,41.2104581739
2006-04-30,47.6927777778,48.3166667222,46.8899996111,47.5816666667,82516.6666667,41.6334961667
2006-05-31,47.6304547727,48.4677275455,46.9645453182,47.7590911818,135190.909091,41.7887406818
2006-06-30,40.3133334286,40.8728576667,39.3480951905,40.0785719524,392752.380952,35.0760525714
2006-07-31,40.4280002,41.1850001,39.85449975,40.6279993,163595.0,35.60687725
2006-08-31,40.0965221739,40.5991302174,39.3730433913,39.974348,172352.173913,35.034009087
2006-09-30,38.6205263158,39.0963158947,38.0736841579,38.5742102105,91500.0,33.8151181053
2006-10-31,42.9754542727,43.5927269545,42.4981819091,43.2795459545,108090.909091,37.9882826364
2006-11-30,42.17850005,42.6875002,41.51150045,42.11849965,142325.0,36.9691835
2006-12-31,42.9490002,43.3079998,42.48749975,42.8249999,80565.0,37.5971883
2007-01-31,40.32150015,40.7925004,39.8149997,40.2670003,99370.0,35.39403605
2007-02-28,40.2833337222,40.5216671667,39.5899998889,40.0483336667,122666.666667,35.2018316111
2007-03-31,36.2849995909,36.7140911818,35.8131815909,36.2709092727,164504.545455,31.8886840909
2007-04-30,38.06000015,38.3405001,37.58350055,37.9535001,118405.0,33.4154063
2007-05-31,37.516667381,38.0338096667,37.0190474762,37.5290477619,158085.714286,33.041705619
2007-06-30,36.1052378095,36.5761905238,35.6509520952,36.1304759048,205957.142857,31.8184708095
2007-07-31,42.51050045,42.88750005,41.8035,42.35799985,154455.0,37.3567198
2007-08-31,41.3113044783,42.1030436957,40.4839131304,41.3395651739,210260.869565,36.4585333913
2007-09-30,41.9255557222,42.3477773889,41.2666670556,41.9166665556,138127.777778,36.9735267778
2007-10-31,43.5791305652,44.2882609565,42.8308695652,43.5200000435,137047.826087,38.436707913
2007-11-30,36.8419051905,37.4123809524,36.1214292381,36.7166664286,142914.285714,32.4280281429
2007-12-31,36.8321053158,37.2636843158,36.2810526316,36.7557897895,97563.1578947,32.4734818421
2008-01-31,30.9561900952,31.7390475714,30.150476,30.7328571905,242866.666667,27.1861640476
2008-02-29,31.91999985,32.66599985,31.36299965,31.8565002,153070.0,26.8696458
2008-03-31,29.94699985,30.606,29.3074999,29.8940001,118740.0,26.4519884
2008-04-30,30.7177273182,31.1527270909,30.1272730455,30.5909092273,88959.0909091,27.113041
2008-05-31,30.11150025,30.64749995,29.60650025,30.1529999,147930.0,26.72491735
2008-06-30,28.8985714286,29.329523619,28.4504763333,28.8490474762,112938.095238,25.5764574762
2008-07-31,28.9309522381,29.562857,28.3704761905,29.0399999048,138742.857143,25.791449381
2008-08-31,33.073333,33.6847618095,32.5709528095,33.302856619,120485.714286,29.5774431429
2008-09-30,36.3700003333,37.0747623333,35.1285715238,36.2204760476,163942.857143,32.1809931429
2008-10-31,28.5859090455,29.81,27.2218180455,28.3749999545,196736.363636,25.2423232273
2008-11-30,26.1721051579,27.0963156316,25.1910526842,25.8642102632,155663.157895,23.0087315789
2008-12-31,24.6200000909,25.6800002273,23.6163638636,24.6840910455,164881.818182,21.9734057727
2009-01-31,25.26550005,25.88100005,24.3264998,24.94500025,148850.0,22.24683085
2009-02-28,21.7026317895,22.1605264211,21.0936842105,21.57,139694.736842,19.2368868421
2009-03-31,20.697143,21.44,20.1823810476,20.8928572381,128552.380952,18.6401211905
2009-04-30,25.449524,26.2452382381,24.782381,25.6557141905,108123.809524,22.9349758571
2009-05-31,27.3921054737,28.0215787895,26.6499998421,27.3857894737,121342.105263,24.4815800526
2009-06-30,35.0581817273,35.5218183636,34.3422727273,34.9681818182,140186.363636,31.2719232273
2009-07-31,30.7218180455,31.3095454545,29.9045455,30.5054543636,210836.363636,27.3177145
2009-08-31,25.963,26.23600005,25.48350015,25.81300005,118160.0,23.11560935
2009-09-30,26.1023810952,26.4804761905,25.6857144286,26.1204761905,116476.190476,23.4058068095
2009-10-31,26.6090477143,27.041428619,26.227143,26.6128570952,110309.52381,23.8856795238
2009-11-30,27.24999995,27.7839998,26.75449975,27.3310001,92435.0,24.53023015
2009-12-31,28.6518182727,28.9936363182,28.159091,28.5695455,80831.8181818,25.6591604545
2010-01-31,28.4472223333,28.763889,27.9238887778,28.3161108889,101105.555556,25.4675405
2010-02-28,27.4063158421,27.7010527368,27.0236842105,27.4752631053,90505.2631579,24.7112810526
2010-03-31,31.764783,32.2065218261,31.4204347826,31.9060871304,72482.6086957,28.7033691304
2010-04-30,32.9004997,33.39150005,32.40900005,32.9559998,84640.0,29.6970673
2010-05-31,30.4080003,31.04700015,29.59149995,30.4139999,85815.0,27.406439
2010-06-30,29.0254545909,29.4827274545,28.4840908636,28.9486365,81840.9090909,26.0883734091
2010-07-31,28.8276190476,29.3395239524,28.2947619048,28.9204764762,49909.5238095,26.1152022381
2010-08-31,30.0463635909,30.5322728636,29.5913637273,30.0745453636,84531.8181818,27.1573268636
2010-09-30,30.63699985,31.0989999,30.1639998,30.7409999,61750.0,27.7645176
2010-10-31,33.2866666667,33.6538095238,32.7928574286,33.2476191429,47042.8571429,30.0782800476
2010-11-30,34.95199985,35.36399985,34.5224997,35.09200005,59955.0,31.74684485
2010-12-31,38.8395453636,39.2727270909,38.3759087727,38.8113634091,66427.2727273,35.1189379091
2011-01-31,37.3704998,37.88050025,36.6575001,37.17749985,81030.0,33.68456835
2011-02-28,38.7257888947,39.446316,38.1578944737,38.9594736842,79584.2105263,35.2990787895
2011-03-31,35.3178261739,35.713478087,34.8699997391,35.2234781739,60804.3478261,31.9212736522
2011-04-30,35.0115788947,35.2921057895,34.6521050526,35.0010525789,52315.7894737,31.7672657368
2011-05-31,33.4233332381,33.903333381,33.0733330952,33.415237619,78480.952381,30.3279659048
2011-06-30,30.5100000455,30.9504546364,30.128182,30.4863636818,65968.1818182,27.6756177727
2011-07-31,31.0073682105,31.335789,30.5610525263,30.8721054211,73994.7368421,28.0851317368
2011-08-31,24.0495653043,24.6978261739,23.4304346087,24.0739131304,155491.304348,21.9006451739
2011-09-30,22.94899985,23.3955,22.44150005,22.89350005,85710.0,20.83581655
2011-10-31,25.0904760952,25.769047619,24.5904761429,25.360952381,70957.1428571,23.1419604762
2011-11-30,27.1571429048,27.7676190476,26.5423808571,27.1528570952,89595.2380952,24.7770797143
2011-12-31,28.3270006,28.841,27.73799995,28.2249999,63385.0,25.764721
2012-01-31,29.8829998,30.3175,29.51799995,29.9819999,58540.0,27.42420035
2012-02-29,28.8857893684,29.2457893158,28.3631578947,28.6378948947,69410.5263158,26.1947624211
2012-03-31,26.0245454545,26.3277273636,25.6763635909,25.9363635909,75345.4545455,23.7323881818
2012-04-30,23.83650015,24.1365,23.4570001,23.73700005,65425.0,21.77062775
2012-05-31,22.0619046667,22.4771429048,21.8038094762,22.1571429524,99538.0952381,20.3216460476
2012-06-30,25.6123811905,26.2033334286,25.3466667143,25.9119048571,87557.1428571,23.7762438095
2012-07-31,27.4342858095,27.7409521905,27.0314287143,27.362380619,65061.9047619,25.1695205714
2012-08-31,25.1890906818,25.6386363636,24.6990909091,25.1468180909,81886.3636364,23.1315161818
2012-09-30,26.3547371579,26.6778944211,25.98,26.3147367895,66284.2105263,24.2173247368
2012-10-31,24.59549965,24.96450015,24.2105002,24.53300005,45735.0,22.6361133
2012-11-30,23.9323808571,24.3595238095,23.612857,24.0728571429,54723.8095238,22.211548619
2012-12-31,24.9830001,25.26849995,24.5580001,24.9510001,56735.0,23.036052
2013-01-31,24.9442858095,25.2604760952,24.5361904286,24.8633331905,47114.2857143,23.0101184762
2013-02-28,24.9752631579,25.3052633158,24.6115788421,24.9610525789,51173.6842105,23.1038952105
2013-03-31,23.6499998,23.8655,23.27299995,23.5899999,35645.0,21.84548315
2013-04-30,21.4623809048,21.7633332381,21.1361904286,21.473333619,47147.6190476,19.9433029524
2013-05-31,24.3849998636,25.0422726818,24.0477276364,24.6095455,71845.4545455,22.8560518636
2013-06-30,26.35200045,26.6660003,25.71899985,26.2165001,58225.0,24.36135605
2013-07-31,27.7466667619,28.0899999524,27.368571381,27.7490475238,72209.5238095,25.8663345238
2013-08-31,28.3863635909,28.6895453636,28.1490907727,28.3963636818,66486.3636364,26.4697314091
2013-09-30,28.8436844211,29.2815787895,28.5368422632,28.9499999474,41021.0526316,27.0036007895
2013-10-31,29.8539130435,30.1704348696,29.2995651304,29.6617393913,75869.5652174,27.7304963478
2013-11-30,25.9965001,26.42549985,25.645,26.0985005,62475.0,24.39925585
2013-12-31,27.5452380476,28.0366669048,27.02,27.5923807619,46928.5714286,25.8161102857
2014-01-31,29.4857144762,29.8385714286,28.8238096667,29.2623811429,47076.1904762,27.4414879524
2014-02-28,26.6355557222,27.1722222222,26.0766663889,26.5638891667,42738.8888889,24.9109135556
2014-03-31,24.5076191905,24.9147618095,23.916666619,24.3328573333,54271.4285714,22.8307799048
2014-04-30,22.8347618571,23.263809619,22.1338096667,22.6142854286,41452.3809524,21.2872414762
2014-05-31,22.3704999,22.9459999,21.77750015,22.4110003,98060.0,21.0958854
2014-06-30,23.299047619,23.7661904762,22.8085714762,23.3180950952,89500.0,21.9681955714
2014-07-31,22.2277275455,22.6663637727,21.7931817727,22.2150000909,87259.0909091,21.0042430909
2014-08-31,21.6171427619,22.0419047619,21.2976189048,21.7342856667,66528.5714286,20.5497269524
2014-09-30,23.5333334762,23.8680952857,23.2199999048,23.5438095238,62704.7619048,22.2832750476
2014-10-31,22.435909,22.9236364091,21.8368182727,22.3968179545,78222.7272727,21.2668030909
2014-11-30,22.926842,23.3678944737,22.5131579474,23.0410525789,52942.1052632,21.8785334211
2014-12-31,23.720909,24.255,23.1736365455,23.8004542273,62813.6363636,22.6258099091
2015-01-31,22.0884212105,22.3710527368,21.6100002105,21.9842103684,56894.7368421,20.9619924737
2015-02-28,21.7626316316,22.0989471053,21.4457892105,21.8047365789,49815.7894737,20.790864
2015-03-31,21.6159090909,21.8777272727,21.3850001364,21.6122726818,52718.1818182,20.6204637273
2015-04-30,20.2200002,20.35349995,19.99400015,20.2004998,64885.0,19.353601
2015-05-31,19.79150005,20.0650001,19.6340001,19.8189996,84640.0,18.9880949
2015-06-30,21.1063636818,21.3886362273,20.8381817727,21.1009090909,56327.2727273,20.2394587727
2015-07-31,18.8838092857,19.1366669524,18.4452384762,18.6290475714,94700.0,17.9397306667
2015-08-31,15.7395238095,16.0757144286,15.4261904286,15.709047619,115661.904762,15.1277771429
2015-09-30,14.702,14.877,14.422,14.627,105765.0,14.118672
2015-10-31,15.3404545909,15.635,14.9568181818,15.2286363182,114459.090909,14.7805334545
2015-11-30,11.8505,12.22,11.629,11.8175,76655.0,11.4697697
2015-12-31,9.88863636364,10.1236363636,9.545,9.81863636364,147054.545455,9.14636472727
2016-01-31,7.73578947368,7.99947368421,7.39947368421,7.67157894737,182347.368421,7.53344073684
2016-02-29,9.96947368421,10.4636842105,9.64368421053,10.2052631579,179973.684211,10.0215021053
2016-03-31,13.6827272727,14.11,13.3195454545,13.7018181818,162704.545455,13.4701903636
2016-04-30,13.8895238095,14.2328571429,13.6219047619,13.950952381,81552.3809524,13.8103885238
2016-05-31,13.0975,13.5555,12.8495,13.1015,113480.0,12.96949485
2016-06-30,12.655,12.9995454545,12.3895454545,12.7481818182,103640.909091,12.6314426364
2016-07-31,13.576,13.859,13.318,13.602,68160.0,13.602
2016-08-31,13.33,13.8425,13.005,13.4975,74600.0,13.4975
