Date,Open,High,Low,Close,Volume,Adj Close
1993-11-30,9.96875025,10.43749525,9.750004,9.843753,809625.0,5.42454875
1993-12-31,10.3809542381,10.6309499524,10.0833348571,10.3511907619,130809.52381,5.70418038095
1994-01-31,12.833332381,13.202379,12.3809520476,12.9226188571,143014.285714,7.12120457143
1994-02-28,13.2565800526,13.697371,12.7763169474,13.3815785789,60989.4736842,7.37412115789
1994-03-31,13.6195667391,13.9728295217,13.3260856522,13.5271732174,68886.9565217,7.45435334783
1994-04-30,11.5972218889,11.9861130556,11.2916662222,11.6527772778,21333.3333333,6.42143933333
1994-05-31,11.9702371429,12.3095270952,11.8392829524,12.0892863333,25090.4761905,6.66198419048
1994-06-30,11.8181778636,12.1306815455,11.6818123636,11.9318148636,14263.6363636,6.57520681818
1994-07-31,13.11249795,13.50000225,12.9124989,13.0812498,17505.0,7.2086205
1994-08-31,13.6195653043,13.956523087,13.2173893913,13.6086948261,23526.0869565,7.49927704348
1994-09-30,14.67499855,15.0375013,14.3624981,14.67499945,41295.0,8.0868806
1994-10-31,15.5833320476,16.0297594286,15.3273817143,15.773809,121771.428571,8.69239604762
1994-11-30,17.8571424286,18.3214262857,17.4880948571,17.848212381,55914.2857143,9.83552733333
1994-12-31,17.4910733333,17.8035724762,17.202382381,17.5714287619,26971.4285714,9.68300166667
1995-01-31,16.5654796667,17.0119051905,16.3095292381,16.7172630476,23542.8571429,9.20757580952
1995-02-28,17.0230276316,17.3618432632,16.6184191053,17.1249989474,59931.5789474,9.43698984211
1995-03-31,15.9021745652,16.2336964348,15.5815217391,15.7934796522,54269.5652174,8.70323586957
1995-04-30,17.4013135263,17.7499954211,17.1250004737,17.4276304737,28973.6842105,9.60375936842
1995-05-31,18.3333295714,18.7261852381,17.9404755714,18.3571401905,24347.6190476,10.1159797143
1995-06-30,19.9318164545,20.3124995455,19.4431802727,19.9318179545,49245.4545455,10.9837296364
1995-07-31,21.07499825,21.4812462,20.66875325,21.0906256,32780.0,11.62230825
1995-08-31,25.0081505217,25.5244565217,24.5244529565,25.1385847391,45213.0434783,13.8529973913
1995-09-30,30.3552653684,31.0460543684,29.8026336316,30.4078975789,102652.631579,16.7567316842
1995-10-31,30.840909,31.5000021818,30.4886365,31.0625007727,43954.5454545,17.1174607727
1995-11-30,36.124999381,37.2380944762,35.6071401905,36.3690462381,140009.52381,20.0417130952
1995-12-31,43.93749905,44.69375045,43.0562467,43.76249825,98915.0,24.1159819
1996-01-31,32.5795463636,34.2045455909,31.8068195455,33.3750005,88481.8181818,27.5876984091
1996-02-29,45.2312496,46.4625006,43.98749995,45.21874975,307980.0,37.3777142
1996-03-31,39.6500013,40.5750019,38.75000095,39.6703131,212920.0,32.79138925
1996-04-30,33.6190476667,34.6666676667,32.928571619,33.8095221905,179252.380952,27.9468730952
1996-05-31,38.0454545909,39.3181825455,36.9318176818,38.4261364545,307022.727273,31.7629557273
1996-06-30,41.6578934737,42.7565803158,40.2828942105,41.5065774737,201415.789474,34.309241
1996-07-31,30.3977279091,31.2727266364,29.1619320909,30.2500010909,133527.272727,25.004581
1996-08-31,28.2329545,29.3181821818,27.3522736818,28.5028413182,346745.454545,23.5603827727
1996-09-30,36.7368417368,37.6578947895,36.0657897895,36.9802636842,137473.684211,30.5678005263
1996-10-31,33.0380447826,33.6467395217,31.673913913,32.3750002609,154952.173913,26.7611005217
1996-11-30,30.8937491,31.86874875,30.2062488,31.0968754,175765.0,25.70460535
1996-12-31,31.214285,32.0833335714,30.3869040476,31.1250006667,96595.2380952,25.727853619
1997-01-31,29.3928574286,29.9583332857,28.6071433333,29.324404619,88914.2857143,24.2394852381
1997-02-28,29.7697358947,29.94079,29.25,29.5526321053,98605.2631579,24.4281374737
1997-03-31,23.96875055,24.22499995,23.3749998,23.77500015,73775.0,19.65236025
1997-04-30,22.2329544091,22.4772724091,21.630683,21.982955,55381.8181818,18.1699214091
1997-05-31,21.5892857143,22.3630951905,21.1904758571,21.9761909048,124009.52381,18.1654687143
1997-06-30,26.9702377619,27.4672621429,26.589286,27.0714288571,66852.3809524,22.3771807143
1997-07-31,32.1190471429,32.5357148095,31.7351184286,32.1964279524,96223.8095238,26.6134931429
1997-08-31,34.2916661429,34.6666671905,33.907737,34.3303565714,64485.7142857,28.3773935238
1997-09-30,36.8630957143,37.3363087143,36.5684531905,37.0208325238,113080.952381,30.6013345238
1997-10-31,39.0568192727,39.7357938182,38.508523,39.1335223182,100422.727273,32.3476792273
1997-11-30,38.5394744211,39.0032892105,37.9506589474,38.3914463158,92631.5789474,31.7342808421
1997-12-31,38.3551136818,38.7187494545,37.7571025455,38.2386367273,66304.5454545,31.6079689091
1998-01-31,30.5921056316,31.2565789474,30.1480282105,30.7072369474,102263.157895,33.8837079474
1998-02-28,30.213816,30.6480277895,29.651316,30.2171058947,88631.5789474,37.4660846842
1998-03-31,27.235794,27.6846583636,26.8096598182,27.2698870909,67659.0909091,33.8118385
1998-04-30,27.7687494,28.234374,27.2874996,27.6968742,60525.0,34.34125825
1998-05-31,24.7937503,25.0281246,24.2906249,24.653126,106815.0,30.5673255
1998-06-30,21.9226186667,22.1220241905,21.574404381,21.7916664762,68947.6190476,27.019411619
1998-07-31,21.4034096364,21.6676136364,21.1193181818,21.3806816364,60431.8181818,26.509833
1998-08-31,18.9315475238,19.235118381,18.3005953333,18.6398813333,55323.8095238,23.1115242381
1998-09-30,13.6666670476,13.952381619,13.3095233333,13.5416661905,76171.4285714,16.7902649048
1998-10-31,13.098214,13.6071428571,12.747023619,13.2559524762,59085.7142857,16.4360095714
1998-11-30,18.3875005,18.7593747,18.0843747,18.5031248,50565.0,22.9419602
1998-12-31,21.0369317273,21.4545457273,20.5852271818,20.8551139091,130454.545455,25.8581835455
1999-01-31,19.4027782222,19.7395833333,19.1458326667,19.3958326667,119566.666667,24.0488254444
1999-02-28,15.4473676842,15.6282895789,14.7730266316,15.0624995789,128642.105263,18.6759407895
1999-03-31,12.5135864348,12.7065223478,12.2092392174,12.4510868696,132369.565217,15.4380593913
1999-04-30,13.4125001,13.8625004,13.2093756,13.5562503,91930.0,16.80834775
1999-05-31,13.1937508,13.4093749,12.9906251,13.1750002,84280.0,16.3356372
1999-06-30,14.4261359091,14.6136364545,14.2883522727,14.4602270909,67431.8181818,17.9291854545
1999-07-31,17.8812499,18.3406246,17.5593753,17.9937502,87790.0,22.3103886
1999-08-31,20.0397726364,20.4857952727,19.5227270909,20.0596586364,111381.818182,24.8719011364
1999-09-30,22.5625008571,22.9464279048,22.2202387619,22.5684527619,108119.047619,27.9825464762
1999-10-31,21.7656251,22.0375001,21.0750003,21.5031251,126395.0,26.66165025
1999-11-30,20.502976381,21.0178575238,20.2559524762,20.6577381905,84485.7142857,25.6134580476
1999-12-31,21.7585227273,22.0681821818,21.3636356364,21.6754258636,112363.636364,26.8752853636
2000-01-31,24.4312497,25.1843754,23.8562506,24.3687505,131920.0,30.21472945
2000-02-29,25.6656252,26.3312496,25.1562517,25.6656241,130610.0,31.82271845
2000-03-31,31.0823863636,33.1931814545,30.1789777273,31.7414777273,424700.0,39.3561482273
2000-04-30,29.733552,30.6743418947,28.6447357895,29.7072372632,154068.421053,36.8339004737
2000-05-31,30.1647725455,30.7130678182,29.0113630909,29.7954529091,111536.363636,36.9432788636
2000-06-30,31.2500011429,32.1369045714,30.6249994286,31.5148805714,110538.095238,39.0751912381
2000-07-31,36.8499996,37.9468746,35.6656248,36.7499994,222275.0,45.5661969
2000-08-31,33.9119307273,34.8352278182,33.099432,34.0426147273,168250.0,47.6162551364
2000-09-30,25.578125,26.221875,24.853125,25.509375,128260.0,47.4434785
2000-10-31,21.8863636364,22.4289772727,20.6534090909,21.8721590909,145086.363636,40.6788213182
2000-11-30,19.50625,19.853125,18.6125,19.159375,154020.0,35.63346405
2000-12-31,16.703125,17.3625,16.196875,16.828125,110450.0,31.2977008
2001-01-31,18.7679762381,19.3777381429,18.2279761905,18.9033334286,98766.6666667,35.1572661905
2001-02-28,19.8927775556,20.2755554444,19.421111,19.8511111667,97805.5555556,36.9199859444
2001-03-31,16.1709090909,16.4290908182,15.5418180455,15.9563635909,81018.1818182,29.6763599545
2001-04-30,13.5425,13.9745,13.1695,13.6075,99420.0,25.3078381
2001-05-31,14.0423809524,14.3938095238,13.6738095238,14.0923809524,130790.47619,26.2096414286
2001-06-30,14.5238095238,14.829047619,14.2895238095,14.600952381,87485.7142857,27.155505381
2001-07-31,15.5276190476,15.7395237619,15.199047619,15.5090475238,65300.0,28.8444214762
2001-08-31,14.9509090909,15.1968181818,14.5522727273,14.8663636364,62118.1818182,27.6491291364
2001-09-30,12.496,12.796,12.1073333333,12.366,59586.6666667,22.9988409333
2001-10-31,13.3404347826,13.7452173913,12.9056521739,13.4530434783,79226.0869565,25.0205728261
2001-11-30,13.309,13.5795,12.926,13.2985,60660.0,24.73314625
2001-12-31,13.8505,14.227,13.643,13.9805,105865.0,26.0015603
2002-01-31,13.7942857143,14.030952381,13.4885714286,13.7495238095,76123.8095238,25.5719804762
2002-02-28,12.1531578947,12.4078947368,11.8847368421,12.1173684211,97126.3157895,22.5364002632
2002-03-31,12.771,13.046,12.621,12.857,98270.0,23.91202455
2002-04-30,12.9395454545,13.1295454545,12.7490909091,12.8972727273,74650.0,23.9869256364
2002-05-31,12.5723809524,12.7704761905,12.2952380952,12.5104761905,99542.8571429,23.2675442857
2002-06-30,10.695,10.9,10.4445,10.638,78235.0,19.78502915
2002-07-31,8.50590909091,8.72818181818,8.10045454545,8.31954545455,134104.545455,15.4730632727
2002-08-31,6.39095238095,6.62714285714,6.14380952381,6.38523809524,79338.0952381,11.8755518571
2002-09-30,6.1605,6.3645,5.9405,6.157,72095.0,11.45106445
2002-10-31,5.37565217391,5.61782608696,5.11826086957,5.35043478261,55569.5652174,9.95097826087
2002-11-30,7.26421052632,7.61157894737,7.04315789474,7.43736842105,60210.5263158,13.8323510526
2002-12-31,6.90428571429,7.14095238095,6.63761904762,6.84333333333,69266.6666667,12.7275378571
2003-01-31,5.8919047619,5.98476190476,5.69714285714,5.81380952381,78071.4285714,10.812783381
2003-02-28,5.66055555556,5.78722222222,5.49277777778,5.64555555556,44516.6666667,10.4998572778
2003-03-31,5.61476190476,5.83333333333,5.46904761905,5.6919047619,66385.7142857,10.5860595238
2003-04-30,6.7319047619,6.83476190476,6.58142857143,6.74380952381,46190.4761905,12.5424390952
2003-05-31,6.82523809524,6.99476190476,6.65523809524,6.87095238095,51442.8571429,12.2402300476
2003-06-30,7.7980952381,8.03,7.55714285714,7.77571428571,71447.6190476,14.4616219048
2003-07-31,6.495,6.58318181818,6.32409090909,6.42409090909,298709.090909,11.9478120909
2003-08-31,6.369,6.5415,6.233,6.3975,118770.0,11.8983571
2003-09-30,7.99333333333,8.20142857143,7.84238095238,8.05047619048,212376.190476,14.9726361905
2003-10-31,9.05608695652,9.25,8.90173913043,9.12173913043,232830.434783,16.9650192174
2003-11-30,9.92444444444,10.1705555556,9.80611111111,10.0338888889,164450.0,18.6614762778
2003-12-31,9.69636363636,9.81909090909,9.50727272727,9.65545454545,161245.454545,17.9576467273
2004-01-31,10.3595,10.571,10.1715,10.353,146465.0,19.2549731
2004-02-29,9.89777777778,10.1088888889,9.72166666667,9.93111111111,173183.333333,18.4703255
2004-03-31,9.40913043478,9.56,9.22217391304,9.37869565217,223017.391304,17.4429184348
2004-04-30,9.19476190476,9.32714285714,9.00904761905,9.13619047619,147819.047619,16.9918961905
2004-05-31,8.35210526316,8.49263157895,8.17842105263,8.33526315789,130878.947368,15.5022961053
2004-06-30,9.15571428571,9.33476190476,9.05761904762,9.24047619048,160723.809524,17.1858518095
2004-07-31,15.4385715238,15.6100000476,15.163333381,15.386666619,197466.666667,18.9398621429
2004-08-31,19.5771428571,19.8461904286,19.3695240476,19.6500002857,143190.47619,18.2729754286
2004-09-30,21.110952381,21.411428619,20.924762,21.2152379524,191714.285714,19.7558971905
2004-10-31,21.79799995,22.05950005,21.5194999,21.79099995,262755.0,20.31211695
2004-11-30,23.1176188095,23.4328570476,22.836190381,23.1933336667,216838.095238,21.619279
2004-12-31,23.2299998636,23.5486363636,22.9345452727,23.2350001364,165709.090909,21.6861850455
2005-01-31,20.8673683158,21.2184210526,20.4773685263,20.7073683158,215047.368421,19.3440803158
2005-02-28,20.9684211053,21.396842,20.8126315789,21.2136843158,316352.631579,19.8170625263
2005-03-31,23.4322725455,23.6445452273,23.0990910455,23.3395455,312131.818182,21.8377908182
2005-04-30,21.5800002857,21.7490474762,21.0476190476,21.3666664286,344380.952381,20.0016610952
2005-05-31,18.7700001429,19.0185713333,18.6095237619,18.8238095714,321676.190476,17.621254381
2005-06-30,20.6072728636,20.815,20.4136364545,20.6513638182,246313.636364,19.3802165455
2005-07-31,21.76300005,21.9805,21.56350015,21.83850015,171920.0,20.49344255
2005-08-31,21.3560870435,21.5708693913,21.0543479565,21.3334781304,216626.086957,20.0203447391
2005-09-30,20.57149985,20.69,20.33850005,20.50049985,226830.0,19.2658123
2005-10-31,19.3338094762,19.5542857619,19.0638094286,19.3052382381,267028.571429,18.1603534286
2005-11-30,21.472857381,21.8195235238,21.3352379048,21.6152381429,280776.190476,20.3333604762
2005-12-31,24.796,25.08750005,24.5800001,24.86200005,354045.0,23.4088982
2006-01-31,25.5679999,25.80800025,25.37349985,25.67450015,296675.0,24.20050415
2006-02-28,26.1794446111,26.4466667222,25.7338892222,26.0738887778,333527.777778,24.5769633889
2006-03-31,26.6708696957,26.9430433913,26.3786957391,26.7408699565,204117.391304,25.2367316087
2006-04-30,27.0578946316,27.506842,26.7642107895,27.2410526316,339300.0,25.7254404211
2006-05-31,31.1128571429,31.5723807619,30.7299999048,31.1638094762,323714.285714,29.429946619
2006-06-30,30.7477275909,31.2518184091,30.2027274545,30.7413635455,422663.636364,29.0680412727
2006-07-31,30.9589471579,31.4410525263,30.3278950526,30.7642107368,318131.578947,29.0984043158
2006-08-31,32.1591304783,32.6678261304,31.6713046522,32.2447824783,261100.0,30.4988067391
2006-09-30,37.2410005,37.7799997,36.8215002,37.37199995,383725.0,35.3832981
2006-10-31,39.4471429524,39.843333381,38.7552381429,39.2623814286,562114.285714,37.1880850476
2006-11-30,38.2709520476,38.726667,37.8947617619,38.3161900476,371052.380952,36.2918825714
2006-12-31,39.2310003,39.6805004,38.8429997,39.20050025,278460.0,37.1647389
2007-01-31,40.5530001,41.2475003,40.00049945,40.80400025,576470.0,38.69736435
2007-02-28,46.3078949474,46.9542105263,45.8036845263,46.4884212632,505715.789474,44.0883089474
2007-03-31,52.0814285238,53.0204762857,51.4900000476,52.3900001429,663957.142857,49.7176237619
2007-04-30,56.31000025,56.9015,55.72850015,56.38100035,553660.0,53.5213204
2007-05-31,57.7414284286,58.4623810476,56.8461907619,57.7704762857,657028.571429,54.8403211429
2007-06-30,56.603333381,57.3423811429,55.8028569524,56.4666666667,474423.809524,53.642724
2007-07-31,57.15100015,58.02649995,56.207,56.96599995,471885.0,54.1240183
2007-08-31,48.7334784348,50.0500006087,47.1739126522,48.5091301739,878095.652174,46.0890538696
2007-09-30,48.3915793158,49.2889472632,47.3321048947,48.2963158947,493910.526316,45.9198575789
2007-10-31,54.8886958261,56.0421738261,53.8726086957,55.2773911739,738121.73913,52.5748052174
2007-11-30,50.095238,50.7609520952,48.8052380476,49.6304759524,654728.571429,47.2039771429
2007-12-31,46.8457901053,47.7736844211,46.023684,46.955263,769826.315789,44.688153
2008-01-31,40.2628568571,41.4085715238,39.1947618571,40.2671427143,865600.0,38.3379545238
2008-02-29,41.7478944211,42.6563160526,40.846842,41.6421057368,593157.894737,39.6470433158
2008-03-31,36.21150005,36.8369999,35.27700025,36.0154999,697595.0,34.3234507
2008-04-30,36.6409090909,37.3813635455,35.6445457727,36.6586365455,692636.363636,34.9521755455
2008-05-31,37.03700015,37.9800002,36.5815001,37.44450025,607800.0,35.70145745
2008-06-30,38.2285711905,38.8476192381,37.324286,37.900476,755933.333333,36.1691092857
2008-07-31,33.5014282857,34.4966662857,32.4395240476,33.5390476667,880614.285714,32.0172055714
2008-08-31,38.4542855238,39.1823809524,37.802381,38.513333381,568814.285714,36.7657822857
2008-09-30,33.69499995,34.64799995,32.45400005,33.4584998,718125.0,31.96857505
2008-10-31,23.1082607391,24.3860866087,21.5191304783,22.9173913913,949678.26087,21.9084708261
2008-11-30,16.7688888333,17.5544445556,15.8777776111,16.6105556111,623116.666667,15.8792885556
2008-12-31,18.4972726818,19.4627273182,17.6527272727,18.6504545455,571854.545455,17.8601119091
2009-01-31,16.89700005,17.2774998,16.1580002,16.689,645580.0,16.00007255
2009-02-28,13.1094444444,13.5844444444,12.5738888889,13.0283333333,518994.444444,12.4905195
2009-03-31,10.7981818182,11.3445454545,10.4104545455,10.8636363636,655209.090909,10.4543483182
2009-04-30,14.64,15.35949995,14.14349995,14.876,492450.0,14.3387561
2009-05-31,17.51349975,18.2034999,16.95150025,17.62850015,557250.0,16.99185015
2009-06-30,18.4604546364,18.8495455,17.8895453182,18.3722725909,403013.636364,17.7385407727
2009-07-31,17.7640908182,18.2859089545,17.3790908182,17.8850001364,364054.545455,17.2833567727
2009-08-31,20.2566666667,20.7180950476,19.8247618095,20.3709521429,271123.809524,19.6856839048
2009-09-30,22.412,22.872,21.97899995,22.47700005,291390.0,21.7511312
2009-10-31,25.1472725909,25.6568183636,24.6527275909,25.0890908182,450700.0,24.2992247727
2009-11-30,23.46150015,23.86249985,23.03349995,23.42850005,332295.0,22.69091325
2009-12-31,22.8157140476,23.1004762381,22.4771429048,22.7238093333,292304.761905,22.0379013333
2010-01-31,24.2373684737,24.7026317368,23.914737,24.296316,319947.368421,23.5825416842
2010-02-28,21.8157895789,22.0594736842,21.3868418947,21.7447368421,330494.736842,20.1291975789
2010-03-31,24.3743479565,24.877826,24.1882607826,24.6573913478,289147.826087,23.9592848261
2010-04-30,28.8028568095,29.2319048571,28.2904762381,28.7957142381,226995.238095,28.0068674286
2010-05-31,26.7194736842,27.2952632105,26.0042107368,26.6552633684,383784.210526,25.9275249474
2010-06-30,25.3981819091,25.8031818636,24.8513636818,25.1936363182,320750.0,24.5491488636
2010-07-31,23.8530001,24.36850005,23.4075001,23.98050015,240795.0,23.3670463
2010-08-31,23.4377272727,23.7936365,23.0386365,23.4336364091,220031.818182,22.834172
2010-09-30,24.9499998571,25.4400000476,24.5800000952,25.0671426667,212890.47619,24.4601660952
2010-10-31,27.863,28.24299975,27.47450025,27.8575001,212475.0,27.20088215
2010-11-30,31.2409526667,31.8680949524,30.9114289048,31.542381,244385.714286,30.7989082857
2010-12-31,37.0666669524,37.5628573333,36.6895237619,37.161905,206890.47619,36.3145538571
2011-01-31,36.1999997,36.6100007,35.5499994,36.07750035,286910.0,35.27504705
2011-02-28,38.1847375263,38.8105265789,37.7984210526,38.2768418421,321321.052632,37.4254697895
2011-03-31,35.8056523478,36.30087,35.3017392609,35.823478,233473.913043,35.0586244348
2011-04-30,37.73900015,38.1269995,37.2284996,37.72650055,177785.0,36.93932265
2011-05-31,37.15750005,37.6379999,36.59750005,37.15899995,244185.0,36.3861326
2011-06-30,32.9850000455,33.4340906818,32.5527273636,32.9581819545,249268.181818,32.3157837273
2011-07-31,36.25900015,36.8224999,35.7884998,36.3019996,246525.0,35.594426
2011-08-31,30.4863637727,31.2059089091,29.5486365909,30.4049998636,398218.181818,29.8146134545
2011-09-30,28.8261903333,29.4109520952,28.0523807143,28.6852380952,307042.857143,28.1725984762
2011-10-31,28.586667,29.4380955714,28.0023807619,28.8299999048,392500.0,28.2853702381
2011-11-30,32.227619381,32.6457144286,31.5561903333,32.2038094286,270238.095238,31.6282886667
2011-12-31,33.1730002,33.69399995,32.5955,33.10249995,251265.0,32.55566755
2012-01-31,37.63200005,38.24850015,37.2534997,37.90849985,269995.0,37.2879221
2012-02-29,39.68850015,40.2085003,39.15749985,39.7079999,337340.0,39.05796345
2012-03-31,38.980476381,39.3304762857,38.4814284762,38.8447615238,301219.047619,38.2396747143
2012-04-30,35.4550001,35.7889998,34.95850035,35.36200025,322395.0,34.8280846
2012-05-31,33.3790474286,33.8195233333,32.8533332857,33.3552375714,316980.952381,32.8516212857
2012-06-30,31.8295235238,32.3528574286,31.438571619,31.8728571905,300776.190476,31.4257208571
2012-07-31,32.9190476667,33.3647621429,32.4038094286,32.9338097143,215928.571429,32.4887211429
2012-08-31,34.7113048696,35.1743478261,34.343913087,34.7278262174,215091.304348,34.2548803913
2012-09-30,38.0326310526,38.5942108947,37.6021052105,38.1342103158,276947.368421,37.6498986842
2012-10-31,37.14600015,37.51550035,36.6080002,37.06949995,161370.0,36.61584035
2012-11-30,36.0528569524,36.6285714286,35.5471427619,36.0628570952,277761.904762,35.6215167143
2012-12-31,41.6539999,42.22200035,41.2470002,41.9179999,340120.0,41.450906
2013-01-31,46.9357141429,47.3971428095,46.5147621905,47.1371433333,308290.47619,46.6204928095
2013-02-28,49.5463158947,50.0431582105,49.0878946316,49.5500002105,283473.684211,49.0069035263
2013-03-31,51.65900015,52.1044999,51.05800015,51.73900035,272640.0,51.1989268
2013-04-30,48.281818,48.7636362727,47.5127273182,48.1859091364,236009.090909,47.7032807727
2013-05-31,52.833182,53.4936359545,52.3418178182,53.0204547727,310809.090909,52.4893699091
2013-06-30,51.22300045,51.7084996,50.534,51.035,303200.0,50.55574585
2013-07-31,55.3022724091,55.9190912273,54.8736363636,55.5840912273,166000.0,55.0813427273
2013-08-31,57.7480955238,58.3209522857,56.9380954286,57.6690475714,222738.095238,57.1474410476
2013-09-30,62.6759998,63.3710001,62.17600025,62.88700085,262800.0,62.35089245
2013-10-31,66.2368182727,66.9804543636,65.6409090455,66.4213630909,229377.272727,65.8726427273
2013-11-30,67.33050005,68.0520001,66.8160004,67.4294998,178875.0,66.8724512
2013-12-31,69.1995007,69.9829997,68.49499965,69.2414998,201520.0,68.7005638
2014-01-31,68.429524381,69.0076199524,67.6471434762,68.2399994286,244457.142857,67.7268249048
2014-02-28,68.0078953684,69.0468415263,67.4468423684,68.3973682632,241405.263158,67.8830104737
2014-03-31,71.7833332381,72.4100001905,70.8833334762,71.5399994286,279833.333333,71.0290006667
2014-04-30,73.2923809524,74.0957144286,72.4533335714,73.3095238571,216519.047619,72.8093850952
2014-05-31,70.8138089048,71.4590479524,70.0323802857,70.7961901905,318623.809524,70.3131979048
2014-06-30,75.6161905238,76.4742860952,75.0923810952,76.0238099524,536633.333333,75.5356958095
2014-07-31,76.3904767143,76.9790474286,75.4619049524,76.066666381,298657.142857,75.596797381
2014-08-31,70.794761619,71.3642847143,70.2119049524,70.916666619,273709.52381,70.478609619
2014-09-30,70.66100035,71.1415002,69.6760002,70.23749965,260455.0,69.83691315
2014-10-31,63.1247823913,64.1343480435,62.2899997826,63.3582612174,342160.869565,63.0104957391
2014-11-30,71.9310523684,72.5573686316,71.3399996316,71.9636845263,183300.0,71.5686849474
2014-12-31,77.9171432857,79.0138092857,77.1461912857,77.895714619,427376.190476,77.5017308095
2015-01-31,81.6525005,82.6420002,80.59550055,81.7760006,387015.0,81.3788776
2015-02-28,86.8036843684,87.6578943158,86.0505266842,87.0978947368,258126.315789,86.6749264211
2015-03-31,88.9659094091,89.9731815909,88.0659089545,89.2713626818,317804.545455,88.8662825455
2015-04-30,93.3766664286,94.1123806667,92.220475619,93.0866659048,251561.904762,92.6882574286
2015-05-31,84.9834995,85.81599955,84.2410003,85.0880001,284860.0,84.72382595
2015-06-30,84.9331829091,85.4718181818,84.1413634545,84.7800005455,219950.0,84.4464134545
2015-07-31,73.5900001364,74.2968175909,71.8372727727,72.8804538636,498800.0,72.6111867273
2015-08-31,54.4366667619,55.2576186667,53.3952380476,54.204761619,538109.52381,54.0044970952
2015-09-30,49.2915,49.964,48.50550035,49.1375,357410.0,48.98757125
2015-10-31,51.3909088182,52.6495459091,50.6340906818,52.0777269545,266750.0,51.9370408182
2015-11-30,62.3784208947,63.227369,61.7010525263,62.5078948421,226136.842105,62.3390322105
2015-12-31,51.7168179545,52.3309089091,50.4327270909,51.0686364545,322754.545455,50.9592935455
2016-01-31,41.4188885,42.306667,40.2372222222,41.1916668889,396000.0,41.1224273333
2016-02-29,46.66899985,48.2824994,45.8165003,47.2535003,444040.0,47.1740715
2016-03-31,57.6871432857,58.8747615238,56.7819041905,58.1333332857,378028.571429,58.0649907619
2016-04-30,63.0214279048,63.8819044762,62.2047616667,63.1123809048,241757.142857,63.0614199524
2016-05-31,61.8090478571,62.971904381,60.8500002381,61.7914287619,272547.619048,61.7415342857
2016-06-30,62.4814287619,63.3004764762,61.2552375714,62.4457140952,296590.47619,62.4257927143
2016-07-31,67.90149965,69.0835001,67.2080004,68.4595001,652550.0,68.4595001
2016-08-31,71.4974995,72.19749825,70.4575005,71.022499,398100.0,71.022499
