Date,Open,High,Low,Close,Volume,Adj Close
1984-09-30,27.578125,27.8828125,27.2734375,27.625,61750.0,2.46955875
1984-10-31,27.3315217391,27.5,27.0,27.2445652174,88573.9130435,2.43554930435
1984-11-30,28.2625,28.60625,28.05,28.35625,81220.0,2.5349295
1984-12-31,27.8625,28.175,27.575,27.85,68320.0,2.48967275
1985-01-31,29.1136363636,29.3806818182,28.8977272727,29.1477272727,109145.454545,2.60568409091
1985-02-28,30.3947368421,30.6118421053,30.0657894737,30.3486842105,86547.3684211,2.71304478947
1985-03-31,29.0875,29.2625,28.85625,29.0625,57740.0,2.5980651
1985-04-30,28.7857142857,28.9404761905,28.494047619,28.7380952381,88476.1904762,2.56906490476
1985-05-31,28.3068181818,28.5852272727,28.0625,28.3409090909,63745.4545455,2.533558
1985-06-30,28.24375,28.39375,28.00625,28.2375,76900.0,2.5243138
1985-07-31,28.0170454545,28.2727272727,27.8181818182,28.0909090909,82236.3636364,2.51120909091
1985-08-31,28.8630952381,29.0833333333,28.6785714286,28.8869047619,47180.952381,2.59950709524
1985-09-30,28.6315789474,28.8092105263,28.375,28.5592105263,42231.5789474,2.58878042105
1985-10-31,27.6739130435,27.9184782609,27.375,27.6467391304,50556.5217391,2.50606843478
1985-11-30,27.3,27.5875,27.0625,27.35625,117180.0,2.4889105
1985-12-31,28.2375,28.61875,27.9625,28.35,173760.0,2.6079232
1986-01-31,29.5284090909,29.7670454545,29.2443181818,29.5170454545,68454.5454545,2.71527986364
1986-02-28,31.4736842105,31.9013157895,31.1973684211,31.7171052632,207410.526316,2.92771847368
1986-03-31,34.85,35.25,34.49375,34.9625,96200.0,3.2556709
1986-04-30,36.505952381,37.0297619048,36.2321428571,36.5833333333,132400.0,3.40660133333
1986-05-31,38.8214285714,39.1904761905,38.5297619048,38.8928571429,135847.619048,3.63056390476
1986-06-30,38.3035714286,38.5535714286,37.8452380952,38.1904761905,68095.2380952,3.59229252381
1986-07-31,35.1931818182,35.5511363636,34.5454545455,35.0284090909,142945.454545,3.29486054545
1986-08-31,33.24375,33.68125,32.81875,33.34375,194240.0,3.156428
1986-09-30,33.3095238095,33.7797619048,32.8988095238,33.3630952381,125961.904762,3.17762947619
1986-10-31,34.2445652174,34.5597826087,33.9510869565,34.2989130435,99878.2608696,3.26676034783
1986-11-30,34.7828947368,35.1644736842,34.4605263158,34.9605263158,99621.0526316,3.34027647368
1986-12-31,35.7857142857,36.0773809524,35.5297619048,35.8392857143,94038.0952381,3.45336561905
1987-01-31,37.5833333333,38.1785714286,37.1785714286,37.755952381,160552.380952,3.63804985714
1987-02-28,40.0592105263,40.5263157895,39.5789473684,40.125,150800.0,3.87627178947
1987-03-31,37.5,37.9107142857,37.005952381,37.4404761905,123676.190476,3.6435262381
1987-04-30,35.6785714286,36.0654761905,35.2142857143,35.5833333333,219161.904762,3.4627982381
1987-05-31,34.46875,34.79375,34.0125,34.34375,170840.0,3.3522595
1987-06-30,36.6420454545,36.9829545455,36.4545454545,36.7954545455,122690.909091,3.62402790909
1987-07-31,37.625,37.8928571429,37.255952381,37.5654761905,131123.809524,3.69986828571
1987-08-31,39.9404761905,40.2857142857,39.5595238095,40.0119047619,84038.0952381,3.95219852381
1987-09-30,38.3511904762,38.6011904762,37.7738095238,38.0119047619,84038.0952381,3.78072257143
1987-10-31,32.1130952381,32.7142857143,31.4107142857,31.8214285714,200819.047619,3.16500833333
1987-11-30,26.26875,26.5375,25.8,26.1125,186080.0,2.608811
1987-12-31,24.1931818182,24.7613636364,23.8636363636,24.3522727273,146309.090909,2.4594135
1988-01-31,26.375,26.7375,25.93125,26.2625,118160.0,2.6523336
1988-02-29,29.2171052632,29.6381578947,28.9934210526,29.3947368421,120631.578947,2.98162989474
1988-03-31,31.472826087,31.847826087,31.1576086957,31.4782608696,101617.391304,3.22133695652
1988-04-30,31.2125,31.4375,30.90625,31.1625,125080.0,3.1890236
1988-05-31,29.244047619,29.5416666667,29.0178571429,29.3333333333,89942.8571429,3.01399880952
1988-06-30,32.5892857143,33.1011904762,32.2619047619,32.6845238095,163504.761905,3.39135685714
1988-07-31,32.9375,33.1375,32.5375,32.7875,75220.0,3.40204175
1988-08-31,30.3097826087,30.5,29.8967391304,30.1141304348,68573.9130435,3.1392663913
1988-09-30,29.5119047619,29.7738095238,29.2738095238,29.5357142857,56571.4285714,3.10749742857
1988-10-31,29.45625,29.68125,29.04375,29.41875,145300.0,3.0951913
1988-11-30,28.1547619048,28.3511904762,27.9285714286,28.1607142857,94038.0952381,2.97874433333
1988-12-31,27.7083333333,27.9880952381,27.505952381,27.7261904762,122114.285714,2.95863919048
1989-01-31,28.755952381,28.9464285714,28.3630952381,28.6666666667,212476.190476,3.05899671429
1989-02-28,28.0208333333,28.3194444444,27.6736111111,28.0347222222,226200.0,2.99633038889
1989-03-31,27.7159090909,27.8977272727,27.4147727273,27.625,74309.0909091,2.9898035
1989-04-30,26.49375,26.5875,26.20625,26.4,184100.0,2.85722405
1989-05-31,27.3693181818,27.7613636364,27.1022727273,27.4943181818,295563.636364,2.98949068182
1989-06-30,26.7797619048,27.005952381,26.4880952381,26.744047619,187942.857143,2.93566185714
1989-07-31,26.16875,26.36875,25.925,26.19375,192040.0,2.87525655
1989-08-31,27.9619565217,28.1902173913,27.6684782609,27.9782608696,155826.086957,3.08797604348
1989-09-30,27.9,28.10625,27.69375,27.90625,146120.0,3.10626605
1989-10-31,28.6904761905,28.9880952381,28.5119047619,28.7678571429,227866.666667,3.20217209524
1989-11-30,27.375,27.5357142857,27.1607142857,27.3095238095,135619.047619,3.04839480952
1989-12-31,25.675,25.88125,25.39375,25.68125,150860.0,2.9030484
1990-01-31,27.8806818182,28.375,27.5113636364,27.9545454545,257945.454545,3.16002513636
1990-02-28,28.6458333333,29.0486111111,28.2777777778,28.6875,149644.444444,3.25081283333
1990-03-31,29.6420454545,29.9318181818,29.3352272727,29.6534090909,105218.181818,3.40109195455
1990-04-30,31.35,31.73125,31.025,31.4,242740.0,3.60141675
1990-05-31,32.3352272727,32.7329545455,32.1306818182,32.4886363636,154127.272727,3.74334936364
1990-06-30,32.65,32.85625,32.35625,32.60625,111220.0,3.7856541
1990-07-31,32.1666666667,32.5,31.869047619,32.2678571429,116495.238095,3.746366
1990-08-31,26.7554347826,27.0815217391,26.2608695652,26.5326086957,146434.782609,3.10029873913
1990-09-30,24.9652777778,25.1875,24.5972222222,24.8541666667,93800.0,2.93070877778
1990-10-31,22.8532608696,23.2119565217,22.4347826087,22.7173913043,100104.347826,2.67874834783
1990-11-30,24.9345238095,25.3630952381,24.7619047619,25.1845238095,90133.3333333,2.98094738095
1990-12-31,25.51875,25.825,25.13125,25.5625,76980.0,3.0606501
1991-01-31,26.6534090909,27.1704545455,26.3863636364,26.8409090909,180927.272727,3.21367431818
1991-02-28,30.1907894737,30.625,29.8223684211,30.2828947368,138484.210526,3.63564457895
1991-03-31,29.46875,29.85625,29.11875,29.53125,134520.0,3.58224635
1991-04-30,29.6904761905,29.9583333333,29.380952381,29.7380952381,150552.380952,3.60733738095
1991-05-31,31.3806818182,31.7329545455,31.1335218636,31.5170454545,180454.545455,3.83433395455
1991-06-30,31.91875,32.41875,31.65,31.925,207700.0,3.9220283
1991-07-31,34.6988636364,35.1590909091,34.5511363636,34.9318181818,176345.454545,4.29142009091
1991-08-31,37.5738636364,38.0340909091,37.2329545455,37.7045454545,213981.818182,4.654518
1991-09-30,37.3,37.60625,37.0125,37.25625,135820.0,4.6255096
1991-10-31,39.4239130435,39.8695652174,39.1141304348,39.6467391304,155600.0,4.92229808696
1991-11-30,41.9868421053,42.3223684211,41.5328947368,42.0065789474,181031.578947,5.22855936842
1991-12-31,40.369047619,40.755952381,39.880952381,40.5238095238,147428.571429,5.08075790476
1992-01-31,44.7443181818,45.2784090909,44.4090909091,44.9318181818,232436.363636,5.63342122727
1992-02-29,50.1776315789,50.6447368421,49.7960526316,50.3092105263,202357.894737,6.32103384211
1992-03-31,52.505952381,52.9642857143,52.1726190476,52.625,148647.619048,6.64961804762
1992-04-30,50.6369047619,51.0,50.0773809524,50.4702380952,240476.190476,6.37734547619
1992-05-31,48.175,48.55,47.675,48.06875,207200.0,6.0839771
1992-06-30,45.8035714286,46.1488095238,45.4880952381,45.7916666667,151009.52381,5.83583419048
1992-07-31,47.4204545455,47.8295454545,47.1079545455,47.5852272727,102018.181818,6.06441122727
1992-08-31,45.5,45.7619047619,45.0773809524,45.3869047619,130095.238095,5.7994412381
1992-09-30,44.85,45.3625,44.61875,45.075,146960.0,5.8003433
1992-10-31,47.5454545455,47.8579545455,47.1818181818,47.5511363636,131800.0,6.11897759091
1992-11-30,49.65625,50.075,49.48125,49.84375,87880.0,6.4278775
1992-12-31,48.8579545455,49.1079545455,48.4659090909,48.6704545455,167218.181818,6.31660877273
1993-01-31,53.0065789474,53.6842105263,52.8486842105,53.4013157895,210547.368421,6.93059510526
1993-02-28,61.5131578947,62.2697368421,60.9539473684,61.6644736842,211831.578947,8.01769478947
1993-03-31,64.777173913,65.4076086957,64.4456521739,65.0326086957,177791.304348,8.49853752174
1993-04-30,65.5476190476,66.2142857143,64.6607142857,65.2797619048,187200.0,8.52964738095
1993-05-31,63.33125,64.125,62.925,63.46875,120440.0,8.30858275
1993-06-30,63.3920454545,64.0340909091,62.9204545455,63.4659090909,132327.272727,8.35121381818
1993-07-31,66.8375,67.28125,66.5125,66.9875,152820.0,8.81460525
1993-08-31,77.3409090909,78.1875,76.7386363636,77.6590909091,293454.545455,10.2375800909
1993-09-30,80.2321428571,81.0238095238,79.7976190476,80.4107142857,216095.238095,10.6405509524
1993-10-31,86.38125,87.28125,85.9125,86.44375,203480.0,11.43888765
1993-11-30,83.630952381,84.1845238095,82.7797619048,83.2202380952,176266.666667,11.0287990952
1993-12-31,82.5909090909,83.1420454545,82.0795454545,82.6079545455,145818.181818,10.9900081364
1994-01-31,84.0833333333,84.6964285714,83.4761904762,84.0714285714,281580.952381,11.1847059048
1994-02-28,84.5065789474,85.1644736842,83.8947368421,84.5723684211,233747.368421,11.2695576316
1994-03-31,86.6304347826,87.3423913043,86.1630434783,86.6684782609,150313.043478,11.5938933913
1994-04-30,84.2302631579,85.0526315789,83.5065789474,84.1710526316,177852.631579,11.2598053158
1994-05-31,81.14375,81.5375,80.23125,80.79375,174420.0,10.82591325
1994-06-30,72.2443181818,72.7386363636,71.4545454545,71.8977272727,214981.818182,9.67272968182
1994-07-31,70.3,71.1125,69.66875,70.48125,208840.0,9.48216455
1994-08-31,75.6477272727,76.2329545455,75.1136363636,75.7443181818,322400.0,10.2129099091
1994-09-30,74.5892857143,74.9821428571,73.9345238095,74.2619047619,180704.761905,10.0525520476
1994-10-31,69.2023809524,69.9285714286,68.6011904762,69.1428571429,331809.52381,9.35960585714
1994-11-30,49.9285714286,50.3452380952,49.4404761905,49.6964285714,183628.571429,9.13130209524
1994-12-31,32.2797619048,32.6398809524,31.8869047619,32.2142857143,183009.52381,8.85066271429
1995-01-31,33.9166666667,34.3273809524,33.619047619,34.0119047619,212676.190476,9.34454671429
1995-02-28,36.1118421053,36.3815789474,35.8092105263,36.1118421053,172263.157895,9.94960031579
1995-03-31,35.7445652174,36.0869565217,35.4565217391,35.8315217391,162269.565217,9.91331734783
1995-04-30,36.5,36.8157894737,36.0460526316,36.3684210526,199968.421053,10.0618585263
1995-05-31,35.7840909091,36.125,35.5113636364,35.8352272727,173609.090909,9.93614472727
1995-06-30,35.3273809524,35.5119047619,35.0238095238,35.3333333333,184142.857143,9.84267166667
1995-07-31,34.5625,34.8,34.14375,34.51875,275580.0,9.61575645
1995-08-31,36.902173913,37.2663043478,36.6032608696,37.0326086957,282156.521739,10.3254923043
1995-09-30,39.25,39.59375,39.0625,39.4,180190.0,11.05137095
1995-10-31,40.0535714286,40.2321428571,39.7678571429,40.0833333333,232257.142857,11.2430402381
1995-11-30,40.7738095238,41.0297619048,40.4047619048,40.8095238095,125104.761905,11.4537306667
1995-12-31,42.31875,42.78125,42.05,42.39375,96500.0,11.9662885
1996-01-31,42.9642857143,43.4285714286,42.494047619,43.0654761905,152276.190476,12.1558937619
1996-02-29,43.7625,44.0375,43.36875,43.70625,156730.0,12.34403915
1996-03-31,43.0416666667,43.5,42.75,43.0833333333,90904.7619048,12.2338464762
1996-04-30,44.1964285714,44.7321428571,43.7857142857,44.3035714286,81895.2380952,12.5803425714
1996-05-31,43.6704545455,44.0852272727,43.2443181818,43.6306818182,121663.636364,12.3998284091
1996-06-30,42.09375,42.4,41.8125,42.05625,142850.0,12.01810245
1996-07-31,38.8579545455,39.1193181818,38.4545454545,38.75,125727.272727,11.0732999545
1996-08-31,42.4034090909,42.9090909091,42.1534090909,42.625,138136.363636,12.1945744091
1996-09-30,44.5131578947,44.7828947368,44.2171052632,44.5789473684,74147.3684211,12.8176481053
1996-10-31,42.6630434783,42.8913043478,42.1576086957,42.4619565217,89000.0,12.2089561304
1996-11-30,40.6375,41.0,40.325,40.65,144100.0,11.69584455
1996-12-31,42.06875,42.3875,41.85,42.1875,140480.0,12.2107013
1997-01-31,44.7727272727,45.1647727273,44.3806818182,44.8238636364,112754.545455,12.9737673182
1997-02-28,45.25,45.5197368421,44.8486842105,45.2105263158,106168.421053,13.0937961053
1997-03-31,45.2625,45.6375,44.95,45.325,101170.0,13.19889855
1997-04-30,45.7954545455,46.2613636364,45.4829545455,46.0170454545,255263.636364,13.3559773636
1997-05-31,50.2380952381,50.630952381,49.9583333333,50.3214285714,253200.0,14.6538868571
1997-06-30,51.5446428571,51.9970238095,51.1488095238,51.5119047619,132314.285714,15.0788589048
1997-07-31,50.3778409091,50.6505681818,50.0852272727,50.3494318182,114909.090909,14.7423891818
1997-08-31,49.265625,49.571875,48.9375,49.19375,192020.0,14.42025375
1997-09-30,48.5327380952,48.9583333333,48.2916666667,48.5833333333,100019.047619,14.3066098095
1997-10-31,50.4211956522,50.8233695652,49.8831521739,50.3858695652,137208.695652,14.837412913
1997-11-30,50.4769736842,50.8026315789,50.2631578947,50.5394736842,187326.315789,14.8886471053
1997-12-31,50.46875,50.9573863636,50.1221590909,50.4943181818,173490.909091,14.9520473182
1998-01-31,46.05,46.41875,45.6,46.003125,170730.0,13.62214445
1998-02-28,44.2916666667,44.53125,44.0,44.2743055556,152888.888889,13.1148272222
1998-03-31,44.8011363636,45.1051136364,44.5738636364,44.8721590909,185863.636364,13.371623
1998-04-30,45.0119047619,45.3511904762,44.6458333333,45.0178571429,143828.571429,13.4150399524
1998-05-31,44.909375,45.1375,44.621875,44.94375,126960.0,13.39295665
1998-06-30,40.6726190476,40.943452381,40.0416666667,40.4345238095,230323.809524,12.120364619
1998-07-31,35.9460227273,36.2159090909,35.4744318182,35.7528409091,165390.909091,10.7205517273
1998-08-31,39.1041666667,39.9553571429,38.568452381,39.244047619,310361.904762,11.7872027619
1998-09-30,39.0089285714,39.6726190476,38.5327380952,39.2916666667,241219.047619,11.3492662857
1998-10-31,43.3948863636,44.2301136364,42.8068181818,43.5994318182,309418.181818,13.1680945455
1998-11-30,49.346875,49.95,48.815625,49.55625,275210.0,14.97592695
1998-12-31,49.2083333333,49.6607142857,48.7723209048,49.1599704286,190219.047619,14.9332689048
1999-01-31,50.5197368421,51.3388157895,49.9407894737,50.7006578947,414189.473684,15.4012816842
1999-02-28,51.9407894737,52.2697368421,51.1513157895,51.6875,222231.578947,15.7102456316
1999-03-31,49.8863636364,50.5653409091,49.3863636364,49.9630681818,240836.363636,15.2667788182
1999-04-30,59.2410714286,60.8720238095,58.4970238095,59.9196428571,374647.619048,18.309122381
1999-05-31,65.36875,66.146875,64.4109371,65.178125,245160.0,19.91591085
1999-06-30,62.6488095238,63.1041666667,61.9136904762,62.3229170476,193628.571429,19.1322447143
1999-07-31,59.9970238095,60.6011904762,59.3318457619,60.0208333333,202647.619048,18.4255378095
1999-08-31,60.6755952381,61.2470238095,60.2261904762,60.7023809524,150447.619048,18.6566772381
1999-09-30,60.4375,61.1071428571,59.7321428571,60.3452380952,215295.238095,18.6155648095
1999-10-31,55.6964285714,56.6785714286,54.931547619,55.7053571429,240990.47619,17.1842338571
1999-11-30,56.5654761905,57.4196428571,55.4821428571,56.2083333333,199676.190476,17.347306619
1999-12-31,51.7727272727,52.2386363636,51.2443181818,51.7642045455,173136.363636,16.0571440455
2000-01-31,49.28125,49.87031305,48.2,48.840625,268300.0,15.15025595
2000-02-29,39.4605263158,39.8782894737,38.5625,38.8552631579,269378.947368,12.0624758947
2000-03-31,36.9456521739,38.3125,36.2173913043,37.2119565217,392869.565217,11.6445076087
2000-04-30,39.4309210526,40.2960526316,38.25,39.3322368421,300747.368421,12.3079937895
2000-05-31,39.90625,40.7443181818,39.5681818182,39.9602272727,318454.545455,12.5129095
2000-06-30,40.6392045455,41.4034090909,39.6669035909,40.3188927273,415245.454545,12.7104604091
2000-07-31,35.640625,36.33125,35.08125,35.72656195,254830.0,11.26273615
2000-08-31,40.535326087,41.5380434783,40.0407608696,40.9001356957,244269.565217,12.9279314348
2000-09-30,40.85625,41.271875,39.840625,40.70625,280430.0,12.9263087
2000-10-31,34.9801136364,35.6363636364,34.0909090909,34.9573863636,296545.454545,11.1007516364
2000-11-30,36.6875,37.26875,36.2375,36.821875,190640.0,11.702665
2000-12-31,39.771875,40.5875,39.375,40.1,173950.0,12.84011545
2001-01-31,43.3947619524,44.2460714286,42.478690381,43.5111905238,323428.571429,13.9323867619
2001-02-28,41.8394445,42.4411113333,41.1444446111,41.6788882222,207111.111111,13.3566722778
2001-03-31,40.4263636818,40.9590911818,39.7904543182,40.4204546818,371618.181818,13.0435610909
2001-04-30,40.1057896316,40.8731584211,39.2931581053,40.2842104211,686863.157895,12.9995955789
2001-05-31,41.7290908636,42.3750004091,41.1954546364,41.946818,508081.818182,13.5449773182
2001-06-30,42.6761907619,43.1852383333,41.993809619,42.723809381,209866.666667,13.883345381
2001-07-31,41.72949975,42.08349995,41.11649985,41.6775,253620.0,13.54334125
2001-08-31,39.9100002174,40.2469566522,39.4913044783,39.8691308696,197330.434783,12.9941441304
2001-09-30,33.6100004667,33.8060001333,32.6479998667,33.1059996,223413.333333,10.8414833333
2001-10-31,35.3713634091,36.1250001364,34.9831817727,35.5731817727,252809.090909,11.6494309091
2001-11-30,37.775714381,38.1395238095,37.3900001429,37.871428619,238057.142857,12.4117774762
2001-12-31,41.4452631053,42.0852630526,41.0963161579,41.6621049474,273168.421053,13.7539634211
2002-01-31,41.2709529524,41.6519043333,40.7757141429,41.2500002381,317438.095238,13.617914619
2002-02-28,42.1984211579,42.7942103158,41.9078942632,42.4142107368,310305.263158,14.0135600526
2002-03-31,46.672632,47.4147371053,46.1821053684,46.8236845263,253294.736842,15.565754
2002-04-30,43.6154544091,44.0427269545,43.0118181364,43.5172729545,323172.727273,14.4665924545
2002-05-31,41.0600002273,41.4581815,40.4781820455,40.9827275455,271981.818182,13.6337424545
2002-06-30,37.8410525789,38.4389471053,37.3626310526,37.8994733684,271842.105263,12.6981323158
2002-07-31,34.9672725909,35.4586362727,34.2113633636,34.7913638636,231327.272727,11.6567672727
2002-08-31,37.5414286667,38.1790471429,36.9766665714,37.7195239048,221447.619048,12.6839417619
2002-09-30,38.0375002,38.44000035,37.4950003,37.97699995,210050.0,12.82779185
2002-10-31,36.4477272273,37.0595453636,35.7031814545,36.3263633636,303609.090909,12.2702431818
2002-11-30,40.416,40.9140002,40.03249995,40.52249975,274280.0,13.69861655
2002-12-31,41.9866666667,42.4309522857,41.5771430476,42.0023810952,181695.238095,14.2971378571
2003-01-31,42.3689999,42.71150035,41.6995003,42.2139999,242830.0,14.3691704
2003-02-28,39.9363155263,40.3163162105,39.417368,39.7873686842,264589.473684,13.5546731579
2003-03-31,38.9819045238,39.3990478571,38.3804757619,38.9747614762,218857.142857,13.3742378095
2003-04-30,41.5505002,42.27300035,41.2185,41.7580004,371860.0,14.3293096
2003-05-31,45.8680954762,46.3195236667,45.4457145714,45.9104759524,472095.238095,15.7648506667
2003-06-30,49.30949965,49.86200015,48.9509998,49.3974997,363550.0,17.0706075
2003-07-31,52.5531817273,52.9272727727,52.1290907273,52.6354542727,326763.636364,18.189568
2003-08-31,55.6404999,56.20699985,55.2030002,55.817,392300.0,19.3352564
2003-09-30,59.0523809048,59.484761619,58.483809381,59.0142849524,336600.0,20.5123215714
2003-10-31,62.8734783043,63.4586962609,62.5099997391,63.0760873043,342556.521739,21.924132087
2003-11-30,65.3033332222,65.9833331667,64.6677787222,65.38,433111.111111,22.7375250556
2003-12-31,67.6472726364,68.0809083182,67.0531820455,67.6268185909,272618.181818,23.620143
2004-01-31,66.2415783158,66.759474,65.4042101579,65.9857884737,352273.684211,23.0469772632
2004-02-29,67.9189468421,68.389999,67.5068424211,68.0089468947,264421.052632,23.7657217895
2004-03-31,67.4060872174,68.0786966087,66.659130913,67.3334785217,239182.608696,23.6309192174
2004-04-30,69.38399965,70.2109997,68.56799905,69.3045009,273640.0,24.32265655
2004-05-31,72.07900035,73.07200015,71.2585003,72.25999985,462010.0,25.37148815
2004-06-30,84.7680008,85.97350055,84.1025002,85.2594998,914490.0,30.05300745
2004-07-31,85.4219049048,86.1347612857,84.477619,85.2509522381,377628.571429,30.0499945238
2004-08-31,75.7842852857,76.4733330952,74.3914286667,75.323333619,714304.761905,26.5859806667
2004-09-30,79.5266664762,80.3938096667,78.9995240952,79.7776183333,519295.238095,28.251698
2004-10-31,76.7071432381,77.265714,75.6652378095,76.465237619,825914.285714,27.0786824762
2004-11-30,49.2304998,49.7139998,48.85050005,49.35349975,680030.0,27.03149505
2004-12-31,40.3690909091,40.8022730909,40.0399998182,40.4622729545,397622.727273,28.7797784091
2005-01-31,38.97249995,39.24599945,38.47400015,38.75249995,366470.0,27.5632883
2005-02-28,39.3757894211,39.7347368421,39.0636838947,39.4636842632,314715.789474,28.0824971579
2005-03-31,38.2890910909,38.5427275455,37.8672728636,38.1231820909,361222.727273,27.2358691364
2005-04-30,33.9864996,34.3184992,33.5845002,33.96150015,664895.0,24.2626907
2005-05-31,34.0999996667,34.4061910476,33.7709521429,34.1276196667,439866.666667,24.392961619
2005-06-30,34.3100005714,34.6185715714,34.0171430476,34.2914280952,464976.190476,24.6209610952
2005-07-31,36.5974998,37.00899975,36.25400005,36.7225003,364585.0,26.3664508
2005-08-31,35.4069561304,35.8595654783,35.0173915652,35.3891304348,538339.130435,25.5020954783
2005-09-30,35.39899995,35.6574998,34.97349985,35.2604998,373665.0,25.4809958
2005-10-31,32.9976188571,33.4142857143,32.4752377619,32.917143,440176.190476,23.7875691429
2005-11-30,34.44850035,34.8460003,34.16250035,34.63450015,353445.0,25.0448887
2005-12-31,38.3166663333,38.6247616667,37.9576191429,38.2885714762,569371.428571,27.8425077619
2006-01-31,37.3745,37.64549985,36.7639998,37.2075004,602190.0,27.05637935
2006-02-28,35.0755553333,35.5794441667,34.6633332222,35.1850005556,423822.222222,25.6032641667
2006-03-31,34.7900002174,35.0730434348,34.4352171739,34.8082610435,321256.521739,25.4650323913
2006-04-30,35.1933336111,35.6333333889,34.5238892222,35.0733335556,530483.333333,25.6589541111
2006-05-31,34.0468179545,34.4136366364,33.5254546818,33.9413633636,409109.090909,24.8448931364
2006-06-30,31.7804541364,32.1350003182,31.2904546364,31.6709093182,515813.636364,23.3208402273
2006-07-31,28.0930003,28.40050025,27.60499995,27.92,807075.0,20.5557162
2006-08-31,27.0378260435,27.5065218261,26.6834782174,27.1252175217,642469.565217,20.0501319565
2006-09-30,28.1473683158,28.4473683684,27.8215790526,28.0931578421,713347.368421,20.8470668421
2006-10-31,27.2831819091,27.5618181818,26.9386365909,27.2809090909,851154.545455,20.2443219091
2006-11-30,25.7928571905,26.098571381,25.5323811905,25.839524,674871.428571,19.1906765238
2006-12-31,27.1250002,27.4729998,26.7920002,27.1925001,701150.0,20.3475757
2007-01-31,28.51,28.9115001,28.102,28.556,786560.0,21.36785435
2007-02-28,30.1836840526,30.4247367895,29.8073685263,30.1600000526,522763.157895,22.5844515263
2007-03-31,29.2154545,29.5295455909,28.7877272727,29.2404547273,698286.363636,22.0317525909
2007-04-30,30.42550015,30.7320002,30.0609998,30.39100015,664365.0,22.9011452
2007-05-31,31.6342856667,31.9080955714,31.2604760952,31.6823811429,572771.428571,23.8902700952
2007-06-30,31.6528568571,31.9466667619,31.2190476667,31.561904619,585280.952381,23.9479157143
2007-07-31,30.8625001,31.13650015,30.3529999,30.66200015,581945.0,23.26510395
2007-08-31,28.8939129565,29.8813045652,28.2830436522,29.118260913,1020430.43478,22.1855525652
2007-09-30,27.4426315789,27.7210526316,26.9357894737,27.1921053158,481731.578947,20.7982503158
2007-10-31,23.9650000455,24.224091,23.6013638182,23.8322726818,811263.636364,18.2284368636
2007-11-30,22.2157142857,22.511428619,21.8642858095,22.2300000476,601095.238095,17.0190640476
2007-12-31,23.15149975,23.48799975,22.7765001,23.1289998,440105.0,17.01725335
2008-01-31,19.4480952381,19.9733334286,18.9771427143,19.4685712381,1004152.38095,15.0367892381
2008-02-29,19.62850005,19.9825,19.14799985,19.5385001,635975.0,15.1071394
2008-03-31,17.7169999,17.9989998,17.3130001,17.6759998,623645.0,13.81124085
2008-04-30,16.5954542273,16.9395454545,16.3063635909,16.5563635455,1138472.72727,12.9364373636
2008-05-31,15.5210001,15.71550005,15.2675,15.46450005,685440.0,12.1008636
2008-06-30,14.1995238095,14.3833333333,13.9023809524,14.0928571429,681266.666667,11.1780563333
2008-07-31,12.9786363636,13.3172727273,12.6818181818,12.9872727273,918722.727273,10.3011379545
2008-08-31,13.9838095238,14.3847619048,13.7814285714,14.1085714286,1161814.28571,11.2478646667
2008-09-30,16.8280951429,17.5319049524,16.3628572381,16.9176192857,1167014.28571,13.6379010476
2008-10-31,14.4269564783,15.176087,13.887826087,14.4065217391,1118347.82609,11.6136149565
2008-11-30,14.0231578947,14.4921054211,13.5126315789,13.9526315789,666394.736842,11.2675997368
2008-12-31,15.2950000909,15.8827272727,14.7459091364,15.4690908636,705840.909091,12.6783421818
2009-01-31,16.5421052105,16.9294737895,15.9015790526,16.336842,830005.263158,13.389544
2009-02-28,14.0852631579,14.4436842105,13.6715789474,13.9926315789,698163.157895,11.4869601579
2009-03-31,13.9099999545,14.4245454091,13.5918180909,14.0613636818,813631.818182,11.7290486364
2009-04-30,15.47300005,15.98550005,15.05050005,15.588,1111020.0,13.00246665
2009-05-31,14.5095,14.8345,14.1955,14.523,575150.0,12.12346735
2009-06-30,15.3081818182,15.5468182273,14.9618182273,15.2290908636,523859.090909,12.7978233182
2009-07-31,15.2622726818,15.5659089545,15.0177274545,15.3781818636,504595.454545,12.9231088636
2009-08-31,17.9166668571,18.2357141905,17.5585714286,17.9138091905,523757.142857,15.0902297143
2009-09-30,19.27399995,19.65950035,18.96599995,19.3700001,404290.0,16.37757045
2009-10-31,20.3518183636,20.6422727273,19.9490909091,20.2527273182,640627.272727,17.1239269545
2009-11-30,18.94549985,19.25749985,18.64249995,18.9789999,482030.0,16.0561399
2009-12-31,19.1980953333,19.4438094762,18.898571619,19.1447620952,467476.190476,16.2816899048
2010-01-31,17.8384208421,18.0810527368,17.5015791579,17.7799999474,677800.0,15.1210258947
2010-02-28,16.8615788421,17.0636842632,16.6673683684,16.9357893684,379615.789474,14.4127886842
2010-03-31,18.9277272273,19.1859093182,18.8095452273,19.0249999545,374418.181818,16.2799389091
2010-04-30,21.8952381905,22.3752381905,21.6019049524,22.103333381,804500.0,18.9141086667
2010-05-31,22.1394738421,22.5089475263,21.6289472632,22.078421,580636.842105,18.9028908421
2010-06-30,19.8390908636,20.1340911364,19.3809091818,19.6495455455,456254.545455,16.9038950909
2010-07-31,18.0409525714,18.3923810476,17.688571381,18.0976189524,371195.238095,15.5688207619
2010-08-31,17.988182,18.2968180909,17.7018182727,18.0045457273,470650.0,15.5264991364
2010-09-30,19.0414285238,19.3428573333,18.7495239048,19.0290475238,342980.952381,16.4704181905
2010-10-31,18.4495239048,18.6552380952,18.1499999524,18.3766663333,461890.47619,15.905716
2010-11-30,17.7547619048,17.9061906667,17.5533332857,17.7490478571,320719.047619,15.3715522381
2010-12-31,19.625909,19.8363635,19.4572725909,19.6636363636,301804.545455,17.1266614091
2011-01-31,20.4847369474,20.7152632105,20.1873685789,20.438947,360373.684211,17.8019426316
2011-02-28,20.4273682632,20.6315788947,20.2542108947,20.4715788421,294400.0,17.8406553158
2011-03-31,20.2286953913,20.5426086957,20.0504349565,20.3386954783,285895.652174,17.8140445217
2011-04-30,22.6610527368,22.8931577368,22.4347368421,22.6605262105,368821.052632,19.8476653684
2011-05-31,21.7780954286,21.9547619524,21.4752380476,21.656666381,402338.095238,18.9777842857
2011-06-30,19.3623809048,19.5595237619,19.1552378571,19.3257142857,409266.666667,17.018121
2011-07-31,19.0454999,19.19849985,18.7329998,18.92,469040.0,16.66085115
2011-08-31,15.1813042609,15.5995651739,14.7930435217,15.2434783043,1133669.56522,13.4667832174
2011-09-30,14.5876190476,14.8642856667,14.2380952381,14.5028571429,480314.285714,12.8647532381
2011-10-31,14.4923809524,14.8547619048,14.12,14.4495238095,705409.52381,12.8203040476
2011-11-30,14.272,14.4935,14.0415,14.255,619780.0,12.6532053
2011-12-31,15.5795238095,15.7876191905,15.3680952381,15.5633333333,485552.380952,13.9219677619
2012-01-31,16.3794999,16.59250015,16.15600015,16.4075001,391160.0,14.67710555
2012-02-29,17.0521052632,17.2521054211,16.9015788421,17.1115791579,415500.0,15.3171776842
2012-03-31,17.3413635,17.5631819091,17.1963637273,17.3840907273,327154.545455,15.6490106364
2012-04-30,17.68349995,17.90699995,17.46200015,17.716,408230.0,15.94779235
2012-05-31,17.3585716667,17.5419047143,17.1433335238,17.3376191429,357828.571429,15.6164277619
2012-06-30,16.9099999048,17.1052378571,16.7328571905,16.929524,387676.190476,15.3367694286
2012-07-31,17.4695239524,17.6666668095,17.2623807619,17.4609524286,361223.809524,15.8182005238
2012-08-31,17.2663637727,17.4968183182,17.0900001818,17.3163636364,372736.363636,15.7467104545
2012-09-30,18.9136844211,19.1252631579,18.7615787895,18.9821051053,340605.263158,17.3149723158
2012-10-31,18.98200005,19.19799995,18.7540001,18.94500005,300820.0,17.281126
2012-11-30,19.6733333333,19.8419048095,19.4442859524,19.6571428571,395671.428571,17.9307237619
2012-12-31,20.6880001,20.89599985,20.52950005,20.72100005,414400.0,18.9743249
2013-01-31,21.69299975,22.1245002,21.4549998,21.9045,607180.0,20.0982944
2013-02-28,24.3447365789,24.6415788947,24.0884208947,24.3715791053,390500.0,22.3619424737
2013-03-31,24.69149995,24.92999995,24.51350005,24.74650015,327780.0,22.77145955
2013-04-30,22.9238096667,23.2204762381,22.6066667619,22.9038096667,463990.47619,21.1163184286
2013-05-31,23.0509088636,23.3049999545,22.8481815909,23.0750001818,279640.909091,21.2741486818
2013-06-30,20.5947364737,20.7542105263,20.2147367895,20.4542102632,560368.421053,18.9248119474
2013-07-31,21.0090908636,21.2436363636,20.8304548182,21.0263636818,319663.636364,19.4974482727
2013-08-31,19.7404547273,19.9586363636,19.4731819091,19.6586366364,438531.818182,18.2291744545
2013-09-30,19.7557894211,19.9289473158,19.5478946316,19.7573685263,519136.842105,18.3919377895
2013-10-31,19.4873913478,19.7,19.253913087,19.4147826957,483343.478261,18.112882913
2013-11-30,19.15499995,19.36000015,19.0189999,19.2209998,341580.0,17.93209475
2013-12-31,20.765,20.98699995,20.6059999,20.83299975,321405.0,19.5123775
2014-01-31,21.3195240952,21.606666619,21.1209520952,21.3995237619,608561.904762,20.0825495714
2014-02-28,21.6915789474,21.9768419474,21.5021054211,21.7752633158,398836.842105,20.4351653158
2014-03-31,22.2900001,22.481,21.98799975,22.2339998,296080.0,20.9445956
2014-04-30,22.2361904286,22.4385714762,21.8604761429,22.1871429524,410242.857143,20.9349614762
2014-05-31,20.7823810952,21.0076188571,20.5471427143,20.7461906667,429200.0,19.5753325238
2014-06-30,20.2966667143,20.5114285714,20.110476381,20.3214284762,408528.571429,19.2533424762
2014-07-31,19.4345456364,19.5759092273,19.2627271818,19.3690909091,326018.181818,18.3816956364
2014-08-31,19.75149995,20.01850005,19.6119998,19.8665,428135.0,18.85374795
2014-09-30,19.626666619,19.7452381429,19.4104762381,19.5490477143,275104.761905,18.6184436667
2014-10-31,18.4595652174,18.7421741304,18.2313044348,18.5017392174,652786.956522,17.669549913
2014-11-30,20.3344443889,20.4838890556,20.1355559444,20.3161108889,306966.666667,19.4023131667
2014-12-31,20.2045454091,20.4672726364,20.0031820909,20.2422727727,251904.545455,19.4029225
2015-01-31,19.1352630526,19.3684210526,18.7426315263,19.0347369474,481842.105263,18.2928467368
2015-02-28,19.8784211579,20.1410525789,19.7221053158,20.0136840526,382542.105263,19.233639
2015-03-31,19.9759089545,20.1695455,19.7904545455,19.9840907727,330950.0,19.2759705909
2015-04-30,20.1985003,20.37600005,19.95199995,20.1509999,481250.0,19.48733705
2015-05-31,19.64199995,19.76049985,19.4264998,19.599,359930.0,18.9535171
2015-06-30,18.9659090909,19.1186363182,18.8104545909,18.9713637273,445227.272727,18.4319490455
2015-07-31,18.6400000455,18.7627272727,18.4745454545,18.5831818636,254681.818182,18.0923972727
2015-08-31,19.1390473333,19.4023806667,18.9757145238,19.200952381,660609.52381,18.6938737619
2015-09-30,19.7614285714,19.9461905238,19.5547618571,19.739047619,396747.619048,19.2931629048
2015-10-31,20.5014285238,20.757143,20.1609522381,20.4042858571,385895.238095,20.0018726667
2015-11-30,18.13349975,18.38399985,17.8839998,18.204,492250.0,17.84498085
2015-12-31,17.6190474762,17.8328572381,17.3647618571,17.5319047143,510152.380952,17.2514878571
2016-01-31,17.3736841053,17.7610524737,17.1115787368,17.4957895789,751626.315789,17.2796192105
2016-02-29,20.4609996,20.76450015,20.22100015,20.56200035,642795.0,20.3079451
2016-03-31,23.2766664762,23.6704761905,23.0390475238,23.3923810476,536780.952381,23.1813660476
2016-04-30,22.7390477143,22.9966664762,22.4190475714,22.7200002381,544714.285714,22.5709617619
2016-05-31,21.63199965,21.9150004,21.3745,21.67950015,396870.0,21.5372872
2016-06-30,20.4981820455,20.7399997727,20.2504544091,20.4827270909,417804.545455,20.4215331818
2016-07-31,22.05850015,22.2624999,21.8670001,22.11800005,223070.0,22.11800005
2016-08-31,22.56000025,22.6924995,22.37249975,22.55249975,157825.0,22.55249975
