Date,Open,High,Low,Close,Volume,Adj Close
1992-11-30,4.77858791667,4.9895225,4.60411066667,4.80202533333,16983.3333333,17.56660125
1992-12-31,4.377788,4.53403595455,4.21869904545,4.369265,8240.90909091,15.9834925909
1993-01-31,3.85521663158,3.96047863158,3.73021805263,3.84534873684,4463.15789474,14.0669202105
1993-02-28,3.06904189474,3.18746115789,2.86838626316,3.07891,5900.0,11.2631612105
1993-03-31,2.45105730435,2.57605613043,2.32198282609,2.46192686957,21339.1304348,9.00613434783
1993-04-30,1.99997542857,2.10711714286,1.89580995238,2.05949857143,6704.76190476,7.53398642857
1993-05-31,1.88484494737,1.98352842105,1.85195026316,1.96050210526,4452.63157895,7.17184126316
1993-06-30,1.55111759091,1.60367354545,1.4573685,1.52412913636,6063.63636364,5.57551590909
1993-07-31,1.00891595238,1.06099866667,0.943440809524,0.992547238095,8485.71428571,3.630902
1993-08-31,0.749990727273,0.7982855,0.700275136364,0.735786363636,6168.18181818,2.691628
1993-09-30,0.677075095238,0.741062238095,0.627968380952,0.691955761905,11066.6666667,2.52579385714
1993-10-31,0.816953714286,0.85117947619,0.748502047619,0.782728,8866.66666667,2.86334842857
1993-11-30,0.572909666667,0.601183142857,0.514874761905,0.544636285714,12404.7619048,1.99236942857
1993-12-31,0.572436545455,0.617890090909,0.548289454545,0.583799954545,19100.0,2.1356365
1994-01-31,0.641360857143,0.669634190476,0.610111666667,0.632432571429,12657.1428571,2.31354285714
1994-02-28,1.10937027778,1.12846683333,1.0520785,1.07464727778,6422.22222222,1.81636605556
1994-03-31,1.49184321739,1.53396330435,1.39401791304,1.4701053913,13386.9565217,1.34447195652
1994-04-30,1.09539384211,1.134868,1.065788,1.09210421053,5505.26315789,0.998774368421
1994-05-31,1.16666419048,1.22916290476,1.12351014286,1.20386652381,16176.1904762,1.10098571429
1994-06-30,1.86647231818,1.92328981818,1.82669981818,1.87215454545,10618.1818182,1.71216227273
1994-07-31,2.13486294737,2.23190215789,2.08223121053,2.17104684211,14605.2631579,1.985512
1994-08-31,2.22553734783,2.27445021739,2.15896082609,2.21466756522,7421.73913043,2.02540486957
1994-09-30,2.22023204762,2.26189952381,2.17707695238,2.24106604762,11123.8095238,2.04954738095
1994-10-31,1.86606857143,1.90475861905,1.79017609524,1.83928190476,12538.0952381,1.68209890476
1994-11-30,1.41368833333,1.4464262381,1.36978914286,1.39359842857,5795.23809524,1.2745032381
1994-12-31,0.78749775,0.884374,0.76562305,0.84062355,8375.0,0.76878535
1995-01-31,0.866071761905,0.87202447619,0.857143190476,0.86011952381,2085.71428571,0.786615190476
1995-02-28,1.19983173684,1.27877842105,1.15953631579,1.24506173684,17136.8421053,1.13866026316
1995-03-31,1.01086678261,1.036683,0.972823521739,0.993204652174,3621.73913043,0.908326608696
1995-04-30,0.624999263158,0.661183210526,0.621709631579,0.648025684211,5978.94736842,0.592646105263
1995-05-31,0.900566318182,0.977271227273,0.849430045455,0.919032772727,13481.8181818,0.8404935
1995-06-30,0.912641227273,0.931816954545,0.887782818182,0.916192545455,13713.6363636,0.837884681818
1995-07-31,1.2156218,1.40312025,1.17812195,1.35312245,153400.0,1.23748635
1995-08-31,3.14401186957,3.35868495652,2.98096952174,3.19156543478,201047.826087,2.91881817391
1995-09-30,3.3468642,3.46561385,3.1953014,3.3578023,105835.0,3.07084845
1995-10-31,3.47915561905,3.62796514286,3.33034552381,3.47097219048,81585.7142857,3.17434738095
1995-11-30,2.98957452381,3.07588314286,2.80207528571,2.94046714286,31857.1428571,2.68917847619
1995-12-31,2.4374933,2.62499185,2.32499355,2.4968678,64960.0,2.2834886
1996-01-31,3.36646581818,3.50566977273,3.14771790909,3.34657936364,51918.1818182,3.06058481818
1996-02-29,3.05179963158,3.14143884211,2.82893663158,2.97367547368,30773.6842105,2.71954873684
1996-03-31,2.93451438095,3.11606180952,2.77677680952,2.95609095238,82990.4761905,2.70346704762
1996-04-30,4.06843904762,4.28272485714,3.87201257143,4.11605861905,203166.666667,3.76430552381
1996-05-31,4.71873654545,4.872856,4.47015822727,4.720157,117522.727273,4.31677827273
1996-06-30,4.35689605263,4.54275026316,4.16117226316,4.34044789474,86815.7894737,3.96951873684
1996-07-31,3.55680790909,3.71731845455,3.36788586364,3.54402368182,57154.5454545,3.24115581818
1996-08-31,2.97300272727,3.08805945455,2.83947986364,2.96731954545,30950.0,2.71373604545
1996-09-30,3.35196415789,3.546042,3.23683131579,3.42104247368,36510.5263158,3.12868431579
1996-10-31,3.59238034783,3.69564078261,3.46330465217,3.5842286087,37160.8695652,3.27792504348
1996-11-30,3.2406148,3.36795705,3.1671764,3.27498795,47015.0,2.9951113
1996-12-31,3.64879814286,3.77379733333,3.47692438095,3.63986961905,79885.7142857,3.32881090476
1997-01-31,4.07385077273,4.1988525,3.92044340909,4.09871004545,77195.4545455,3.74843959091
1997-02-28,3.69877338889,3.83679416667,3.519086,3.6406135,44300.0,3.32949127778
1997-03-31,3.33202065,3.49998905,3.19999015,3.38592665,19730.0,3.09656955
1997-04-30,2.88067340909,3.01987786364,2.74715004545,2.88209295455,24513.6363636,2.63579286364
1997-05-31,3.93748828571,4.19046285714,3.69046571429,3.94939214286,232814.285714,3.61188209524
1997-06-30,3.8312392,3.9835828,3.7093644,3.85545655,29720.0,3.52597435
1997-07-31,3.61078336364,3.74430713636,3.42186322727,3.57101186364,99609.0909091,3.26583759091
1997-08-31,3.76338171429,3.86308342857,3.62796528571,3.73064333333,41638.0952381,3.41182747619
1997-09-30,3.92558290476,4.0126362381,3.77975009524,3.88466095238,38423.8095238,3.552683
1997-10-31,3.76277313636,3.83947740909,3.64771522727,3.74288709091,63954.5454545,3.42302481818
1997-11-30,3.81742331579,3.94406636842,3.75163421053,3.86100884211,96031.5789474,3.53105226316
1997-12-31,3.57527290909,3.69033022727,3.44033059091,3.52839777273,68931.8181818,3.22686527273
1998-01-31,3.1578025,3.26248935,3.0703025,3.1562394,36555.0,2.88651105
1998-02-28,3.08679577778,3.15624166667,2.93749022222,3.05033777778,71883.3333333,2.78965961111
1998-03-31,3.132093,3.24146672727,3.02981986364,3.14629731818,98086.3636364,2.87741859091
1998-04-30,3.23510885714,3.3526682381,3.08927619048,3.22320380952,87776.1904762,2.94775280952
1998-05-31,3.66873875,3.8281135,3.5624894,3.68592725,169495.0,3.37093265
1998-06-30,3.25594228571,3.34969180952,3.17409871429,3.2440362381,43857.1428571,2.96680495238
1998-07-31,3.38493227273,3.50282968182,3.24004668182,3.34089772727,71663.6363636,3.05538863636
1998-08-31,3.32290619048,3.43153757143,3.19641985714,3.28867961905,88238.0952381,3.00763295238
1998-09-30,3.10564680952,3.16814542857,2.99850409524,3.06546909524,70357.1428571,2.80349771429
1998-10-31,2.9374907619,3.04612152381,2.72469371429,2.87945547619,200738.095238,2.6333807619
1998-11-30,2.75467905,2.80624115,2.60311545,2.68592845,76420.0,2.4563924
1998-12-31,2.24573268182,2.33238022727,2.13351686364,2.23578945455,59713.6363636,2.04472154545
1999-01-31,2.36348105263,2.49752473684,2.23354647368,2.36759310526,87000.0,2.16526152632
1999-02-28,3.01561722222,3.13019788889,2.90797722222,3.01561672222,86555.5555556,2.75790572222
1999-03-31,2.84917586957,2.95243634783,2.73436534783,2.83422926087,41539.1304348,2.59201965217
1999-04-30,2.48808780952,2.61308652381,2.36160142857,2.44790947619,31838.0952381,2.23871419048
1999-05-31,2.1648392,2.2687441,2.0890569,2.18280785,35950.0,1.9962676
1999-06-30,2.43377242857,2.52380304762,2.31249309524,2.41665833333,74676.1904762,2.21013371429
1999-07-31,3.14582438095,3.24552614286,3.04388985714,3.13838295238,127419.047619,2.87018052381
1999-08-31,2.774849,2.87214981818,2.65197863636,2.77129731818,47627.2727273,2.53446568182
1999-09-30,2.56621314286,2.64508085714,2.44344395238,2.52677947619,115076.190476,2.31084409524
1999-10-31,2.5374923,2.626555,2.4288989,2.52968,86775.0,2.3134969
1999-11-30,2.32886404762,2.39582628571,2.27082909524,2.33183985714,47095.2380952,2.13256371429
1999-12-31,2.17186995455,2.24502286364,2.1008475,2.16760736364,108004.545455,1.982366
2000-01-31,2.64764825,2.69374195,2.55936685,2.60311595,153900.0,2.3806573
2000-02-29,3.522193,3.78123863158,3.16775442105,3.51808336842,864052.631579,3.21743231579
2000-03-31,4.60324782609,4.76493182609,4.23775952174,4.45786817391,289713.043478,4.07690447826
2000-04-30,2.94617127778,3.05554694444,2.72828844444,2.88019833333,123300.0,2.63406016667
2000-05-31,2.37925554545,2.43962327273,2.25283427273,2.319596,57545.4545455,2.12136613636
2000-06-30,2.41547568182,2.49502059091,2.28692563636,2.38209604545,47077.2727273,2.17852509091
2000-07-31,2.35780725,2.46092985,2.2796828,2.37030515,64760.0,2.16774205
2000-08-31,2.27485072727,2.34729590909,2.2187435,2.27556240909,51677.2727273,2.08109568182
2000-09-30,2.17890095,2.21327675,2.1163996,2.1499947,59130.0,1.96625865
2000-10-31,2.08593195455,2.13351795455,2.01419895455,2.05965272727,71422.7272727,1.88363704545
2000-11-30,1.85341747619,1.9315437619,1.71725804762,1.80803161905,57128.5714286,1.65351933333
2000-12-31,1.63075163158,1.76479710526,1.51973363158,1.62828536842,92405.2631579,1.48913415789
2001-01-31,1.97172195238,2.0803522381,1.84821104762,1.97916138095,160561.904762,1.81002471429
2001-02-28,2.62334621053,2.68913542105,2.48436668421,2.57729631579,77247.3684211,2.35704378947
2001-03-31,2.158476,2.25743471429,2.04166280952,2.13020366667,44980.952381,1.94815895238
2001-04-30,2.24683695,2.31268205,2.1269937,2.2425556,31530.0,2.0509095
2001-05-31,2.7013565,2.83044654545,2.57090263636,2.72908209091,135550.0,2.49585818182
2001-06-30,3.79248965,3.96148835,3.6719893,3.88098795,230685.0,3.5493236
2001-07-31,5.57569742857,5.805697,5.29808057143,5.61188852381,437304.761905,5.1323037619
2001-08-31,4.82544136364,4.95543995455,4.60362290909,4.74680495455,238213.636364,4.34114904545
2001-09-30,3.8906554,4.04732226667,3.7119894,3.87732206667,135346.666667,3.545971
2001-10-31,4.21694486957,4.40042182609,4.070423,4.26607526087,195617.391304,3.901502
2001-11-30,5.52298435,5.69398255,5.3849856,5.55398485,274030.0,5.0793485
2001-12-31,5.7914831,5.9769839,5.48798455,5.74348285,353535.0,5.252652
2002-01-31,5.64426942857,5.77284090476,5.48760352381,5.61188861905,185695.238095,5.13230371429
2002-02-28,5.96387133333,6.07998333333,5.76942688889,5.94442638889,190950.0,5.43642311111
2002-03-31,5.65048285,5.7334834,5.5404837,5.6269838,85480.0,5.14610885
2002-04-30,5.60771145455,5.70498363636,5.50862036364,5.61634713636,75618.1818182,5.13638113636
2002-05-31,5.34816618182,5.43362113636,5.19952945455,5.3268025,129509.090909,4.87158063636
2002-06-30,4.9239861,5.0794844,4.7379867,4.96198545,89285.0,4.53794025
2002-07-31,4.79134995455,4.93271336364,4.60998763636,4.81498504545,65045.4545455,4.40350263636
2002-08-31,4.28635118182,4.37544127273,4.16498677273,4.29089540909,45454.5454545,3.92420090909
2002-09-30,4.17577705263,4.25156710526,4.08630236842,4.18104010526,31289.4736842,3.82373378947
2002-10-31,4.16607395652,4.28433569565,4.05346534783,4.20172743478,59821.7391304,3.84265330435
2002-11-30,5.414722,5.52103731579,5.286828,5.44472189474,118321.052632,4.97942273684
2002-12-31,5.42236619048,5.50855590476,5.23141319048,5.39236733333,76928.5714286,4.93154257143
2003-01-31,5.55046042857,5.64760119048,5.43712652381,5.56284109524,159714.285714,5.08744795238
2003-02-28,7.03220227778,7.30775538889,6.76942605556,7.0994245,720283.333333,6.49271644444
2003-03-31,7.99854795238,8.1385482381,7.77854861905,7.9390247619,459533.333333,7.26056580952
2003-04-30,9.5689724,9.8534723,9.3739728,9.6604733,645165.0,8.8349014
2003-05-31,12.2271077143,12.6023450952,11.9132989048,12.3418694762,789795.238095,11.2871488571
2003-06-30,12.9623441905,13.299008381,12.3485362857,12.7794874286,935052.380952,11.6873685714
2003-07-31,13.6490092857,14.0651973333,13.0199618095,13.4818656667,888561.904762,12.3297225714
2003-08-31,11.5690140952,11.9052039048,11.1466343333,11.4785380476,771028.571429,10.4975966667
2003-09-30,11.84196555,12.1194655,11.52746705,11.88996485,578130.0,10.8738635
2003-10-31,13.028657,13.4460473913,12.6095292609,13.0408316957,736421.73913,11.9263784783
2003-11-30,12.4821850556,12.6699638889,12.1482983333,12.3682988889,494894.444444,11.3113197778
2003-12-31,14.5226854545,14.8763209091,14.1376860909,14.5572307273,820045.454545,13.3131881818
2004-01-31,19.6389439,20.1699413,18.86444595,19.6579418,1023035.0,17.9779988
2004-02-29,19.2077229444,19.6321661667,18.6777250556,19.0538346667,836405.555556,17.425518
2004-03-31,16.7129954783,16.945169913,16.2734323478,16.5742998696,853200.0,15.1578810435
2004-04-30,17.2694507,17.5664486,16.7079524,17.08845205,672655.0,15.62809445
2004-05-31,12.6544635,12.93246355,12.32296355,12.56946375,491230.0,11.49529325
2004-06-30,13.76345985,14.0609603,13.3769615,13.79046005,516145.0,12.61194465
2004-07-31,11.0590151905,11.3666326667,10.7204453333,10.9894915238,699228.571429,10.050343381
2004-08-31,8.73807052381,9.06187966667,8.47616638095,8.84330704762,295280.952381,8.09360061905
2004-09-30,8.86854552381,9.03664057143,8.6237852381,8.83568942857,240438.095238,8.09010285714
2004-10-31,6.81855057143,6.998075,6.62426690476,6.77045780952,488285.714286,6.2052587619
2004-11-30,8.1259767,8.4149779,7.96197835,8.2394764,364405.0,7.55465475
2004-12-31,10.2208807273,10.5840607727,10.0036086818,10.2831524091,457140.909091,9.43562495455
2005-01-31,10.2136544211,10.4078653684,9.89260294737,10.1573387368,281894.736842,9.32342131579
2005-02-28,10.0099711579,10.2889186316,9.81102573684,10.0583924737,179336.842105,9.24006052632
2005-03-31,8.98045047619,9.18997304762,8.66616633333,8.93949757143,225204.761905,8.21439238095
2005-04-30,7.15997952381,7.35045438095,6.87617114286,7.047124,165685.714286,6.47852780952
2005-05-31,7.18045652381,7.44950414286,6.98093361905,7.2152172381,136038.095238,6.64005395238
2005-06-30,6.99902752381,7.14712233333,6.87283766667,7.01236057143,151728.571429,6.45533561905
2005-07-31,6.8979802,7.06297965,6.7639797,6.9169809,102935.0,6.3743158
2005-08-31,5.75867865217,5.87954791304,5.62259117391,5.75780817391,164826.086957,5.30608478261
2005-09-30,5.8854831,6.0974826,5.7694826,5.99198205,118220.0,5.5218867
2005-10-31,6.74474280952,6.88283847619,6.53902890476,6.70855257143,148819.047619,6.18223952381
2005-11-30,6.15188766667,6.33950661905,6.03236409524,6.17807804762,146833.333333,5.69338285714
2005-12-31,7.65847695,7.87597705,7.5214784,7.73347775,289075.0,7.12675505
2006-01-31,7.75597845,7.95097625,7.5764784,7.7169784,277610.0,7.11155025
2006-02-28,7.37050552632,7.54208389474,7.24050626316,7.39576805263,171205.263158,6.81553994737
2006-03-31,8.38679395455,8.60679272727,8.19043040909,8.44588463636,333504.545455,7.78327090909
2006-04-30,10.0904974737,10.2541831053,9.98312889474,10.1431294737,339900.0,9.34735994737
2006-05-31,8.72711661905,8.93235538095,8.47902328571,8.66188009524,457923.809524,7.98232042857
2006-06-30,7.39406927273,7.60679609091,7.17270613636,7.43270477273,241168.181818,6.84957913636
2006-07-31,7.7689778,7.9339783,7.58397725,7.7469768,194705.0,7.1391951
2006-08-31,7.4213425,7.52952472727,7.22634309091,7.355888,159213.636364,6.77878877273
2006-09-30,5.7664821,5.94998315,5.5594838,5.73048355,320670.0,5.2809039
2006-10-31,6.48907286364,6.61588986364,6.32998136364,6.50088990909,138318.181818,5.99086863636
2006-11-30,7.81497815,7.9874767,7.6949784,7.9009777,198925.0,7.28111415
2006-12-31,8.7059746,8.8739747,8.5979764,8.74047685,147025.0,8.0547509
2007-01-31,8.30681915789,8.44418673684,8.20418684211,8.29944989474,152778.947368,7.64832431579
2007-02-28,8.52787094737,8.58155589474,8.40944994737,8.51313431579,104626.315789,7.84524436842
2007-03-31,9.03906554545,9.24133686364,8.88042863636,9.08588259091,256050.0,8.37305836364
2007-04-30,8.16155494737,8.31839863158,7.92997568421,8.10892389474,392073.684211,7.47274610526
2007-05-31,6.335891,6.42407354545,6.17361768182,6.28952727273,206281.818182,5.79608836364
2007-06-30,6.35093495238,6.48474347619,6.22855366667,6.33760142857,160633.333333,5.84039080952
2007-07-31,6.13950733333,6.32664790476,5.93379204762,6.15760209524,360223.809524,5.67448690476
2007-08-31,6.76867656522,6.9660663913,6.49433026087,6.75302430435,244408.695652,6.22322221739
2007-09-30,6.86629652632,7.00261284211,6.724192,6.84524436842,138184.210526,6.30820705263
2007-10-31,5.91563617391,6.03432947826,5.732593,5.84520169565,230869.565217,5.38662191304
2007-11-30,3.29799,3.46049075,3.1144907,3.2174911,313090.0,2.96506605
2007-12-31,2.81649165,2.9684919,2.68449275,2.80099185,256900.0,2.5812426
2008-01-31,2.904277,3.06427633333,2.781896,2.92142038095,327690.47619,2.69222328571
2008-02-29,3.46051594737,3.52525421053,3.37630494737,3.46841226316,95631.5789474,3.19630136842
2008-03-31,3.56148985,3.69248945,3.38099005,3.5339911,165935.0,3.25673515
2008-04-30,2.84862745455,2.90408245455,2.76453786364,2.81908136364,117513.636364,2.59791290909
2008-05-31,2.9324917,3.01899105,2.8689909,2.95799,277280.0,2.7259235
2008-06-30,3.70046580952,3.79522709524,3.59951357143,3.7290377619,127809.52381,3.43647966667
2008-07-31,3.05226495455,3.10726595455,2.93408236364,3.02908268182,76750.0,2.79143872727
2008-08-31,2.76046885714,2.82904019048,2.60284961905,2.73332561905,90585.7142857,2.51884638095
2008-09-30,2.27999285714,2.38380214286,2.17046928571,2.25523133333,95047.6190476,2.07829928571
2008-10-31,1.71912569565,1.81825647826,1.61434326087,1.67955952174,79813.0434783,1.54779126087
2008-11-30,1.34333005556,1.43944,1.24555316667,1.28332966667,61577.7777778,1.18264716667
2008-12-31,0.943635090909,1.01727040909,0.880452909091,0.961817,181972.727273,0.886358136364
2009-01-31,0.9029961,0.93099635,0.84799685,0.86749555,126050.0,0.79943725
2009-02-28,0.632629684211,0.649471947368,0.567367315789,0.586314789474,163789.473684,0.540315684211
2009-03-31,0.812377904762,0.861901666667,0.756664095238,0.815712333333,132914.285714,0.751716571429
2009-04-30,0.959998142857,0.98380847619,0.917618095238,0.94952147619,51804.7619048,0.875027380952
2009-05-31,1.1624982,1.20249825,1.10599725,1.1544982,114425.0,1.06392285
2009-06-30,1.57475833333,1.61094842857,1.51237566667,1.56237533333,43052.3809524,1.4398007619
2009-07-31,1.73772259091,1.77726827273,1.70363022727,1.74999640909,60454.5454545,1.612702
2009-08-31,2.33666042857,2.42570733333,2.24475514286,2.36713571429,94909.5238095,2.18142438095
2009-09-30,2.26249555,2.32799415,2.1969943,2.2734939,46655.0,2.0951292
2009-10-31,1.99499372727,2.06317436364,1.91863109091,1.98635904545,43627.2727273,1.83052118182
2009-11-30,1.98799325,2.0554927,1.9119951,1.9914944,44525.0,1.83525395
2009-12-31,1.97317504545,2.04772113636,1.94272081818,1.98953881818,40836.3636364,1.83345177273
2010-01-31,1.95221666667,1.99054833333,1.92943866667,1.95388361111,21577.7777778,1.80059388889
2010-02-28,1.81315289474,1.89473131579,1.75789184211,1.839995,42378.9473684,1.69563989474
2010-03-31,2.02129804348,2.0804286087,1.9639073913,2.01477547826,141395.652174,1.85670817391
2010-04-30,1.96349355,1.9934937,1.9299933,1.95899185,32775.0,1.8053015
2010-05-31,1.7389957,1.790994,1.6869953,1.7379957,36400.0,1.6016429
2010-06-30,1.50863113636,1.53635872727,1.46181409091,1.49044977273,27377.2727273,1.37351781818
2010-07-31,1.226187,1.25285380952,1.1790437619,1.20618747619,48814.2857143,1.11155719048
2010-08-31,0.969997857143,1.0166627619,0.919044809524,0.949044952381,40790.4761905,0.874588190476
2010-09-30,0.85428247619,0.934759809524,0.808092666667,0.865710952381,100390.47619,0.797792571429
2010-10-31,1.63571052381,1.71523442857,1.5685677619,1.64761590476,101585.714286,1.51835385714
2010-11-30,1.6739953,1.7159941,1.6029963,1.65349505,43120.0,1.52377155
2010-12-31,1.48635877273,1.57499559091,1.42181481818,1.50408681818,60959.0909091,1.38608509091
2011-01-31,2.09849485,2.25749355,2.0049942,2.1219946,1010610.0,1.95551545
2011-02-28,3.27332222222,3.36443405556,3.12943516667,3.24387916667,474800.0,2.98938372222
2011-03-31,4.38434626087,4.61826086957,4.24217365217,4.47869452174,629230.434783,4.15665204348
2011-04-30,5.96263752632,6.20632163158,5.77158378947,5.99947773684,934557.894737,5.58408242105
2011-05-31,5.02476528571,5.18952804762,4.80428842857,4.98143271429,682461.904762,4.63652519048
2011-06-30,5.55590440909,5.73135690909,5.33363090909,5.53317686364,715004.545455,5.19072909091
2011-07-31,4.25299325,4.38849435,4.0674939,4.16049415,656050.0,3.91114925
2011-08-31,3.07390917391,3.23086521739,2.8886916087,3.04651826087,532373.913043,2.87064056522
2011-09-30,3.21666738095,3.3261912381,3.07666780952,3.19143019048,288447.619048,3.03016509524
2011-10-31,3.44381195238,3.56000209524,3.29333533333,3.46238309524,278742.857143,3.28742819048
2011-11-30,3.19952261905,3.28190504762,3.06857114286,3.1733342381,263523.809524,3.02054438095
2011-12-31,2.58349625,2.6339971,2.49999585,2.55799635,272160.0,2.45302735
2012-01-31,2.76149795,2.85399645,2.70149665,2.77799705,208155.0,2.664
2012-02-29,3.09199665,3.1499956,2.98899615,3.0709959,162875.0,2.94497565
2012-03-31,2.61761190476,2.67761242857,2.55618333333,2.61523219048,173880.952381,2.51635128571
2012-04-30,2.70449095,2.7699901,2.643491,2.69399005,166595.0,2.59635775
2012-05-31,2.4609432381,2.53189633333,2.41808704762,2.46237328571,95319.047619,2.37313485714
2012-06-30,2.08523514286,2.17094780952,2.017138,2.06951938095,375504.761905,2.00301085714
2012-07-31,1.81618814286,1.86856828571,1.774285,1.80856833333,46728.5714286,1.75173966667
2012-08-31,1.69545277273,1.75818,1.63317886364,1.69454318182,67700.0,1.64129754545
2012-09-30,1.74999421053,1.79946684211,1.71999457895,1.74683678947,116884.210526,1.69779231579
2012-10-31,2.00618147619,2.080942,1.94141857143,2.00380052381,335152.380952,1.95054133333
2012-11-30,1.85713542857,1.91380233333,1.8057067619,1.85570552381,67700.0,1.80638247619
2012-12-31,1.88104478947,1.92788615789,1.84051794737,1.88157057895,73894.7368421,1.83787731579
2013-01-31,2.51856228571,2.61427580952,2.46380052381,2.54332447619,149404.761905,2.48810385714
2013-02-28,3.40220894444,3.55665322222,3.28443155556,3.41998694444,603594.444444,3.34573222222
2013-03-31,4.11499755,4.24449765,3.9639974,4.09199845,349625.0,4.0150563
2013-04-30,4.90000922727,5.048645,4.75364536364,4.91728077273,624059.090909,4.83456940909
2013-05-31,4.89810314286,5.0076282381,4.76572247619,4.87953257143,390814.285714,4.79745628571
2013-06-30,3.9885127,4.08101215,3.81651135,3.9160125,538855.0,3.85981165
2013-07-31,3.68191966667,3.77477728571,3.5719187619,3.69049014286,268261.904762,3.64292785714
2013-08-31,2.27591622727,2.34773486364,2.09318877273,2.17455318182,1204700.0,2.14747368182
2013-09-30,1.9494992,2.02150095,1.89249975,1.9489993,480385.0,1.9315765
2013-10-31,1.97863813636,2.02772790909,1.92181890909,1.96772831818,274459.090909,1.95013818182
2013-11-30,1.7385006,1.7864996,1.67900065,1.73300135,392240.0,1.7175095
2013-12-31,2.01047604762,2.09476266667,1.94285566667,2.02380847619,671104.761905,2.01112333333
2014-01-31,2.8269996,2.90199875,2.70250075,2.7820004,435975.0,2.7681595
2014-02-28,2.81368578947,2.96578889474,2.72000078947,2.82842126316,582405.263158,2.81434947368
2014-03-31,2.78952395238,2.86857109524,2.71285742857,2.77999952381,391471.428571,2.77504333333
2014-04-30,2.246,2.298,2.173,2.219,188855.0,2.219
2014-05-31,1.87857142857,1.94142857143,1.82523809524,1.88,200447.619048,1.88
2014-06-30,2.00333333333,2.10047619048,1.94380952381,2.02,511847.619048,2.02
2014-07-31,2.08363636364,2.14409090909,2.03363636364,2.09318181818,247750.0,2.09318181818
2014-08-31,2.2445,2.2965,2.179,2.236,215040.0,2.236
2014-09-30,2.45,2.5119047619,2.38714285714,2.46428571429,227366.666667,2.46428571429
2014-10-31,2.35130434783,2.3852173913,2.30652173913,2.34739130435,86095.6521739,2.34739130435
2014-11-30,2.42052631579,2.48736842105,2.36368421053,2.44842105263,185284.210526,2.44842105263
2014-12-31,2.71238095238,2.78904761905,2.63476190476,2.70619047619,125176.190476,2.70619047619
2015-01-31,2.577,2.6365,2.53,2.5745,78260.0,2.5745
2015-02-28,2.24105263158,2.29947368421,2.17,2.23578947368,248110.526316,2.23578947368
2015-03-31,2.02772727273,2.06454545455,1.96909090909,2.01181818182,227836.363636,2.01181818182
2015-04-30,2.2385,2.2955,2.172,2.243,200525.0,2.243
2015-05-31,1.954,1.9985,1.893,1.9355,157485.0,1.9355
2015-06-30,1.68454545455,1.76227272727,1.62727272727,1.69181818182,187054.545455,1.69181818182
2015-07-31,1.58380952381,1.63428571429,1.54952380952,1.5780952381,56438.0952381,1.5780952381
2015-08-31,1.51238095238,1.57761904762,1.48714285714,1.52666666667,59890.4761905,1.52666666667
2015-09-30,1.3919047619,1.4419047619,1.32238095238,1.35571428571,72200.0,1.35571428571
2015-10-31,0.951818181818,0.978636363636,0.92,0.944090909091,209918.181818,0.944090909091
2015-11-30,0.8945,0.966,0.8245,0.8955,224615.0,0.8955
2015-12-31,0.777619047619,0.81619047619,0.753333333333,0.783333333333,195638.095238,0.783333333333
2016-01-31,0.855263157895,0.908947368421,0.802631578947,0.847894736842,120584.210526,0.847894736842
2016-02-29,0.85,0.8855,0.818,0.8575,34380.0,0.8575
2016-03-31,1.25318181818,1.33409090909,1.20545454545,1.27045454545,175704.545455,1.27045454545
2016-04-30,1.3645,1.429,1.324,1.371,38120.0,1.371
2016-05-31,1.26761904762,1.35571428571,1.2119047619,1.27428571429,53876.1904762,1.27428571429
2016-06-30,1.155,1.19227272727,1.12863636364,1.15454545455,38504.5454545,1.15454545455
2016-07-31,1.043,1.089,1.0025,1.0385,49505.0,1.0385
2016-08-31,1.165,1.3175,1.14,1.2375,131725.0,1.2375
