Date,Open,High,Low,Close,Volume,Adj Close
1973-05-31,33.7500216,33.89999935,33.57504705,33.8000141,63355.0,0.64426495
1973-06-30,33.9404692857,34.0118872381,33.8571482857,33.9166633333,35633.3333333,0.64648852381
1973-07-31,34.0714135238,34.2380879524,33.9285667619,34.083316619,93423.8095238,0.649665095238
1973-08-31,33.2391480435,33.3750074783,33.0489488261,33.1684965217,53308.6956522,0.632227565217
1973-09-30,32.9999548889,33.2152638889,32.9791120556,33.0902319444,67511.1111111,0.630735944444
1973-10-31,35.538018913,35.7771633913,35.4347535217,35.6140946957,55573.9130435,0.678843478261
1973-11-30,33.2381054286,33.3571464286,32.8928748571,33.0238192381,46414.2857143,0.629469809524
1973-12-31,30.068713,30.2750344,29.92492715,30.04995435,80900.0,0.57278505
1974-01-31,34.2857215238,34.6904668095,34.023823,34.4404821429,57414.2857143,0.656473047619
1974-02-28,34.5263067368,34.7368497368,34.3157756842,34.513151,38557.8947368,0.657858210526
1974-03-31,35.113078,35.2202158571,34.9166568095,35.0952127619,35514.2857143,0.668952952381
1974-04-30,32.03575,32.1309847143,31.7559755238,31.9940784762,56976.1904762,0.609841809524
1974-05-31,29.5681483636,29.7727467273,29.284027,29.448827,63868.1818182,0.561326681818
1974-06-30,28.10622895,28.23122185,27.91873375,28.0562249,62105.0,0.5343818
1974-07-31,27.4374817273,27.7613596364,27.1988596818,27.4886311364,53559.0909091,0.523963227273
1974-08-31,27.3863423636,27.5681441364,27.0738680909,27.2783833182,77645.4545455,0.519955545455
1974-09-30,24.006254,24.256251,23.6812454,23.9687596,72975.0,0.4568705
1974-10-31,26.2954599091,26.5568055,26.0227621818,26.4318136364,112750.0,0.503819181818
1974-11-30,27.2812372,27.52497395,27.0875043,27.23748235,51010.0,0.51917615
1974-12-31,24.4583294762,24.6666751429,24.172614,24.4107175238,58176.1904762,0.465294714286
1975-01-31,28.4090945455,28.8295385909,28.0454188182,28.5965872727,127036.363636,0.545082045455
1975-02-28,30.1118024737,30.2894439474,29.9407506316,30.1512705789,76342.1052632,0.574716210526
1975-03-31,30.4013287368,30.5395018947,30.236844,30.4013287368,95763.1578947,0.579482368421
1975-04-30,30.1079660455,30.2841070909,29.9374336818,30.1306693182,68795.4545455,0.574323409091
1975-05-31,30.3571779524,30.5238414762,30.1904712857,30.4226552381,82538.0952381,0.579888952381
1975-06-30,30.363054,30.559529,30.2440022857,30.4166392381,77028.5714286,0.579774285714
1975-07-31,32.3522823636,32.4886567727,32.1704604091,32.4090922273,48313.6363636,0.617752545455
1975-08-31,30.74373745,30.8687416,30.549982,30.61248415,39240.0,0.58350715
1975-09-30,27.7559490476,27.8511730952,27.4762171905,27.6071505238,68195.2380952,0.526222333333
1975-10-31,26.8586865217,27.021715913,26.6195713913,26.815204913,78504.3478261,0.511127086957
1975-11-30,27.4736865263,27.8091756316,27.2894910526,27.5723560526,67994.7368421,0.525559105263
1975-12-31,26.7954586364,27.0795488636,26.5624869091,26.8579494545,61904.5454545,0.510626045455
1976-01-31,29.5476002857,29.8273530476,29.3690444286,29.7440211905,140442.857143,0.566953333333
1976-02-29,32.0329411579,32.2697488421,31.7829425263,32.0329294211,71452.6315789,0.610582473684
1976-03-31,30.9293311304,31.1467396087,30.7282534783,30.9945485652,114543.478261,0.590789826087
1976-04-30,32.2321601429,32.3154814286,32.0417117143,32.1726450952,96557.1428571,0.613245666667
1976-05-31,31.2697529474,31.4407922105,31.0065627895,31.2171172105,57994.7368421,0.595032
1976-06-30,31.6704721818,31.8295704091,31.5113740909,31.704558,106786.363636,0.604323181818
1976-07-31,32.2559555714,32.4464147143,32.1131086667,32.3511796667,82323.8095238,0.616648666667
1976-08-31,32.3068245909,32.4204440455,32.1023094545,32.2727386818,61909.0909091,0.615153454545
1976-09-30,32.190488619,32.3631038571,31.9940674762,32.1547689048,98390.4761905,0.612904904762
1976-10-31,31.3750301,31.4500306,31.1437578,31.25006,90175.0,0.59566005
1976-11-30,30.8625043,31.06249745,30.66249975,30.92499505,105345.0,0.58946385
1976-12-31,34.3522877727,34.801137,34.1364004091,34.5454822727,146913.636364,0.658474318182
1977-01-31,36.4880591429,36.7261517143,36.2202090952,36.4225818571,95909.5238095,0.694254047619
1977-02-28,35.2763153684,35.4868465789,35.0592064211,35.2763033684,103273.684211,0.672404789474
1977-03-31,35.8181975909,36.0397968182,35.7386434091,35.8806986364,105331.818182,0.683925090909
1977-04-30,36.2937484,36.44374925,36.1749818,36.2999751,57570.0,0.6919169
1977-05-31,35.9285099524,36.0118417619,35.8213719048,35.9344721905,55380.952381,0.684950238095
1977-06-30,35.4317982727,35.5511092727,35.2159003636,35.3522644091,66027.2727273,0.673852590909
1977-07-31,34.1842520526,34.3289792632,33.9999971053,34.1118824211,63942.1052632,0.650209526316
1977-08-31,32.8125251818,32.9147830455,32.6420539545,32.8181959091,59327.2727273,0.6255505
1977-09-30,33.3630979524,33.505955619,33.2499868095,33.3869040476,49004.7619048,0.636390619048
1977-10-31,32.2857023333,32.3631042857,32.1130761905,32.2023811905,47819.047619,0.61381247619
1977-11-30,31.2321780952,31.4702704762,31.0416870952,31.2619356667,62061.9047619,0.595886428571
1977-12-31,30.5773727143,30.7440365238,30.4404770952,30.5952378571,129866.666667,0.58317847619
1978-01-31,30.6312657,30.7625188,30.41875205,30.60002025,73535.0,0.58326965
1978-02-28,30.3947866842,30.5724038421,30.2566136842,30.4145085263,41305.2631579,0.579733526316
1978-03-31,31.3011673636,31.4659566818,31.1420693636,31.3409444545,64786.3636364,0.597392409091
1978-04-30,32.10001455,32.40000435,31.95626305,32.1812641,99240.0,0.6134098
1978-05-31,32.9772428182,33.1476930455,32.8465695909,32.9772428182,73840.9090909,0.628582136364
1978-06-30,33.0654578571,33.2321215238,32.9226219524,33.0892855714,62919.047619,0.630717714286
1978-07-31,33.76871175,34.0062222,33.5874771,33.76871185,111005.0,0.64366845
1978-08-31,34.5054237391,34.6956526522,34.3097610435,34.5652172609,94843.4782609,0.658850652174
1978-09-30,35.4375,35.6624669,35.250016,35.46249625,79645.0,0.6759536
1978-10-31,35.1306956818,35.3806897273,34.8011472273,35.0000124091,67263.6363636,0.667138227273
1978-11-30,31.86251545,32.10002585,31.66251075,31.86250415,77610.0,0.607334
1978-12-31,32.1249991,32.3874948,31.97499855,32.2124975,100485.0,0.61400515
1979-01-31,33.7216063636,33.8409173182,33.6079866818,33.7500215455,70854.5454545,0.643312
1979-02-28,33.7894653684,33.9342045263,33.6381601053,33.7499975789,110068.421053,0.643311578947
1979-03-31,33.2727367273,33.4545486364,33.1534256364,33.2443212273,103790.909091,0.633672818182
1979-04-30,32.2960606316,32.4407764211,32.1645009474,32.2829047368,126389.473684,0.615347368421
1979-05-31,31.9091556818,32.0568608636,31.7387264091,31.9091556364,46781.8181818,0.608223045455
1979-06-30,32.327384619,32.5297354286,32.2083549524,32.3988026667,69928.5714286,0.617556428571
1979-07-31,33.0892421905,33.2856740476,32.9583091905,33.1666442381,110890.47619,0.632192428571
1979-08-31,34.9891177391,35.6087297391,34.7717087391,35.2282326522,502104.347826,0.671488478261
1979-09-30,39.3333392778,39.7222338889,38.7152738333,39.0902818889,620961.111111,0.745103277778
1979-10-31,34.293498,34.7065406522,33.9293421304,34.2608742609,318800.0,0.653049521739
1979-11-30,35.7261909524,36.2440259048,35.4583408095,35.8690704286,187666.666667,0.683703428571
1979-12-31,36.8750153,37.11249185,36.65001405,36.83749805,201245.0,0.70216265
1980-01-31,35.0773798095,35.3630951905,34.8333139048,35.1071264286,154233.333333,0.669179952381
1980-02-29,34.76247445,34.924973,34.48123175,34.624972,139870.0,0.6599896
1980-03-31,30.3690591429,30.5714319524,30.0416611905,30.2023844762,243723.809524,0.575690238095
1980-04-30,29.5000099048,29.8333156667,29.2857232857,29.5595140952,111547.619048,0.563436380952
1980-05-31,32.09996975,32.5062165,31.81873835,32.2312342,118475.0,0.61436235
1980-06-30,33.791660381,34.059554,33.5654274286,33.8511755238,208895.238095,0.645240333333
1980-07-31,35.3522337273,35.5113322273,35.1874645,35.3920004545,137240.909091,0.674610181818
1980-08-31,35.4047343333,35.5714303333,35.2916232381,35.3630736667,115647.619048,0.674058619048
1980-09-30,34.6666611905,34.8690660952,34.4642777143,34.7023809524,146900.0,0.661465047619
1980-10-31,34.6818471364,34.9034465455,34.4659078182,34.6647937727,162872.727273,0.660748681818
1980-11-30,33.5555806111,33.8124996667,33.3541832222,33.5486495,120716.666667,0.639473666667
1980-12-31,33.5056875,33.8181724091,33.2897688636,33.5000066364,192595.454545,0.638546636364
1981-01-31,35.458330381,35.7321320952,35.1309435238,35.4642818571,164590.47619,0.675987857143
1981-02-28,34.7237175789,34.8816010526,34.6184582632,34.7631974737,89794.7368421,0.662624315789
1981-03-31,36.1534171818,36.5341046364,35.8920300909,36.2840900455,283586.363636,0.661723
1981-04-30,37.648786381,37.8570996667,37.357119619,37.6368723333,193580.952381,0.717399714286
1981-05-31,37.449987,37.6374933,37.262492,37.4874929,195455.0,0.7145524
1981-06-30,39.9602108182,40.2613337727,39.6931635909,39.9488385,348731.818182,0.761468272727
1981-07-31,38.7916917143,38.976231381,38.6071518095,38.7976540952,145514.285714,0.739525380952
1981-08-31,37.5178206667,37.6487967619,37.3392538571,37.4940147143,269490.47619,0.714676809524
1981-09-30,34.8214433333,35.0595142381,34.5238249524,34.726208381,132138.095238,0.661919190476
1981-10-31,36.0965970455,36.5284033636,35.9261467273,36.4034113182,255186.363636,0.6938885
1981-11-30,43.6513360526,44.3157835789,43.2171292632,43.9539468421,1023947.36842,0.83781
1981-12-31,43.5454769545,43.7443218182,43.0909363636,43.5056895909,416563.636364,0.829265772727
1982-01-31,40.6874867,40.8812307,40.26250375,40.61248645,285915.0,0.7741181
1982-02-28,41.4210429474,41.8552374737,41.2368356316,41.5920945263,191689.473684,0.792790578947
1982-03-31,40.74431,41.0341121818,40.3295159091,40.5681789545,333500.0,0.773273590909
1982-04-30,41.4166927143,41.7321443333,41.1250044286,41.416693,140428.571429,0.789447095238
1982-05-31,40.05000125,40.26251495,39.82497795,40.0187445,136690.0,0.76280065
1982-06-30,38.1818059545,38.4488534091,37.8124700455,38.1534009545,185822.727273,0.727245318182
1982-07-31,38.1750049,38.4249911,38.0375027,38.2000125,225000.0,0.72813375
1982-08-31,40.0965955455,40.4715916364,39.7897814545,40.1022866818,381154.545455,0.764393181818
1982-09-30,41.0773820952,41.4345262857,40.9047560476,41.2499865714,244595.238095,0.786269619048
1982-10-31,48.8154831905,49.6428501905,48.2916535714,49.2380831905,415490.47619,0.938531333333
1982-11-30,51.499989619,51.874999,50.9583060952,51.4464260952,336766.666667,0.98013747619
1982-12-31,48.9091076818,49.1647826818,48.6193263182,48.8863635,224818.181818,0.931827227273
1983-01-31,49.5000035714,49.8154657143,49.0119253333,49.476186381,278657.142857,0.943069857143
1983-02-28,48.9605295789,49.3092108947,48.6842296842,49.0855232105,383421.052632,0.935623368421
1983-03-31,53.1363762273,53.6250127273,52.9090854545,53.3352314091,260745.454545,1.01662754545
1983-04-30,56.9999892,57.74375455,56.63124865,57.19373305,974555.0,1.09017465
1983-05-31,62.452399381,62.8988160476,62.1250340952,62.5833540476,165119.047619,1.19290666667
1983-06-30,60.2738357619,60.5416972381,59.8511809048,60.1547835714,182809.52381,1.14661561905
1983-07-31,60.69375065,61.06876315,60.37499145,60.7625021,195690.0,1.1581992
1983-08-31,57.0924086957,57.2337117826,56.6684789565,56.9239157826,256682.608696,1.08503182609
1983-09-30,60.2083371429,60.5952279048,59.9762073333,60.3809523333,217419.047619,1.15092652381
1983-10-31,38.4583427143,38.6250171429,38.0297474286,38.2976194286,519528.571429,0.729994
1983-11-30,30.279754,30.732128,30.0773866667,30.5059433333,517300.0,0.978468857143
1983-12-31,32.3630995238,32.5892996667,32.1011955714,32.3452450476,177819.047619,1.233071
1984-01-31,33.4562526,33.68750795,33.2312459,33.4499921,277315.0,1.27518645
1984-02-29,30.9625008,31.20624885,30.4937574,30.818755,260060.0,1.17487785
1984-03-31,29.8579609545,30.0454546364,29.6477234545,29.835232,154286.363636,1.13738377273
1984-04-30,28.15624445,28.29999575,27.83126405,28.09374235,430410.0,1.0709944
1984-05-31,29.380942,29.761892381,29.0357059524,29.309518381,250266.666667,1.11734238095
1984-06-30,27.6845415238,27.9226284762,27.517861619,27.6845363333,206895.238095,1.05539457143
1984-07-31,27.2321456667,27.416675,27.0595141905,27.2142859524,163519.047619,1.0374677619
1984-08-31,29.0597794348,29.4130375652,28.8804284348,29.1793418696,436178.26087,1.11237986957
1984-09-30,30.6319395556,31.0208342778,30.4722158333,30.7500028333,379811.111111,1.17225677778
1984-10-31,32.0597961739,32.4402195217,31.7826235652,32.070664,553000.0,1.22260334783
1984-11-30,32.9761852857,33.2023910952,32.7559310952,32.9404709524,464600.0,1.2557622381
1984-12-31,33.3289408947,33.7434309474,33.1447395263,33.4999981053,440273.684211,1.27709263158
1985-01-31,36.5738765909,37.0113635909,36.2556847727,36.6591066818,680431.818182,1.39752472727
1985-02-28,38.8355271053,39.2039357895,38.6118459474,38.9078908421,540684.210526,1.48325331579
1985-03-31,38.7375015,38.98123295,38.49376455,38.6937521,236820.0,1.47508985
1985-04-30,40.3273788095,40.6488031429,40.077378,40.4345222381,291633.333333,1.54145180952
1985-05-31,42.2783965,42.6079452273,41.9772685,42.2840776818,379627.272727,1.61196081818
1985-06-30,44.8223776316,45.2302657368,44.3749968947,44.9013305789,298463.157895,1.71173636842
1985-07-31,45.2727223636,45.6363518636,44.8125009091,45.2102214091,511995.454545,1.72351181818
1985-08-31,43.3181812727,43.7272683182,42.8124964545,43.2954523182,659713.636364,1.65051659091
1985-09-30,40.7565718421,40.9473572105,40.4276308947,40.6644680526,352173.684211,1.55021789474
1985-10-31,42.4375055455,42.7670432727,42.2613539091,42.5511455909,454500.0,1.62214218182
1985-11-30,44.9687581,45.21250635,44.67500635,45.0437584,679195.0,1.7171658
1985-12-31,48.4562436,48.9812464,48.23749815,48.78750165,894030.0,1.85988545
1986-01-31,51.8749966364,52.4374861364,51.4318292273,51.9090932273,766504.545455,1.97888722727
1986-02-28,53.7105334211,54.3749984737,53.4802621579,54.0855322632,594473.684211,2.06185789474
1986-03-31,61.3815734211,61.9671089474,60.9407950526,61.6315784211,1030894.73684,2.34952968421
1986-04-30,65.965915,66.5340847727,65.4431827727,65.9431861818,426681.818182,2.51389759091
1986-05-31,65.7202292857,65.9999932857,65.345235619,65.7618952857,383895.238095,2.50698619048
1986-06-30,63.6130893333,63.9166694762,63.1666613333,63.4880917619,894976.190476,2.42030395238
1986-07-31,63.2321384762,63.7321456667,62.7857165714,63.2797617619,685452.380952,2.41236190476
1986-08-31,65.9881018571,66.5059580952,65.5833340952,66.1428625238,221985.714286,2.52150957143
1986-09-30,61.4687508,61.76251485,60.7249972,60.93749935,844680.0,2.32306985
1986-10-31,57.9184661304,58.3369478696,57.6956583913,58.0108639565,535182.608696,2.21150008696
1986-11-30,42.7960643158,43.105277,42.3486805789,42.7039568421,243610.526316,2.20757515789
1986-12-31,40.0416599048,40.3571468571,39.7559514286,40.0714280952,647033.333333,2.29141466667
1987-01-31,40.6964332857,41.065473381,40.333333381,40.7321459524,646933.333333,2.32919685714
1987-02-28,39.6907848421,40.0921014737,39.3947285789,39.7302606842,436673.684211,2.27190568421
1987-03-31,41.6818279545,42.0965947273,41.4147740455,41.7670530909,850863.636364,2.38837618182
1987-04-30,40.9562476,41.29375075,40.48749875,40.874998,616380.0,2.33736565
1987-05-31,40.6062539,40.9312589,40.3125015,40.59375175,327160.0,2.3212829
1987-06-30,42.7102273636,43.1704487727,42.471588,42.8124986364,765400.0,2.44815809091
1987-07-31,42.5284146364,42.778409,42.2102246364,42.5113682727,529963.636364,2.4309385
1987-08-31,43.6625042,44.11875145,43.3375032,43.73750455,555390.0,2.50105295
1987-09-30,42.2023836667,42.5714345238,41.7619072381,42.1011898571,1024609.52381,2.40748319048
1987-10-31,36.4602290909,37.5227275,35.6647780909,36.5795436364,1035722.72727,2.05792977273
1987-11-30,30.374998,30.69374625,29.55625505,29.968751,538640.0,1.73438395
1987-12-31,26.3011417727,26.7159053182,25.8068207727,26.2556837727,906986.363636,1.51949731818
1988-01-31,28.93749385,29.393745,28.6937385,29.15624215,391045.0,1.695344
1988-02-29,29.9144565789,30.1249916316,29.6184154737,29.8749963684,444794.736842,1.75644826316
1988-03-31,29.7934784348,30.2391276087,29.5815169565,29.9239072609,571465.217391,1.75932382609
1988-04-30,31.6187499,32.0062459,31.2749942,31.5750029,1254720.0,1.86974845
1988-05-31,30.62499915,30.93125705,30.4312549,30.68750135,1397315.0,1.83068345
1988-06-30,33.3863600455,33.7329552273,33.1306853636,33.4147656364,1196118.18182,1.99338018182
1988-07-31,34.56250155,34.81874385,34.3437535,34.59999185,885080.0,2.0773669
1988-08-31,35.1136337273,35.3352301818,34.8238652273,35.1136370455,991754.545455,2.12190990909
1988-09-30,34.9940416667,35.172616381,34.803575619,35.0416647619,654685.714286,2.11756066667
1988-10-31,35.3869057619,35.6130990952,35.2083320476,35.4345290476,3262614.28571,2.15635114286
1988-11-30,35.1428512857,35.321432,34.9940490476,35.2023771905,1492533.33333,2.15591885714
1988-12-31,36.11249615,36.3437574,35.96874825,36.2000098,1256215.0,2.21701755
1989-01-31,37.767857619,38.1130950476,37.607141619,37.8988120476,1683876.19048,2.33967095238
1989-02-28,40.4144823684,40.8947425263,40.1447292632,40.5921033158,2055684.21053,2.51780910526
1989-03-31,43.6250022381,44.0238037143,43.3511900952,43.7142888095,1708090.47619,2.7114687619
1989-04-30,44.968747,45.26250325,44.74375355,45.0562533,1205690.0,2.8096407
1989-05-31,45.3238604545,45.8693134091,45.1079553182,45.5681837273,1817222.72727,2.85668009091
1989-06-30,50.9943184545,51.4375035,50.5397713182,50.9375020455,1660986.36364,3.19328368182
1989-07-31,50.63750605,51.03750385,50.3875126,50.85625415,807115.0,3.20477475
1989-08-31,53.0380445652,53.3369595217,52.690213913,52.9782545652,837947.826087,3.35231330435
1989-09-30,50.6776221579,50.9407888421,50.1644684211,50.5197307368,1717452.63158,3.19674489474
1989-10-31,47.1306938636,47.6136427273,46.4943242727,46.988632,1683359.09091,2.99112018182
1989-11-30,43.2559515714,43.482137619,42.744043381,43.0892807143,1313590.47619,2.75808590476
1989-12-31,40.3026364737,40.7039448947,39.703949,40.1579051579,2137073.68421,2.57045263158
1990-01-31,38.6647664545,38.9715911364,38.0965856364,38.5000006364,1256668.18182,2.48484968182
1990-02-28,37.1052613158,37.4868361053,36.8223848421,37.2302709474,845721.052632,2.41525994737
1990-03-31,37.1726205238,37.4404772857,36.6666631905,37.0059494762,1242180.95238,2.40070752381
1990-04-30,31.78124905,32.0625027,31.3500018,31.61874625,2803770.0,2.07039215
1990-05-31,33.9545551364,34.4318194091,33.8181806818,34.2045488182,1259481.81818,2.25709590909
1990-06-30,35.0535717619,35.363096381,34.5238121429,34.8511952857,779104.761905,2.29976690476
1990-07-31,28.9226287143,29.1369152857,28.4999964286,28.7500101429,1282400.0,1.91539904762
1990-08-31,24.0271711304,24.2934691304,23.6576110435,23.9782588261,1121891.30435,1.61073613043
1990-09-30,21.7777772222,22.0694345,21.1111163333,21.5069501667,1574005.55556,1.44472627778
1990-10-31,17.2173947826,17.5054352609,16.6739144783,17.0489116957,1560747.82609,1.16424582609
1990-11-30,17.738098381,18.244052,17.4523828095,17.9285825238,1863490.47619,1.24036938095
1990-12-31,19.0874957,19.43126705,18.5125049,18.97499705,2190135.0,1.2953101
1991-01-31,18.6193270909,18.9318256818,18.3238643636,18.6420508636,1589427.27273,1.31498454545
1991-02-28,25.3223623684,26.0197394737,25.0328951053,25.585533,2113963.15789,1.82342263158
1991-03-31,28.09374375,28.5687458,27.7312476,28.1750005,1627915.0,2.0079349
1991-04-30,27.3750058182,27.8011413636,26.8465917273,27.2897770909,2169804.54545,1.95991163636
1991-05-31,27.7159229545,28.1534101818,27.4886355909,27.9147848636,1780636.36364,2.01809131818
1991-06-30,30.9013203684,31.2565788947,30.3486942632,30.677633,1838568.42105,2.21783084211
1991-07-31,29.7727274091,30.2329559091,29.3238677727,29.8636404545,1998918.18182,2.17640409091
1991-08-31,32.7613668636,33.1477314545,32.3011353182,32.7613633182,2117586.36364,2.39951440909
1991-09-30,30.7171048421,30.9736861053,30.3223626842,30.6118415263,1008405.26316,2.24207852632
1991-10-31,30.874999087,31.3423904348,30.5108694783,30.9619590435,1533017.3913,2.28675786957
1991-11-30,31.7062561,31.9562532,31.19374415,31.53124425,1089495.0,2.33831415
1991-12-31,28.35000115,29.01250185,27.7812515,28.5187488,1696645.0,2.11491155
1992-01-31,34.5738617273,35.1761380455,34.1477264091,34.8409123636,2346690.90909,2.59763595455
1992-02-29,38.5921115263,39.1842133158,38.2697348421,38.835525,1666289.47368,2.90937326316
1992-03-31,38.738100381,39.1666586667,38.3928554762,38.803559381,1734347.61905,2.90697866667
1992-04-30,40.2023792857,40.5595302381,39.4940531905,40.0952376667,1936766.66667,3.01595966667
1992-05-31,41.931244,42.35000435,41.5562464,42.0500031,1752745.0,3.179657
1992-06-30,40.3863684091,40.6761432727,39.8636389091,40.2556817273,2862500.0,3.04396681818
1992-07-31,41.1931919545,41.6250075455,40.7727266818,41.3011439545,2107495.45455,3.13635913636
1992-08-31,41.9523810952,42.4166735714,41.6309559048,42.0357130476,1550761.90476,3.20831219048
1992-09-30,41.80625085,42.2125095,41.50625005,41.85001715,1137195.0,3.1941393
1992-10-31,44.7159091364,45.1477390455,44.2727270909,44.8068257273,2371454.54545,3.43324872727
1992-11-30,48.3749982632,48.8749965789,48.1381637368,48.6184196842,1759589.47368,3.74232915789
1992-12-31,51.2784019545,51.6874978182,50.8977179545,51.3011360909,2203768.18182,3.94882722727
1993-01-31,55.7562506,56.3187477,55.23749405,55.9124931,3304335.0,4.32086365
1993-02-28,55.3541726667,55.7777836667,54.8819441667,55.2083355,2176850.0,4.27907561111
1993-03-31,57.2282570435,57.6630443478,56.9239143043,57.364122913,2030839.13043,4.446166
1993-04-30,56.9702344286,57.3988151905,56.13095,56.7202428095,2977200.0,4.4091217619
1993-05-31,53.61249885,54.17499875,53.01249655,53.66875215,2828990.0,4.1702389
1993-06-30,56.0284076364,56.6420495,55.6534078182,56.1704626818,1850631.81818,4.38133890909
1993-07-31,57.732146,58.0297644762,57.1130963333,57.4464343333,1983780.95238,4.49729790476
1993-08-31,54.1845309524,54.5476189524,53.7440439048,54.0178564286,2662133.33333,4.24695966667
1993-09-30,54.4285747143,54.9345210952,54.0476137619,54.3749966667,2667990.47619,4.27503842857
1993-10-31,55.1607178571,55.7619028095,54.5416675714,55.0119087143,2852176.19048,4.326919
1993-11-30,54.3154744762,54.7678534286,53.8869050952,54.369056,3088947.61905,4.27840585714
1993-12-31,56.5357101429,56.785716619,56.1964272857,56.535710381,2223938.09524,4.44890404762
1994-01-31,56.761910619,57.1488054286,56.2618977143,56.7380968095,2852757.14286,4.48415333333
1994-02-28,54.0592125789,54.3947415263,53.5592107895,53.9078874211,2193126.31579,4.27485642105
1994-03-31,52.7215882727,52.9772698636,52.1534074545,52.6306787273,2694804.54545,4.17357468182
1994-04-30,53.6973682632,54.3223796842,53.3782965789,54.0394786842,1922821.05263,4.30579705263
1994-05-31,41.7499991429,42.0416750952,41.4642875714,41.8690524762,1575533.33333,4.58511580952
1994-06-30,30.1477267727,30.4715892727,29.7727289545,30.1477265455,1962536.36364,4.788776
1994-07-31,29.69374415,30.08125155,29.4749924,29.8749978,1124185.0,4.807646
1994-08-31,31.9837009565,32.2282658261,31.8206588261,32.0326147826,1223230.43478,5.1780123913
1994-09-30,31.48750245,31.65625005,31.12500105,31.3750075,1224525.0,5.07171115
1994-10-31,30.232143,30.5654760476,29.9880920476,30.3452396667,2581028.57143,4.93242842857
1994-11-30,30.1726211429,30.386908,29.7321452381,29.9761909048,1654261.90476,4.89613609524
1994-12-31,28.6312528,29.0312526,28.30000255,28.71328165,1782990.0,4.68985985
1995-01-31,29.8571429048,30.232143381,29.5654742381,29.8928570476,1353952.38095,4.91594357143
1995-02-28,32.0000117895,32.4111928947,31.7763227368,32.1579008421,1738410.52632,5.31033273684
1995-03-31,31.7613680909,32.0397756364,31.4147769545,31.7443270909,4133413.63636,5.24203790909
1995-04-30,32.9013197895,33.1513188421,32.4934276316,32.8355256316,2157542.10526,5.45023226316
1995-05-31,36.5909106364,37.1250015455,36.3693229091,36.8806887727,3736400.0,6.15054836364
1995-06-30,42.0238114286,42.4880955238,41.5892887143,42.0357131905,3522442.85714,7.0102457619
1995-07-31,40.3562514,40.7375019,39.9375001,40.35000215,2756255.0,6.75609055
1995-08-31,40.0815180435,40.4891274348,39.6304317826,40.119563913,2678117.3913,6.75145565217
1995-09-30,44.9144749474,45.3684211053,44.6052617895,45.1315782632,2137752.63158,7.59489421053
1995-10-31,45.8465895909,46.2386341818,45.1875009545,45.6875013182,2438036.36364,7.71425309091
1995-11-30,44.3035685714,44.8571454286,43.9821429524,44.4642848571,2499547.61905,7.54020157143
1995-12-31,47.3026351579,47.7565812105,47.0263225789,47.4342126842,1923784.21053,8.04383836842
1996-01-31,47.3068237273,47.9090969545,46.7840940909,47.52273,2971777.27273,8.09437940909
1996-02-29,52.3874978,52.9312526,51.8250015,52.42499785,2780905.0,8.96648085
1996-03-31,51.5374984,52.03437405,51.15000105,51.58749875,2261605.0,8.82323955
1996-04-30,48.9464272381,49.2976128571,48.4107127619,48.7976184286,3759400.0,8.37931619048
1996-05-31,50.2045471364,50.7528389545,49.8693204545,50.3125051364,3356181.81818,8.67903618182
1996-06-30,52.5657864737,53.1249985789,52.1710482632,52.6118440526,3050315.78947,9.07567789474
1996-07-31,50.2386399545,50.6250049545,49.7897735909,50.2215952273,2106722.72727,8.70214586364
1996-08-31,35.3273803333,35.702383619,35.1369040476,35.470240619,1866242.85714,9.66597309524
1996-09-30,29.37500505,29.65625605,29.15625435,29.4375054,1714620.0,10.2471762
1996-10-31,30.1739154348,30.5298939565,29.9565239565,30.2934807826,2139991.30435,10.5870773478
1996-11-30,33.64375265,34.068752,33.32500155,33.6437523,2259945.0,11.76962615
1996-12-31,34.4583375714,34.8988121429,33.8690516667,34.3035779524,1639304.7619,12.0296400952
1997-01-31,34.8352295909,35.3125014545,34.3352297273,34.857957,1746345.45455,12.2544222273
1997-02-28,39.2291680556,39.7708338333,38.7013906111,39.2361127222,2120688.88889,13.8507771111
1997-03-31,39.6312525,40.0625017,38.88125105,39.4437526,2137855.0,13.9240764
1997-04-30,36.1874978636,36.7840880455,35.6704536364,36.1931790909,2338027.27273,12.8206719545
1997-05-31,41.18749845,41.79374945,40.6374977,41.29999825,1932345.0,14.67858785
1997-06-30,45.1428582381,45.6934538571,44.7232163333,45.1666687143,1891614.28571,16.0528557619
1997-07-31,46.0863101905,46.65774,45.6011918095,46.1547625714,1520700.0,16.4496722857
1997-08-31,46.8660719524,47.3690469524,46.0684513333,46.604166619,1515238.09524,16.6514741429
1997-09-30,47.3660716667,47.9910757619,46.8898822381,47.3660750952,1320976.19048,16.9237008095
1997-10-31,49.4403413182,50.1534095909,48.5909110909,49.4460239545,1525213.63636,17.6987245455
1997-11-30,49.0789502632,49.8651341053,48.6217111579,49.4111841579,1656621.05263,17.7444292632
1997-12-31,56.0773821429,56.8452390476,55.479167,56.2321434286,1648838.09524,20.1939563333
1998-01-31,55.7281254,56.3812496,54.76250285,55.60937535,1680600.0,20.00621165
1998-02-28,56.7467111579,57.3256605263,56.4934218421,56.9309193684,1557052.63158,20.5377664737
1998-03-31,61.0773841905,61.818453,60.5089298095,61.1190503333,1401485.71429,22.0486301429
1998-04-30,62.9464301905,63.464287,61.7976217143,62.6071462381,1813080.95238,22.614462619
1998-05-31,59.5906276,60.24062855,58.96562855,59.5093756,1691765.0,20.55065795
1998-06-30,61.2585239091,61.9090933636,60.5596605909,61.1306855,1890800.0,22.1426950455
1998-07-31,64.4090926364,65.1306844545,63.6335245,64.5113642727,1504095.45455,23.4036975909
1998-08-31,41.6750017,42.165626,40.4218759,41.20937555,1895250.0,21.1143704
1998-09-30,27.5446439048,28.3779775238,26.779762381,27.8028281429,1942109.52381,20.2285624286
1998-10-31,29.303573,30.0000014762,28.410714381,29.3482161429,1804966.66667,21.3914868095
1998-11-30,33.2750007,33.7218757,32.8187512,33.27499995,1309330.0,24.3178288
1998-12-31,36.2215919091,36.948865,35.7400584091,36.4517069091,1267186.36364,26.6394099545
1999-01-31,35.9375019444,36.6319463333,34.9826398333,35.9097227222,2315438.88889,26.2887010556
1999-02-28,34.8322371579,35.4769755263,34.1118435263,34.7236845789,1746336.84211,25.4780971053
1999-03-31,37.2272734545,37.7812510455,36.6704554545,37.2159107273,1663840.90909,27.3067387727
1999-04-30,38.1011924286,38.714287619,37.5505964286,38.208335,1673642.85714,28.0756685714
1999-05-31,36.9375011,37.50625165,36.38593875,36.9406273,1304335.0,27.20564875
1999-06-30,35.7708335238,36.318454,35.3095242381,35.749999619,1340428.57143,26.3287877619
1999-07-31,37.9494054286,38.4910739048,37.4761904762,38.0089291429,1429057.14286,28.0322429524
1999-08-31,36.8892058636,37.3948885455,36.3664782727,36.9090935,1912804.54545,27.2847997273
1999-09-30,34.7470251429,35.315477,34.2886918571,34.7500020476,2046861.90476,25.6887057619
1999-10-31,36.038692,36.9732157619,35.5505962857,36.5148817143,1903428.57143,27.043173619
1999-11-30,41.82187745,42.4093767,41.24375155,41.7531264,1706765.0,31.0044821
1999-12-31,39.3039780455,39.9488640455,38.6477292727,39.2237224091,1922890.90909,29.1262308636
2000-01-31,37.1718756,38.0281268,36.34687655,37.1718761,2022135.0,27.6568211
2000-02-29,36.7236856842,37.2598702105,35.6611857895,36.3322381053,1878721.05263,27.0951022632
2000-03-31,35.7961975217,36.883153913,34.9728275217,36.1222833913,2313156.52174,26.9385266087
2000-04-30,41.9618064444,43.0659737222,40.8611117222,41.9296886667,2219772.22222,31.309285
2000-05-31,44.5142062273,45.4715926364,43.9232966818,44.6732958636,1689354.54545,33.4236639545
2000-06-30,46.2784115909,47.0653422727,45.3835243182,46.1910528182,1747027.27273,34.5592193182
2000-07-31,48.6973696316,49.4440793684,47.8651332632,48.3930934211,1619510.52632,36.2642492632
2000-08-31,50.7309797391,51.6086982174,49.9538052174,50.7669857826,1510221.73913,38.109376
2000-09-30,52.6710542105,53.5197386316,51.9342116316,52.9802645263,1706747.36842,39.7708234211
2000-10-31,53.4744337727,54.6278425909,52.3892052273,53.5085242727,2237727.27273,40.2315994091
2000-11-30,55.4906268,56.3281276,54.52500115,55.43125185,2075520.0,41.75647995
2000-12-31,54.46562695,55.50937805,53.6156262,54.31562575,2456000.0,40.91607635
2001-01-31,52.9517874762,53.8988118571,51.7920252857,52.8700019048,2832647.61905,39.8985175238
2001-02-28,52.8905562778,53.4400018889,51.9344447778,52.8377786111,2120694.44444,39.9414048333
2001-03-31,47.668182,48.4427290909,46.4872745,47.6931828182,3521163.63636,36.0524755909
2001-04-30,49.9463176842,50.7957920526,49.1226333158,49.855265,2521521.05263,37.7522861053
2001-05-31,52.3427285,52.979546,51.7459113182,52.5018181818,1531018.18182,39.8301192273
2001-06-30,51.923001,52.35950195,51.04950115,51.5855015,2113440.0,39.1349621
2001-07-31,45.3971448571,45.906192381,44.6423826667,45.3366683333,3497538.09524,34.4613521905
2001-08-31,43.86591,44.2086383182,43.3754551364,43.6559098182,2215736.36364,33.2601028636
2001-09-30,34.0353346,35.1593341333,33.3746676,34.2820008,4712880.0,26.1184084667
2001-10-31,34.7347833913,35.2991316522,33.9847831739,34.5882623043,2784621.73913,26.4173931304
2001-11-30,37.9370004,38.641001,37.5000014,38.17550135,1985395.0,29.23509875
2001-12-31,40.2790021,40.79000185,39.8615018,40.4350023,1852360.0,30.96544255
2002-01-31,42.8847637143,43.3323831905,42.2014300952,42.758097,2905647.61905,32.8136462857
2002-02-28,38.2989485263,38.7631591053,37.5894755789,38.0963166842,2406778.94737,29.3017140526
2002-03-31,41.8373677895,42.4436854211,41.346843,41.8752644737,2137910.52632,32.2082850526
2002-04-30,38.1972745,38.5922726818,37.6840922273,38.0672731364,2524259.09091,29.3436970455
2002-05-31,36.4768190455,36.8468187273,35.9113647273,36.2913648182,2382322.72727,28.0519858182
2002-06-30,33.95700015,34.57750085,33.5525008,34.0440021,2568970.0,25.0447689
2002-07-31,31.0477286818,31.8013633636,30.3054556364,31.1072728182,3188795.45455,24.11684
2002-08-31,33.2442860952,33.9328591905,32.7342855238,33.5066672857,2154838.09524,26.0598510952
2002-09-30,31.3180002,31.82850075,30.61249935,31.1910001,2601450.0,24.2588382
2002-10-31,25.589566913,26.0969569565,24.6778271739,25.3486955652,4237660.86957,19.7980183043
2002-11-30,27.24700035,27.8189997,26.8065003,27.4140005,2760170.0,21.48468785
2002-12-31,26.2035019,26.5605028,25.541001,25.84500145,4292710.0,20.2550442
2003-01-31,26.0047619524,26.4614280952,25.6319050476,26.1176193333,3640771.42857,20.5240099524
2003-02-28,23.4205257895,23.6278941053,22.9410532632,23.2599987368,3132168.42105,18.3617477368
2003-03-31,21.57700115,21.8930004,21.1615005,21.56000145,3432180.0,17.01974765
2003-04-30,23.6733340476,24.2000005714,23.4276200952,23.9271435714,2954966.66667,18.975564
2003-05-31,26.9595255238,27.3776200952,26.6014307619,27.0852398095,2405780.95238,21.558373
2003-06-30,29.2823814286,29.623333619,28.8876209048,29.2028585714,2389414.28571,23.2443057619
2003-07-31,30.2023818571,30.5128583333,29.8166665714,30.1600001905,2350342.85714,24.0835695714
2003-08-31,29.5676189524,29.7419038095,29.1938112381,29.5085717143,1737857.14286,23.630446381
2003-09-30,30.2214290952,30.5295245238,29.9180952381,30.235238381,2140766.66667,24.212360619
2003-10-31,30.955218913,31.4734798261,30.6178267391,31.0560884348,2509265.21739,24.8821161304
2003-11-30,30.6168434737,30.8705270526,30.2910546842,30.6273700526,2132342.10526,24.6792180526
2003-12-31,32.0138110476,32.3371436667,31.7980975238,32.1071447619,2225571.42857,25.8716050952
2004-01-31,33.1850024,33.50100225,32.71000115,33.14350135,3827670.0,26.7647079
2004-02-29,32.0215793158,32.3452634737,31.8063167895,32.123158,3637005.26316,26.0286906316
2004-03-31,32.4108705652,32.6234782174,32.0543495652,32.2947836957,2174278.26087,26.1495627826
2004-04-30,31.2423809524,31.5023810952,30.8071425238,31.067619,2778123.80952,25.2282524286
2004-05-31,29.4252646316,29.7110530526,29.1231595789,29.4247385789,3032157.89474,24.0041385789
2004-06-30,29.5466676667,29.7585710952,29.3338109048,29.513335381,1886938.09524,24.0764140476
2004-07-31,28.5123824762,28.7400020952,28.2528578095,28.4771444762,2575852.38095,23.2927834762
2004-08-31,28.8795238095,29.1252382857,28.6919056667,28.9400002381,1641814.28571,23.7737943333
2004-09-30,29.8519035714,30.0219040476,29.6352367143,29.8023799048,2484814.28571,24.4822269048
2004-10-31,30.7930006,31.1705011,30.55150025,30.98500055,2777210.0,25.51253315
2004-11-30,33.0161912381,33.2409541905,32.6809520476,32.987143381,2094523.80952,27.27262
2004-12-31,33.1840921818,33.4472753636,32.9909095455,33.2122743182,2133977.27273,27.4587504091
2005-01-31,31.867896,32.0494746316,31.4515790526,31.6494738947,3775773.68421,26.2336404211
2005-02-28,30.0773681053,30.3131575263,29.8873688421,30.1173680526,2870178.94737,25.0590953158
2005-03-31,30.1066680952,30.3461920952,29.8480956667,30.0561912381,2366238.09524,25.0368607143
2005-04-30,28.4204770952,28.7199992857,28.1314300476,28.3814289048,2759776.19048,23.700548381
2005-05-31,28.4904775238,28.7433357143,28.275715,28.5161919524,2331900.0,23.9381853333
2005-06-30,29.1485745714,29.3561927143,28.978098381,29.125717381,1866333.33333,24.4498571905
2005-07-31,29.8435026,30.1125025,29.6780024,29.94250175,3151730.0,25.18860005
2005-08-31,30.6382616522,30.8173931304,30.434348,30.6456531304,1895778.26087,25.9003345652
2005-09-30,30.0995246667,30.329048619,29.7933340952,30.0376200476,2234557.14286,25.386452381
2005-10-31,29.59350185,29.9995014,29.41750125,29.67700105,2364160.0,25.12739445
2005-11-30,32.1857148095,32.4038101429,31.9180958095,32.1776192857,2212819.04762,27.3864712381
2005-12-31,32.2933324286,32.4942842857,32.0304750476,32.2409510476,2017247.61905,27.440373
2006-01-31,32.3900020526,32.6589486316,32.1052652632,32.3526341053,3212310.52632,27.6019526316
2006-02-28,33.2605254211,33.5810515789,33.0321068947,33.4215771053,3195036.84211,28.6362986842
2006-03-31,34.7172726364,35.0122715,34.4809095909,34.7877264091,4134759.09091,29.8068435455
2006-04-30,35.0926334737,35.5994750526,34.7700011053,35.1873692105,5029605.26316,30.1972852105
2006-05-31,34.0613644091,34.2513648182,33.7281818636,33.9545466364,2851768.18182,29.2725985
2006-06-30,32.1599997619,32.3980943333,31.8700018571,32.102381381,2773019.04762,27.6758260952
2006-07-31,32.81700065,33.16850115,32.4950004,32.8530014,3445215.0,28.3808835
2006-08-31,33.9818204545,34.1822735455,33.6977305455,33.8927299545,2304200.0,29.4134548182
2006-09-30,34.68750205,34.9110016,34.4805014,34.70700165,2461945.0,30.12011195
2006-10-31,34.9252392381,35.196191381,34.6757140952,34.9452387619,2851233.33333,30.3921730476
2006-11-30,35.0661911429,35.2995256667,34.9000006667,35.1214298095,3392895.2381,30.6807747619
2006-12-31,39.2252621053,39.4910524211,38.9936830526,39.2715775263,5403415.78947,34.3061893684
2007-01-31,40.14100135,40.45850235,39.8550009,40.1665013,4089540.0,35.1640327
2007-02-28,41.9342114211,42.2394757368,41.5915800526,41.9615803158,3530836.84211,36.8537331053
2007-03-31,39.8128578095,40.1652387143,39.4638095714,39.8995244762,3544871.42857,35.042684619
2007-04-30,41.010502,41.21950315,40.64500195,40.9110023,3032150.0,35.98829105
2007-05-31,40.6745483182,40.9568202273,40.3322745,40.6354575909,4021572.72727,35.8792350455
2007-06-30,40.748572619,41.1709534762,40.3652399524,40.7642860476,4459076.19048,35.992988619
2007-07-31,44.5215002,45.12300045,43.92800005,44.6130003,6843925.0,37.2200822
2007-08-31,41.9256522174,42.9356523478,40.9521738261,41.8913042609,8522365.21739,35.0831023913
2007-09-30,42.1473686842,42.8242105789,41.7578944737,42.3715787368,5277221.05263,35.4853223684
2007-10-31,45.7277277727,46.4354546818,45.1372725909,45.8731816364,5751336.36364,38.494721
2007-11-30,46.3109523333,47.1076190952,45.3414279524,46.3514286667,8168371.42857,39.0237979048
2007-12-31,48.6563158947,49.4136837368,47.9052632632,48.6315787368,5362389.47368,40.9434822632
2008-01-31,46.0676190952,47.410476619,44.9919045238,46.2319050476,10166685.7143,39.0110690476
2008-02-29,46.2226317895,46.9521052105,45.3678948421,46.1826312632,6189563.15789,39.0912428421
2008-03-31,43.57899945,44.7999994,42.556,43.6164996,10131785.0,36.91914335
2008-04-30,42.8459087273,43.6577277273,42.1104545455,42.828636,9989950.0,36.3274631364
2008-05-31,44.5199997143,45.1885715714,43.8661907143,44.5038094286,5624614.28571,37.8480894762
2008-06-30,40.8090475714,41.6461905714,40.0780950476,40.8057144762,9554276.19048,34.7367177143
2008-07-31,35.9833335714,37.1504762857,34.7071429524,35.831904619,13716390.4762,30.5891994286
2008-08-31,35.6723810952,36.5209522381,34.949047381,35.7947616667,10546776.1905,30.6757734286
2008-09-30,35.27050045,36.7820002,32.7005,35.1515001,16600410.0,30.12450425
2008-10-31,29.2917393913,31.6565218696,27.3156519565,29.351739087,12713317.3913,25.222224913
2008-11-30,29.8605556667,31.3266668333,28.4622222222,29.9355553889,11327333.3333,25.8508242222
2008-12-31,27.4745453182,28.4390908636,26.4118182727,27.4381818636,8952272.72727,23.6942192727
2009-01-31,24.88249985,25.84800005,23.94199985,24.93999985,13930775.0,21.64583935
2009-02-28,25.1038887778,26.1022223333,24.2422223889,25.1616667222,13760988.8889,22.006311
2009-03-31,23.9495453182,25.1450000909,22.7627270909,24.0581815455,20765604.5455,21.0412065909
2009-04-30,28.1045002,28.99250005,27.1160001,28.1299998,20220860.0,24.6106352
2009-05-31,28.1749998,29.0565004,27.41300015,28.2070001,20022135.0,24.75880975
2009-06-30,28.6057144286,29.1228571429,28.1499997619,28.6233333333,11563585.7143,25.124248
2009-07-31,28.0468180909,28.4081818182,27.5277270909,27.9972729545,11914131.8182,24.5820046818
2009-08-31,28.8223809048,29.309048,28.3999999524,28.9247619524,9308128.57143,25.4733634762
2009-09-30,29.2625001,29.6260001,28.82399975,29.2084998,10004350.0,25.7232448
2009-10-31,28.2972725455,28.6095453636,27.7627273636,28.1068180909,12991436.3636,24.7637026364
2009-11-30,26.79999995,27.1334999,26.46750015,26.779,9481000.0,23.6603424
2009-12-31,27.1527271818,27.4254543182,26.9140909545,27.1913637273,8033000.0,24.0246893182
2010-01-31,29.2652632105,29.7194734737,28.8868421053,29.3189475789,8935010.52632,25.9127152105
2010-02-28,28.0511108333,28.4288888889,27.6738892222,28.0499998333,7566283.33333,24.8585071111
2010-03-31,29.9895651739,30.3069563478,29.7717391304,30.1013043478,5937200.0,26.6764167391
2010-04-30,31.82950005,32.1225002,31.4665,31.85000015,7962830.0,28.2343239
2010-05-31,29.47349995,29.8455002,28.91499985,29.33450015,12105395.0,26.0728732
2010-06-30,26.1413633182,26.3859091364,25.7945452273,26.0413639545,12990704.5455,23.1458925
2010-07-31,25.7705002,26.0594999,25.41000005,25.7265001,9273540.0,22.87764355
2010-08-31,24.9436361364,25.1404546364,24.7068184091,24.9563637273,6610431.81818,22.2581359091
2010-09-30,25.6264998,25.92599985,25.39850015,25.64800005,6092560.0,22.8749942
2010-10-31,26.0242855714,26.2604759048,25.7009524762,25.9466664286,9458933.33333,23.1529331429
2010-11-30,27.052857381,27.3976191429,26.7971430476,27.1790475714,8843271.42857,24.3279831429
2010-12-31,29.2023809048,29.5109524286,28.9966664286,29.316190619,5767128.57143,26.2409413333
2011-01-31,31.4039997,31.79550005,31.09749985,31.4109999,7303430.0,28.12794655
2011-02-28,31.3683332778,31.667778,31.0272222778,31.3577776111,6245072.22222,28.1482587222
2011-03-31,29.4756519565,29.7230432174,29.1591307826,29.4334783043,7478686.95652,26.4209144783
2011-04-30,29.49400015,29.71050025,29.23799985,29.4599999,6717350.0,26.4623727
2011-05-31,28.28999965,28.51150005,28.0535003,28.2579999,5879610.0,25.4811671
2011-06-30,26.2286365,26.4281822273,25.913182,26.1031817727,9596027.27273,23.5380968636
2011-07-31,25.4447367895,25.7100000526,25.2310525789,25.4510527368,8246821.05263,22.9682463158
2011-08-31,21.2921737826,21.6360869565,20.6473912609,21.0673913043,16344078.2609,19.0937046087
2011-09-30,19.9055,20.27850005,19.52300005,19.88,15616865.0,18.01755345
2011-10-31,19.5819047619,20.0452381429,19.2033335238,19.690952381,13762557.1429,17.8640151905
2011-11-30,19.8509525714,20.1038098571,19.4747620952,19.7714282857,10572004.7619,18.0309864762
2011-12-31,19.49250005,19.73849995,19.1824999,19.46699995,7326335.0,17.75335615
2012-01-31,20.821,21.08949985,20.54399995,20.8384999,10162910.0,19.0274368
2012-02-29,21.5978945789,21.8668418421,21.4010524211,21.6936846316,7690873.68421,19.9098587368
2012-03-31,23.2745454091,23.5336364545,23.0172727727,23.3472728636,7914554.54545,21.4274759545
2012-04-30,23.51100005,23.7429999,23.2725002,23.53200015,8351075.0,21.61506975
2012-05-31,21.707143,21.9295238571,21.4404760476,21.6304761429,8689519.04762,19.9615729048
2012-06-30,20.6600000952,20.9133333333,20.4495238571,20.7157145238,6754323.80952,19.1173900952
2012-07-31,21.4285003,21.6395001,21.1779999,21.41050005,6293135.0,19.77735885
2012-08-31,22.2065218261,22.438261087,22.0295652609,22.2491303913,5434313.04348,20.6628913478
2012-09-30,23.0378943684,23.253684,22.8526312632,23.0321052105,6420421.05263,21.3900444737
2012-10-31,23.7590477619,24.0023808571,23.5552380476,23.8247617143,6945538.09524,21.2061293333
2012-11-30,24.2595238095,24.4709524762,24.000952381,24.2100001905,6760861.90476,22.6033134286
2012-12-31,24.8494736842,25.0978946842,24.6931580526,24.9447370526,6502178.94737,23.2892898947
2013-01-31,26.6728570476,26.9609525714,26.4866664762,26.8442859048,7380376.19048,25.0979130952
2013-02-28,27.6342103158,27.8415791053,27.4021053684,27.6242104211,5660963.15789,25.9160462632
2013-03-31,28.1644999,28.39849985,27.99449995,28.2095001,5147265.0,26.46490385
2013-04-30,27.6790913636,27.9445455455,27.435,27.7118184091,5753822.72727,26.0240934091
2013-05-31,29.1947619048,29.5433330952,29.0,29.2809524762,5588652.38095,27.6190994762
2013-06-30,29.3154999,29.53399995,28.8869999,29.16199985,6476510.0,27.50689825
2013-07-31,30.4731815455,30.8077271364,30.2309090455,30.5381818182,5802668.18182,28.8369867727
2013-08-31,30.7395237143,30.9485714762,30.5138097143,30.7047618095,3872090.47619,29.0988430476
2013-09-30,30.78499995,31.0059999,30.52750005,30.7635002,4171975.0,29.1545093
2013-10-31,30.9554547727,31.2331821818,30.7381815455,31.0363635909,5165363.63636,29.4524175
2013-11-30,33.04650015,33.3374999,32.8150001,33.08850025,4527770.0,31.50756185
2013-12-31,33.6971433333,33.9104761429,33.4947620952,33.6980952381,3650057.14286,32.0880311429
2014-01-31,33.5609522381,33.824761619,33.2442859048,33.4771429524,5947176.19048,31.8980170476
2014-02-28,31.5421050526,31.7910526842,31.2784208947,31.5505263684,4924726.31579,30.1835919474
2014-03-31,33.80600015,34.06850045,33.56449995,33.8480001,7063030.0,32.3815272
2014-04-30,34.0109522381,34.303809381,33.5457142857,33.9233329048,5374985.71429,32.5002937619
2014-05-31,34.2619045238,34.500952381,34.0123810476,34.3085715714,4377228.57143,32.9883067143
2014-06-30,35.46000005,35.7675,35.26899985,35.6160004,5144190.0,34.2454228
2014-07-31,38.3718177727,38.6518183636,38.1659090455,38.4331822727,6354259.09091,36.991154
2014-08-31,38.85950005,39.0695002,38.6190002,38.8515,5212755.0,37.51678275
2014-09-30,39.3861907143,39.6538094762,39.1314281905,39.4033334286,5563871.42857,38.0496582381
2014-10-31,37.3604349565,37.6634785217,36.943043913,37.3030436957,5850808.69565,36.0626796087
2014-11-30,39.465263,39.7031576842,39.2452632105,39.5321051053,3768568.42105,38.3527336842
2014-12-31,40.6804543636,41.0381818182,40.4195454545,40.6845456364,4447127.27273,39.470793
2015-01-31,38.0705261579,38.3831579474,37.5468418947,37.9010526842,6132257.89474,36.7789564737
2015-02-28,38.6221052632,39.0357896842,38.4384214211,38.796842,5903294.73684,37.8158242632
2015-03-31,39.9952381429,40.3395241429,39.7314288095,40.0599998095,6373952.38095,39.0470418571
2015-04-30,41.2071427143,41.5295241905,40.968095381,41.3209526667,4551080.95238,40.283936
2015-05-31,43.32150035,43.5759998,43.0865,43.35650025,5551700.0,42.42847335
2015-06-30,43.266190619,43.4790477143,42.991904619,43.1590480476,6693909.52381,42.2352474286
2015-07-31,42.8095454091,43.0454549091,42.4945458182,42.808182,5150045.45455,41.9070343182
2015-08-31,42.8719999,43.33699985,42.40799995,42.9354997,6695290.0,42.18027255
2015-09-30,39.183333619,39.4938090952,38.7128570952,39.1357145714,6037547.61905,38.4473249048
2015-10-31,40.6981818636,41.1336361364,40.3600001364,40.8168181364,5809927.27273,40.11374
2015-11-30,43.3915788947,43.7405264211,43.1247367368,43.4252632105,4993205.26316,42.8304765789
2015-12-31,42.0949997727,42.4345454545,41.6190910455,41.9431821364,7024409.09091,41.3686951818
2016-01-31,36.9127780556,37.2961113889,36.2938889444,36.687778,8137172.22222,36.1948583333
2016-02-29,34.52049975,34.9679996,34.08100055,34.5800002,7173150.0,34.2710845
2016-03-31,37.364285619,37.7676193333,37.0590477619,37.4923809524,5894104.7619,37.1574478571
2016-04-30,38.225714,38.7180951429,38.006666381,38.4280954286,5943280.95238,38.0927805238
2016-05-31,40.4199998571,40.8428570952,40.1566665714,40.5376192857,5056323.80952,40.3442435714
2016-06-30,40.2852379524,40.6185711905,39.884761381,40.255714381,5890642.85714,40.0636833333
2016-07-31,39.0640001,39.3715001,38.7329996,39.04149985,5378800.0,38.86465855
2016-08-31,39.192499,39.39999975,38.81500075,39.04,4195275.0,39.04
