Date,Open,High,Low,Close,Volume,Adj Close
2002-07-31,15.0,15.055,15.0,15.0,183000.0,5.881298
2002-08-31,15.0181818182,15.0454545455,14.99,14.9981818182,41822.7272727,5.88058513636
2002-09-30,14.7,14.777,14.547,14.6625,34220.0,5.7515233
2002-10-31,14.1547826087,14.2165217391,13.9273913043,14.0543478261,39095.6521739,5.5650306087
2002-11-30,13.444,13.552,13.3075,13.395,52180.0,5.3335435
2002-12-31,13.2075,13.299,13.086,13.206,89530.0,5.2917909
2003-01-31,13.5885714286,13.670952381,13.4095238095,13.5466666667,44561.9047619,5.4648197619
2003-02-28,13.7210526316,13.76,13.5936842105,13.7078947368,39500.0,5.56292873684
2003-03-31,13.5604761905,13.5971428571,13.4214285714,13.5119047619,42214.2857143,5.51795742857
2003-04-30,13.4465,13.4995,13.3815,13.4525,44525.0,5.5258277
2003-05-31,14.1185714286,14.2038095238,14.0376190476,14.1380952381,53876.1904762,5.84314033333
2003-06-30,14.4138095238,14.4623809524,14.3023809524,14.389047619,51757.1428571,5.98121033333
2003-07-31,13.9857142857,14.0223809524,13.8080952381,13.9104761905,54400.0,5.81714447619
2003-08-31,13.2376190476,13.2871428571,13.1585714286,13.2380952381,42071.4285714,5.56819290476
2003-09-30,13.270952381,13.3228571429,13.2033333333,13.2771428571,38890.4761905,5.62127080952
2003-10-31,13.4730434783,13.5260869565,13.4186956522,13.4869565217,39391.3043478,5.746434
2003-11-30,13.7363157895,13.7978947368,13.6342105263,13.7057894737,44168.4210526,5.87317184211
2003-12-31,13.8331818182,13.885,13.7327272727,13.8159090909,57418.1818182,5.95675090909
2004-01-31,14.268,14.331,14.1985,14.26,63215.0,6.185965
2004-02-29,14.5610526316,14.6094736842,14.4484210526,14.5315789474,54921.0526316,6.33788584211
2004-03-31,14.6095652174,14.6434782609,14.5413043478,14.5852173913,61226.0869565,6.40043234783
2004-04-30,13.4947619048,13.5447619048,13.3719047619,13.4404761905,74657.1428571,5.933488
2004-05-31,12.84,12.901,12.759,12.852,81995.0,5.7102953
2004-06-30,12.985,13.025,12.9095,12.971,61125.0,5.80046055
2004-07-31,13.2685714286,13.3176190476,13.210952381,13.2852380952,46404.7619048,5.97969404762
2004-08-31,13.7845454545,13.8290909091,13.7218181818,13.7877272727,52759.0909091,6.24330081818
2004-09-30,14.1152380952,14.16,14.0585714286,14.1047619048,48685.7142857,6.4238407619
2004-10-31,14.2042857143,14.2319047619,14.15,14.1961904762,39495.2380952,6.5047547619
2004-11-30,14.1795238095,14.2176190476,14.0638095238,14.1385714286,52976.1904762,6.51890847619
2004-12-31,14.2045454545,14.2768181818,14.1536363636,14.2131818182,45013.6363636,6.591345
2005-01-31,14.4915,14.547,14.439,14.486,41300.0,6.75740515
2005-02-28,14.7115789474,14.7726315789,14.6573684211,14.7042105263,51389.4736842,6.89549163158
2005-03-31,14.2240909091,14.3,14.1495454545,14.2290909091,50731.8181818,6.71304640909
2005-04-30,14.2045,14.2905,14.1815,14.2495,48215.0,6.7635143
2005-05-31,14.7261904762,14.7957142857,14.6647619048,14.7357142857,43290.4761905,7.03342366667
2005-06-30,15.0622727273,15.1313636364,15.0109090909,15.0718181818,60363.6363636,7.2349775
2005-07-31,15.3485,15.4575,15.2815,15.3655,80015.0,7.4146424
2005-08-31,15.6104347826,15.6791304348,15.5547826087,15.62,47565.2173913,7.58039165217
2005-09-30,15.7514285714,15.8219047143,15.6504761905,15.7414285238,54661.9047619,7.68031380952
2005-10-31,15.262,15.3335,15.159,15.2285,54720.0,7.46946545
2005-11-30,15.4119047619,15.490952381,15.3285714286,15.4066666667,41666.6666667,7.59929680952
2005-12-31,16.0290477619,16.1495238095,15.9847619048,16.0766667143,43419.047619,7.97057814286
2006-01-31,16.5173685263,16.6147367368,16.3389473684,16.4457895789,56221.0526316,8.195762
2006-02-28,16.3484213158,16.4668418947,16.2836842632,16.3715787895,53105.2631579,8.19866263158
2006-03-31,16.6073912609,16.7160871304,16.5313041304,16.6295655652,35182.6086957,8.37330813043
2006-04-30,16.8105264211,16.8831578947,16.7005263158,16.8094737895,38200.0,8.50579294737
2006-05-31,16.7119047619,16.7833334286,16.6014284286,16.6747619524,37785.7142857,8.48120495238
2006-06-30,16.6527272727,16.7154547727,16.5336362727,16.6159091364,32759.0909091,8.4923455
2006-07-31,16.5570001,16.6505002,16.46949985,16.56400005,38080.0,8.5117927
2006-08-31,17.0218179091,17.1200001364,16.9572725,17.0145450455,35590.9090909,8.78645672727
2006-09-30,17.1730001,17.2665002,17.06849995,17.15000005,69060.0,8.8982753
2006-10-31,17.0918180909,17.1909091818,17.055909,17.1513635909,46963.6363636,8.94241904545
2006-11-30,17.60749975,17.7000001,17.55000025,17.62799975,36420.0,9.23579205
2006-12-31,16.9775001,17.07299985,16.89049985,16.958,55460.0,8.92337175
2007-01-31,16.93500015,17.0014999,16.9035,16.9500001,42845.0,8.96356565
2007-02-28,17.1277774444,17.1922223889,17.0633331111,17.133889,31572.2222222,9.09551738889
2007-03-31,17.1522725909,17.2049999091,17.0863635455,17.1399998636,37331.8181818,9.14204909091
2007-04-30,17.07100015,17.12299995,17.0389999,17.0860002,30950.0,9.15433025
2007-05-31,17.0623809048,17.117619381,17.0047617619,17.0461904286,32457.1428571,9.17213561905
2007-06-30,16.018571381,16.1209522857,15.9009523333,16.0114285714,60090.4761905,8.65487095238
2007-07-31,15.5419047619,15.6333333333,15.3947619048,15.5385714286,44071.4285714,8.44163066667
2007-08-31,14.9230434783,14.987826087,14.7460869565,14.8952173913,54856.5217391,8.1316693913
2007-09-30,15.2105263158,15.2978947368,15.1257894737,15.2215789474,40115.7894737,8.35180357895
2007-10-31,15.6226086957,15.6886956522,15.537826087,15.5856521739,38343.4782609,8.59080634783
2007-11-30,14.2857142857,14.4128571429,14.0957142857,14.2252380952,65119.047619,7.85033080952
2007-12-31,13.854,13.987,13.7115,13.792,109750.0,7.6819621
2008-01-31,15.0947619048,15.2504761905,14.9542857143,15.140952381,77038.0952381,8.4765297619
2008-02-29,14.9847368421,15.1105263158,14.7605263158,14.8778947368,62552.6315789,8.37074568421
2008-03-31,13.7975,13.914,13.643,13.798,54135.0,7.8039796
2008-04-30,14.285,14.37,14.1340909091,14.2395454545,26468.1818182,8.09383263636
2008-05-31,14.3185714286,14.4238095238,14.219047619,14.319047619,37614.2857143,8.17894371429
2008-06-30,13.969,14.0685,13.8075,13.8765,32820.0,7.96491985
2008-07-31,13.34,13.455,13.1954545455,13.3027272727,30036.3636364,7.6731585
2008-08-31,13.2257142857,13.2947619048,13.120952381,13.21,23014.2857143,7.65507342857
2008-09-30,12.257,12.368,11.8295,12.0545,57480.0,7.02064685
2008-10-31,9.67086956522,10.0882608696,9.30391304348,9.6252173913,86578.2608696,5.64828017391
2008-11-30,9.81368421053,10.0631578947,9.39263157895,9.70210526316,56826.3157895,5.73085447368
2008-12-31,8.52227272727,8.72318181818,8.20318181818,8.40727272727,81636.3636364,5.004943
2009-01-31,10.214,10.42,9.92,10.1705,45100.0,6.09843675
2009-02-28,10.2831578947,10.4552631579,10.0331578947,10.2157894737,41247.3684211,6.16288994737
2009-03-31,9.99619047619,10.0933333333,9.86428571429,9.9819047619,33704.7619048,6.06364247619
2009-04-30,10.5823809524,10.6633333333,10.4819047619,10.5866666667,24223.8095238,6.47307833333
2009-05-31,11.334,11.3945,11.228,11.2925,24130.0,6.94360565
2009-06-30,11.8738095238,12.0071428571,11.7238095238,11.8461904762,65395.2380952,7.333222
2009-07-31,12.2340909091,12.3481818182,12.1554545455,12.2336363636,43554.5454545,7.62533286364
2009-08-31,13.0061904762,13.0766666667,12.9033333333,12.9952380952,34971.4285714,8.15159495238
2009-09-30,13.7761904762,13.8638095238,13.6614285714,13.7685714286,48285.7142857,8.689323
2009-10-31,13.6668181818,13.8286363636,13.5086363636,13.6640909091,68054.5454545,8.67311109091
2009-11-30,13.2295,13.324,13.15,13.2615,43465.0,8.47287995
2009-12-31,13.460952381,13.5466666667,13.3442857143,13.4538095238,37623.8095238,8.6435682381
2010-01-31,13.7089473684,13.8005263158,13.6357894737,13.7210526316,29631.5789474,8.86841336842
2010-02-28,13.6742105263,13.7505263158,13.6094736842,13.6763157895,31021.0526316,8.89161563158
2010-03-31,13.6881818182,13.7672727273,13.6240909091,13.6968181818,38922.7272727,8.95759540909
2010-04-30,13.7971428571,13.8514285714,13.76,13.8052380952,30314.2857143,9.08338542857
2010-05-31,13.9395,13.9965,13.8455,13.9235,32305.0,9.21359785
2010-06-30,14.1495454545,14.2068181818,14.0922727273,14.1668181818,32409.0909091,9.42812322727
2010-07-31,14.2155,14.2735,14.161,14.204,38600.0,9.5074745
2010-08-31,14.7213636364,14.8163636364,14.6790909091,14.7681818182,37945.4545455,9.94037290909
2010-09-30,14.9747619048,15.0795238095,14.9119047619,14.9704761905,41457.1428571,10.1329990952
2010-10-31,14.769,14.8725,14.7225,14.7825,34880.0,10.0564472
2010-11-30,14.0023809524,14.1147619048,13.8142857143,13.9871428571,79119.047619,9.57149995238
2010-12-31,13.0263636364,13.1595454545,12.8618181818,13.0122727273,85518.1818182,8.95832181818
2011-01-31,12.7305263158,12.8131578947,12.5926315789,12.6942105263,82926.3157895,8.79672978947
2011-02-28,12.9994736842,13.0668421053,12.9184210526,12.9936842105,40531.5789474,9.06029057895
2011-03-31,13.3469565217,13.4156521739,13.2760869565,13.35,44778.2608696,9.37287165217
2011-04-30,13.2431578947,13.3057894737,13.1489473684,13.2231578947,33094.7368421,9.33839510526
2011-05-31,13.5676190476,13.6442857143,13.540952381,13.5976190476,33076.1904762,9.66596404762
2011-06-30,13.7031818182,13.76,13.6381818182,13.6972727273,40436.3636364,9.79800040909
2011-07-31,13.7365,13.799,13.646,13.7235,49575.0,9.87760745
2011-08-31,13.8195652174,13.9056521739,13.6695652174,13.8052173913,44347.826087,9.98333373913
2011-09-30,14.1580952381,14.2504761905,14.0966666667,14.1628571429,38057.1428571,10.3203361429
2011-10-31,14.3161904762,14.4047619048,14.2142857143,14.2852380952,37995.2380952,10.471813381
2011-11-30,14.4845,14.5405,14.378,14.4615,37615.0,10.6660493
2011-12-31,14.9080952381,14.96,14.8328571429,14.8976190476,32095.2380952,11.0455931429
2012-01-31,15.3485,15.4335,15.284,15.3735,40175.0,11.466747
2012-02-29,15.6310526842,15.6910526842,15.5121052632,15.6110526316,52568.4210526,11.6991494211
2012-03-31,15.4754545455,15.5809091364,15.3477272727,15.4727273182,61031.8181818,11.6606999545
2012-04-30,15.602,15.67,15.518,15.6085,33695.0,11.8276898
2012-05-31,15.9047618571,15.9671429524,15.8161905238,15.9085714762,34476.1904762,12.1180721429
2012-06-30,16.1038095238,16.1447620952,15.9876189048,16.0771427143,40542.8571429,12.3105005714
2012-07-31,16.4647619524,16.5361902381,16.394285619,16.4795236667,52780.952381,12.6885044286
2012-08-31,16.6739129565,16.7482606957,16.5395650435,16.6630435652,59021.7391304,12.8946777826
2012-09-30,16.7068421579,16.7768424211,16.6363157895,16.7294737895,42894.7368421,13.0151243158
2012-10-31,17.040476381,17.1047616667,16.9361904286,17.0342858095,45428.5714286,13.3147448095
2012-11-30,17.13450005,17.2330003,17.02350015,17.135,46580.0,13.45919175
2012-12-31,16.9590001,17.02099975,16.78899995,16.8859999,87245.0,13.33558945
2013-01-31,17.0423807619,17.1195237143,16.9438096667,17.036666619,51352.3809524,13.5252748095
2013-02-28,16.647778,16.7211108333,16.5738887778,16.628333,37888.8888889,13.2596608889
2013-03-31,16.32050005,16.3994999,16.18949995,16.30200005,78135.0,13.06943645
2013-04-30,16.5140909545,16.5800000909,16.4736364545,16.5513636364,41227.2727273,13.3413777727
2013-05-31,16.7228572381,16.7942858095,16.5909524286,16.676666619,54828.5714286,13.5082677143
2013-06-30,14.855,14.967,14.662,14.8345,103505.0,12.0825786
2013-07-31,14.0813636364,14.1427272727,13.9659090909,14.0409090909,76213.6363636,11.5060622727
2013-08-31,13.3347619048,13.41,13.2542857143,13.3580952381,78904.7619048,11.0111358095
2013-09-30,13.4435,13.546,13.398,13.4945,65475.0,11.198775
2013-10-31,13.9565217391,14.0013043478,13.8856521739,13.9552173913,52243.4782609,11.6537611304
2013-11-30,13.4984210526,13.5368421053,13.4147368421,13.46,65552.6315789,11.3045982632
2013-12-31,12.999047619,13.059047619,12.9466666667,13.0157142857,109338.095238,11.0082802381
2014-01-31,13.570952381,13.630952381,13.5228571429,13.5861904762,61714.2857143,11.5618082381
2014-02-28,13.78,13.8372222222,13.7355555556,13.7755555556,65811.1111111,11.7887347222
2014-03-31,13.9104761905,13.959047619,13.8695238095,13.9119047619,71638.0952381,11.9800787143
2014-04-30,14.1480952381,14.2,14.12,14.1671428571,60580.952381,12.267976
2014-05-31,14.5671428571,14.6214285714,14.5452380952,14.5928571429,52857.1428571,12.708899
2014-06-30,14.667,14.702,14.621,14.6525,53880.0,12.83441915
2014-07-31,14.31,14.3645454545,14.2577272727,14.3009090909,66663.6363636,12.6003481364
2014-08-31,14.3776190476,14.4280952381,14.3485714286,14.3980952381,51000.0,12.7544208095
2014-09-30,14.4795238095,14.5238095238,14.4438095238,14.4761904762,45523.8095238,12.8987697143
2014-10-31,15.2869565217,15.4017391304,15.1434782609,15.3126086957,161134.782609,13.7210303913
2014-11-30,15.6221052632,15.7226315789,15.5547368421,15.6173684211,66252.6315789,14.0624254737
2014-12-31,15.7627272727,15.8572727273,15.7081818182,15.8113636364,43386.3636364,14.3167136364
2015-01-31,16.2050002,16.2839999,16.15699995,16.2329999,57305.0,14.7665162
2015-02-28,15.9426316842,15.9984209474,15.8500000526,15.9015790526,82321.0526316,14.5375005789
2015-03-31,15.2004545455,15.2472727273,15.1327272727,15.1927272727,74736.3636364,13.9636612273
2015-04-30,15.077,15.111,15.039,15.078,57765.0,13.93281515
2015-05-31,14.6605,14.7045,14.586,14.6525,89095.0,13.60496445
2015-06-30,14.2172727273,14.2690909091,14.1545454545,14.2031818182,78413.6363636,13.2645435909
2015-07-31,14.1790909091,14.2163636364,14.1340909091,14.1804545455,44168.1818182,13.3204794545
2015-08-31,14.2804761905,14.3276190476,14.2295238095,14.2752380952,50328.5714286,13.4825871429
2015-09-30,14.4104761905,14.4680952381,14.3728571429,14.4328571429,36157.1428571,13.7065799048
2015-10-31,14.7166666667,14.7685714286,14.6614285714,14.7171428571,31457.1428571,14.0489307143
2015-11-30,14.869,14.94,14.8195,14.8775,41595.0,14.2771596
2015-12-31,14.9977272727,15.0595454545,14.9431818182,15.0009090909,50459.0909091,14.4788611818
2016-01-31,15.35,15.4152631579,15.27,15.3336842105,64852.6315789,14.8725888421
2016-02-29,15.5305263158,15.5889473684,15.4442105263,15.5168421053,65594.7368421,15.1268342632
2016-03-31,15.7263636364,15.775,15.6836363636,15.7204545455,41309.0909091,15.4030634091
2016-04-30,16.1190476667,16.1785715238,16.0666665714,16.1333331905,42071.4285714,15.8845312381
2016-05-31,16.27050025,16.33150015,16.1935003,16.2545,48070.0,16.07929625
2016-06-30,16.3995454545,16.4740906364,16.359091,16.4181816818,33540.9090909,16.3188158636
2016-07-31,16.4275001,16.4935,16.3105,16.3929999,61880.0,16.3669801
2016-08-31,16.3125,16.395,16.2799995,16.38499975,47050.0,16.38499975
