Date,Open,High,Low,Close,Volume,Adj Close
1992-06-30,16.3263865556,16.9444397778,16.0416631667,16.4791666667,752000.0,2.74652777778
1992-07-31,19.1726140476,19.5178511429,18.9107112857,19.2083283333,134485.714286,3.20138809524
1992-08-31,22.0952400952,22.4880882381,21.9404771905,22.25,119228.571429,3.70833333333
1992-09-30,24.0357197143,24.4881025714,23.7440512381,24.2857198095,200971.428571,4.04762
1992-10-31,27.3295418182,27.8693181818,26.6818170455,27.4090934091,140754.545455,4.56818227273
1992-11-30,29.7631548947,30.1184150526,29.3157854737,29.7302621579,64894.7368421,4.95504368421
1992-12-31,30.0227212273,30.5170316364,29.7102272727,30.2272666818,71263.6363636,5.03787772727
1993-01-31,33.24999335,33.83749525,32.54999145,33.1749962,174330.0,5.529166
1993-02-28,33.7894706842,34.2236752105,33.3026275789,33.7236852105,102978.947368,5.62061421053
1993-03-31,31.6590848182,32.4090861818,30.931819,31.9431818182,138890.909091,6.89488636364
1993-04-30,23.4880942857,24.0119028571,22.9999985714,23.4642871429,95133.3333333,7.82142904762
1993-05-31,23.462496,24.031248,23.2499955,23.7249975,50270.0,7.9083325
1993-06-30,24.85227,25.3352263636,24.6022677273,25.1306781818,43790.9090909,8.37689272727
1993-07-31,30.9749985,31.525002,30.5749995,31.1687505,63130.0,10.3895835
1993-08-31,32.45454,32.9318140909,32.1249954545,32.5568127273,47745.4545455,10.8522709091
1993-09-30,31.4166714286,31.7797685714,30.9642857143,31.34524,65542.8571429,10.4484133333
1993-10-31,35.4940442857,36.0714257143,35.0059471429,35.5595228571,117028.571429,11.8531742857
1993-11-30,36.5119042857,36.8511914286,36.0654785714,36.3273785714,60790.4761905,12.1091261905
1993-12-31,31.3988090476,31.8571433333,31.1666661905,31.6369057143,27704.7619048,11.4801590476
1994-01-31,22.4761904762,22.8154761905,21.8452380952,22.2619047619,100952.380952,11.130952381
1994-02-28,21.875,22.3289473684,21.5723684211,21.875,150084.210526,10.9375
1994-03-31,23.1304347826,23.4347826087,22.8260869565,23.1902173913,46660.8695652,11.5951086957
1994-04-30,22.0,22.3552631579,21.6710526316,21.9671052632,55147.3684211,10.9835526316
1994-05-31,22.2380952381,22.755952381,22.005952381,22.4672619048,125733.333333,11.2300595238
1994-06-30,24.7698863636,25.1988636364,24.375,24.8125,81354.5454545,12.40625
1994-07-31,25.2,25.68125,24.88125,25.540625,92120.0,12.7703125
1994-08-31,30.5815217391,31.1032608696,30.1141304348,30.5760869565,112104.347826,15.2880434783
1994-09-30,32.6125,33.1,32.24375,32.65625,60510.0,16.328125
1994-10-31,33.1681542857,33.7023809524,32.9583333333,33.5833333333,48076.1904762,16.7916666667
1994-11-30,36.5238095238,36.8988095238,35.8303571429,36.3511904762,61638.0952381,18.1755952381
1994-12-31,27.5178571429,27.9107142857,27.0,27.4791666667,81119.047619,16.6830357143
1995-01-31,17.6125,17.84375,17.15625,17.5375,115565.0,17.5375
1995-02-28,18.7763157895,19.0263157895,18.4934210526,18.7927631579,129921.052632,18.7927631579
1995-03-31,20.4673913043,20.8586956522,20.0380434783,20.4891304348,115191.304348,20.4891304348
1995-04-30,20.5460526316,20.8782894737,20.1710526316,20.4835526316,109147.368421,20.4835526316
1995-05-31,19.6676136364,20.0056818182,19.3238636364,19.6846590909,102854.545455,19.6846590909
1995-06-30,20.6339285714,20.9553571429,20.1547619048,20.6041666667,94685.7142857,20.6041666667
1995-07-31,22.165625,22.76875,21.88125,22.4875,181090.0,22.4875
1995-08-31,21.6630434783,22.0923913043,21.2826086957,21.660326087,95356.5217391,21.660326087
1995-09-30,24.475,25.19375,24.0875,24.7375,331115.0,24.7375
1995-10-31,25.6875,26.3125,24.9204545455,25.5454545455,288750.0,25.5113636364
1995-11-30,22.255952381,22.6130952381,21.7619047619,22.1726190476,297028.571429,22.1726190476
1995-12-31,20.5375,21.075,20.15,20.471875,268905.0,20.471875
1996-01-31,18.7159090909,19.2784090909,18.125,18.6931818182,302168.181818,18.6931818182
1996-02-29,20.0986842105,20.5,19.7171052632,20.1052631579,162210.526316,20.1052631579
1996-03-31,20.4166666667,21.0238095238,19.9702380952,20.4523809524,166747.619048,20.4523809524
1996-04-30,19.0297619048,19.4285714286,18.4761904762,18.9791666667,280147.619048,18.9791666667
1996-05-31,19.8920454545,20.3181818182,19.5170454545,19.9744318182,297940.909091,19.9744318182
1996-06-30,21.7434210526,22.3026315789,21.4342105263,21.875,257494.736842,21.875
1996-07-31,19.625,19.9943181818,19.15625,19.5170454545,150277.272727,19.5170454545
1996-08-31,20.3409090909,20.7159090909,20.0340909091,20.4857954545,122840.909091,20.4857954545
1996-09-30,25.19375,25.9,24.740625,25.44375,271480.0,25.44375
1996-10-31,26.3522727273,26.8011363636,26.0,26.3380681818,97618.1818182,26.3380681818
1996-11-30,26.5375,26.884375,26.3375,26.540625,57410.0,26.540625
1996-12-31,24.4791666667,24.7827380952,24.0595238095,24.3869047619,72728.5714286,24.3869047619
1997-01-31,23.3011363636,23.8892045455,22.8522727273,23.3096590909,199986.363636,23.3096590909
1997-02-28,22.1145833333,22.7638888889,21.3854166667,21.9583333333,579694.444444,21.9583333333
1997-03-31,20.684375,21.1875,20.125,20.546875,229515.0,20.546875
1997-04-30,15.8977272727,16.2386363636,15.2017045455,15.5340909091,582245.454545,15.5340909091
1997-05-31,14.0952380952,14.4583333333,13.8452380952,14.2023809524,398147.619048,14.2023809524
1997-06-30,13.503125,13.81875,13.065625,13.415625,346090.0,13.415625
1997-07-31,12.6335227273,12.7926136364,12.3977272727,12.5951704545,487354.545455,12.5951704545
1997-08-31,13.8720238095,14.1785714286,13.6458333333,13.8943452381,265747.619048,13.8943452381
1997-09-30,15.119047619,15.4583333333,14.8333333333,15.1726190476,201819.047619,15.1726190476
1997-10-31,10.1590909091,10.5142045455,9.50284090909,9.79829545455,782986.363636,9.79829545455
1997-11-30,5.40131578947,5.50493421053,5.18092105263,5.32730263158,324084.210526,5.32730263158
1997-12-31,5.90340909091,6.18181818182,5.77840909091,6.04403409091,476013.636364,6.04403409091
1998-01-31,7.59539473684,7.78947368421,7.23026315789,7.59703947368,420168.421053,7.59703947368
1998-02-28,7.31907894737,7.61842105263,7.20065789474,7.51644736842,222078.947368,7.51644736842
1998-03-31,8.68465909091,8.95454545455,8.55113636364,8.81107954545,158359.090909,8.81107954545
1998-04-30,10.5089285714,10.9107142857,10.2425595238,10.6376490476,241771.428571,10.6376490476
1998-05-31,10.9901315789,11.3174342105,10.6217105263,10.9671052632,186415.789474,10.9671052632
1998-06-30,9.40625,9.64204545455,9.14772727273,9.33664772727,117368.181818,9.33664772727
1998-07-31,8.65198863636,8.828125,8.46448863636,8.671875,126322.727273,8.671875
1998-08-31,7.6994047619,7.97470238095,7.47619047619,7.7068452381,111219.047619,7.7068452381
1998-09-30,6.4671875,6.659375,6.28125,6.477344,124100.0,6.477344
1998-10-31,5.81818181818,6.09943181818,5.62073863636,5.87215909091,243436.363636,5.87215909091
1998-11-30,5.953125,6.23125,5.79375,6.0523435,106220.0,6.0523435
1998-12-31,6.66761363636,6.94460227273,6.53977272727,6.77272727273,71722.7272727,6.77272727273
1999-01-31,7.65131578947,7.99342105263,7.42434210526,7.68421052632,84821.0526316,7.64144736842
1999-02-28,6.77631578947,6.97203947368,6.49671052632,6.71381578947,48447.3684211,6.71381578947
1999-03-31,5.8097826087,5.93817913043,5.70720086957,5.81657608696,108304.347826,5.81657608696
1999-04-30,6.375,6.78720238095,6.23214285714,6.55729190476,63452.3809524,6.55729190476
1999-05-31,6.23026315789,6.39720368421,5.99177631579,6.15789473684,19457.8947368,6.15789473684
1999-06-30,5.42755681818,5.56818181818,5.25568181818,5.38565318182,65950.0,5.38565318182
1999-07-31,5.73883904762,5.89583333333,5.58333333333,5.76488095238,62771.4285714,5.76488095238
1999-08-31,5.70738636364,5.84659090909,5.62926136364,5.77272727273,27877.2727273,5.77272727273
1999-09-30,5.70535714286,5.81547619048,5.60714285714,5.73511904762,28185.7142857,5.73511904762
1999-10-31,5.203906,5.4484375,5.05625,5.3171875,41475.0,5.3171875
1999-11-30,4.55580333333,4.68005952381,4.41071428571,4.50892857143,40614.2857143,4.50892857143
1999-12-31,3.51988636364,3.74573863636,3.39630681818,3.53267045455,109281.818182,3.53267045455
2000-01-31,4.2265625,4.417969,4.0453125,4.2296875,95850.0,4.2296875
2000-02-29,4.70625,4.8890625,4.542969,4.764844,61195.0,4.7351565
2000-03-31,4.75135869565,4.98233695652,4.54619565217,4.75475521739,42891.3043478,4.75475521739
2000-04-30,5.11101947368,5.36348684211,4.98437473684,5.21546052632,44742.1052632,5.21546052632
2000-05-31,5.35014227273,5.56534090909,5.30113636364,5.421875,33400.0,5.421875
2000-06-30,5.33482142857,5.53125,5.1994047619,5.38541666667,76309.5238095,5.38541666667
2000-07-31,5.691406,5.8578125,5.55,5.7125,84635.0,5.7125
2000-08-31,6.1800273913,6.2683426087,6.09375,6.17255434783,22486.9565217,6.17255434783
2000-09-30,6.303125,6.3890625,6.2546875,6.3296875,15775.0,6.3296875
2000-10-31,6.02343772727,6.09801136364,5.97443181818,6.04403409091,32304.5454545,6.04403409091
2000-11-30,5.9806547619,6.0119047619,5.91071428571,5.94494047619,23428.5714286,5.90029761905
2000-12-31,5.1523435,5.324219,5.025,5.2046875,28245.0,5.2046875
2001-01-31,6.25892857143,6.43303571429,6.125,6.36532714286,12180.952381,6.36532714286
2001-02-28,5.53289473684,5.61430947368,5.36842105263,5.47861842105,9026.31578947,5.47861842105
2001-03-31,5.2581847619,5.375,5.16294619048,5.29166666667,37780.952381,5.29166666667
2001-04-30,5.676,5.837375,5.631375,5.75075,30405.0,5.75075
2001-05-31,7.38772727273,7.52136363636,7.21363636364,7.33409090909,25477.2727273,7.33409090909
2001-06-30,7.17380952381,7.35333333333,7.04380952381,7.18666666667,50223.8095238,7.18666666667
2001-07-31,8.55571428571,8.85428571429,8.42238095238,8.64380952381,33228.5714286,8.61285714286
2001-08-31,9.83695652174,10.09,9.42826086957,9.79434782609,27300.0,9.79434782609
2001-09-30,8.55533333333,8.824,8.244,8.574,22306.6666667,8.574
2001-10-31,8.32,8.46434782609,8.07173913043,8.33869565217,49295.6521739,8.33869565217
2001-11-30,8.593,8.8015,8.408,8.6275,16105.0,8.6275
2001-12-31,9.2785,9.574,9.0325,9.3295,19975.0,9.3295
2002-01-31,9.54571428571,9.79619047619,9.24714285714,9.57523809524,25409.5238095,9.57523809524
2002-02-28,10.0094444444,10.1411111111,9.85111111111,10.005,46761.1111111,10.005
2002-03-31,10.767,11.066,10.6,10.858,24475.0,10.858
2002-04-30,12.0572727273,12.3459090909,11.7840909091,12.1145454545,36981.8181818,12.1145454545
2002-05-31,13.7890909091,14.0254545455,13.4645454545,13.7027272727,42931.8181818,13.7027272727
2002-06-30,11.5068421053,12.1184210526,10.7763157895,11.3836842105,72257.8947368,11.3836842105
2002-07-31,10.7809090909,11.2418181818,10.39,10.7413636364,28890.9090909,10.7413636364
2002-08-31,8.52,8.94454545455,8.11409090909,8.50272727273,22404.5454545,8.50272727273
2002-09-30,8.84263157895,9.25157894737,8.42315789474,8.81789473684,24989.4736842,8.81789473684
2002-10-31,8.20608695652,8.51043478261,8.05173913043,8.24173913043,34465.2173913,8.24173913043
2002-11-30,8.4745,8.6935,8.15,8.4245,18875.0,8.4245
2002-12-31,6.99619047619,7.21666666667,6.75095238095,6.89571428571,24176.1904762,6.89571428571
2003-01-31,6.1425,6.3285,5.891,6.1075,11385.0,6.1075
2003-02-28,5.77,5.94263157895,5.62842105263,5.78421052632,9910.52631579,5.78421052632
2003-03-31,5.49619047619,5.59952380952,5.29285714286,5.41238095238,20671.4285714,5.41238095238
2003-04-30,5.756,6.07,5.5735,5.883,18035.0,5.883
2003-05-31,8.27047619048,8.74333333333,7.9919047619,8.47,27633.3333333,8.47
2003-06-30,10.7780952381,11.2519047619,10.1885714286,10.8157142857,53395.2380952,10.8157142857
2003-07-31,11.4063636364,11.7177272727,10.995,11.4527272727,30395.4545455,11.4527272727
2003-08-31,11.0525,11.465,10.7215,11.2285,32100.0,11.2285
2003-09-30,11.8104761905,12.0714285714,11.5304761905,11.8204761905,29842.8571429,11.8204761905
2003-10-31,12.2747826087,12.5630434783,11.9747826087,12.2652173913,42060.8695652,12.2652173913
2003-11-30,11.8388888889,12.435,11.5744444444,12.0594444444,72950.0,12.0594444444
2003-12-31,14.8745454545,15.2204545455,14.4922727273,14.9145454545,67068.1818182,14.9145454545
2004-01-31,16.4555,16.7675,16.1629999,16.53500005,198375.0,16.53500005
2004-02-29,16.968889,17.3150001111,16.682222,17.0049997778,102066.666667,17.0049997778
2004-03-31,17.5826087826,18.1056522609,17.2808695652,17.6469564348,118782.608696,17.6469564348
2004-04-30,16.9190477619,17.5542859524,16.3523808095,16.8519048571,127138.095238,16.8519048571
2004-05-31,14.6131578947,15.1610526316,14.2026315789,14.7642105263,75357.8947368,14.7642105263
2004-06-30,14.6685714286,15.0395238095,14.4238095238,14.8028571429,59771.4285714,14.8028571429
2004-07-31,14.290952381,14.5233333333,14.0671428571,14.2223809524,36566.6666667,14.2223809524
2004-08-31,16.4477272273,16.965,16.2250000455,16.6909090909,81581.8181818,16.6581818636
2004-09-30,18.941428619,19.3133333333,18.698571381,19.0609526667,74971.4285714,19.0609526667
2004-10-31,20.188095,20.659047619,19.920952381,20.4480950476,42395.2380952,20.4480950476
2004-11-30,24.13,24.4709523333,23.8509522857,24.2271430952,38642.8571429,24.2271430952
2004-12-31,25.3223812381,25.6066668571,24.928571619,25.2385715238,36585.7142857,25.2385715238
2005-01-31,24.07049985,24.5654998,23.50199985,24.0359999,30000.0,24.0359999
2005-02-28,24.0263155789,24.4394733684,23.4373685263,23.9378947368,32194.7368421,23.9378947368
2005-03-31,22.4942856667,22.9666666667,21.9623809048,22.3180952381,51452.3809524,22.3180952381
2005-04-30,18.4214281905,19.0523810476,17.8757141905,18.499047619,40319.047619,18.499047619
2005-05-31,16.4579999,16.6839997,15.99249985,16.1760002,42905.0,16.1760002
2005-06-30,14.5022727273,14.9072727273,14.0509090909,14.4786363636,48463.6363636,14.4786363636
2005-07-31,14.19099995,14.468,13.729,14.1215,131705.0,14.1215
2005-08-31,13.6865217391,13.7591304348,13.6017391304,13.6795652174,38504.3478261,13.6795652174
2005-09-30,14.0865,14.2525,14.019,14.164,6420.0,14.164
2005-10-31,15.3142857143,15.5057142857,15.1676190476,15.3471428571,11338.0952381,15.3471428571
2005-11-30,15.6123810952,15.8076190952,15.3452381429,15.4076190476,8785.71428571,15.4076190476
2005-12-31,15.7366665714,15.9233332381,15.4842856667,15.6904761905,6761.9047619,15.6904761905
2006-01-31,17.0489999,17.37,16.8020001,17.1875,17420.0,17.1875
2006-02-28,22.2536841579,22.6763156842,21.7805264737,22.3031578421,37268.4210526,22.2715788947
2006-03-31,23.4247826087,23.5500000435,23.0982608261,23.3447827826,33713.0434783,23.3447827826
2006-04-30,24.1989473158,24.4399997368,23.9657893684,24.2905261579,9400.0,24.2905261579
2006-05-31,26.5233332857,27.1509522857,25.8233332857,26.7376192381,45857.1428571,26.7376192381
2006-06-30,27.5509090455,27.9449999545,26.9177272727,27.4827271364,111668.181818,27.4827271364
2006-07-31,27.01650025,27.6640003,26.36650005,27.0714999,60895.0,27.0714999
2006-08-31,27.4077272273,27.8909090909,27.0504544091,27.4936364091,71554.5454545,27.4936364091
2006-09-30,29.16949995,29.5560002,28.748,29.20400005,34420.0,29.20400005
2006-10-31,33.0281818636,33.3445455909,32.5681819545,32.9827269545,40850.0,32.9827269545
2006-11-30,32.4064996,32.87599955,31.5845003,32.3349997,33125.0,32.3349997
2006-12-31,32.4299999,32.9624998,31.94749975,32.41249955,30050.0,32.41249955
2007-01-31,30.25050015,30.74600025,29.38000005,30.04500005,33535.0,30.04500005
2007-02-28,27.4888888889,27.8883335,26.8316663889,27.3294443889,29138.8888889,27.3294443889
2007-03-31,25.9436364091,26.6040909091,25.4027275,26.0240908636,75431.8181818,26.0240908636
2007-04-30,27.34499985,27.76400015,27.04249995,27.4044999,41480.0,27.4044999
2007-05-31,26.679523619,27.0319048571,26.3790472381,26.7171428095,48419.047619,26.7171428095
2007-06-30,26.5814284286,26.861904619,26.2042855714,26.6028571905,63571.4285714,26.6028571905
2007-07-31,25.77,26.0742855714,25.3704764762,25.7647620952,39895.2380952,25.7647620952
2007-08-31,25.3727274545,25.9831817273,24.6827273636,25.2086362727,81622.7272727,25.2086362727
2007-09-30,22.2352631053,22.7478948421,21.7742103684,22.3136842105,45100.0,22.3136842105
2007-10-31,23.5834781739,24.1408694348,22.9634782174,23.5239131304,32013.0434783,23.5239131304
2007-11-30,19.41300025,19.89,18.83449985,19.27899975,38625.0,19.27899975
2007-12-31,18.48700015,19.0129998,17.8269999,18.4775001,42115.0,18.4775001
2008-01-31,16.0904761905,16.8528570476,15.3366666667,15.8642858571,46861.9047619,15.8642858571
2008-02-29,17.40299985,17.95550015,16.7355001,17.33000015,35920.0,17.33000015
2008-03-31,15.8505263158,16.3831577368,15.4326315263,15.9442104737,27115.7894737,15.9442104737
2008-04-30,16.8845454545,17.4477272273,16.5395455455,17.0322729545,15754.5454545,17.0322729545
2008-05-31,23.1528569524,24.0638095714,22.4309525238,23.438095619,31061.9047619,23.438095619
2008-06-30,25.741904619,26.6033335714,25.0890475238,25.9128570952,41719.047619,25.8942857143
2008-07-31,19.2804544091,19.8904544545,18.2199999091,18.8327271364,32963.6363636,18.8327271364
2008-08-31,17.45900005,18.06,17.01299995,17.43549965,20455.0,17.43549965
2008-09-30,18.828095381,19.7552379048,18.0252381905,18.7342858095,26314.2857143,18.7342858095
2008-10-31,16.0352173913,17.036086913,14.6595652609,15.6034782609,23300.0,15.6034782609
2008-11-30,14.4947368947,15.1494737895,13.5736842105,14.2989473684,19063.1578947,14.2989473684
2008-12-31,13.8576190476,14.300952381,13.2866666667,13.8547619048,27857.1428571,13.8547619048
2009-01-31,16.8595002,17.5404999,16.4910001,17.2,29020.0,17.2
2009-02-28,17.8273682632,18.2863156842,17.454737,17.9431578947,15500.0,17.9431578947
2009-03-31,20.7609522857,21.3542859048,20.0695241429,20.7676191429,25161.9047619,20.7676191429
2009-04-30,22.7004762381,23.2571429048,21.9495239048,22.6914286667,21890.4761905,22.6914286667
2009-05-31,22.1704999,22.659,21.34549995,21.97849985,19340.0,21.97849985
2009-06-30,22.7338096667,23.6819045714,22.152381,22.8114284762,32004.7619048,22.8114284762
2009-07-31,24.5609089545,25.1640908182,24.1472729091,24.7990908636,24304.5454545,24.7990908636
2009-08-31,29.6376191905,30.3661903333,29.1252380952,29.8271426667,45171.4285714,29.8271426667
2009-09-30,29.40249985,30.11199985,28.78350005,29.34749985,44155.0,29.34749985
2009-10-31,35.1468185455,35.755,34.5945452273,35.1918179545,33768.1818182,35.1918179545
2009-11-30,34.5368423158,34.883684,34.0857894211,34.4705268947,32331.5789474,34.4705268947
2009-12-31,37.9400003182,38.6045452727,37.3445454091,38.0949998182,53640.9090909,38.0949998182
2010-01-31,47.7078952105,48.6384211053,47.1421050526,47.9800004211,57452.6315789,47.9800004211
2010-02-28,43.0372222778,43.4250000556,41.7961112222,42.3272222778,66200.0,42.3272222778
2010-03-31,43.000435087,43.6456525217,42.2478262609,42.9882608696,46021.7391304,42.9882608696
2010-04-30,44.0371432857,44.8004765238,43.3499997619,44.1533331429,36352.3809524,44.1533331429
2010-05-31,45.4552630526,46.3573683158,44.6457891053,45.7142101053,43273.6842105,45.7142101053
2010-06-30,47.2759090909,47.9859093182,46.5390910455,47.2454544091,42495.4545455,47.2454544091
2010-07-31,50.1357149048,50.8985715714,49.4528574286,50.5009524286,58285.7142857,50.5009524286
2010-08-31,58.272380619,59.1561899524,57.2647617143,58.4119047143,47604.7619048,58.4119047143
2010-09-30,60.4204763333,61.285714381,59.7057138571,60.5747622381,32061.9047619,60.5747622381
2010-10-31,58.1461902381,58.996190619,57.2723811905,58.175714,19219.047619,58.175714
2010-11-30,59.42150005,60.23249975,58.6650002,59.5194998,30665.0,59.5194998
2010-12-31,61.7772722727,62.1136365455,61.4595450909,61.8304544545,16909.0909091,61.8304544545
2011-01-31,58.7550004,59.40800025,57.61649965,58.44299995,28580.0,58.44299995
2011-02-28,65.2672216667,66.2238896667,64.7394438889,65.9772226667,45366.6666667,65.9772226667
2011-03-31,69.7995651739,70.4121733478,69.2047828261,69.8913044348,23039.1304348,69.8913044348
2011-04-30,76.1278950526,77.2278947895,75.3557895789,76.5263165789,33694.7368421,76.5263165789
2011-05-31,77.6757147143,78.7519037619,76.612381381,77.5319058571,38257.1428571,77.5319058571
2011-06-30,78.0718189545,79.1609097273,77.1531822273,78.2472721818,47713.6363636,78.2472721818
2011-07-31,83.0821047368,83.8115785263,82.021578,82.761053,26836.8421053,82.761053
2011-08-31,71.1682606522,72.1673913478,69.232609,70.7308694348,50300.0,70.7308694348
2011-09-30,64.4885720952,65.6695235238,63.1142851905,64.2819050952,43623.8095238,64.2819050952
2011-10-31,66.6609997,67.77399935,64.96649975,66.3699997,30250.0,66.3699997
2011-11-30,76.3819049524,77.9614290476,74.8376190476,76.9457144286,27390.4761905,76.9457144286
2011-12-31,85.6570003,86.961,84.07850035,85.5119996,28605.0,85.5119996
2012-01-31,81.16450045,82.02900095,80.1349994,81.20500035,24875.0,81.20500035
2012-02-29,93.9065002,95.51100095,92.411,94.3825005,26150.0,94.3825005
2012-03-31,99.106190619,100.50619,97.4228562857,99.1342857143,35152.3809524,99.1342857143
2012-04-30,95.32650065,96.4604997,94.0610001,95.1430008,22260.0,95.1430008
2012-05-31,87.4959093182,88.9831820455,86.0690917727,87.2418175455,29109.0909091,87.2418175455
2012-06-30,84.18300045,85.0790009,83.30349955,84.21250005,50230.0,84.21250005
2012-07-31,94.096667381,95.8947619048,93.1219050952,94.8061909048,26814.2857143,94.8061909048
2012-08-31,99.0299999545,100.525907909,97.7109087273,99.3327272727,18945.4545455,99.3327272727
2012-09-30,90.9778947895,91.6215787368,89.7415787368,90.5352634737,47936.8421053,90.5352634737
2012-10-31,85.3052386667,85.924761381,84.026666619,84.9500002381,26571.4285714,84.9500002381
2012-11-30,85.96150055,87.47249945,84.95300065,86.38900035,42450.0,86.38900035
2012-12-31,94.54000055,95.7459994,93.6255001,95.1175003,35300.0,95.1175003
2013-01-31,101.7329998,102.51650005,100.3270004,101.67200015,27270.0,101.67200015
2013-02-28,108.222630895,110.065263842,106.750526789,108.664209895,61410.5263158,108.664209895
2013-03-31,123.01349975,124.6824997,121.83749955,123.49299965,32950.0,123.49299965
2013-04-30,107.674761429,108.678570286,105.897618524,107.015238143,107471.428571,107.015238143
2013-05-31,106.140908636,107.646817273,105.146817364,106.590455182,70663.6363636,106.590455182
2013-06-30,110.646999,111.822499,108.6479999,110.3440002,61105.0,110.3440002
2013-07-31,110.190476048,111.567142333,108.843808429,110.360952429,36761.9047619,110.360952429
2013-08-31,112.183182136,113.237271727,111.146818591,112.112727,30063.6363636,112.112727
2013-09-30,109.636841211,110.431578368,109.088947053,109.725788684,39294.7368421,109.725788684
2013-10-31,112.691739261,113.814781783,111.662608783,112.896522261,23343.4782609,112.896522261
2013-11-30,123.9445,125.51450085,123.10750005,124.55650055,17750.0,124.55650055
2013-12-31,127.8799996,129.078001,126.54100045,127.8919987,27935.0,127.8919987
2014-01-31,133.161905857,135.474286048,131.268571,133.399046429,33900.0,133.399046429
2014-02-28,132.787368,134.551052684,131.227368789,132.905262211,26652.6315789,132.905262211
2014-03-31,142.09350115,144.17299945,139.9144996,141.84499965,27950.0,141.84499965
2014-04-30,139.015238476,140.259047762,136.439999524,138.239523714,27633.3333333,138.239523714
2014-05-31,130.03999865,131.336,128.74800185,130.1690028,35910.0,130.1690028
2014-06-30,128.030475476,129.147617857,126.461905,127.562381429,37904.7619048,127.562381429
2014-07-31,120.9163635,121.771818318,119.755000318,120.706363636,45200.0,120.706363636
2014-08-31,122.3455001,123.5669997,121.69300075,122.5755001,40065.0,122.5755001
2014-09-30,124.029047333,125.040951714,123.530476952,124.380952048,41038.0952381,124.380952048
2014-10-31,128.705001045,130.367273091,127.835454864,129.372726773,53259.0909091,129.372726773
2014-11-30,153.803685105,155.923158368,151.755789579,153.955262,53947.3684211,153.955262
2014-12-31,142.299090318,144.017272909,140.275455091,141.696818227,56800.0,141.696818227
2015-01-31,137.640527,140.246315368,135.714212421,138.460525474,52863.1578947,138.460525474
2015-02-28,173.871579737,177.753157684,171.786317526,175.299473947,57363.1578947,175.299473947
2015-03-31,192.002272091,194.980454091,189.031364409,192.038636045,72900.0,192.038636045
2015-04-30,204.3554994,208.3235001,202.4279999,206.1474999,51440.0,206.1474999
2015-05-31,231.7145012,234.5045006,228.41650005,231.2770005,46790.0,231.2770005
2015-06-30,227.073181182,230.609999182,224.269999455,227.578181091,92754.5454545,227.5445445
2015-07-31,243.9868185,248.862727045,238.795910818,243.002729227,149286.363636,243.002729227
2015-08-31,212.98849875,215.5079987,208.34299935,211.1484986,136780.0,211.1484986
2015-09-30,202.383810095,204.704760571,199.370002381,202.14809519,113733.333333,202.14809519
2015-10-31,213.491365,217.601364136,208.360454182,213.4968165,149827.272727,213.4968165
2015-11-30,179.159474526,185.857895737,173.201053,179.990526632,266663.157895,179.990526632
2015-12-31,216.490907091,226.387272182,210.308636,217.693181227,167468.181818,217.693181227
2016-01-31,192.805554722,197.485554222,186.246667667,191.547224222,181394.444444,191.547224222
2016-02-29,184.31399835,191.8425003,179.75499955,185.75249935,203885.0,185.75249935
2016-03-31,195.833636773,200.695001045,190.273635318,195.116819273,223404.545455,195.116819273
2016-04-30,189.93799975,194.5215003,187.5745002,190.53600155,132525.0,190.53600155
2016-05-31,182.441426667,186.272382381,179.603332619,182.431428476,210823.809524,182.431428476
2016-06-30,178.029047667,182.409523286,174.766668381,177.835238619,266919.047619,177.835238619
2016-07-31,187.915001,191.4099997,184.3595016,187.9129997,224935.0,187.9129997
2016-08-31,194.5759978,201.0040008,190.7639984,197.5379974,259460.0,197.5379974
