Date,Open,High,Low,Close,Volume,Adj Close
1981-03-31,1.55062461538,1.69603769231,1.55062461538,1.55062461538,15038.4615385,3.75909076923
1981-04-30,2.09434428571,2.23838904762,2.09434428571,2.09434428571,16380.952381,5.07719666667
1981-05-31,1.7656665,1.9314285,1.7656665,1.7656665,3725.0,4.280399
1981-06-30,1.34071545455,1.51391909091,1.34071545455,1.34071545455,4890.90909091,3.25021818182
1981-07-31,1.08550772727,1.23361727273,1.08550772727,1.08550772727,1627.27272727,2.63152954545
1981-08-31,0.609463333333,0.820009047619,0.609463333333,0.609463333333,2742.85714286,1.4774852381
1981-09-30,0.365676190476,0.598407142857,0.365676190476,0.365676190476,1400.0,0.88649
1981-10-31,0.62613047619,0.766022857143,0.62613047619,0.62613047619,3233.33333333,1.51789190476
1981-11-30,0.4392305,0.613796,0.4392305,0.4392305,2675.0,1.0647975
1981-12-31,0.457496818182,0.547444545455,0.457496818182,0.457496818182,4168.18181818,1.10907727273
1982-01-31,0.527947,0.570189,0.527947,0.527947,3150.0,1.279864
1982-02-28,0.419471578947,0.538894210526,0.419471578947,0.419471578947,3678.94736842,1.01690052632
1982-03-31,0.354146521739,0.466673913043,0.354146521739,0.354146521739,5743.47826087,0.858528695652
1982-04-30,0.545813333333,0.716151428571,0.545813333333,0.545813333333,1795.23809524,1.32319047619
1982-05-31,0.4915985,0.639985,0.4915985,0.4915985,680.0,1.191744
1982-06-30,0.494515238095,0.598407142857,0.494515238095,0.494515238095,995.238095238,1.19882333333
1982-07-31,0.531935714286,0.605343809524,0.531935714286,0.531935714286,1438.0952381,1.28954333333
1982-08-31,0.397967727273,0.509073181818,0.397967727273,0.397967727273,1395.45454545,0.964765454545
1982-09-30,0.52357,0.563822380952,0.52357,0.52357,523.80952381,1.26925
1982-10-31,0.443243809524,0.506994285714,0.443243809524,0.443243809524,1028.57142857,1.07453190476
1982-11-30,0.506983333333,0.617818571429,0.506983333333,0.506983333333,3690.47619048,1.22905047619
1982-12-31,1.21377954545,1.34071545455,1.21377954545,1.21377954545,11481.8181818,2.94243318182
1983-01-31,1.49045047619,1.59150904762,1.49045047619,1.49045047619,14000.0,3.61321
1983-02-28,1.95040105263,2.07135894737,1.95040105263,1.95040105263,20531.5789474,4.72824421053
1983-03-31,2.13733782609,2.23724608696,2.13733782609,2.13733782609,14982.6086957,5.18142130435
1983-04-30,3.03277052632,3.13382578947,3.03277052632,3.03277052632,29473.6842105,7.35217210526
1983-05-31,5.71641238095,5.82999380952,5.71641238095,5.71641238095,52509.5238095,13.8579709524
1983-06-30,7.94488681818,8.08633272727,7.94488681818,7.94488681818,28931.8181818,19.2603272727
1983-07-31,7.3911465,7.535124,7.3911465,7.3911465,11830.0,17.91793
1983-08-31,6.007925,6.13086681818,6.00395954545,6.007925,8754.54545455,14.5646681818
1983-09-30,7.78853333333,7.90906238095,7.73173952381,7.78853333333,15919.047619,18.8812952381
1983-10-31,8.78446095238,8.96728809524,8.74429285714,8.78446095238,27704.7619048,21.2956571429
1983-11-30,8.30774666667,8.42359904762,8.29426952381,8.30774666667,26342.8571429,20.948847619
1983-12-31,7.49323,7.667738,7.47208,7.49323,9320.0,19.981945
1984-01-31,7.64507761905,7.8918547619,7.59975142857,7.64507761905,16400.0,20.3868761905
1984-02-29,6.5995445,6.8004925,6.5678155,6.5995445,23450.0,17.59879
1984-03-31,6.90336772727,7.08124272727,6.86971636364,6.90336772727,15590.9090909,18.4089772727
1984-04-30,6.097171,6.250534,6.0707275,6.097171,9385.0,16.25913
1984-05-31,5.93273714286,6.08886714286,5.91762857143,5.93273714286,16228.5714286,15.8206380952
1984-06-30,6.16944095238,6.2903052381,6.13418761905,6.16944095238,4952.38095238,16.451847619
1984-07-31,5.3434947619,5.46437428571,5.30320380952,5.3434947619,5295.23809524,14.2493190476
1984-08-31,5.37086608696,5.63297130435,5.29269391304,5.37086608696,20034.7826087,14.3223130435
1984-09-30,4.05791684211,4.24717578947,4.03008473684,4.05791684211,9684.21052632,10.82111
1984-10-31,3.31707636364,3.43245318182,3.28823272727,3.31707636364,26468.1818182,8.84554181818
1984-11-30,3.02680428571,3.13760380952,2.98147714286,3.02680428571,8457.14285714,8.07148
1984-12-31,2.654624,2.7286585,2.633471,2.654624,9170.0,7.0789965
1985-01-31,2.99017545455,3.04305772727,2.97094636364,2.99017545455,8418.18181818,7.97380772727
1985-02-28,3.12275842105,3.23408736842,3.11162578947,3.12275842105,5631.57894737,8.32735684211
1985-03-31,2.7947575,2.8978755,2.773605,2.7947575,9165.0,7.4526895
1985-04-30,2.48792047619,2.59872095238,2.47784809524,2.48792047619,7904.76190476,6.63446142857
1985-05-31,2.57193636364,2.63443181818,2.56712909091,2.57193636364,10590.9090909,6.8585
1985-06-30,2.3532005,2.45103,2.3532005,2.3532005,9355.0,6.2752075
1985-07-31,2.28109090909,2.37964,2.28109090909,2.28109090909,5668.18181818,6.08291409091
1985-08-31,1.51672181818,1.59123636364,1.51672181818,1.51672181818,16268.1818182,4.04459090909
1985-09-30,1.17729578947,1.23852526316,1.17729578947,1.17729578947,6036.84210526,3.13945947368
1985-10-31,0.935764347826,0.993244347826,0.935764347826,0.935764347826,14460.8695652,2.49536782609
1985-11-30,0.79586,0.8566715,0.777352,0.79586,9590.0,2.1222895
1985-12-31,0.740331428571,0.800769047619,0.68745047619,0.740331428571,23571.4285714,1.97422190476
1986-01-31,0.884556363636,0.920609090909,0.843693181818,0.884556363636,20209.0909091,2.35881181818
1986-02-28,0.793214736842,0.832176842105,0.768166842105,0.793214736842,8963.15789474,2.11523736842
1986-03-31,0.729198421053,0.77373,0.690234210526,0.729198421053,20568.4210526,1.94453526316
1986-04-30,0.567268181818,0.615340909091,0.519195454545,0.567268181818,15086.3636364,1.51271636364
1986-05-31,0.458303333333,0.486002380952,0.430604285714,0.458303333333,5419.04761905,1.22213761905
1986-06-30,0.551473333333,0.571617619048,0.496074761905,0.551473333333,13209.5238095,1.47059333333
1986-07-31,0.663414545455,0.704277727273,0.617744545455,0.663414545455,9186.36363636,1.76910818182
1986-08-31,0.75544047619,0.788177619048,0.715150952381,0.75544047619,11519.047619,2.01451190476
1986-09-30,0.51427,0.559218,0.4917935,0.51427,13065.0,1.371386
1986-10-31,0.354076086957,0.388563043478,0.340281304348,0.354076086957,2917.39130435,0.944196086957
1986-11-30,0.317296842105,0.364607368421,0.293637894737,0.317296842105,8457.89473684,0.846121578947
1986-12-31,1.02278272727,1.1045,0.917016363636,1.02278272727,108586.363636,2.72742045455
1987-01-31,1.4806865,1.545466,1.41987,1.4806865,67460.0,3.9485
1987-02-28,1.49180526316,1.53911578947,1.44170736842,1.49180526316,16873.6842105,3.97814368421
1987-03-31,1.44461409091,1.48307363636,1.401345,1.44461409091,10390.9090909,3.85229636364
1987-04-30,1.53102857143,1.58139428571,1.47311,1.53102857143,22066.6666667,4.0827447619
1987-05-31,1.649886,1.713342,1.610226,1.649886,9595.0,4.399696
1987-06-30,1.52633818182,1.57921909091,1.48787909091,1.52633818182,7127.27272727,4.07023
1987-07-31,1.50711095238,1.56376714286,1.47563238095,1.50711095238,15119.047619,4.01895571429
1987-08-31,1.55621095238,1.62168238095,1.48822142857,1.55621095238,34780.952381,4.14989619048
1987-09-30,1.4957752381,1.55369238095,1.45548571429,1.4957752381,20871.4285714,3.9887347619
1987-10-31,1.04559909091,1.12852727273,1.00473636364,1.04559909091,22704.5454545,2.78826909091
1987-11-30,0.639858,0.67423,0.573758,0.639858,6750.0,1.7062925
1987-12-31,0.478448095238,0.533846190476,0.455785238095,0.478448095238,17333.3333333,1.27585809524
1988-01-31,0.629282,0.642502,0.589622,0.629282,3575.0,1.678088
1988-02-29,0.586979,0.6160635,0.563186,0.586979,10950.0,1.565274
1988-03-31,0.855293043478,0.882882608696,0.823105217391,0.855293043478,6682.60869565,2.28077913043
1988-04-30,1.01796,1.054976,0.99152,1.01796,10835.0,2.714557
1988-05-31,1.15582571429,1.19107904762,1.12309047619,1.15582571429,7914.28571429,3.0822047619
1988-06-30,1.16841619048,1.1998947619,1.13568095238,1.16841619048,8133.33333333,3.11578047619
1988-07-31,1.179244,1.221548,1.144872,1.179244,6235.0,3.144655
1988-08-31,1.26454173913,1.28983217391,1.23695217391,1.26454173913,9021.73913043,3.37211956522
1988-09-30,1.36986571429,1.40260428571,1.34720238095,1.36986571429,7180.95238095,3.65298238095
1988-10-31,1.40764142857,1.43282380952,1.40260428571,1.40764142857,13804.7619048,3.75370809524
1988-11-30,1.18604285714,1.21877857143,1.17345238095,1.18604285714,3057.14285714,3.16278333333
1988-12-31,1.0444,1.07084,1.033824,1.0444,4240.0,2.7850625
1989-01-31,0.994667619048,1.01733047619,0.972004761905,0.994667619048,3042.85714286,2.65244333333
1989-02-28,1.10354421053,1.11884947368,1.09658421053,1.10354421053,3326.31578947,2.94278368421
1989-03-31,1.13934363636,1.15376545455,1.12972909091,1.13934363636,8668.18181818,3.03825
1989-04-30,1.0444,1.052332,1.033824,1.0444,4340.0,2.7850635
1989-05-31,1.24991272727,1.26673818182,1.22347227273,1.24991272727,9713.63636364,3.33310136364
1989-06-30,1.33884727273,1.36528772727,1.31240681818,1.33884727273,9577.27272727,3.57026454545
1989-07-31,1.33037052632,1.35541947368,1.30810421053,1.33037052632,5973.68421053,3.54766263158
1989-08-31,1.25189869565,1.27489,1.22775956522,1.25189869565,6621.73913043,3.33840391304
1989-09-30,1.200396,1.21626,1.187176,1.200396,4025.0,3.2010625
1989-10-31,1.14174727273,1.15977636364,1.13453636364,1.14174727273,6259.09090909,3.04466
1989-11-30,1.05006571429,1.08280095238,1.03999333333,1.05006571429,3276.19047619,2.80017142857
1989-12-31,0.998132,1.013996,0.967724,0.998132,19505.0,2.6616795
1990-01-31,1.01195090909,1.04079454545,0.992721818182,1.01195090909,7963.63636364,2.69853181818
1990-02-28,0.894572777778,0.916605555556,0.879882777778,0.894572777778,5061.11111111,2.38552444444
1990-03-31,0.995125454545,1.00233636364,0.9783,0.995125454545,3127.27272727,2.65366272727
1990-04-30,0.94922,0.969052,0.932036,0.94922,11320.0,2.531247
1990-05-31,1.08406363636,1.11410727273,1.05762363636,1.08406363636,6413.63636364,2.89083681818
1990-06-30,1.04927052632,1.06736315789,1.04370421053,1.04927052632,6089.47368421,2.79805315789
1990-07-31,0.9095545,0.9280625,0.9042655,0.9095545,1590.0,2.425474
1990-08-31,0.743271666667,0.772649444444,0.731520555556,0.743271666667,5038.88888889,1.982055
1990-09-30,0.537623333333,0.55525,0.537623333333,0.537623333333,4141.66666667,1.43366
1990-10-31,0.486214444444,0.500903333333,0.470054444444,0.486214444444,5350.0,1.29656888889
1990-11-30,0.464183333333,0.480338888889,0.42305,0.464183333333,14922.2222222,1.23781888889
1990-12-31,0.531622631579,0.545534210526,0.521883684211,0.531622631579,10494.7368421,1.41766263158
1991-01-31,0.555283846154,0.559345384615,0.553253076923,0.555283846154,2992.30769231,1.48076230769
1991-02-28,0.777673529412,0.815001764706,0.731014117647,0.777673529412,4158.82352941,2.07380176471
1991-03-31,1.139584,1.173956,1.1025675,1.139584,3585.0,3.0388925
1991-04-30,1.26193,1.30279318182,1.19583136364,1.26193,12140.9090909,3.36515318182
1991-05-31,1.38423647059,1.42778529412,1.35001882353,1.38423647059,6541.17647059,3.69129764706
1991-06-30,1.95938,2.06653473684,1.81326210526,1.95938,50810.5263158,5.22500894737
1991-07-31,2.04976761905,2.12279333333,1.92134,2.04976761905,59214.2857143,5.46604333333
1991-08-31,2.20085571429,2.25247904762,2.15427142857,2.20085571429,14985.7142857,5.86894714286
1991-09-30,2.15343111111,2.21806222222,2.07704888889,2.15343111111,7205.55555556,5.74248111111
1991-10-31,2.38444954545,2.43492954545,2.32435681818,2.38444954545,19709.0909091,6.35853409091
1991-11-30,2.190595,2.291069,2.156223,2.190595,9815.0,5.841588
1991-12-31,1.79543380952,1.83824238095,1.73877714286,1.79543380952,14647.6190476,4.7878252381
1992-01-31,1.7123352381,1.76521619048,1.65189952381,1.7123352381,7028.57142857,4.56622857143
1992-02-29,1.60591157895,1.65322578947,1.56138052632,1.60591157895,5368.42105263,4.28243
1992-03-31,1.576515,1.60461,1.550075,1.576515,3881.25,4.204035
1992-04-30,1.87580888889,1.95806666667,1.82880444444,1.87580888889,8250.0,5.00215222222
1992-05-31,1.81187,1.84666210526,1.77012210526,1.81187,4221.05263158,4.83165052632
1992-06-30,1.46128066667,1.496536,1.42778666667,1.46128066667,3346.66666667,3.896746
1992-07-31,1.35140111111,1.37196666667,1.31908388889,1.35140111111,1127.77777778,3.60373888889
1992-08-31,1.30968666667,1.32202866667,1.27795733333,1.30968666667,6160.0,3.49250266667
1992-09-30,1.46822529412,1.48377882353,1.43711823529,1.46822529412,2941.17647059,3.91526294118
1992-10-31,1.63450136364,1.69218954545,1.55518045455,1.63450136364,8795.45454545,4.35867227273
1992-11-30,1.86057578947,1.88979684211,1.78681842105,1.86057578947,3673.68421053,4.96153842105
1992-12-31,1.96140272727,2.12725590909,1.91573272727,1.96140272727,23936.3636364,5.23040863636
1993-01-31,2.15420421053,2.27388,2.04566105263,2.15420421053,5221.05263158,5.74454368421
1993-02-28,2.05648222222,2.13286555556,1.98597444444,2.05648222222,3022.22222222,5.48395166667
1993-03-31,1.742427,1.795308,1.6869025,1.742427,5330.0,4.646473
1993-04-30,1.69530058824,1.73262764706,1.64242058824,1.69530058824,5858.82352941,4.52080411765
1993-05-31,1.71396588235,1.74507352941,1.66419470588,1.71396588235,5064.70588235,4.57057352941
1993-06-30,1.88980210526,1.92598263158,1.82718052632,1.88980210526,8457.89473684,5.03946473684
1993-07-31,1.8336535,1.881242,1.8019205,1.8336535,3020.0,4.889742
1993-08-31,1.66428444444,1.70247666667,1.63049666667,1.66428444444,2027.77777778,4.43809
1993-09-30,3.72283866667,3.79334666667,3.65410266667,3.72283866667,3006.66666667,4.24459133333
1993-10-31,5.80988533333,5.81693533333,5.73233733333,5.80988533333,3453.33333333,3.873256
1993-11-30,4.95215176471,5.07658235294,4.87128294118,4.95215176471,8852.94117647,3.30143588235
1993-12-31,5.23245,5.36604631579,5.14895947368,5.23245,16610.5263158,3.4883
1994-01-31,5.4732105,5.5261005,5.383297,5.4732105,3750.0,3.6488075
1994-02-28,6.28881384615,6.40270384615,6.15051076923,6.28881384615,9738.46153846,4.19254230769
1994-03-31,6.4726475,6.59164,6.3087105,6.4726475,7780.0,4.315099
1994-04-30,6.20220642857,6.32307214286,5.99824285714,6.20220642857,7021.42857143,4.13480428571
1994-05-31,6.12243666667,6.13418666667,6.00492111111,6.12243666667,4044.44444444,4.08162444444
1994-06-30,5.89159588235,5.99424823529,5.78893882353,5.89159588235,7405.88235294,3.92773058824
1994-07-31,5.7508225,5.790481875,5.704551875,5.7508225,9487.5,3.83388125
1994-08-31,5.75571,5.81692263158,5.71118263158,5.75571,21431.5789474,3.83713894737
1994-09-30,5.67238666667,5.76051533333,5.623032,5.67238666667,68500.0,3.78159133333
1994-10-31,5.46924421053,5.60259315789,5.35216473684,5.46904473684,27205.2631579,3.64603105263
1994-11-30,5.20995095238,5.31329428571,5.06412761905,5.22264571429,21047.6190476,3.48176285714
1994-12-31,4.458436,4.5952475,4.222441,4.3944065,32295.0,2.929605
1995-01-31,4.631162,4.8044025,4.542515,4.6932255,14505.0,3.1288185
1995-02-28,6.15562611111,6.34571277778,6.06664666667,6.19877666667,46138.8888889,4.13251722222
1995-03-31,6.04512210526,6.20657631579,6.03403368421,6.17317631579,5947.36842105,4.11545105263
1995-04-30,5.23563555556,5.31749333333,5.05006222222,5.17048777778,31938.8888889,3.44699222222
1995-05-31,4.304552,4.3574745,4.193438,4.256896,21120.0,2.837932
1995-06-30,3.83392823529,3.88850352941,3.78256764706,3.85102705882,14264.7058824,2.56735117647
1995-07-31,3.51081142857,3.59956428571,3.39559142857,3.45614714286,20928.5714286,2.30409785714
1995-08-31,3.119615,3.2044565,3.0405495,3.101659,24630.0,2.067772
1995-09-30,3.285813125,3.38123875,3.22576625,3.30532625,13468.75,2.20355125
1995-10-31,2.91218944444,2.99665722222,2.86466833333,2.92629055556,12533.3333333,1.95085888889
1995-11-30,3.06735875,3.146443125,3.03412375,3.0968675,12762.5,2.064576875
1995-12-31,2.911175,3.001205625,2.868816875,2.923389375,60850.0,1.948925625
1996-01-31,2.89438,2.93358947368,2.88342473684,2.90847368421,7757.89473684,1.93898
1996-02-29,2.83441866667,2.92960533333,2.71469533333,2.82037266667,102400.0,1.88024666667
1996-03-31,3.29830315789,3.37331631579,3.18675105263,3.28140315789,13652.6315789,2.18760105263
1996-04-30,2.94918823529,3.06094823529,2.91163823529,3.02354588235,17782.3529412,2.01569529412
1996-05-31,3.73041368421,3.89660473684,3.64037157895,3.77957684211,27663.1578947,2.51971684211
1996-06-30,3.71430625,3.8205975,3.54955625,3.66528625,17287.5,2.443523125
1996-07-31,2.80329809524,2.86566714286,2.73216619048,2.80770952381,13390.4761905,1.87180428571
1996-08-31,2.83475866667,2.95439666667,2.79237133333,2.890856,22926.6666667,1.92723533333
1996-09-30,2.92088692308,2.96970076923,2.89648,2.94529384615,7938.46153846,1.96352692308
1996-10-31,3.03868333333,3.11116388889,2.99383944444,3.06723777778,6361.11111111,2.04482388889
1996-11-30,3.15600611111,3.22580888889,3.081905,3.16996777778,15461.1111111,2.11331111111
1996-12-31,3.02516,3.106863125,3.004379375,3.07719625,17843.75,2.051463125
1997-01-31,3.345861875,3.424150625,3.2853375,3.36473875,26031.25,2.24315875
1997-02-28,3.430175625,3.5068025,3.32483625,3.385914375,26912.5,2.257275625
1997-03-31,2.81538555556,2.86734833333,2.776395,2.82631388889,7011.11111111,1.88420666667
1997-04-30,2.891994,2.892629,2.887298,2.887298,5490.0,1.924864
1997-05-31,2.88275416667,2.9348925,2.83801666667,2.91289333333,17116.6666667,1.94192666667
1997-06-30,2.88425333333,2.91572733333,2.84169533333,2.87333866667,9266.66666667,1.91555866667
1997-07-31,2.79726823529,2.83713411765,2.76240529412,2.79667235294,32876.4705882,1.86444588235
1997-08-31,2.65469888889,2.67500388889,2.63263111111,2.66033833333,59750.0,1.77355777778
1997-09-30,2.76144611111,2.79986944444,2.72506388889,2.74854277778,31605.5555556,1.83236055556
1997-10-31,2.98435809524,3.07483,2.91878571429,3.00315142857,21247.6190476,2.00210142857
1997-11-30,3.13375125,3.1861825,3.077115625,3.12335875,14787.5,2.08223875
1997-12-31,2.81380727273,2.82932409091,2.74279409091,2.78848181818,32090.9090909,1.82910136364
1998-01-31,2.59808470588,2.60756588235,2.58599235294,2.59218647059,15905.8823529,1.72812470588
1998-02-28,2.72759611111,2.75283777778,2.70517388889,2.72139166667,17511.1111111,1.81426111111
1998-03-31,2.92090285714,2.96665,2.89026047619,2.93008571429,22619.047619,1.95339142857
1998-04-30,3.56435857143,3.69066952381,3.41478,3.56834761905,36695.2380952,2.37889809524
1998-05-31,4.09505578947,4.18115789474,4.04542736842,4.11362631579,19047.3684211,2.74241789474
1998-06-30,3.80171818182,3.856815,3.76791454545,3.81349045455,7468.18181818,2.542325
1998-07-31,4.23749454545,4.33516136364,4.19941863636,4.28347136364,20686.3636364,2.85564818182
1998-08-31,4.67455333333,4.77946952381,4.63859666667,4.72532047619,23952.3809524,3.15021428571
1998-09-30,4.13554117647,4.17137470588,4.02841176471,4.11232235294,17811.7647059,2.74154882353
1998-10-31,3.64963190476,3.71816714286,3.57577952381,3.63639809524,7328.57142857,2.4242647619
1998-11-30,4.30286105263,4.32230052632,4.24862105263,4.28342105263,7042.10526316,2.85561526316
1998-12-31,3.4761805,3.5853285,3.4069515,3.531201,8315.0,2.354134
1999-01-31,4.11315111111,4.18936944444,4.0131,4.09679166667,10544.4444444,2.73119444444
1999-02-28,6.10760833333,6.40155666667,5.88452222222,6.12840722222,37927.7777778,4.08560555556
1999-03-31,6.00640956522,6.0884073913,5.90669869565,5.96419565217,23682.6086957,3.97613130435
1999-04-30,6.01346578947,6.26809789474,5.83652157895,5.96450473684,42005.2631579,3.97633684211
1999-05-31,5.90518578947,6.03136578947,5.83364631579,5.92014894737,12978.9473684,3.94676684211
1999-06-30,5.42364529412,5.49800352941,5.29762470588,5.39699352941,41917.6470588,3.59799470588
1999-07-31,5.74220714286,5.86120428571,5.5891852381,5.70256190476,4257.14285714,3.80170857143
1999-08-31,4.8227405,4.943247,4.674822,4.7316155,20605.0,3.154412
1999-09-30,3.88490789474,3.93754526316,3.70172157895,3.77673421053,12000.0,2.51782315789
1999-10-31,3.685273,3.815488,3.62264,3.7203645,13650.0,2.480244
1999-11-30,4.394469,4.474998,4.3072185,4.3932025,6705.0,2.9288015
1999-12-31,3.46954954545,3.66338227273,3.37003863636,3.54789272727,13436.3636364,2.36526
2000-01-31,3.98631052632,4.05805210526,3.76721684211,3.86748052632,16063.1578947,2.57832052632
2000-02-29,3.328137,3.4809645,3.23917,3.346076,5805.0,2.230717
2000-03-31,3.61446565217,3.75931,3.47965913043,3.62456217391,13039.1304348,2.41637478261
2000-04-30,3.91198944444,4.06746277778,3.68700111111,3.91615055556,15188.8888889,2.61076777778
2000-05-31,3.4653547619,3.53541,3.42341428571,3.4902052381,5623.80952381,2.32680238095
2000-06-30,3.17258789474,3.22308894737,3.10919894737,3.15495684211,4731.57894737,2.10330421053
2000-07-31,3.15656888889,3.25528166667,3.02739944444,3.13041166667,6194.44444444,2.08694055556
2000-08-31,2.96725818182,3.03723318182,2.86895727273,2.99039136364,12927.2727273,1.99359272727
2000-09-30,2.63338533333,2.65995733333,2.57376666667,2.60177333333,13446.6666667,1.73451466667
2000-10-31,2.466815,2.5612875,2.43429625,2.53654,12456.25,1.65659625
2000-11-30,2.65767928571,2.69330714286,2.63447357143,2.67046214286,11992.8571429,1.78030642857
2000-12-31,1.95668157895,2.05961789474,1.88574736842,1.98734631579,60326.3157895,1.32489684211
2001-01-31,2.72725809524,2.80524666667,2.70763571429,2.78506095238,11276.1904762,1.85670761905
2001-02-28,3.35801666667,3.51606111111,3.28463111111,3.49540222222,7294.44444444,2.33026777778
2001-03-31,3.54550590909,3.61156545455,3.47345545455,3.60677772727,6277.27272727,2.40451818182
2001-04-30,3.18721,3.2717765,3.1237285,3.26632,5210.0,2.1775465
2001-05-31,3.21612818182,3.26847590909,3.20032545455,3.26847590909,2527.27272727,2.17898318182
2001-06-30,3.4497275,3.4959225,3.4047755,3.4959225,4105.0,2.330615
2001-07-31,3.48304428571,3.4891247619,3.4605347619,3.4891247619,1442.85714286,2.32608285714
2001-08-31,3.33675652174,3.34636565217,3.32638695652,3.34636565217,5521.73913043,2.23091
2001-09-30,2.87822466667,2.89682066667,2.84973266667,2.89622866667,5760.0,1.93081933333
2001-10-31,2.89320391304,2.92005826087,2.88099086957,2.92005826087,2943.47826087,1.94670521739
2001-11-30,2.9092875,2.9139835,2.908019,2.9139835,1730.0,1.9426565
2001-12-31,2.919286,2.950769,2.9142145,2.950769,4985.0,1.9671795
2002-01-31,4.30135714286,4.50118190476,4.26997952381,4.49936952381,17380.952381,2.99957952381
2002-02-28,4.73504947368,4.75197421053,4.69060210526,4.74329157895,4226.31578947,3.16219473684
2002-03-31,4.92853210526,5.09347210526,4.86487,5.08899736842,11905.2631579,3.39266526316
2002-04-30,7.00991727273,7.47747272727,6.88191136364,7.44632090909,41200.0,4.96421454545
2002-05-31,10.62638,11.0496081818,10.50035,11.0200136364,34340.9090909,7.34622863636
2002-06-30,13.2293575,13.754495,12.9241625,13.6314545,59000.0,9.087636
2002-07-31,13.2160186364,13.5874277273,12.8521613636,13.4812804545,44381.8181818,8.98752136364
2002-08-31,9.97587952381,10.2884190476,9.70693619048,10.2408571429,20038.0952381,6.82723761905
2002-09-30,9.674864,9.8960085,9.511924,9.883761,12115.0,6.5891745
2002-10-31,10.7374656522,11.2099904348,10.5269543478,11.078716087,16486.9565217,7.38581130435
2002-11-30,11.2376931579,11.6413710526,11.0606721053,11.5958821053,12815.7894737,7.73058842105
2002-12-31,11.7270157143,11.8836928571,11.604807619,11.8505742857,7252.38095238,7.90038380952
2003-01-31,11.406879,11.534787,11.309741,11.4827525,8840.0,7.6551685
2003-02-28,9.22048684211,9.33826684211,9.10984631579,9.32757894737,14857.8947368,6.21838631579
2003-03-31,8.96131095238,9.07296190476,8.86119619048,9.06728142857,7995.23809524,6.04485428571
2003-04-30,8.0011085,8.0780745,7.8319965,8.062019,14775.0,5.374679
2003-05-31,7.85895428571,8.17410619048,7.73129571429,8.12013714286,15257.1428571,5.4134247619
2003-06-30,10.5951347619,11.06564,10.5471880952,11.06564,77047.6190476,7.37709380952
2003-07-31,15.9652640909,16.3599804545,15.7562195455,16.3153281818,354600.0,10.87687
2003-08-31,17.4533714286,17.8405285714,17.2165714286,17.8405285714,57923.8095238,11.8936857143
2003-09-30,16.8048785714,17.0286928571,16.6665071429,16.9948357143,62800.0,11.2823095238
2003-10-31,18.1322152174,18.5320956522,17.9754978261,18.5022978261,83600.0,12.3348652174
2003-11-30,20.4030315789,20.6866421053,19.9799526316,20.4710131579,90789.4736842,13.6473421053
2003-12-31,18.2401928571,18.6814214286,18.0069428571,18.6144642857,47271.4285714,12.4096428571
2004-01-31,18.2721975,18.7194525,18.11037,18.5622075,212340.0,12.374805
2004-02-29,23.2378083333,23.8312583333,22.7028583333,23.4325416667,174977.777778,15.6216944444
2004-03-31,25.707873913,26.3433586957,25.2528391304,25.9710586957,182591.304348,17.3140391304
2004-04-30,26.6322571429,27.2330071429,25.8739428571,26.80295,194219.047619,17.8686333333
2004-05-31,23.2273275,23.6579625,22.90644,23.54094,133955.0,15.67804
2004-06-30,17.1423071429,17.5818595238,16.4608095238,17.2071357143,286557.142857,13.0368333333
2004-07-31,11.92551,12.210005,11.606095,12.008155,223515.0,12.008155
2004-08-31,11.0569227273,11.2611718182,10.7054118182,10.9764645455,222681.818182,10.9764645455
2004-09-30,11.7740190476,12.1434809524,11.487952381,11.8836095238,234623.809524,11.8836095238
2004-10-31,12.68656,12.997505,12.49958,12.83337,116560.0,12.83337
2004-11-30,14.0238333333,14.3103,13.7362047619,14.0314857143,87204.7619048,14.0314857143
2004-12-31,14.5884136364,14.8078363636,14.3499363636,14.5897681818,133072.727273,14.5897681818
2005-01-31,13.6145789474,13.8011473684,13.2698947368,13.4858789474,210426.315789,13.4858789474
2005-02-28,13.0338789474,13.3211052632,12.813,13.0724,155105.263158,13.0724
2005-03-31,13.3487136364,13.58595,13.0436454545,13.2487,132640.909091,13.2457636364
2005-04-30,10.1813504762,10.3384766667,9.9444447619,10.0798147619,397423.809524,10.0798147619
2005-05-31,10.523402381,10.7293057143,10.357017619,10.6156785714,154295.238095,10.6156785714
2005-06-30,13.6169047619,13.9476809524,13.4001333333,13.7579285714,198723.809524,13.7579285714
2005-07-31,14.95348,15.21153,14.656405,15.021565,128985.0,15.021565
2005-08-31,14.4696956522,14.6837956522,14.2493434783,14.4616,141547.826087,14.4616
2005-09-30,13.775285,13.979605,13.493105,13.70969,178955.0,13.70969
2005-10-31,12.9887761905,13.222847619,12.7498619048,12.9509047619,221819.047619,12.9509047619
2005-11-30,15.1197285714,15.3675142857,14.9052238095,15.2023142857,253738.095238,15.2023142857
2005-12-31,14.96875,15.202215,14.728025,14.98224,209745.0,14.98224
2006-01-31,14.74195,14.978425,14.488965,14.81852,176600.0,14.81852
2006-02-28,15.3423789474,15.5369315789,15.0012736842,15.3399315789,165189.473684,15.3399315789
2006-03-31,14.574,14.8770454545,14.2944,14.6524590909,167604.545455,14.6524590909
2006-04-30,16.0974,16.4138052632,15.8518157895,16.2298789474,265647.368421,16.2298789474
2006-05-31,15.3839363636,15.6473863636,15.0735727273,15.3481681818,199677.272727,15.3481681818
2006-06-30,14.2949904762,14.5879047619,13.9255190476,14.277247619,139280.952381,14.277247619
2006-07-31,14.582865,14.8697,14.208055,14.626885,113045.0,14.626885
2006-08-31,13.7452045455,13.9724909091,13.3944590909,13.6471318182,107381.818182,13.6471318182
2006-09-30,15.247615,15.52966,14.999285,15.36171,216720.0,15.36171
2006-10-31,16.0404954545,16.4092409091,15.8389045455,16.3077090909,220045.454545,16.3077090909
2006-11-30,19.48854,19.87901,19.1666,19.591325,292560.0,19.591325
2006-12-31,21.322855,21.594455,21.00854,21.334705,190210.0,21.334705
2007-01-31,19.7136,20.14786,19.33413,19.865045,552525.0,19.865045
2007-02-28,19.5734722222,19.9246055556,19.3213388889,19.6876944444,245772.222222,19.6876944444
2007-03-31,16.29675,16.5049772727,15.9431272727,16.2169590909,480368.181818,16.2169590909
2007-04-30,14.6677368421,14.8863894737,14.4490894737,14.7563631579,455121.052632,14.7563631579
2007-05-31,14.3609272727,14.5738136364,14.1412545455,14.4092,500445.454545,14.4092
2007-06-30,12.0729714286,12.249852381,11.8807904762,12.0475904762,442833.333333,12.0475904762
2007-07-31,12.500635,12.902115,12.31111,12.64954,555440.0,12.64954
2007-08-31,13.7740782609,14.0687347826,13.3723521739,13.7122565217,517221.73913,13.7122565217
2007-09-30,14.5443789474,14.8164684211,14.2406736842,14.5359210526,328947.368421,14.5359210526
2007-10-31,14.3761272727,14.6651454545,13.9475045455,14.2626636364,343018.181818,14.2626636364
2007-11-30,12.5383285714,12.8356714286,12.167252381,12.4678190476,297900.0,12.4678190476
2007-12-31,10.0917955,10.312202,9.719939,9.8971945,437925.0,9.8971945
2008-01-31,8.14185380952,8.56772142857,7.84612285714,8.26232190476,477166.666667,8.26232190476
2008-02-29,9.179711,9.42085,8.9203835,9.156444,231400.0,9.156444
2008-03-31,9.21486157895,9.49808263158,8.94411684211,9.23846894737,152121.052632,9.23846894737
2008-04-30,9.18205590909,9.39742545455,8.99206954545,9.21897772727,146127.272727,9.21897772727
2008-05-31,10.49751,10.698025,10.3291315,10.540245,123275.0,10.540245
2008-06-30,11.01858,11.3179342857,10.704717619,10.9158347619,220128.571429,10.9158347619
2008-07-31,10.5300436364,10.9923181818,10.1966013636,10.6754154545,213336.363636,10.6754154545
2008-08-31,11.009396,11.21203,10.7468945,10.919705,141265.0,10.919705
2008-09-30,9.10197380952,9.40728714286,8.67610142857,8.96047428571,288371.428571,8.96047428571
2008-10-31,3.62820727273,3.77089272727,3.38361136364,3.50437363636,195427.272727,3.50437363636
2008-11-30,2.16065947368,2.23903526316,1.98369210526,2.08851947368,137936.842105,2.08851947368
2008-12-31,1.60296681818,1.684885,1.48570181818,1.59988909091,215300.0,1.59988909091
2009-01-31,1.6917675,1.779237,1.605466,1.7124965,128080.0,1.7124965
2009-02-28,1.60946611111,1.67879444444,1.54318333333,1.58830888889,81072.2222222,1.58830888889
2009-03-31,1.68849454545,1.82237045455,1.60623772727,1.73218681818,85381.8181818,1.73218681818
2009-04-30,2.751075,2.9363435,2.6137735,2.813689,142830.0,2.813689
2009-05-31,3.525255,3.6817795,3.3607285,3.5028345,81680.0,3.5028345
2009-06-30,3.29015545455,3.39813727273,3.17304909091,3.27361909091,155540.909091,3.27361909091
2009-07-31,3.20669952381,3.34259952381,3.10819095238,3.25827238095,61300.0,3.25827238095
2009-08-31,4.0874452381,4.22523714286,3.97822761905,4.12913380952,49123.8095238,4.12913380952
2009-09-30,4.33241142857,4.44377333333,4.19471952381,4.30622142857,54371.4285714,4.30622142857
2009-10-31,4.31105666667,4.42986904762,4.20021857143,4.32374761905,46357.1428571,4.32374761905
2009-11-30,3.939419,4.0159285,3.861981,3.932227,44920.0,3.932227
2009-12-31,3.48360590909,3.56342590909,3.41899,3.49822,97422.7272727,3.49822
2010-01-31,3.70260611111,3.77593055556,3.61470722222,3.71294833333,136427.777778,3.71294833333
2010-02-28,3.74463947368,3.82167789474,3.66381368421,3.76682,39552.6315789,3.76682
2010-03-31,4.44825434783,4.57369304348,4.34487956522,4.46002391304,75678.2608696,4.46002391304
2010-04-30,5.445469,5.57323,5.3612825,5.493272,114560.0,5.493272
2010-05-31,5.5302905,5.673808,5.3705895,5.484601,79520.0,5.484601
2010-06-30,5.16906590909,5.33553409091,5.02619045455,5.16541136364,75581.8181818,5.16541136364
2010-07-31,4.408791,4.495305,4.263796,4.3440645,44565.0,4.3440645
2010-08-31,4.13009818182,4.26000818182,4.02222090909,4.09836954545,24159.0909091,4.09836954545
2010-09-30,3.83724428571,3.95124904762,3.7514252381,3.86568857143,36476.1904762,3.86568857143
2010-10-31,4.397581,4.516297,4.3127595,4.407776,47535.0,4.407776
2010-11-30,3.85799380952,3.93854904762,3.76452571429,3.84687666667,46747.6190476,3.84687666667
2010-12-31,3.75820090909,3.84367363636,3.68522545455,3.76204727273,70104.5454545,3.76204727273
2011-01-31,3.52688210526,3.60169473684,3.45336,3.50862368421,67821.0526316,3.50862368421
2011-02-28,3.23297526316,3.31362,3.19734842105,3.24454842105,37973.6842105,3.24454842105
2011-03-31,3.71362347826,3.79311478261,3.67330304348,3.74486173913,28947.826087,3.74486173913
2011-04-30,4.134445,4.2301085,4.0579225,4.156984,82655.0,4.156984
2011-05-31,4.7931305,4.8823505,4.662373,4.7565355,51520.0,4.7565355
2011-06-30,4.15701909091,4.24799818182,4.05959136364,4.16451909091,39445.4545455,4.16451909091
2011-07-31,4.4673825,4.584224,4.355652,4.4682285,30740.0,4.4682285
2011-08-31,4.62083409091,4.77117090909,4.47969090909,4.60179681818,28872.7272727,4.60179681818
2011-09-30,4.4399047619,4.50790761905,4.35316095238,4.42830238095,15471.4285714,4.42830238095
2011-10-31,4.277859,4.3276135,4.196501,4.286463,11750.0,4.286463
2011-11-30,4.69875318182,4.84508363636,4.60943409091,4.72467636364,12345.4545455,4.72467636364
2011-12-31,5.15079681818,5.24236818182,5.07905590909,5.17314227273,21031.8181818,5.17314227273
2012-01-31,5.2949452381,5.4339452381,5.21512238095,5.34571047619,30014.2857143,5.34571047619
2012-02-29,5.46778904762,5.55521904762,5.37931190476,5.46205238095,12728.5714286,5.46205238095
2012-03-31,6.01323818182,6.20310954545,5.93109272727,6.06381090909,28877.2727273,6.06381090909
2012-04-30,5.6113045,5.68961,5.4666685,5.571115,12840.0,5.571115
2012-05-31,4.40006391304,4.54790956522,4.17106608696,4.32134043478,36465.2173913,4.32134043478
2012-06-30,3.82898333333,3.97685047619,3.73007095238,3.84771904762,14057.1428571,3.84771904762
2012-07-31,3.6071852381,3.71335190476,3.50061,3.55924047619,18452.3809524,3.55924047619
2012-08-31,2.7877,2.9238073913,2.65659521739,2.77294478261,38021.7391304,2.77294478261
2012-09-30,2.7929595,2.8591635,2.725695,2.779422,41070.0,2.779422
2012-10-31,2.38868136364,2.48444454545,2.32061181818,2.40483409091,42840.9090909,2.40483409091
2012-11-30,2.20600136364,2.28444545455,2.133595,2.16673454545,37790.9090909,2.16673454545
2012-12-31,1.85072904762,1.91376714286,1.79534142857,1.8492947619,39619.047619,1.8492947619
2013-01-31,2.04870363636,2.13479818182,2.00532181818,2.03816636364,29445.4545455,2.03816636364
2013-02-28,3.48845,3.6950625,3.359578,3.56333,264130.0,3.56333
2013-03-31,3.25625904762,3.33561857143,3.15205047619,3.25504952381,66480.952381,3.2550247619
2013-04-30,3.51133409091,3.65623727273,3.35442045455,3.50539090909,129286.363636,3.50539090909
2013-05-31,3.81913043478,3.95956521739,3.71456956522,3.86826086957,115900.0,3.86826086957
2013-06-30,4.4575,4.553225,4.3705,4.465,72290.0,4.465
2013-07-31,4.51173913043,4.58625652174,4.4014173913,4.49130434783,47273.9130435,4.48956521739
2013-08-31,4.54954545455,4.68409090909,4.45091363636,4.58272727273,86990.9090909,4.58272727273
2013-09-30,5.96047619048,6.11838571429,5.86974285714,6.01285714286,108676.190476,6.01285714286
2013-10-31,6.01954545455,6.18545454545,5.86000454545,6.03090909091,62531.8181818,6.03090909091
2013-11-30,5.60714285714,5.739,5.42719047619,5.57619047619,98423.8095238,5.57619047619
2013-12-31,5.06772727273,5.20486363636,4.95599090909,5.06818181818,82895.4545455,5.06818181818
2014-01-31,5.26913043478,5.36242608696,5.07951304348,5.21826086957,93591.3043478,5.20043478261
2014-02-28,4.9325,5.02295,4.850175,4.9555,48740.0,4.9555
2014-03-31,4.39523809524,4.45638095238,4.17591904762,4.26523809524,229414.285714,4.26523809524
2014-04-30,3.13363636364,3.20790454545,3.02727272727,3.10363636364,116722.727273,3.10363636364
2014-05-31,1.97522727273,2.02932727273,1.82481363636,1.92545454545,342481.818182,1.92545454545
2014-06-30,1.63476190476,1.68341428571,1.58761904762,1.62333333333,324200.0,1.62333333333
2014-07-31,1.42136956522,1.45504782609,1.37217826087,1.4063,205143.478261,1.4063
2014-08-31,1.1905,1.225705,1.1203,1.167755,396705.0,1.167755
2014-09-30,0.925868181818,0.943659090909,0.885118181818,0.910731818182,127200.0,0.910731818182
2014-10-31,0.742226086957,0.763917391304,0.680391304348,0.697704347826,195726.086957,0.697704347826
2014-11-30,0.454185,0.469525,0.402595,0.428325,623485.0,0.4279
2014-12-31,0.19397826087,0.210269565217,0.161586956522,0.1826,1283843.47826,0.1826
2015-01-31,0.167763636364,0.175854545455,0.143913636364,0.158254545455,1012818.18182,0.158254545455
2015-02-28,0.0261363636364,0.0286818181818,0.0221,0.0243818181818,1553009.09091,0.0243818181818
2015-03-31,0.00783181818182,0.00879090909091,0.00709545454545,0.00777727272727,369436.363636,0.00754545454545
2015-04-30,0.00490681818182,0.00517045454545,0.00475454545455,0.005,92581.8181818,0.005
2015-05-31,0.00346904761905,0.00360952380952,0.00324761904762,0.00327142857143,97480.952381,0.00327142857143
2015-06-30,0.00230227272727,0.00244772727273,0.00220681818182,0.00232045454545,53481.8181818,0.00232045454545
2015-07-31,0.000945652173913,0.000969565217391,0.000865217391304,0.000880434782609,113439.130435,0.000880434782609
2015-08-31,0.0007,0.000735,0.00068,0.000705,82790.0,0.000705
2015-09-30,0.000695454545455,0.000713636363636,0.000695454545455,0.000713636363636,26400.0,0.000713636363636
2015-10-31,0.000754545454545,0.000772727272727,0.000736363636364,0.000754545454545,65459.0909091,0.000754545454545
2015-11-30,0.000842857142857,0.000842857142857,0.000814285714286,0.000814285714286,11457.1428571,0.000814285714286
2015-12-31,0.00069347826087,0.000734782608696,0.000673913043478,0.000713043478261,69621.7391304,0.000713043478261
2016-01-31,0.000519047619048,0.000519047619048,0.0005,0.0005,4595.23809524,0.0005
2016-02-29,0.0024119047619,0.00335095238095,0.00203095238095,0.00283047619048,1488971.42857,0.00283047619048
2016-03-31,0.00225636363636,0.00250181818182,0.00204090909091,0.00223636363636,308872.727273,0.00223636363636
2016-04-30,0.00215238095238,0.00215238095238,0.00200714285714,0.00203571428571,90052.3809524,0.00203571428571
2016-05-31,0.00211818181818,0.00223409090909,0.00210909090909,0.00216136363636,59881.8181818,0.00216136363636
2016-06-30,0.00167272727273,0.00184545454545,0.00166818181818,0.00170318181818,90840.9090909,0.00170318181818
2016-07-31,0.00176,0.00181428571429,0.00170904761905,0.00174619047619,99809.5238095,0.00174619047619
2016-08-31,0.0013775,0.0013775,0.001325,0.001325,36500.0,0.001325
