Date,Open,High,Low,Close,Volume,Adj Close
1999-12-31,0.437,0.446,0.423714285714,0.446,20600.0,0.446
2000-01-31,0.484789473684,0.486421052632,0.483105263158,0.484789473684,3152.63157895,0.484789473684
2000-02-29,0.48405,0.48405,0.48245,0.48405,2625.0,0.48405
2000-03-31,0.787782608696,0.816739130435,0.732043478261,0.789565217391,23465.2173913,0.789565217391
2000-04-30,0.753368421053,0.779157894737,0.720631578947,0.748789473684,20278.9473684,0.748789473684
2000-05-31,0.894863636364,0.908272727273,0.886363636364,0.898363636364,8472.72727273,0.898363636364
2000-06-30,0.924818181818,0.932727272727,0.913818181818,0.917409090909,4272.72727273,0.917409090909
2000-07-31,1.00585,1.03245,0.98265,1.0014,6395.0,1.0014
2000-08-31,1.19436363636,1.21063636364,1.16590909091,1.18159090909,8422.72727273,1.18159090909
2000-09-30,1.248,1.26515,1.2291,1.24615,7085.0,1.24615
2000-10-31,1.37363636364,1.41918181818,1.35945454545,1.38827272727,26418.1818182,1.38827272727
2000-11-30,1.61428571429,1.62619047619,1.59942857143,1.60685714286,3133.33333333,1.60685714286
2000-12-31,1.61065,1.6482,1.58745,1.61875,5155.0,1.61875
2001-01-31,1.59933333333,1.63052380952,1.5710952381,1.59976190476,9790.47619048,1.59976190476
2001-02-28,1.50911111111,1.51022222222,1.50455555556,1.50677777778,11572.2222222,1.50677777778
2001-03-31,1.20531818182,1.22072727273,1.16477272727,1.17995454545,5195.45454545,1.17995454545
2001-04-30,1.015,1.017,1.015,1.017,2790.0,1.017
2001-05-31,0.951818181818,0.952272727273,0.937727272727,0.938181818182,1027.27272727,0.938181818182
2001-06-30,0.910952380952,0.920476190476,0.9,0.911904761905,4914.28571429,0.911904761905
2001-07-31,0.83,0.831428571429,0.828095238095,0.829523809524,847.619047619,0.829523809524
2001-08-31,0.772608695652,0.772608695652,0.770869565217,0.770869565217,417.391304348,0.770869565217
2001-09-30,0.62,0.627333333333,0.602666666667,0.609333333333,3693.33333333,0.609333333333
2001-10-31,0.603181818182,0.605909090909,0.594545454545,0.597272727273,1922.72727273,0.597272727273
2001-11-30,0.618095238095,0.621428571429,0.618095238095,0.621428571429,2314.28571429,0.621428571429
2001-12-31,0.6575,0.6675,0.6435,0.655,4520.0,0.655
2002-01-31,0.619047619048,0.619047619048,0.615238095238,0.615238095238,666.666666667,0.615238095238
2002-02-28,0.618421052632,0.624736842105,0.616315789474,0.621578947368,3673.68421053,0.621578947368
2002-03-31,0.5835,0.5925,0.5815,0.5895,4330.0,0.5895
2002-04-30,0.587272727273,0.587272727273,0.587272727273,0.587272727273,1031.81818182,0.587272727273
2002-05-31,0.569545454545,0.573636363636,0.569545454545,0.572727272727,8122.72727273,0.572727272727
2002-06-30,0.5587,0.564,0.555,0.5595,6975.0,0.5595
2002-07-31,0.4875,0.488409090909,0.479772727273,0.485681818182,6131.81818182,0.485681818182
2002-08-31,0.492619047619,0.501428571429,0.487857142857,0.497619047619,5180.95238095,0.497619047619
2002-09-30,0.526,0.5325,0.515,0.527,4530.0,0.527
2002-10-31,0.394347826087,0.394347826087,0.39,0.39,1178.26086957,0.39
2002-11-30,0.4,0.4,0.4,0.4,0.0,0.4
2002-12-31,0.357142857143,0.357142857143,0.357142857143,0.357142857143,700.0,0.357142857143
2003-01-31,0.387142857143,0.394761904762,0.387142857143,0.394761904762,4090.47619048,0.394761904762
2003-02-28,0.483157894737,0.484736842105,0.483157894737,0.484736842105,1336.84210526,0.484736842105
2003-03-31,0.405238095238,0.423333333333,0.405238095238,0.421904761905,5114.28571429,0.421904761905
2003-04-30,0.421904761905,0.426666666667,0.419047619048,0.420476190476,1180.95238095,0.420476190476
2003-05-31,0.6645,0.6935,0.6495,0.691,12625.0,0.691
2003-06-30,0.750476190476,0.777142857143,0.738095238095,0.761428571429,8642.85714286,0.761428571429
2003-07-31,0.864545454545,0.899909090909,0.842727272727,0.879454545455,35295.4545455,0.879454545455
2003-08-31,1.07428571429,1.11095238095,1.04523809524,1.07476190476,9285.71428571,1.07476190476
2003-09-30,1.01238095238,1.03476190476,0.987142857143,1.01380952381,9442.85714286,1.01380952381
2003-10-31,1.05695652174,1.11260869565,1.02565217391,1.08086956522,16373.9130435,1.08086956522
2003-11-30,1.32736842105,1.38263157895,1.28473684211,1.34721052632,32084.2105263,1.34615789474
2003-12-31,1.40545454545,1.41681818182,1.375,1.40454545455,10290.9090909,1.40454545455
2004-01-31,1.441,1.464,1.4115,1.442,16090.0,1.442
2004-02-29,1.39210526316,1.43052631579,1.37473684211,1.40578947368,13700.0,1.40578947368
2004-03-31,1.38913043478,1.40652173913,1.37304347826,1.39047826087,12452.173913,1.39047826087
2004-04-30,1.517,1.54,1.498,1.50955,12115.0,1.50955
2004-05-31,1.42955,1.445,1.4046,1.421,4330.0,1.421
2004-06-30,1.48476190476,1.4919047619,1.48238095238,1.49,15557.1428571,1.49
2004-07-31,1.4719047619,1.47666666667,1.4680952381,1.47142857143,8923.80952381,1.47142857143
2004-08-31,1.44545454545,1.45409090909,1.43813636364,1.44404545455,12204.5454545,1.44404545455
2004-09-30,1.35428571429,1.36619047619,1.3409047619,1.35138095238,4976.19047619,1.35138095238
2004-10-31,1.5055,1.548,1.4715,1.519,10835.0,1.519
2004-11-30,2.14047619048,2.16619047619,2.05380952381,2.11666666667,59161.9047619,2.11666666667
2004-12-31,2.36409090909,2.42318181818,2.29090909091,2.34272727273,19509.0909091,2.34272727273
2005-01-31,2.4425,2.4965,2.3875,2.45,11295.0,2.45
2005-02-28,2.34105263158,2.38736842105,2.30315789474,2.35,22194.7368421,2.35
2005-03-31,2.40772727273,2.43863636364,2.38636363636,2.4125,18918.1818182,2.41068181818
2005-04-30,2.47333333333,2.51,2.4519047619,2.48666666667,26771.4285714,2.48666666667
2005-05-31,2.69476190476,2.76714285714,2.68142857143,2.74761904762,28990.4761905,2.74761904762
2005-06-30,3.41727272727,3.49727272727,3.34909090909,3.44227272727,22213.6363636,3.44227272727
2005-07-31,4.32421052632,4.48684210526,4.22684210526,4.39105263158,34557.8947368,4.39105263158
2005-08-31,4.84260869565,4.97130434783,4.73782608696,4.89086956522,18421.7391304,4.89086956522
2005-09-30,4.36857142857,4.44666666667,4.29095238095,4.3880952381,7023.80952381,4.3880952381
2005-10-31,4.70047619048,4.74285714286,4.63095238095,4.70476190476,6523.80952381,4.70476190476
2005-11-30,4.60428571429,4.70142857143,4.58666666667,4.67238095238,7590.47619048,4.67238095238
2005-12-31,6.26380952381,6.53952380952,6.13685714286,6.4270952381,58300.0,6.4270952381
2006-01-31,10.239,10.7195,9.91065,10.378,130885.0,10.378
2006-02-28,13.4650526316,13.9656315789,12.7969473684,13.4521052632,84494.7368421,13.4521052632
2006-03-31,9.44863636364,9.71822727273,8.85954545455,9.21263636364,66931.8181818,9.21263636364
2006-04-30,7.41842105263,7.60263157895,7.04473684211,7.30631578947,122142.105263,7.30631578947
2006-05-31,6.59454545455,6.76227272727,6.34454545455,6.62590909091,25640.9090909,6.62590909091
2006-06-30,5.72736363636,5.84,5.55645454545,5.725,16690.9090909,5.725
2006-07-31,6.17368421053,6.42210526316,6.01578947368,6.25263157895,26084.2105263,6.25263157895
2006-08-31,5.81526086957,6.00695652174,5.63552173913,5.87434782609,10969.5652174,5.87434782609
2006-09-30,6.97785,7.15425,6.854,7.0663,14745.0,7.0663
2006-10-31,7.69181818182,7.91590909091,7.51636363636,7.719,16436.3636364,7.719
2006-11-30,8.38445,8.4962,8.2168,8.3995,19245.0,8.3995
2006-12-31,8.1785,8.31345,7.831,8.21265,32960.0,8.21265
2007-01-31,7.906,8.0167,7.7497,7.92925,8755.0,7.92925
2007-02-28,6.87555555556,7.063,6.69833333333,6.86972222222,22211.1111111,6.86972222222
2007-03-31,7.06227272727,7.20281818182,6.91818181818,7.09909090909,8522.72727273,7.09909090909
2007-04-30,6.8567,6.9467,6.77505,6.88,8135.0,6.88
2007-05-31,7.13595454545,7.38913636364,7.03959090909,7.27522727273,17722.7272727,7.27522727273
2007-06-30,7.6095,7.75,7.417,7.574,22255.0,7.574
2007-07-31,6.62104761905,6.7680952381,6.51714285714,6.61985714286,9452.38095238,6.61985714286
2007-08-31,5.50391304348,5.74043478261,5.25695652174,5.48782608696,20452.173913,5.48782608696
2007-09-30,4.98789473684,5.15331578947,4.87263157895,5.03226315789,7478.94736842,5.03226315789
2007-10-31,5.01954545455,5.13272727273,4.94181818182,5.03818181818,7427.27272727,5.03818181818
2007-11-30,5.28466666667,5.502,5.16947619048,5.3319047619,15109.5238095,5.3319047619
2007-12-31,5.52355,5.645,5.404,5.5576,8820.0,5.5576
2008-01-31,5.15476190476,5.29523809524,5.08523809524,5.17619047619,9161.9047619,5.17619047619
2008-02-29,5.10315789474,5.21578947368,5.01178947368,5.10315789474,17657.8947368,5.10315789474
2008-03-31,4.3715,4.5128,4.2814,4.3393,8290.0,4.3393
2008-04-30,3.61204545455,3.68768181818,3.41227272727,3.55081818182,9704.54545455,3.55081818182
2008-05-31,3.08152380952,3.15723809524,2.98914285714,3.09252380952,7142.85714286,3.09252380952
2008-06-30,3.15115,3.21805,3.07435,3.16355,5130.0,3.16355
2008-07-31,2.94045454545,2.97227272727,2.90454545455,2.95181818182,6354.54545455,2.95181818182
2008-08-31,3.11604761905,3.19571428571,3.02914285714,3.08238095238,12928.5714286,3.08238095238
2008-09-30,3.66138095238,3.84761904762,3.53147619048,3.72871428571,11833.3333333,3.72871428571
2008-10-31,3.66354545455,3.83045454545,3.51863636364,3.764,12922.7272727,3.764
2008-11-30,3.11842105263,3.24947368421,2.92968421053,3.13052631579,6663.15789474,3.13052631579
2008-12-31,2.53636363636,2.66363636364,2.36636363636,2.53636363636,4545.45454545,2.53636363636
2009-01-31,1.6626,1.7566,1.62225,1.7385,3985.0,1.7385
2009-02-28,1.70784210526,1.80752631579,1.61684210526,1.75431578947,11073.6842105,1.75431578947
2009-03-31,1.54428571429,1.61095238095,1.43128571429,1.5510952381,5985.71428571,1.5510952381
2009-04-30,1.53476190476,1.59095238095,1.49666666667,1.57085714286,5785.71428571,1.57085714286
2009-05-31,1.8355,1.9485,1.76475,1.88825,6555.0,1.88825
2009-06-30,1.72204545455,1.78477272727,1.68227272727,1.75272727273,5995.45454545,1.75272727273
2009-07-31,1.73204545455,1.79931818182,1.71636363636,1.78409090909,3654.54545455,1.78409090909
2009-08-31,1.64366666667,1.80114285714,1.537,1.65361904762,322323.809524,1.65028571429
2009-09-30,1.6119047619,1.66666666667,1.56428571429,1.59485714286,77052.3809524,1.59485714286
2009-10-31,1.63772727273,1.68909090909,1.58063636364,1.63868181818,31527.2727273,1.63868181818
2009-11-30,1.67535,1.72995,1.636,1.7055,23910.0,1.7055
2009-12-31,1.9219047619,1.98371428571,1.86428571429,1.94119047619,29780.952381,1.94119047619
2010-01-31,2.17263157895,2.21568421053,2.12315789474,2.17631578947,11578.9473684,2.17631578947
2010-02-28,2.09157894737,2.13505263158,2.06763157895,2.12210526316,5126.31578947,2.12210526316
2010-03-31,1.96295652174,2.00043478261,1.93452173913,1.97973913043,8491.30434783,1.97973913043
2010-04-30,1.67476190476,1.70666666667,1.61019047619,1.662,14328.5714286,1.662
2010-05-31,1.54255,1.57725,1.514,1.5479,12435.0,1.5479
2010-06-30,1.55909090909,1.63131818182,1.53454545455,1.60277272727,9695.45454545,1.60277272727
2010-07-31,2.00619047619,2.10404761905,1.9919047619,2.06304761905,7304.76190476,2.06304761905
2010-08-31,1.99954545455,2.08509090909,1.94818181818,2.03463636364,9531.81818182,2.03463636364
2010-09-30,2.37525,2.4465,2.29,2.4096,14980.0,2.4096
2010-10-31,2.67480952381,2.84966666667,2.61623809524,2.76428571429,17271.4285714,2.76428571429
2010-11-30,3.1080952381,3.22804761905,2.97952380952,3.13523809524,12476.1904762,3.13523809524
2010-12-31,3.15427272727,3.26386363636,3.03931818182,3.16086363636,8618.18181818,3.16086363636
2011-01-31,3.0955,3.185,2.996,3.1389,12940.0,3.1389
2011-02-28,2.95111111111,3.03277777778,2.85338888889,2.98,7794.44444444,2.98
2011-03-31,3.12826086957,3.19273913043,3.06382608696,3.15626086957,9243.47826087,3.15626086957
2011-04-30,3.0292,3.08675,2.984,3.0502,12140.0,3.0502
2011-05-31,2.65166666667,2.74576190476,2.52761904762,2.65938095238,12885.7142857,2.65938095238
2011-06-30,2.62742857143,2.71047619048,2.55195238095,2.66428571429,9238.0952381,2.66428571429
2011-07-31,2.8962,2.9485,2.8318,2.9045,6245.0,2.9045
2011-08-31,2.73304347826,2.80139130435,2.63656521739,2.72739130435,10556.5217391,2.72739130435
2011-09-30,2.42142857143,2.49761904762,2.32333333333,2.41238095238,26276.1904762,2.41238095238
2011-10-31,1.8926,1.942,1.8571,1.914,6730.0,1.914
2011-11-30,1.79685714286,1.85595238095,1.76071428571,1.82914285714,9590.47619048,1.82914285714
2011-12-31,1.62919047619,1.67576190476,1.58742857143,1.63895238095,22266.6666667,1.63895238095
2012-01-31,1.741,1.7886,1.72225,1.7574,6520.0,1.7574
2012-02-29,1.9965,2.08245,1.9111,2.00845,16440.0,2.00845
2012-03-31,2.20871428571,2.26238095238,2.13171428571,2.22204761905,9185.71428571,2.22204761905
2012-04-30,2.19055,2.315,2.134,2.2515,8230.0,2.2515
2012-05-31,2.15363636364,2.23386363636,2.06345454545,2.13522727273,10486.3636364,2.13522727273
2012-06-30,1.81095238095,1.85595238095,1.75247619048,1.82071428571,7061.9047619,1.82071428571
2012-07-31,1.7543,1.77315,1.72285,1.7548,4580.0,1.7548
2012-08-31,1.85956521739,1.9152173913,1.82569565217,1.9,4717.39130435,1.9
2012-09-30,1.95447368421,2.04157894737,1.89684210526,1.96210526316,26647.3684211,1.96210526316
2012-10-31,1.78619047619,1.82761904762,1.75666666667,1.80666666667,7133.33333333,1.80666666667
2012-11-30,1.90428571429,1.9590952381,1.87523809524,1.92033333333,11890.4761905,1.92033333333
2012-12-31,2.07789473684,2.17105263158,2.03663157895,2.12673684211,18994.7368421,2.12673684211
2013-01-31,2.00814285714,2.04523809524,1.96266666667,2.02623809524,9504.76190476,2.02623809524
2013-02-28,1.90263157895,1.94684210526,1.85631578947,1.92178947368,9084.21052632,1.92178947368
2013-03-31,1.91725,1.9798,1.8776,1.9475,8365.0,1.9475
2013-04-30,1.94454545455,2.01954545455,1.88240909091,1.95790909091,20981.8181818,1.95790909091
2013-05-31,1.86185714286,1.89738095238,1.82447619048,1.87938095238,7790.47619048,1.87938095238
2013-06-30,1.69285,1.73045,1.6605,1.7055,16055.0,1.7055
2013-07-31,1.56777272727,1.59540909091,1.53818181818,1.57363636364,18659.0909091,1.57363636364
2013-08-31,1.45181818182,1.48468181818,1.4065,1.44309090909,19036.3636364,1.44309090909
2013-09-30,1.36805,1.39525,1.35,1.3802,26425.0,1.3802
2013-10-31,1.35363636364,1.38045454545,1.32090909091,1.362,17163.6363636,1.362
2013-11-30,1.56945,1.61515,1.50645,1.5605,20565.0,1.5605
2013-12-31,1.76428571429,1.84695238095,1.69728571429,1.7730952381,93476.1904762,1.7730952381
2014-01-31,2.00795238095,2.09871428571,1.93195238095,2.01571428571,68376.1904762,2.01571428571
2014-02-28,2.17644444444,2.246,2.11072222222,2.19022222222,24650.0,2.19022222222
2014-03-31,2.1720952381,2.23266666667,2.10661904762,2.16833333333,38442.8571429,2.16833333333
2014-04-30,2.15266666667,2.21304761905,2.10980952381,2.17142857143,23214.2857143,2.17142857143
2014-05-31,2.17428571429,2.2129047619,2.12623809524,2.17352380952,10371.4285714,2.17352380952
2014-06-30,2.001,2.07428571429,1.95,2.00614285714,17757.1428571,2.00471428571
2014-07-31,1.9285,1.97536363636,1.88677272727,1.93886363636,14518.1818182,1.93886363636
2014-08-31,1.59495238095,1.6539047619,1.53142857143,1.55761904762,52714.2857143,1.55761904762
2014-09-30,1.66523809524,1.71157142857,1.62238095238,1.67923809524,66228.5714286,1.67923809524
2014-10-31,1.78290909091,1.84454545455,1.71731818182,1.77977272727,22290.9090909,1.77977272727
2014-11-30,1.72736842105,1.78905263158,1.67573684211,1.75315789474,19510.5263158,1.75315789474
2014-12-31,1.76327272727,1.81940909091,1.71545454545,1.77022727273,14750.0,1.77022727273
2015-01-31,1.63895,1.6784,1.5887,1.6385,37860.0,1.6385
2015-02-28,1.40722222222,1.44116666667,1.34777777778,1.38888888889,250405.555556,1.38888888889
2015-03-31,1.31731818182,1.35095454545,1.28909090909,1.31340909091,77086.3636364,1.31340909091
2015-04-30,1.31795238095,1.33761904762,1.29114285714,1.30504761905,87057.1428571,1.30504761905
2015-05-31,1.28525,1.31805,1.25365,1.29365,35055.0,1.29365
2015-06-30,1.29763636364,1.31777272727,1.27186363636,1.29795454545,27972.7272727,1.29795454545
2015-07-31,1.23523809524,1.2580952381,1.1979047619,1.23276190476,35033.3333333,1.23276190476
2015-08-31,1.09761904762,1.14857142857,1.07461904762,1.106,63219.047619,1.106
2015-09-30,1.207,1.24476190476,1.1780952381,1.20761904762,37757.1428571,1.20761904762
2015-10-31,1.22136363636,1.25272727273,1.1805,1.21859090909,15813.6363636,1.21859090909
2015-11-30,1.3893,1.46325,1.34905,1.4028,93680.0,1.4028
2015-12-31,1.61157142857,1.6650952381,1.55771428571,1.6110952381,31780.952381,1.6110952381
2016-01-31,1.69657894737,1.735,1.64894736842,1.69536842105,22910.5263158,1.69536842105
2016-02-29,1.62515,1.64865,1.60275,1.63445,17750.0,1.63445
2016-03-31,1.57168181818,1.59181818182,1.53613636364,1.55795454545,21436.3636364,1.55795454545
2016-04-30,1.8533,1.925,1.81155,1.8788,53605.0,1.8788
2016-05-31,1.885,1.92523809524,1.83014285714,1.87095238095,73890.4761905,1.87095238095
2016-06-30,1.87759090909,1.93022727273,1.81863636364,1.87045454545,150604.545455,1.87045454545
2016-07-31,1.841,1.8712,1.8085,1.8265,44080.0,1.8265
2016-08-31,1.8,1.828,1.7468,1.792,77040.0,1.792
