Date,Open,High,Low,Close,Volume,Adj Close
1996-01-31,1.13495059091,1.13495059091,1.13495059091,1.13495059091,890.909090909,0.1157905
1996-02-29,1.00245863158,1.00245863158,1.00245863158,1.00245863158,2178.94736842,0.102273315789
1996-03-31,1.03050461905,1.03273571429,1.01860047619,1.02083157143,18314.2857143,0.104147380952
1996-04-30,1.31769804762,1.32439428571,1.30207447619,1.31844371429,20076.1904762,0.134510904762
1996-05-31,1.35794309091,1.36291422727,1.35794309091,1.35794309091,27854.5454545,0.138540727273
1996-06-30,1.17968185,1.1820245,1.17655625,1.17968185,11920.0,0.12035415
1996-07-31,36.2101851818,36.2158682273,36.1988221364,36.2158682273,1950.0,3.69483068182
1996-08-31,36.4431398182,36.4545057727,36.4090477727,36.4204137273,1618.18181818,3.71569890909
1996-09-30,36.4950317368,36.5608243158,36.4950317368,36.5476670526,3868.42105263,3.73469736842
1996-10-31,37.6847697391,37.6956387826,37.6847697391,37.6956387826,595.652173913,3.85200473913
1996-11-30,38.3999731,38.437471,38.3374733,38.42497175,7190.0,3.92653315
1996-12-31,38.7975964762,38.8214046667,38.7618810476,38.7618810476,1333.33333333,3.98545628571
1997-01-31,39.624959,39.659051,39.6135959545,39.653368,10209.0909091,4.07837036364
1997-02-28,40.9539188421,40.9933937895,40.9341814211,40.9933937895,2789.47368421,4.21619284211
1997-03-31,32.4374888,32.53748805,32.3999876,32.4624889,2485.0,4.51092065
1997-04-30,22.4261480455,22.4602386364,22.4261480455,22.4488755455,1100.0,4.64652068182
1997-05-31,21.07814075,21.14064055,21.0062672,21.04376665,9830.0,4.3556878
1997-06-30,21.8750190476,22.142875619,21.7916872381,22.0952577619,5038.0952381,4.60195790476
1997-07-31,25.8011599545,26.0511586364,25.5568429545,25.8238860455,5227.27272727,5.380057
1997-08-31,25.1785932857,25.2024016667,25.0833574286,25.1250235714,25947.6190476,5.23445819048
1997-09-30,25.0357411429,25.0893129524,24.9762158571,25.011931381,36723.8095238,5.23711414286
1997-10-31,25.1079724091,25.1534275909,25.1079724091,25.1534275909,3127.27272727,5.268045
1997-11-30,25.1579211053,25.1973977895,25.1052871579,25.1447638421,6047.36842105,5.26623042105
1997-12-31,24.9488885,24.9772975455,24.934684,24.9517300455,3936.36363636,5.250626
1998-01-31,28.550023,28.9750196,28.1687774,28.68127415,23850.0,6.0383024
1998-02-28,34.5789768947,34.7697664211,34.4375294211,34.5658196842,9978.94736842,7.27718242105
1998-03-31,34.0369558182,34.2642309545,33.9801395455,34.1846871364,5913.63636364,7.23227981818
1998-04-30,33.37502935,33.5750297,33.04065365,33.2687785,7820.0,7.04019095
1998-05-31,30.98127335,31.11877585,30.7250259,30.96252625,6975.0,6.55215185
1998-06-30,30.3579815455,30.4346855909,30.3125309545,30.3863919091,2004.54545455,6.46493604545
1998-07-31,30.1733263182,30.2074169091,30.1136680909,30.1477586818,2431.81818182,6.41760672727
1998-08-31,29.5595508571,29.7321668571,29.5238368095,29.5744317619,8509.52380952,6.29556138095
1998-09-30,26.1309713333,26.2857342857,25.8809691429,26.107161619,6100.0,5.56060547619
1998-10-31,25.3949116818,25.3949116818,25.3750256818,25.3807072273,1222.72727273,5.43909431818
1998-11-30,25.46564275,25.53126995,25.36564175,25.3937694,3880.0,5.4418937
1998-12-31,24.9829728182,25.0199049545,24.9375205455,24.9602466364,3531.81818182,5.38562713636
1999-01-31,24.6579188421,24.7500243684,24.5329171053,24.7039708947,4589.47368421,5.33207868421
1999-02-28,24.8092206316,24.8396543158,24.7829061053,24.8330740526,3342.10526316,5.35994410526
1999-03-31,24.8153547273,24.8324006818,24.7926272273,24.8210375909,2940.90909091,5.39244463636
1999-04-30,24.6488204286,24.6547725238,24.6011994286,24.6093840476,8880.95238095,5.34998919048
1999-05-31,24.52501435,24.5375153,24.51251495,24.5375153,4125.0,5.3343653
1999-06-30,24.4659274545,24.5085411818,24.4602459091,24.4829735,8036.36363636,5.36010777273
1999-07-31,24.4970415238,24.5476365714,24.4613275714,24.5178747143,7738.0952381,5.369543
1999-08-31,24.3324061818,24.3636568182,24.3125214545,24.3522937273,11795.4545455,5.33327986364
1999-09-30,23.82501965,23.9000205,23.80002085,23.8812714,11540.0,5.2692334
1999-10-31,24.4643090952,24.625022381,24.3809770952,24.547642381,1785.71428571,5.4162637619
1999-11-30,22.6518085238,22.7589502857,22.4375219524,22.5774022857,8066.66666667,4.98154395238
1999-12-31,20.2556985455,20.3963229545,19.9943311364,20.1477393636,31040.9090909,4.48463009091
2000-01-31,19.7507951,19.9914224,19.5757948,19.77345425,8605.0,4.4013189
2000-02-29,20.3322543158,20.3651471053,20.2105428947,20.250016,5105.26315789,4.50739573684
2000-03-31,19.9565374348,20.0842597826,19.8260997391,19.8858832609,10591.3043478,4.46995113043
2000-04-30,20.0329103158,20.1973854737,19.9408065789,20.1151506316,22236.8421053,4.52148589474
2000-05-31,20.3352471364,20.3750191818,20.3032861818,20.3203307273,3572.72727273,4.56760631818
2000-06-30,20.5483126818,20.5767217273,20.4659270909,20.5341081818,2977.27272727,4.66003827273
2000-07-31,20.9761647368,21.1546194737,20.8972182105,21.052647,24673.6842105,4.77771594737
2000-08-31,20.2690367391,20.3152333043,20.2119712174,20.239145087,5452.17391304,4.59502330435
2000-09-30,19.19376585,19.2125148,19.01564145,19.0343921,23615.0,4.36345975
2000-10-31,17.8466089091,17.9176299545,17.7755834545,17.8181984545,17990.9090909,4.08465868182
2000-11-30,18.1369182857,18.2142997619,18.0922770952,18.1517992857,5061.9047619,4.16113352381
2000-12-31,17.8355358947,17.8552734211,17.7796152632,17.7960625789,17752.6315789,4.12327184211
2001-01-31,19.8452522857,20.1398955238,19.7172775238,19.9494217619,28490.4761905,4.62219609524
2001-02-28,21.4736990526,21.4934348421,21.3487004737,21.3618577368,2784.21052632,4.94945157895
2001-03-31,19.9659324545,19.9772955455,19.7841138182,19.8409333182,12136.3636364,4.64234872727
2001-04-30,18.4226434737,18.5568535789,18.3676447368,18.4676463158,3131.57894737,4.32102931579
2001-05-31,19.943199,19.988654,19.9091084091,19.9409276818,13736.3636364,4.66574518182
2001-06-30,19.8885849524,19.9719198571,19.713823,19.747159,9504.76190476,4.66731257143
2001-07-31,19.777157619,19.8095384762,19.6828709524,19.7323966667,18214.2857143,4.66382366667
2001-08-31,20.2508831304,20.3056628261,20.1452309565,20.2134896522,4026.08695652,4.77965121739
2001-09-30,19.7580189333,19.8960160667,19.7366869333,19.8580161333,7526.66666667,4.7425118
2001-10-31,22.5800141739,22.769579087,22.3343624348,22.5156667826,8460.86956522,5.37723530435
2001-11-30,22.6752558571,22.7985887143,22.584303619,22.6938262381,3238.0952381,5.4197837619
2001-12-31,23.6065213,23.74752195,23.4500217,23.60402475,8215.0,5.68488215
2002-01-31,24.5523953333,24.6447775238,24.4928731429,24.5714434762,6747.61904762,5.91835280952
2002-02-28,24.5573876842,24.6105459474,24.4131782105,24.4705468421,11415.7894737,5.89405036842
2002-03-31,25.41702325,25.53102375,25.4050223,25.5175229,1835.0,6.1961946
2002-04-30,25.1691096818,25.2468356364,25.0931989091,25.1868346364,3909.09090909,6.11589654545
2002-05-31,25.0891093182,25.2386524545,25.0654727727,25.1445622727,3695.45454545,6.10527654545
2002-06-30,24.96851765,24.98901675,24.8760162,24.91601575,4485.0,6.09681695
2002-07-31,24.7991119091,24.9791113182,24.5909309091,24.7909291818,9663.63636364,6.06620881818
2002-08-31,23.3377458182,23.3786555455,23.2804746364,23.3122925,1795.45454545,5.70439422727
2002-09-30,22.8837032632,22.9058074211,22.8600185789,22.8815964211,989.473684211,5.64811694737
2002-10-31,23.1030673478,23.1474141304,23.0913288261,23.1174143043,2695.65217391,5.70632647826
2002-11-30,23.3015184,23.3440176,23.29051905,23.33551815,1375.0,5.7601636
2002-12-31,25.1490485714,25.2361912381,25.1057159524,25.1952386667,3504.76190476,6.57067228571
2003-01-31,24.8661883333,24.9042844286,24.8009494762,24.8061890476,1700.0,6.48641590476
2003-02-28,26.5661097222,26.7394458889,26.4516671111,26.6083378333,6600.0,6.95764811111
2003-03-31,26.6447642381,26.7600037143,26.4980957619,26.63905,9228.57142857,7.02127504762
2003-04-30,27.2519027143,27.544763619,27.1742832857,27.5023824286,3300.0,7.24882414286
2003-05-31,31.32300535,31.74750235,30.6130015,31.29050045,14165.0,8.2472614
2003-06-30,28.7300000476,29.1547598571,28.5080949524,28.8357105238,11585.7142857,7.65690247619
2003-07-31,29.7577270909,29.9095446364,29.5599988636,29.7140909545,1540.90909091,7.89288086364
2003-08-31,30.2442886667,30.308574619,30.1342872381,30.2576197143,3952.38095238,8.03725685714
2003-09-30,32.56450135,32.71750025,32.5075024,32.6044978,4640.0,8.7164357
2003-10-31,32.9947847826,33.1608711304,32.7013046957,32.9621733478,8726.08695652,8.81489482609
2003-11-30,30.750003,30.7715811053,30.5163196316,30.5742127368,1621.05263158,8.17629536842
2003-12-31,31.9754509091,32.0313585455,31.9568154091,32.0236308636,1613.63636364,8.59322018182
2004-01-31,33.2605021,33.2800024,33.11549925,33.1649994,2050.0,8.9296244
2004-02-29,33.4405265789,33.6715775263,33.1499995789,33.4126311579,3931.57894737,8.99629863158
2004-03-31,32.2136366818,32.4345466818,31.9331841364,32.2163637727,7959.09090909,9.51736504545
2004-04-30,34.8947647619,35.235239381,34.8319088095,35.108097381,2666.66666667,10.469628619
2004-05-31,36.92600135,37.37150025,36.7670005,37.2335009,8850.0,11.10344785
2004-06-30,39.680002,39.9466708571,39.5809545714,39.810481,2733.33333333,11.9285889524
2004-07-31,39.8440026,40.14250305,39.7765038,39.96550395,1885.0,11.9810579
2004-08-31,39.2922724091,39.4072730455,39.0754560909,39.2104546818,5813.63636364,11.7547055455
2004-09-30,38.0138097619,38.0619045714,37.8757154286,37.9238102381,1328.57142857,11.4330101429
2004-10-31,37.0200013333,37.150953381,36.971430619,37.0547635714,1023.80952381,11.1710158095
2004-11-30,35.7679994,35.90050245,35.5815012,35.67650315,4760.0,10.7555072
2004-12-31,35.5595480455,35.5827300455,35.5109105909,35.5336371818,804.545454545,10.7767252273
2005-01-31,35.2985003,35.60849915,35.21599895,35.49199795,2080.0,10.7640968
2005-02-28,35.8552617895,36.0363165263,35.7889472632,35.8836861053,842.105263158,10.8828888947
2005-03-31,39.2454539545,39.4804527273,39.1790917727,39.3740897273,1631.81818182,12.0084812273
2005-04-30,39.3770039,39.52950335,39.30250405,39.4520047,1135.0,12.03516135
2005-05-31,39.0447634286,39.2519092381,38.9033348095,39.1014315238,1338.0952381,11.9282162381
2005-06-30,41.0936428182,41.1995516818,41.0118230909,41.1213688636,1045.45454545,12.6106165
2005-07-31,42.38450075,42.65650165,42.1750027,42.3920005,1945.0,13.00027885
2005-08-31,48.4177271364,49.0872717727,47.9468180455,48.7418175455,3527.27272727,14.9506096818
2005-09-30,44.5642891905,45.040002619,43.9604797143,44.550002619,1042.85714286,16.5581705714
2005-10-31,32.4576190476,32.9147612857,32.0576204286,32.589523,4495.23809524,15.050775381
2005-11-30,31.44000045,31.6790023,31.28250135,31.5955022,3645.0,14.5917079
2005-12-31,31.7647602857,32.0871401429,31.494761619,31.8342839048,3338.0952381,14.7752840952
2006-01-31,32.9505009,33.256502,32.6975014,33.04700105,2105.0,15.33814375
2006-02-28,34.0857917895,34.1784237895,33.8968430526,33.9494751579,2342.10526316,15.7570102105
2006-03-31,33.5609115909,33.8727292727,33.2509111364,33.7654554545,2590.90909091,15.7479281818
2006-04-30,39.0442121579,39.9678976842,38.9394733684,39.6773716842,5247.36842105,18.5051967368
2006-05-31,48.5176199524,49.5690494286,47.768574619,48.7500010952,15009.5238095,22.7365957619
2006-06-30,50.2700023182,51.1381844545,49.3577304091,50.4145475909,56236.3636364,23.5884061364
2006-07-31,44.02599925,45.0579998,43.2859988,44.1365,22645.0,20.65097735
2006-08-31,47.474999,48.0027279545,46.8736378182,47.4063652727,7731.81818182,22.1880851818
2006-09-30,44.33950295,44.89549975,43.5650021,44.0590003,9190.0,24.6864771
2006-10-31,33.5123801905,33.9138090476,33.2771420476,33.6976197143,6923.80952381,23.7269708095
2006-11-30,37.6804776667,38.3376209048,37.2504780952,37.7266690952,15638.0952381,26.5638815714
2006-12-31,36.06800065,36.5645017,35.2450015,35.7840008,10605.0,25.2745117
2007-01-31,34.4505266842,34.8221072105,34.2126318947,34.6284218421,7757.89473684,24.4583174737
2007-02-28,35.4584224737,35.9242129474,34.8621053158,35.3147381053,9921.05263158,24.943068
2007-03-31,35.13524,35.7966685714,34.2923818571,34.9885736667,13900.0,24.8009509524
2007-04-30,35.4105012,35.85300165,34.9195016,35.3340023,8605.0,25.0458012
2007-05-31,33.0072741364,33.5136365909,32.5640910909,33.1431835909,13136.3636364,23.4928831818
2007-06-30,33.61849945,34.2429998,33.08650185,33.7650014,21840.0,24.02046555
2007-07-31,35.3742877619,35.7252394286,34.5457157619,35.1142869524,29109.5238095,24.9803489048
2007-08-31,34.7943486522,35.6886965217,33.965653087,34.8147847391,17043.4782609,24.7698778696
2007-09-30,34.6278965789,35.1547372105,34.0894755789,34.7694734211,10757.8947368,24.8222166316
2007-10-31,36.8786963043,37.4339136522,36.167827,36.7765221304,10108.6956522,26.2550654783
2007-11-30,35.51600025,36.36649995,34.72350105,35.8715009,10555.0,25.8848055
2007-12-31,36.3970001,37.3985005,34.84000075,36.11750155,12715.0,28.4516263
2008-01-31,29.60050225,30.54700015,28.81300125,29.3410014,18220.0,23.11342615
2008-02-29,30.36050005,31.05899995,29.4555007,30.36600115,18880.0,23.92087145
2008-03-31,30.1559998,30.94150155,29.0960007,30.24300015,18710.0,23.92651875
2008-04-30,33.2047628095,33.7476204762,32.585239,33.2804772857,16847.6190476,26.3295955714
2008-05-31,32.5480956667,33.0233348571,31.9276189524,32.4428580476,15866.6666667,25.6669195238
2008-06-30,32.13000035,32.7880015,31.4850003,32.21300085,24280.0,25.57693025
2008-07-31,33.0518195909,33.7822736818,31.9218195,33.221819,15686.3636364,26.3828398182
2008-08-31,36.872858,37.357145381,36.2057131905,36.9590482381,26342.8571429,29.3507302381
2008-09-30,36.5985001,37.28699955,35.537501,36.4634996,27280.0,29.0464805
2008-10-31,32.6086963913,34.4265232174,31.2839143478,32.8843492609,16943.4782609,26.1996741739
2008-11-30,33.2683328889,34.4800017778,32.2333343333,33.4000012778,22322.2222222,26.6105052222
2008-12-31,32.8477302273,33.3659119091,31.9436372273,32.6545474091,16222.7272727,26.1065094545
2009-01-31,27.60649995,28.0700009,26.78150065,27.13450085,16485.0,21.7011827
2009-02-28,25.7166678333,26.8172238889,25.2205562222,25.9733337778,20350.0,20.7725237778
2009-03-31,28.5095462273,29.4913640455,27.8313638182,28.7636364545,16381.8181818,23.1179315
2009-04-30,32.32700205,33.11600105,31.62250095,32.5055017,12535.0,26.1307143
2009-05-31,31.78800135,32.38600135,30.9230013,31.7255012,14090.0,25.5036828
2009-06-30,32.0572725455,32.6899995455,31.4304550909,32.1127276364,31190.9090909,25.9107294091
2009-07-31,34.0768202273,34.829092,33.5745451818,34.3718188636,18313.6363636,27.7399724091
2009-08-31,33.1819045714,33.6309535714,32.6433341905,33.1061910476,14638.0952381,26.7221574286
2009-09-30,30.5304767619,30.9419057619,30.1466668095,30.4961918571,15728.5714286,24.715491
2009-10-31,30.6549997273,30.9968189545,30.2354551818,30.61591,21545.4545455,24.8175560909
2009-11-30,29.7495013,30.1850009,29.13600155,29.70950175,15555.0,24.08281275
2009-12-31,30.3919062857,30.7980955238,30.0180970476,30.4685713333,21019.047619,24.8141403333
2010-01-31,30.4068413158,30.7357895789,30.1078949474,30.375791,17242.1052632,24.7439924211
2010-02-28,30.4615803684,30.7294738947,30.1173698947,30.4947384211,17068.4210526,24.8408863158
2010-03-31,30.9695653478,31.2439134348,30.7113051304,31.0478264783,18260.8695652,24.3808567826
2010-04-30,31.7833339048,32.1033336667,31.3557149524,31.8819051429,13109.5238095,26.0881140476
2010-05-31,32.1184213158,32.7347368947,31.458422,32.0463168421,19026.3157895,26.2226477895
2010-06-30,32.3286372727,33.1200003182,31.8681823636,32.438182,32536.3636364,26.6584842273
2010-07-31,33.8357137143,34.2766670952,33.1566664762,33.840000619,21547.6190476,27.8159895714
2010-08-31,33.616667,34.0776194286,33.175715381,33.5895241905,15042.8571429,27.6101015238
2010-09-30,33.4019058095,33.774762381,32.9942865238,33.4104774286,14985.7142857,27.5806477619
2010-10-31,35.4590013,35.9054999,34.9575017,35.52050085,11140.0,29.322491
2010-11-30,35.4333340476,36.0057154286,34.9809532857,35.5961909524,13528.5714286,29.3849737143
2010-12-31,37.9590912727,38.5959101818,37.5431830455,38.2054575455,17800.0,31.6823000909
2011-01-31,37.8600001053,38.0910538421,37.1589476316,37.6231590526,19105.2631579,31.1994224737
2011-02-28,37.5973681579,38.0221065263,37.2642125263,37.7726335789,9521.05263158,31.3233758421
2011-03-31,37.9454552727,38.4295464091,37.5063650455,38.0609097273,20327.2727273,31.6887800909
2011-04-30,38.548001,38.9345014,38.10149965,38.55700175,27245.0,32.10795195
2011-05-31,37.9123815714,38.5380967143,37.4452392857,37.9795249048,50323.8095238,31.6270639524
2011-06-30,37.2033337619,37.5828569524,36.7304771905,37.1357148571,36900.0,31.0490476667
2011-07-31,37.3840008,37.88850165,36.9525004,37.49750015,18140.0,31.35153515
2011-08-31,36.1569565652,36.8156527391,35.4413056522,36.1652172609,28765.2173913,29.0572211739
2011-09-30,33.5004775238,34.2519060476,32.6885729524,33.249047381,27276.1904762,27.9228317619
2011-10-31,36.3585728571,37.4323830952,35.6514285714,36.7242872857,22957.1428571,30.8413676667
2011-11-30,37.4361911429,38.1323823333,36.627143619,37.341905381,17309.5238095,31.3597731905
2011-12-31,35.8547618095,36.5033328095,35.1995258571,35.973333619,15680.952381,30.3439730952
2012-01-31,36.9289487895,37.4489480526,36.3400019474,37.0721059474,22236.8421053,31.2708016842
2012-02-29,39.6864994,40.152,38.95950015,39.56300015,16835.0,33.3719032
2012-03-31,39.6440919091,40.2672733182,39.2740930909,39.8359102727,14618.1818182,33.7511803636
2012-04-30,39.4152645263,40.0363163684,38.9642106316,39.5168423158,17178.9473684,33.4808483684
2012-05-31,38.2104546818,38.8009089545,37.7409098636,38.1790916818,17990.9090909,32.3474322727
2012-06-30,38.0915,38.9240012,37.50250005,38.30300095,27805.0,32.60290845
2012-07-31,40.2619052857,40.8590480476,39.5404764762,40.2566684286,18842.8571429,34.2658394762
2012-08-31,39.4754555,39.9559109545,39.0400000909,39.4899997273,13631.8181818,33.6198802273
2012-09-30,41.1363171053,41.6605273684,40.5210541053,41.1968436842,23310.5263158,35.2159601579
2012-10-31,42.105715,42.4352397143,41.6619048095,42.1238110952,18571.4285714,36.0083521429
2012-11-30,44.4642877143,45.0304777143,43.9933338571,44.5890492857,33438.0952381,38.1156911905
2012-12-31,41.98550025,42.4265,41.4460001,41.9625001,34625.0,39.60954135
2013-01-31,41.06249935,41.39199985,40.3375003,40.85300005,33985.0,38.5622542
2013-02-28,40.6794734737,41.1084211053,40.3884208421,40.8668418421,22631.5789474,38.5753199474
2013-03-31,42.29699955,42.6695,41.8185005,42.2950004,14430.0,40.09220465
2013-04-30,41.0052377143,41.4642859524,40.3804759048,40.9385714762,22076.1904762,38.8064208571
2013-05-31,43.3831817727,43.8949997273,42.8068181818,43.5390906364,15950.0,41.2792458636
2013-06-30,45.66399965,46.32699925,45.0304997,45.7895003,25225.0,43.57855665
2013-07-31,52.7504542273,53.7295455455,52.0559090909,53.1449997727,21386.3636364,50.5788961818
2013-08-31,57.6814288571,58.4266662381,56.9495237143,57.7814288095,20838.0952381,54.9914554762
2013-09-30,53.7134997,54.6475001,52.9415,53.69450035,21005.0,51.27774135
2013-10-31,56.0404347826,56.8530426957,55.3030436522,56.2717392609,22808.6956522,53.7389802609
2013-11-30,57.7784208947,58.7584212632,57.1052627895,58.1689473684,18857.8947368,55.5507958947
2013-12-31,62.7876184762,63.8390473333,62.0428566667,62.9933332857,24000.0,60.3493393333
2014-01-31,64.032856619,64.6414281905,62.6561909524,63.5219041905,24295.2380952,60.8644817143
2014-02-28,50.8989467368,51.7457891579,49.9915790526,50.8463155789,32357.8947368,48.7195292105
2014-03-31,53.3947621429,54.5500002381,52.2185720476,53.3404759048,27409.5238095,51.3066965238
2014-04-30,51.66999995,52.4804999,50.6039997,51.3589999,28835.0,49.40077085
2014-05-31,50.1042854286,50.9457142857,49.4204759524,50.1633329524,32852.3809524,48.2506925714
2014-06-30,50.4354998,51.04850005,49.78699935,50.4360001,25930.0,48.7014001
2014-07-31,48.5668177273,48.9940908182,47.9840911818,48.4122732273,21859.0909091,46.756544
2014-08-31,46.6871429524,47.2466664762,46.3314285238,46.8614286667,19871.4285714,45.2587392857
2014-09-30,45.2595238571,45.6723814286,44.6338095238,45.1304764762,24404.7619048,43.7621575714
2014-10-31,43.0139126087,44.0982607826,42.0426089565,43.2856521739,31147.826087,41.9821353913
2014-11-30,47.7400000526,48.2700002632,46.7994736316,47.5810523684,17494.7368421,46.1481825263
2014-12-31,49.1323809048,50.132381381,48.5423803333,49.5776195238,32085.7142857,48.2929767143
2015-01-31,50.4055,51.2840004,48.89650005,49.99249975,28235.0,48.706931
2015-02-28,48.1566662222,49.1394445,47.7194440556,48.6383333889,22544.4444444,47.3875873889
2015-03-31,51.509091,52.3527277727,50.9199997273,51.8068183182,27568.1818182,50.6791275455
2015-04-30,54.1414283333,54.6266667143,53.2352380952,54.054285381,20209.5238095,52.8874181429
2015-05-31,50.76199995,51.46449995,50.03750005,50.66349995,24830.0,49.56982905
2015-06-30,52.7459089091,53.5850000455,52.0990912273,53.0449999091,40436.3636364,52.1031556364
2015-07-31,55.6623814762,56.4404762381,54.8885716667,55.4576190476,28509.5238095,54.4925294762
2015-08-31,49.8047612381,50.6157145238,49.0276187619,49.7223810952,26028.5714286,48.8570976667
2015-09-30,48.964762,49.6771429524,48.1376184762,49.0190480476,28909.5238095,48.3700252381
2015-10-31,51.8414287143,52.6942857619,50.8904763333,51.9819045714,33447.6190476,51.304119
2015-11-30,51.45350025,52.3685,51.0089998,51.8879998,23440.0,51.21143885
2015-12-31,51.2495235238,52.178572,50.5328566667,51.4733333333,25500.0,51.0037524762
2016-01-31,50.4115788421,51.2073690526,49.6594736316,50.4531584211,34526.3157895,50.0030613158
2016-02-29,50.07299925,50.5975001,49.3844997,49.9719997,24395.0,49.52619525
2016-03-31,50.9461904286,51.5314286667,50.4128572381,51.1019047143,29714.2857143,50.8575019048
2016-04-30,50.0957144762,50.7400002381,49.1861907619,50.0080953333,24576.1904762,49.7791287143
2016-05-31,48.38950005,49.05,47.7215004,48.2504997,22120.0,48.0295804
2016-06-30,49.9177272273,50.7377274091,49.3445456364,50.1763637273,32936.3636364,50.1763637273
2016-07-31,52.70750035,53.30950055,51.9465006,52.85100005,21470.0,52.85100005
2016-08-31,51.8620012,52.3980002,51.2600006,51.878,14280.0,51.878
