Date,Open,High,Low,Close,Volume,Adj Close
1983-10-31,13.84374,14.06247,13.750005,13.750005,640900.0,0.917862875
1983-11-30,13.15476,13.5952514286,13.0892857143,13.0892857143,53371.4285714,0.873757428571
1983-12-31,11.0119085714,11.5118971429,10.94048,10.94048,57828.5714286,0.730316904762
1984-01-31,12.5892514286,13.11904,12.5832971429,12.5832971429,61142.8571429,0.839980857143
1984-02-29,11.31876,11.756244,11.28126,11.28126,30280.0,0.7530652
1984-03-31,12.2261714286,12.7321314286,12.2083142857,12.2083142857,39695.2380952,0.814949285714
1984-04-30,13.006248,13.368726,12.975,12.975,19440.0,0.86612835
1984-05-31,12.69318,13.2386018182,12.63636,12.63636,10072.7272727,0.843523090909
1984-06-30,11.49996,12.0,11.49996,11.49996,10361.9047619,0.767664
1984-07-31,11.2857085714,11.7618857143,11.2380857143,11.2380857143,33028.5714286,0.750183142857
1984-08-31,11.815226087,12.2662747826,11.815226087,11.815226087,59165.2173913,0.788709347826
1984-09-30,13.4802568421,13.7105305263,13.4670947368,13.4670947368,167578.947368,0.898977631579
1984-10-31,13.9261363636,14.0170745455,13.9147690909,13.9204527273,35600.0,0.929241045455
1984-11-30,14.32144,14.3690685714,14.2381028571,14.2381028571,17828.5714286,0.950444952381
1984-12-31,14.37501,14.462508,14.312502,14.337504,117400.0,0.9570806
1985-01-31,15.2670163636,15.3977018182,15.2272527273,15.25566,76690.9090909,1.01837077273
1985-02-28,16.7105368421,16.8289515789,16.6842126316,16.6973747368,57978.9473684,1.11461047368
1985-03-31,18.21873,18.249984,18.137484,18.168732,192120.0,1.21282885
1985-04-30,18.7618857143,18.8333142857,18.6607028571,18.7023657143,89333.3333333,1.24845085714
1985-05-31,22.5511252273,22.7045343182,22.4829434091,22.5738543182,168872.727273,1.50688686364
1985-06-30,24.6999938,24.86249995,24.58124175,24.58124175,157560.0,1.76083555
1985-07-31,19.0625070952,19.154773619,18.877981381,18.877981381,540800.0,1.89026085714
1985-08-31,17.8608000455,17.9403419545,17.6022764091,17.6022764091,610690.909091,1.76252386364
1985-09-30,16.0668521,16.12310405,15.9387241,15.9387241,546000.0,1.5959517
1985-10-31,15.3994678261,15.4510991304,15.3233773913,15.3233773913,393356.521739,1.53433678261
1985-11-30,16.9374948947,17.0361854211,16.8585475263,16.8914401579,172631.578947,1.69134763158
1985-12-31,16.8601183333,17.0535698095,16.7023924762,16.895832619,230171.428571,1.69178728571
1986-01-31,18.4857892273,18.6846473182,18.3267092273,18.4914728636,191272.727273,1.85155963636
1986-02-28,18.8585558421,19.101979,18.7302694737,18.9572379474,136210.526316,1.89819673684
1986-03-31,20.2631582105,20.3815792632,20.0690863684,20.2335539474,200294.736842,2.025995
1986-04-30,20.7613674545,21.0340981818,20.5937565909,20.8153455909,155454.545455,2.08425004545
1986-05-31,22.4523885714,22.964289619,22.3333333333,22.7857257143,145333.333333,2.28154504762
1986-06-30,26.8541715714,27.035718381,26.6071505714,26.7172687143,261676.190476,2.67521219048
1986-07-31,25.6994019524,26.023809619,25.3898781429,25.6874971905,188723.809524,2.57210080952
1986-08-31,16.1428590476,16.6488095238,15.8214266667,16.2083352381,297638.095238,2.99378152381
1986-09-30,13.130952381,13.3273809524,12.8035714286,13.0238095238,189980.952381,2.60816
1986-10-31,14.3695652174,14.5923913043,14.2010869565,14.4782608696,143043.478261,2.89942982609
1986-11-30,15.4652777778,15.6041666667,15.2916666667,15.5069444444,135177.777778,3.10543472222
1986-12-31,15.3977272727,15.5738636364,15.2102272727,15.3409090909,185909.090909,3.07218440909
1987-01-31,14.9821428571,15.1666666667,14.7738095238,15.0,277523.809524,3.00391366667
1987-02-28,16.0526315789,16.3421052632,15.9013157895,16.1973684211,162863.157895,3.24369957895
1987-03-31,18.0454545455,18.3238636364,17.7840909091,18.0454545455,226218.181818,3.61379881818
1987-04-30,15.3571428571,15.4821428571,15.0654761905,15.2202380952,322152.380952,3.0480187619
1987-05-31,15.1,15.30625,14.875,15.11875,126420.0,3.02769455
1987-06-30,14.9318181818,15.1079545455,14.7784090909,14.9886363636,204236.363636,3.00163786364
1987-07-31,17.1420454545,17.3920454545,16.9886363636,17.25,170509.090909,3.45450063636
1987-08-31,17.66875,17.83125,17.49375,17.7,151760.0,3.54461805
1987-09-30,16.6130952381,16.7321428571,16.3333333333,16.4821428571,201733.333333,3.30072880952
1987-10-31,14.3409090909,14.5738636364,14.0056818182,14.2045454545,205654.545455,2.84461531818
1987-11-30,12.6375,12.83125,12.3875,12.6,140440.0,2.5232875
1987-12-31,12.8392857143,13.1071428571,12.6726190476,12.9464285714,115809.52381,2.59266352381
1988-01-31,13.8875,14.06875,13.7375,13.85,158560.0,2.7736136
1988-02-29,13.0875,13.24375,12.9125,13.125,129640.0,2.62842435
1988-03-31,14.3152173913,14.4836956522,14.2391304348,14.3423913043,223234.782609,2.8722203913
1988-04-30,15.375,15.5065789474,15.25,15.375,130063.157895,3.07901131579
1988-05-31,15.375,15.4761904762,15.244047619,15.375,156228.571429,3.07901133333
1988-06-30,14.0681818182,14.1988636364,13.8409090909,13.9886363636,175836.363636,2.80137704545
1988-07-31,12.7875,12.9125,12.675,12.76875,174160.0,2.5570814
1988-08-31,12.2826086957,12.402173913,12.1576086957,12.2826086957,143756.521739,2.45972626087
1988-09-30,12.45625,12.6,12.34375,12.45625,201780.0,2.49449995
1988-10-31,13.9166666667,14.1726190476,13.8035714286,14.0,187847.619048,2.8036527619
1988-11-30,14.5416666667,14.6726190476,14.4226190476,14.5357142857,144133.333333,2.91093538095
1988-12-31,12.8392857143,13.0773809524,12.6845238095,12.8214285714,221276.190476,2.56763095238
1989-01-31,13.7738095238,13.9761904762,13.6785714286,13.7916666667,240019.047619,2.76193157143
1989-02-28,13.1388888889,13.2569444444,12.9097222222,13.0208333333,257400.0,2.60756394444
1989-03-31,11.4261363636,11.5909090909,11.2215909091,11.3977272727,567709.090909,2.28251927273
1989-04-30,11.425,11.66875,11.2875,11.4125,310400.0,2.28547765
1989-05-31,11.8579545455,12.0340909091,11.7443181818,11.8352272727,137818.181818,2.37013340909
1989-06-30,10.3511904762,10.5238095238,10.0833333333,10.255952381,539980.952381,2.05386642857
1989-07-31,8.4375,8.5875,8.26875,8.41875,523760.0,1.6859465
1989-08-31,9.22826086957,9.35326086957,9.11413043478,9.25,275582.608696,1.8524133913
1989-09-30,9.275,9.3625,9.075,9.26875,223340.0,1.8561683
1989-10-31,8.96590909091,9.0625,8.83522727273,8.96590909091,134509.090909,1.79552109091
1989-11-30,9.66875,9.90625,9.50625,9.78125,311220.0,1.958802
1989-12-31,11.0375,11.25625,10.8375,11.0625,321440.0,2.2153864
1990-01-31,10.1420454545,10.2784090909,9.92045454545,10.0625,321509.090909,2.01512531818
1990-02-28,9.57236842105,9.75,9.48026315789,9.57894736842,135347.368421,1.91828863158
1990-03-31,9.55113636364,9.64204545455,9.42613636364,9.53977272727,249309.090909,1.91041877273
1990-04-30,9.1625,9.31875,9.0875,9.18125,335720.0,1.8386454
1990-05-31,8.82954545455,8.94886363636,8.71022727273,8.80113636364,315218.181818,1.7625235
1990-06-30,7.85714285714,7.98214285714,7.64285714286,7.84523809524,390914.285714,1.57109447619
1990-07-31,7.94047619048,8.06547619048,7.81547619048,7.97619047619,75600.0,1.59827966667
1990-08-31,7.07954545455,7.19318181818,6.89204545455,7.00568181818,156581.818182,1.4074325
1990-09-30,6.82894736842,6.94736842105,6.75657894737,6.82236842105,216947.368421,1.37060505263
1990-10-31,6.26630434783,6.36956521739,6.10326086957,6.21739130435,93686.9565217,1.24988582609
1990-11-30,5.46428571429,5.63095238095,5.35714285714,5.52976190476,85676.1904762,1.1157732381
1990-12-31,5.65625,5.825,5.575,5.68125,109000.0,1.1463399
1991-01-31,6.31547619048,6.52976190476,6.20238095238,6.44047619048,99657.1428571,1.30050957143
1991-02-28,8.02631578947,8.24342105263,7.93421052632,8.125,117978.947368,1.64491278947
1991-03-31,8.85,9.0125,8.68125,8.83125,137440.0,1.78789375
1991-04-30,9.19318181818,9.32386363636,9.00568181818,9.17613636364,288072.727273,1.85865836364
1991-05-31,9.54761904762,9.72619047619,9.32738095238,9.57142857143,158761.904762,1.94314114286
1991-06-30,10.275,10.60625,10.0625,10.31875,196340.0,2.0948584
1991-07-31,9.78409090909,10.0227272727,9.64772727273,9.82386363636,130509.090909,1.99551077273
1991-08-31,10.8977272727,11.1079545455,10.7443181818,10.9943181818,220272.727273,2.23898727273
1991-09-30,14.0460526316,14.6052631579,13.6710526316,14.1184210526,890168.421053,2.87520921053
1991-10-31,15.8043478261,16.1195652174,15.6086956522,15.8097826087,297460.869565,3.22072069565
1991-11-30,15.3,15.55,15.0125,15.24375,183140.0,3.1101683
1991-12-31,14.1071428571,14.4107142857,13.6666666667,13.9464285714,481828.571429,2.84547714286
1992-01-31,14.8920454545,15.2045454545,14.6193181818,14.9375,247909.090909,3.0487995
1992-02-29,16.0657894737,16.3223684211,15.875,16.1315789474,182400.0,3.29764257895
1992-03-31,16.625,16.8806818182,16.4431818182,16.6647727273,232490.909091,3.406639
1992-04-30,16.4345238095,16.6607142857,16.2023809524,16.369047619,163561.904762,3.34736861905
1992-05-31,15.6125,15.8625,15.4875,15.6875,148280.0,3.2094688
1992-06-30,14.4943181818,14.7215909091,14.2272727273,14.4772727273,213054.545455,2.965206
1992-07-31,14.4261363636,14.5965909091,14.2784090909,14.4204545455,122272.727273,2.95471268182
1992-08-31,14.2023809524,14.3869047619,14.1130952381,14.244047619,176819.047619,2.92359209524
1992-09-30,16.119047619,16.4285714286,15.9345238095,16.2202380952,207961.904762,3.32508042857
1992-10-31,16.5625,16.8522727273,16.3465909091,16.5738636364,123781.818182,3.40289422727
1992-11-30,17.925,18.18125,17.84375,18.0125,116680.0,3.70360295
1992-12-31,17.4204545455,17.5738636364,17.1136363636,17.3295454545,105018.181818,3.56317886364
1993-01-31,17.1973684211,17.4078947368,17.0657894737,17.2236842105,78884.2105263,3.54237368421
1993-02-28,17.0460526316,17.2105263158,16.8355263158,17.0526315789,121852.631579,3.51239478947
1993-03-31,16.8586956522,17.1739130435,16.7717391304,16.9945652174,125739.130435,3.50043469565
1993-04-30,16.5654761905,16.755952381,16.3869047619,16.5595238095,50000.0,3.41200909524
1993-05-31,16.05625,16.3,15.7875,16.10625,177040.0,3.3236485
1993-06-30,17.2976190476,17.6011904762,17.1071428571,17.369047619,131009.52381,3.58423647619
1993-07-31,18.5476190476,18.7619047619,18.2857142857,18.5595238095,129619.047619,3.83137419048
1993-08-31,20.2784090909,20.5681818182,20.0113636364,20.3011363636,300509.090909,4.19741627273
1993-09-30,20.0476190476,20.244047619,19.755952381,20.0178571429,143600.0,4.13884595238
1993-10-31,22.26875,22.59375,22.09375,22.34375,148140.0,4.6212486
1993-11-30,21.1488095238,21.3095238095,20.9285714286,21.1845238095,80876.1904762,4.38748466667
1993-12-31,22.6590909091,22.9261363636,22.4147727273,22.7102272727,193363.636364,4.70347004545
1994-01-31,24.3452380952,24.5595238095,24.0654761905,24.3511904762,285047.619048,5.04477914286
1994-02-28,18.6736111111,18.8263888889,18.3472222222,18.5555555556,175700.0,4.95484044444
1994-03-31,12.8532608696,13.0380434783,12.5217391304,12.8206521739,251026.086957,5.31831221739
1994-04-30,11.5657894737,11.6578947368,11.2796052632,11.5526315789,170168.421053,4.79361905263
1994-05-31,11.1130952381,11.1607142857,10.8214285714,11.0238095238,162790.47619,4.58041752381
1994-06-30,11.6130952381,11.8095238095,11.3333333333,11.5952380952,162942.857143,4.81784752381
1994-07-31,11.6375,11.759375,11.4125,11.63125,212220.0,4.83454625
1994-08-31,11.6358695652,11.6908965217,11.3423913043,11.5108695652,130582.608696,4.79094678261
1994-09-30,11.3214285714,11.5,11.1011904762,11.3497019048,376419.047619,4.72386714286
1994-10-31,13.30625,13.53125,13.06875,13.396875,201530.0,5.57755045
1994-11-30,13.2261904762,13.4166666667,13.0238095238,13.2410714286,87914.2857143,5.51903071429
1994-12-31,13.9077380952,14.1160714286,13.7797619048,14.005952381,255219.047619,5.83784209524
1995-01-31,14.8630952381,15.0029761905,14.6785714286,14.8392857143,276295.238095,6.186785
1995-02-28,15.0486111111,15.2708333333,14.8472222222,15.0859377778,162577.777778,6.29660283333
1995-03-31,15.1630434783,15.410326087,15.0054347826,15.2255434783,136313.043478,6.35487182609
1995-04-30,16.4934210526,16.7236842105,16.2894736842,16.5592105263,172052.631579,6.91329310526
1995-05-31,16.5113636364,16.6903409091,16.2556818182,16.5028409091,144963.636364,6.89598881818
1995-06-30,17.1577380952,17.4196428571,16.9285714286,17.1755952381,182180.952381,7.17711038095
1995-07-31,18.60625,18.93125,18.35625,18.7125,250940.0,7.82038425
1995-08-31,20.4347826087,20.5760869565,20.152173913,20.3505434783,228043.478261,8.51445852174
1995-09-30,21.06875,21.396875,20.83125,21.18125,248080.0,8.86201755
1995-10-31,22.4404761905,22.693452381,22.2321428571,22.4553571429,159590.47619,9.39608842857
1995-11-30,23.4523809524,23.7738095238,23.0833333333,23.4642857143,217495.238095,9.82789871429
1995-12-31,21.33125,21.6625,20.759375,21.25625,342340.0,8.90307405
1996-01-31,21.7784090909,22.0738636364,21.4829545455,21.8181818182,254145.454545,9.13548968182
1996-02-29,22.925,23.21875,22.68125,22.97890595,180060.0,9.63507285
1996-03-31,23.3452380952,23.6547619048,23.1755952381,23.4523809524,182904.761905,9.8336012381
1996-04-30,23.1726190476,23.4464285714,22.99256,23.130952381,126485.714286,9.69980704762
1996-05-31,22.1488095238,22.4650294762,21.8303571429,22.181547619,186800.0,9.31138161905
1996-06-30,21.65625,21.9,21.2125,21.49375,525310.0,9.0226576
1996-07-31,18.4261363636,18.5284090909,18.0,18.2159090909,311890.909091,7.64763222727
1996-08-31,17.5340909091,17.6988636364,17.1931818182,17.5085227273,521209.090909,7.360482
1996-09-30,18.0875,18.20625,17.721875,17.990625,329160.0,7.5532708
1996-10-31,18.3913043478,18.6222826087,18.0964678261,18.3777173913,129982.608696,7.72679526087
1996-11-30,17.559375,17.829688,17.3125,17.6,383090.0,7.4092649
1996-12-31,16.9875,17.40625,16.775,17.225,231510.0,7.25139705
1997-01-31,17.4034090909,17.5965909091,17.1704545455,17.4261363636,130581.818182,7.33704
1997-02-28,18.9342105263,19.3552631579,18.8157894737,19.0945726842,182863.157895,8.04999263158
1997-03-31,19.79375,20.065625,19.58125,19.771875,265500.0,8.3355335
1997-04-30,19.2670454545,19.5681818182,19.125,19.3693181818,101900.0,8.16343622727
1997-05-31,19.3035714286,19.5178571429,19.1845238095,19.3869047619,165190.47619,8.18386433333
1997-06-30,21.6339285714,22.0357142857,21.443452381,21.7693447619,185371.428571,9.18957252381
1997-07-31,22.2855118182,22.5909090909,22.2528409091,22.4147727273,156781.818182,9.46317572727
1997-08-31,22.4,22.6,22.346875,22.464062,183330.0,9.4953572
1997-09-30,23.9761904762,24.2648809524,23.818452381,24.0922619048,175533.333333,10.183582619
1997-10-31,24.5027173913,24.8233695652,24.3532608696,24.5923913043,171460.869565,10.3960839565
1997-11-30,23.9703947368,24.2302631579,23.8289473684,24.0065789474,95157.8947368,10.1600651579
1997-12-31,24.4077380952,24.6770838095,24.1428571429,24.5022324286,137828.571429,10.3698357143
1998-01-31,28.45625,29.165625,27.921875,28.60625,553720.0,12.10798185
1998-02-28,22.1348684211,22.3684210526,21.7927631579,22.1348684211,207547.368421,12.3933992105
1998-03-31,15.1636904762,15.4285714286,14.9136904762,15.1875,296995.238095,12.8686212381
1998-04-30,16.7827380952,17.0357142857,16.369047619,16.7544642857,230719.047619,14.1975597143
1998-05-31,15.096875,15.29375,14.771875,14.984375,169355.0,12.70863715
1998-06-30,14.7443181818,14.9573863636,14.5454545455,14.7940340909,236440.909091,12.547204
1998-07-31,16.3273809524,16.494047619,16.005952381,16.2038690476,112419.047619,13.7441649524
1998-08-31,14.5029761905,14.7544642857,14.1011904762,14.40253,220442.857143,12.2273870476
1998-09-30,13.681547619,13.9613095238,13.4017857143,13.7544642857,255466.666667,11.6771954762
1998-10-31,14.6160714286,14.8779761905,14.2886904762,14.6175595238,199009.52381,12.4111285238
1998-11-30,14.54375,14.7828125,14.246875,14.5359375,160530.0,12.3539418
1998-12-31,13.5738636364,13.7698863636,13.2443181818,13.4630681818,233936.363636,11.4421214091
1999-01-31,13.5173611111,13.7552083333,13.1493055556,13.4357638889,179677.777778,11.4203504444
1999-02-28,13.4934210526,13.7236842105,13.2269736842,13.4901315789,101310.526316,11.4780555789
1999-03-31,14.5543478261,14.8614130435,14.339673913,14.6345108696,201008.695652,12.4517492174
1999-04-30,13.8005952381,14.0952380952,13.4821428571,13.7336309524,126019.047619,11.6864109048
1999-05-31,13.63125,13.9875,13.31875,13.6140625,191745.0,11.5897268
1999-06-30,13.8636363636,14.0539772727,13.6193181818,13.8480113636,138918.181818,11.7953089545
1999-07-31,15.6711309524,15.9196428571,15.380952381,15.6592261905,114357.142857,13.3392907143
1999-08-31,14.212797619,14.369047619,13.8660714286,14.0892857143,115904.761905,12.0129328095
1999-09-30,13.4910714286,13.6964285714,13.2857142857,13.5163690476,219657.142857,11.5244474762
1999-10-31,12.8005952381,12.9791666667,12.6041666667,12.7931547619,161152.380952,10.9090828571
1999-11-30,13.0421875,13.2453125,12.815625,13.0484375,209755.0,11.13897735
1999-12-31,10.6164772727,10.8096590909,10.3011363636,10.53125,720940.909091,8.99014595455
2000-01-31,10.715625,10.959375,10.4703125,10.719531,281405.0,9.15214515
2000-02-29,9.2640625,9.4796875,8.936719,9.15,617750.0,7.82240035
2000-03-31,8.98721590909,9.35085227273,8.76420454545,9.08025590909,439800.0,7.76277572727
2000-04-30,10.6480263158,11.03125,10.4111842105,10.8264805263,169721.052632,9.25700589474
2000-05-31,11.5142045455,11.75,11.2670454545,11.6051136364,113290.909091,9.93439522727
2000-06-30,11.7901785714,12.0029761905,11.4404761905,11.787202381,115295.238095,10.0902697619
2000-07-31,11.5921875,11.903125,11.3875,11.721875,162680.0,10.0360484
2000-08-31,11.2119565217,11.4578804348,10.9211956522,11.3281252174,135378.26087,9.71372943478
2000-09-30,12.06875,12.425,11.921875,12.29375,210765.0,10.5417411
2000-10-31,12.0205959091,12.3380681818,11.8238636364,12.2024145455,145736.363636,10.4201682273
2000-11-30,12.1622028571,12.3392857143,11.8288690476,12.1994047619,136342.857143,10.4782141429
2000-12-31,12.804687,13.215625,12.490625,13.052344,236430.0,11.2108139
2001-01-31,13.119531,13.346875,12.728906,13.0078125,150615.0,11.1742297
2001-02-28,12.1455589474,12.4498357895,11.8569078947,12.2171052632,347121.052632,10.5103189474
2001-03-31,12.1015627273,12.3004263636,11.7578122727,12.1470172727,262663.636364,10.4500225455
2001-04-30,11.6055263158,11.81,11.4197368421,11.6531578947,170778.947368,10.0269808421
2001-05-31,11.5322727273,11.6872727273,11.3054545455,11.4872727273,211568.181818,9.89902863636
2001-06-30,11.8176190476,12.0957142857,11.6785714286,12.0076190476,219542.857143,10.3474310476
2001-07-31,13.1625,13.346,12.9035,13.247,166090.0,11.41717375
2001-08-31,13.5056521739,13.7447826087,13.222173913,13.5356521739,211139.130435,11.681336913
2001-09-30,12.124,12.3913333333,11.8326666667,12.2426666667,340920.0,10.5654839333
2001-10-31,12.0954545455,12.3672727273,11.8722727273,12.1704545455,146931.818182,10.5039533636
2001-11-30,12.8038095238,13.0133333333,12.6457142857,12.8819047619,137014.285714,11.1351094286
2001-12-31,14.386,14.6705,14.2155,14.521,237205.0,12.55194235
2002-01-31,14.6285714286,14.8285714286,14.4357142857,14.6919047619,178561.904762,12.7017905238
2002-02-28,14.7266666667,14.9316666667,14.44,14.6766666667,201944.444444,12.7082461667
2002-03-31,12.9645,13.1655,12.8255,13.026,336185.0,11.27896535
2002-04-30,12.9686363636,13.1040909091,12.7922727273,12.9545454545,162468.181818,11.2190608182
2002-05-31,12.380952381,12.4933333333,12.1228571429,12.2780952381,189571.428571,10.6520447143
2002-06-30,11.602,11.814,11.4335,11.6245,262140.0,10.08500845
2002-07-31,11.0628571429,11.3,10.7961904762,11.0652380952,154480.952381,9.60080095238
2002-08-31,11.5622727273,11.805,11.4004545455,11.6131818182,160881.818182,10.0957087727
2002-09-30,12.223,12.4825,12.0095,12.2065,200360.0,10.611499
2002-10-31,11.1418181818,11.4363636364,10.9140909091,11.1586363636,138040.909091,9.70153945455
2002-11-30,11.71,12.0195,11.5375,11.814,120640.0,10.29207335
2002-12-31,12.5661904762,12.9761904762,12.310952381,12.6423809524,140833.333333,11.0137389048
2003-01-31,12.0366666667,12.2371428571,11.8076190476,12.0276190476,108809.52381,10.4800655714
2003-02-28,11.1721052632,11.3863157895,10.9747368421,11.1463157895,130131.578947,9.73208715789
2003-03-31,11.3371428571,11.6276190476,11.1219047619,11.439047619,122819.047619,9.9876777619
2003-04-30,12.655,12.9005,12.5025,12.735,138775.0,11.1213827
2003-05-31,13.4214285714,13.7147619048,13.2428571429,13.5619047619,158123.809524,11.864022619
2003-06-30,14.090952381,14.4052380952,13.8933333333,14.2547619048,157080.952381,12.4701374762
2003-07-31,14.7576190476,15.0661904762,14.5528571429,14.8571428571,149390.47619,13.0000668571
2003-08-31,14.9938095238,15.19,14.8095238095,15.0276190476,128004.761905,13.1768406667
2003-09-30,14.7619047619,15.007619,14.4847619048,14.7452380952,136180.952381,12.9292374286
2003-10-31,15.0309090909,15.3527272727,14.84,15.14,111840.909091,13.2781492273
2003-11-30,16.2836843158,16.5831577368,16.1073684211,16.44,125989.473684,14.4479204211
2003-12-31,17.2359092273,17.5218180909,16.9409089091,17.230909,159254.545455,15.1429928636
2004-01-31,17.7963158947,18.0389475789,17.4868420526,17.7084212632,197231.578947,15.5659593684
2004-02-29,16.886842,17.2005262632,16.6389472105,16.9105265263,143278.947368,14.8931772105
2004-03-31,16.1308695652,16.400434913,15.8534783478,16.107826,178417.391304,14.1862351304
2004-04-30,16.7019999,16.965,16.46800005,16.6695001,154695.0,14.68396895
2004-05-31,16.08499995,16.42650005,15.8375,16.08799975,184030.0,14.1985313
2004-06-30,16.9552382857,17.2385714286,16.7247620476,17.075714381,212719.047619,15.0702430952
2004-07-31,17.0128571429,17.2980950952,16.6985714286,16.9480951905,159871.428571,14.9574645238
2004-08-31,16.3627272727,16.6940909545,16.0959090455,16.4363635909,117718.181818,14.5417544545
2004-09-30,17.7576189048,18.0866667143,17.5538095238,17.8938095238,111300.0,15.8310317143
2004-10-31,17.8338095238,18.1899999048,17.5819047619,17.8514285714,117680.952381,15.7970080952
2004-11-30,19.1561907143,19.4647619048,18.9209522381,19.2228571429,131847.619048,17.0442045238
2004-12-31,18.1609093182,18.4309093182,17.7772725455,18.1054544545,175600.0,16.0531530909
2005-01-31,17.4125001,17.6635,16.9960001,17.336,174500.0,15.3747367
2005-02-28,17.8957895789,18.2389474211,17.7331578421,18.0184211579,152031.578947,16.0129173158
2005-03-31,18.0095235714,18.3757140952,17.7219049048,18.0123808095,161276.190476,16.0075494286
2005-04-30,17.5109521905,17.818571619,17.1952381429,17.4923808571,139880.952381,15.5486328571
2005-05-31,17.789047619,18.0371426667,17.5276190952,17.8176190952,122023.809524,15.8700287619
2005-06-30,19.2263636818,19.5700000909,18.9190911364,19.3118182727,257668.181818,17.1941623182
2005-07-31,20.92999985,21.32299995,20.6750001,21.02649995,203550.0,18.73218705
2005-08-31,20.5691303043,20.807825913,20.2865217391,20.5321738261,189334.782609,18.3259011304
2005-09-30,21.6561906667,22.0914285714,21.2933335238,21.7409525714,355580.952381,19.4047925238
2005-10-31,21.3414285714,21.6014284762,20.9747620952,21.2704761905,309347.619048,18.9887953333
2005-11-30,22.5880952381,22.860476381,22.327143,22.6180952381,203147.619048,20.2310338095
2005-12-31,24.7861904286,25.1504762381,24.334285619,24.6595237619,547100.0,22.0574240476
2006-01-31,25.6305002,26.01150005,25.19000005,25.6420002,354100.0,22.940212
2006-02-28,25.2761112222,25.5733332778,24.9122222778,25.3288888333,252066.666667,22.6960679444
2006-03-31,24.0630432609,24.3734782174,23.5913041739,23.9743478261,424908.695652,21.4823252609
2006-04-30,21.9073684737,22.1410524737,21.5636844211,21.7784208947,356094.736842,19.5189148947
2006-05-31,22.2986364091,22.6322724091,21.9654545,22.2927273636,275086.363636,20.0189156818
2006-06-30,23.7245453182,24.1568181364,23.2927272273,23.7286362727,454450.0,21.3083649091
2006-07-31,23.5394738947,23.9136841579,23.1299999474,23.4457893158,282815.789474,21.0590972105
2006-08-31,23.1104345652,23.4326088261,22.7365216522,23.1013041739,214721.73913,20.7907740435
2006-09-30,22.4495001,22.81250005,22.1309999,22.53999975,493350.0,20.28560965
2006-10-31,23.4086365455,23.7481820909,23.1313635909,23.5499999545,335763.636364,21.1987168182
2006-11-30,24.2109527143,24.5533331905,23.8885713333,24.241904619,205442.857143,21.8626335714
2006-12-31,24.2973685789,24.7152630526,23.9442107368,24.2710526842,387626.315789,21.8889208421
2007-01-31,24.60799995,24.9124997,24.36799975,24.7369998,230630.0,22.3136646
2007-02-28,25.9421054737,26.2315792105,25.6431577368,25.9426317895,204573.684211,23.442496
2007-03-31,24.6614287143,25.007143,24.3033332857,24.6599998095,267080.952381,22.2834735714
2007-04-30,25.9109999,26.14350025,25.55800005,25.91600005,191305.0,23.4228251
2007-05-31,25.7954545,26.135,25.5927274545,25.9099999091,236722.727273,23.4575375455
2007-06-30,27.4405004,27.7980001,27.0479999,27.43999995,477565.0,24.84271805
2007-07-31,26.5895239524,26.8823811429,26.1757142857,26.4719049048,411161.904762,23.9718883333
2007-08-31,27.4539130435,28.1660871304,26.8717389565,27.5556524783,493630.434783,25.014029
2007-09-30,28.6289473158,28.9894733158,28.0821051579,28.4910528947,478615.789474,25.8631542632
2007-10-31,28.4804348696,28.8334784783,28.0304346522,28.483913,317278.26087,25.8618514783
2007-11-30,28.24400015,28.82000005,27.834,28.30999995,417920.0,25.75840705
2007-12-31,29.2809998,29.6309999,28.7589999,29.1395002,462780.0,26.5131439
2008-01-31,27.372380619,27.8799998095,26.583333619,27.2585714286,648623.809524,24.8073632857
2008-02-29,25.7557895789,26.1905263684,25.2636841053,25.7199998421,543894.736842,23.4613677895
2008-03-31,23.1855002,23.55600005,22.65850005,23.17750025,918150.0,21.14214065
2008-04-30,22.043333381,22.4247620476,21.7223809048,22.025714,466547.619048,20.097193
2008-05-31,21.8504762381,22.2619047619,21.5309521429,21.922857,540366.666667,20.0567189524
2008-06-30,23.1542858095,23.5914283333,22.6723807143,23.1257140952,827204.761905,21.1571853333
2008-07-31,23.4471427143,23.9880953333,22.9209520476,23.5233336667,440600.0,21.527381381
2008-08-31,27.5071428571,28.0690474286,27.0442855714,27.725714381,453090.47619,25.4412487143
2008-09-30,29.0766664762,29.7585714286,28.5033332381,29.1176192381,563771.428571,25.538234619
2008-10-31,27.0760868696,28.1460872174,26.220000087,27.2647827826,653817.391304,25.0246243043
2008-11-30,29.1757896316,29.9657896316,28.4236842632,29.1542102632,804678.947368,26.8222335263
2008-12-31,23.6404547273,24.2509089545,22.8727273182,23.4127271818,918354.545455,21.539996
2009-01-31,22.17199995,22.5424999,21.7789999,22.164,524365.0,20.3976308
2009-02-28,20.7900001053,21.2126315789,20.3689475789,20.7889473158,476042.105263,19.1882138947
2009-03-31,23.4986364091,24.1863633182,23.0622728636,23.7422727727,668700.0,21.9141808182
2009-04-30,27.0747618095,27.6057142381,26.510952381,27.2257142857,469933.333333,25.1360923333
2009-05-31,25.3378944737,25.8821053158,24.7710524211,25.2589472105,387673.684211,23.3796994211
2009-06-30,26.0595455455,26.4581816364,25.4427273182,25.9613636364,579409.090909,24.0298565909
2009-07-31,26.7109091364,27.1654543182,26.1904547273,26.7795454545,434272.727273,24.7926849545
2009-08-31,27.1580952381,27.5504761429,26.706666619,27.165238,349495.238095,25.2225510476
2009-09-30,29.8340001,30.184,29.4490001,29.89700015,496670.0,27.75895455
2009-10-31,32.0450002727,32.39,31.5554546818,32.0445455455,422186.363636,29.7601355909
2009-11-30,31.60349995,31.88199965,31.1379997,31.5525001,413980.0,29.374879
2009-12-31,30.7795238095,31.2142858095,30.535238381,30.861428619,356466.666667,28.7315024762
2010-01-31,31.0936843158,31.4000001579,30.6226315789,31.0336842632,309052.631579,28.9001862105
2010-02-28,29.9368419474,30.2031579474,29.5657895789,29.9252629474,260284.210526,27.9367720526
2010-03-31,30.7663636818,31.1145455909,30.508182,30.8690906364,431868.181818,28.8178837727
2010-04-30,37.3509525238,37.5709525238,37.1380952381,37.3952380476,1555428.57143,34.9179322381
2010-05-31,37.0589474211,37.4457895263,36.3015785263,37.0252631053,842036.842105,34.640659
2010-06-30,35.9418183182,36.1672727273,35.5300001818,35.7854542727,890295.454545,33.4806996818
2010-07-31,36.1838091429,36.3938097143,35.9719047619,36.2695237619,879757.142857,33.9425941905
2010-08-31,37.8314289524,38.072381,37.6471430476,37.8419050952,1588900.0,35.498468619
2010-09-30,42.4609523333,42.8352377143,42.171904381,42.4890474762,1199233.33333,39.8578273333
2010-10-31,41.6930002,42.0055,41.39000015,41.71550025,429305.0,39.144814
2010-11-30,39.6371427619,39.9290478095,39.405238,39.706190619,455347.619048,37.3688663333
2010-12-31,41.8377276364,42.1350000909,41.6199999545,41.9759095455,378713.636364,39.5049771364
2011-01-31,42.1157900526,42.4457891053,41.7947371579,42.1536844737,170942.105263,39.6855586316
2011-02-28,42.739474,43.0721050526,42.4410526842,42.7221047895,163063.157895,40.3336117368
2011-03-31,37.9295456364,38.2722722273,37.4813636364,37.8868183182,654990.909091,35.7686545909
2011-04-30,39.28750015,39.6025,38.94050045,39.2530002,235305.0,37.07108865
2011-05-31,39.47,39.830952,39.211904619,39.5733327143,199704.761905,37.4887788095
2011-06-30,42.5842859048,43.1371427619,42.1595235238,42.6847618571,391561.904762,40.4363110476
2011-07-31,45.25500035,45.7059999,44.79200025,45.32599985,207055.0,42.95267095
2011-08-31,42.6686360909,43.5218180455,41.8931819091,42.6945457727,332222.727273,40.5811508636
2011-09-30,45.0476191429,45.8776191905,44.3752376667,45.156190619,389195.238095,42.9209435238
2011-10-31,46.4225,47.22099985,45.63499955,46.53849985,254035.0,44.24891225
2011-11-30,50.488571381,51.2538092857,49.7909524762,50.6566669524,209009.52381,48.2932197619
2011-12-31,50.7314281905,51.2804760952,50.0447619048,50.481428,273752.380952,48.1261571905
2012-01-31,52.3042103684,52.7899995789,51.6952632632,52.2984207368,175684.210526,49.8731559474
2012-02-29,52.80850005,53.26300055,52.2099998,52.74550035,160260.0,50.42973
2012-03-31,52.7328574762,53.2680951905,52.176666381,52.8609522857,217452.380952,50.5401131905
2012-04-30,55.52299985,56.02699965,54.9125,55.52749995,205565.0,53.10418545
2012-05-31,57.4063638636,58.1677275455,56.8450001364,57.5604545,276959.090909,55.1811182727
2012-06-30,56.06299975,57.02200015,55.50499985,56.5705005,344535.0,54.2320853
2012-07-31,59.4704761905,60.0461905714,58.811428619,59.4752379524,242219.047619,57.0321754286
2012-08-31,58.2550001818,58.7663638636,57.6090909091,58.0681819545,194981.818182,55.8258037727
2012-09-30,57.9715791053,58.3763156316,57.4299997895,57.7889474211,299710.526316,55.5573521579
2012-10-31,52.2685712381,52.646666619,51.5557145714,52.0266666667,292366.666667,50.0251144762
2012-11-30,48.5835002,49.0625004,47.8755003,48.50249945,289405.0,46.7781983
2012-12-31,50.9999998,51.7079998,50.29950005,51.158,432860.0,49.33929345
2013-01-31,53.9771425714,54.5109524286,53.4028571905,53.9876189048,290571.428571,49.853114381
2013-02-28,55.3305262632,55.8831581053,54.8331572632,55.3952632105,236342.105263,53.5882492105
2013-03-31,57.1999998421,57.8084212632,56.7347363158,57.4273685789,222578.947368,55.5540665789
2013-04-30,56.2259091818,56.8290910455,55.575909,56.2981822727,297459.090909,54.4762278636
2013-05-31,60.109546,60.9090909545,59.5990908636,60.2645455455,240036.363636,58.4645851818
2013-06-30,60.88150005,61.57099985,60.1395002,60.763,301365.0,58.94611455
2013-07-31,65.8577272273,66.5618191364,65.2254541364,65.9972733182,235500.0,64.0417359545
2013-08-31,66.8780957619,67.5876192857,66.2100005238,66.9476198095,166190.47619,65.1220487619
2013-09-30,70.7055005,71.6245003,70.15300145,70.9684993,174910.0,69.0332843
2013-10-31,72.6765216087,73.4330438696,71.9982611739,72.6239128696,198100.0,70.6560471739
2013-11-30,75.4909999,76.18800045,74.6690003,75.44399995,168035.0,73.56575765
2013-12-31,71.8885711429,72.6423801429,70.8652384286,71.723808619,286895.238095,69.9381838095
2014-01-31,67.525,68.07350045,66.68800005,67.49549955,343000.0,65.83283505
2014-02-28,67.2663158421,67.8110525789,66.5815798421,67.2273679474,276605.263158,65.7266506842
2014-03-31,68.21600035,68.9835003,67.3765003,68.19800055,268010.0,66.67561595
2014-04-30,67.5914292381,68.330476,66.6833333333,67.5814277619,171966.666667,66.0897217619
2014-05-31,67.9223809524,68.7028568095,67.144285,68.0376198095,187447.619048,66.6959085714
2014-06-30,71.55599985,72.3770001,70.8320007,71.68499985,223720.0,70.27136175
2014-07-31,68.4263641364,69.0099997273,67.8763632727,68.2640907727,157409.090909,66.9357010455
2014-08-31,69.4320003,70.13099975,68.8310006,69.54900065,164435.0,68.382195
2014-09-30,70.6104765714,71.2061909524,69.742380381,70.4799997143,263971.428571,69.2975749524
2014-10-31,76.3640916818,77.4872727727,75.6936365455,76.7636371818,272631.818182,75.4939229545
2014-11-30,83.1642102105,84.1873691579,82.2042107895,83.3089483158,238526.315789,82.1152329474
2014-12-31,85.8028579524,87.0061911429,85.0233344286,86.015713,302628.571429,84.7832128571
2015-01-31,91.36999975,92.4345002,90.29549975,91.30450065,272225.0,90.01599955
2015-02-28,90.8552627895,91.4936845263,89.7431588947,90.5889471053,253736.842105,89.4847340526
2015-03-31,88.1257142381,89.2390471429,87.1414285714,88.3823807619,300628.571429,87.3050642857
2015-04-30,88.1147625238,88.7790472857,86.9780955714,87.59619,235723.809524,86.5466660476
2015-05-31,86.6226307368,87.6663167895,85.6536836842,86.6368416842,289936.842105,85.782568
2015-06-30,92.5722729091,93.9704547273,91.7172729545,92.8236357273,616127.272727,91.9083579545
2015-07-31,98.5795237619,99.4780952857,97.6566668571,98.663333,272690.47619,97.7115270476
2015-08-31,104.675714095,106.053333429,103.473809762,105.010477476,339028.571429,104.204147095
2015-09-30,107.904,109.16250035,106.5164997,107.56899955,379580.0,106.74302355
2015-10-31,106.386363318,107.355908136,105.164091045,106.417727273,316568.181818,105.620298136
2015-11-30,113.381052526,114.837894632,112.255263421,113.714736263,298500.0,113.073232579
2015-12-31,121.870454591,123.629545455,120.605000955,122.1550005,444863.636364,121.465882455
2016-01-31,116.711578421,118.364737263,115.241053105,116.893684684,364826.315789,116.257797053
2016-02-29,112.454211105,113.889473842,110.276841421,111.731578684,446157.894737,111.311696526
2016-03-31,107.317726909,108.962273318,105.949092545,107.602727136,549777.272727,107.198360773
2016-04-30,110.934285429,112.007143381,109.483809286,110.841904333,374023.809524,110.446043714
2016-05-31,115.469047571,116.916190286,114.237141857,115.936191,368209.52381,115.726621286
2016-06-30,121.006191,122.492857,119.549524,121.605714,754771.428571,121.385895667
2016-07-31,132.5004997,133.38000025,131.24199915,132.38799965,463395.0,132.1726885
2016-08-31,132.7960018,133.6899994,131.126001,132.572,335600.0,132.572
