Date,Open,High,Low,Close,Volume,Adj Close
1986-08-31,1.54296875,1.54296875,1.54296875,1.54296875,27312.5,1.54296875
1986-09-30,1.67261904762,1.67261904762,1.67261904762,1.67261904762,8647.61904762,1.67261904762
1986-10-31,2.03804347826,2.03804347826,2.03804347826,2.03804347826,9600.0,2.03804347826
1986-11-30,2.00657894737,2.00657894737,2.00657894737,2.00657894737,8242.10526316,2.00657894737
1986-12-31,1.88636363636,1.88636363636,1.88636363636,1.88636363636,19409.0909091,1.88636363636
1987-01-31,1.92857142857,1.92857142857,1.92857142857,1.92857142857,5800.0,1.92857142857
1987-02-28,2.01973684211,2.01973684211,2.01973684211,2.01973684211,5978.94736842,2.01973684211
1987-03-31,2.59090909091,2.59090909091,2.59090909091,2.59090909091,9145.45454545,2.59090909091
1987-04-30,3.1,3.1,3.1,3.1,6320.0,3.1
1987-05-31,3.125,3.125,3.125,3.125,5830.0,3.125
1987-06-30,3.24431818182,3.24431818182,3.24431818182,3.24431818182,4618.18181818,3.24431818182
1987-07-31,3.25,3.25,3.25,3.25,3081.81818182,3.25
1987-08-31,3.30357142857,3.30357142857,3.30357142857,3.30357142857,4828.57142857,3.30357142857
1987-09-30,3.51785714286,3.51785714286,3.51785714286,3.51785714286,4161.9047619,3.51785714286
1987-10-31,3.14772727273,3.14772727273,3.14772727273,3.14772727273,7581.81818182,3.14772727273
1987-11-30,2.60625,2.60625,2.60625,2.60625,2150.0,2.60625
1987-12-31,2.67045454545,2.67045454545,2.67045454545,2.67045454545,3927.27272727,2.67045454545
1988-01-31,2.98026315789,2.98026315789,2.98026315789,2.98026315789,2515.78947368,2.98026315789
1988-02-29,3.36875,3.36875,3.36875,3.36875,2740.0,3.36875
1988-03-31,3.30706521739,3.30706521739,3.30706521739,3.30706521739,2756.52173913,3.30706521739
1988-04-30,2.76875,2.76875,2.76875,2.76875,11420.0,2.76875
1988-05-31,3.3244047619,3.3244047619,3.3244047619,3.3244047619,4485.71428571,3.3244047619
1988-06-30,3.375,3.375,3.375,3.375,4572.72727273,3.375
1988-07-31,3.425,3.425,3.425,3.425,7840.0,3.425
1988-08-31,3.78260869565,3.78260869565,3.78260869565,3.78260869565,5382.60869565,3.78260869565
1988-09-30,3.88095238095,3.88095238095,3.88095238095,3.88095238095,3771.42857143,3.88095238095
1988-10-31,3.85625,3.85625,3.85625,3.85625,3510.0,3.85625
1988-11-30,3.8630952381,3.8630952381,3.8630952381,3.8630952381,3495.23809524,3.8630952381
1988-12-31,3.88095238095,3.88095238095,3.88095238095,3.88095238095,3438.0952381,3.88095238095
1989-01-31,3.91071428571,3.91071428571,3.91071428571,3.91071428571,3628.57142857,3.91071428571
1989-02-28,4.05921052632,4.05921052632,4.05921052632,4.05921052632,2905.26315789,4.05921052632
1989-03-31,4.72159090909,4.72159090909,4.72159090909,4.72159090909,7227.27272727,4.72159090909
1989-04-30,5.7375,5.7375,5.7375,5.7375,5685.0,5.7375
1989-05-31,7.42045454545,7.42045454545,7.42045454545,7.42045454545,7186.36363636,7.42045454545
1989-06-30,8.35227272727,8.35227272727,8.35227272727,8.35227272727,2645.45454545,8.35227272727
1989-07-31,8.5,8.5,8.5,8.5,9084.21052632,8.5
1989-08-31,8.35869565217,8.35869565217,8.35869565217,8.35869565217,3295.65217391,8.35869565217
1989-09-30,6.8375,6.8375,6.8375,6.8375,4915.0,6.8375
1989-10-31,6.55681818182,6.55681818182,6.55681818182,6.55681818182,2468.18181818,6.55681818182
1989-11-30,7.25,7.25,7.25,7.25,2857.14285714,7.25
1989-12-31,7.25,7.25,7.25,7.25,1220.0,7.25
1990-01-31,7.03409090909,7.03409090909,7.03409090909,7.03409090909,1850.0,7.03409090909
1990-02-28,6.64473684211,6.64473684211,6.64473684211,6.64473684211,1600.0,6.64473684211
1990-03-31,6.5,6.5,6.5,6.5,2800.0,6.5
1990-04-30,6.325,6.325,6.325,6.325,2390.0,6.325
1990-05-31,6.54761904762,6.54761904762,6.54761904762,6.54761904762,3695.23809524,6.54761904762
1990-06-30,6.75,6.75,6.75,6.75,2952.38095238,6.75
1990-07-31,6.75,6.75,6.75,6.75,5714.28571429,6.75
1990-08-31,6.57608695652,6.57608695652,6.57608695652,6.57608695652,3152.17391304,6.57608695652
1990-09-30,6.5,6.5,6.5,6.5,2631.57894737,6.5
1990-10-31,6.14130434783,6.14130434783,6.14130434783,6.14130434783,2473.91304348,6.14130434783
1990-11-30,5.7380952381,5.7380952381,5.7380952381,5.7380952381,2614.28571429,5.7380952381
1990-12-31,5.3375,5.3375,5.3375,5.3375,2885.0,5.3375
1991-01-31,4.39772727273,4.39772727273,4.39772727273,4.39772727273,6895.45454545,4.39772727273
1991-02-28,4.51315789474,4.51315789474,4.51315789474,4.51315789474,2821.05263158,4.51315789474
1991-03-31,4.65789473684,4.65789473684,4.65789473684,4.65789473684,2668.42105263,4.65789473684
1991-04-30,4.625,4.625,4.625,4.625,2404.54545455,4.625
1991-05-31,4.5,4.5,4.5,4.5,3172.72727273,4.5
1991-06-30,4.5,4.5,4.5,4.5,3840.0,4.5
1991-07-31,4.60227272727,4.60227272727,4.60227272727,4.60227272727,9300.0,4.60227272727
1991-08-31,4.96590909091,4.96590909091,4.96590909091,4.96590909091,2813.63636364,4.96590909091
1991-09-30,5.0,5.0,5.0,5.0,3355.0,5.0
1991-10-31,5.0,5.0,5.0,5.0,3473.91304348,5.0
1991-11-30,5.0,5.0,5.0,5.0,3815.0,5.0
1991-12-31,4.77380952381,4.77380952381,4.77380952381,4.77380952381,2847.61904762,4.77380952381
1992-01-31,4.9880952381,4.9880952381,4.9880952381,4.9880952381,4319.04761905,4.9880952381
1992-02-29,5.77631578947,5.77631578947,5.77631578947,5.77631578947,4568.42105263,5.77631578947
1992-03-31,5.43181818182,5.43181818182,5.43181818182,5.43181818182,2668.18181818,5.43181818182
1992-04-30,4.65476190476,4.65476190476,4.65476190476,4.65476190476,3252.38095238,4.65476190476
1992-05-31,4.5,4.5,4.5,4.5,2680.0,4.5
1992-06-30,4.47727272727,4.49431818182,4.42613636364,4.44602272727,2672.72727273,4.44602272727
1992-07-31,3.94602272727,4.0,3.84375,3.95170454545,4695.45454545,3.95170454545
1992-08-31,3.86011904762,3.92857142857,3.79761904762,3.90178571429,3671.42857143,3.90178571429
1992-09-30,3.4625,3.625,3.4,3.565625,2910.0,3.565625
1992-10-31,3.16477272727,3.21590909091,3.13636363636,3.19034090909,2386.36363636,3.19034090909
1992-11-30,3.11875,3.221875,3.071875,3.165625,3455.0,3.165625
1992-12-31,3.10795454545,3.17613636364,3.02272727273,3.13352272727,6540.90909091,3.13352272727
1993-01-31,3.125,3.2,3.04375,3.096875,3325.0,3.096875
1993-02-28,2.98684210526,3.07894736842,2.92434210526,3.03618421053,3078.94736842,3.03618421053
1993-03-31,2.88315217391,2.95380434783,2.8097826087,2.91847826087,3226.08695652,2.91847826087
1993-04-30,2.8,2.865625,2.75,2.840625,3030.0,2.840625
1993-05-31,2.58125,2.6625,2.525,2.59375,3595.0,2.59375
1993-06-30,2.36647727273,2.44318181818,2.32102272727,2.40909090909,2954.54545455,2.40909090909
1993-07-31,2.34523809524,2.41071428571,2.30357142857,2.36904761905,3252.38095238,2.36904761905
1993-08-31,2.61363636364,2.76704545455,2.46022727273,2.63636363636,10322.7272727,2.63636363636
1993-09-30,4.37797619048,4.67261904762,4.1755952381,4.40476190476,9447.61904762,4.40476190476
1993-10-31,4.303125,4.4625,4.15,4.328125,4010.0,4.328125
1993-11-30,4.14285714286,4.33928571429,4.03273809524,4.16071428571,5233.33333333,4.16071428571
1993-12-31,4.08806818182,4.24431818182,4.03693181818,4.20454545455,4477.27272727,4.20454545455
1994-01-31,4.1369047619,4.25892857143,4.10119047619,4.19345238095,7371.42857143,4.19345238095
1994-02-28,4.95394736842,5.19736842105,4.78947368421,5.05263157895,14078.9473684,5.05263157895
1994-03-31,4.61956521739,4.72554347826,4.51086956522,4.625,2582.60869565,4.625
1994-04-30,4.22368421053,4.33223684211,4.07565789474,4.18421052632,2442.10526316,4.18421052632
1994-05-31,3.915625,4.0,3.884375,3.940625,2385.0,3.940625
1994-06-30,3.83238636364,3.92613636364,3.80965909091,3.90625,3595.45454545,3.90625
1994-07-31,3.81875,3.85625,3.778125,3.796875,2125.0,3.796875
1994-08-31,3.66847826087,3.78532608696,3.58152173913,3.68206521739,3178.26086957,3.68206521739
1994-09-30,3.64583333333,3.70238095238,3.58630952381,3.67261904762,2304.76190476,3.67261904762
1994-10-31,3.63392857143,3.72619047619,3.58035714286,3.71130952381,2409.52380952,3.71130952381
1994-11-30,3.59821428571,3.71726190476,3.5505952381,3.6755952381,3966.66666667,3.6755952381
1994-12-31,3.571875,3.603125,3.559375,3.603125,1910.0,3.603125
1995-01-31,3.2619047619,3.3630952381,3.21428571429,3.35119047619,3828.57142857,3.35119047619
1995-02-28,3.25493421053,3.47532894737,3.15296052632,3.42598684211,4857.89473684,3.42598684211
1995-03-31,3.10597826087,3.27581521739,3.09510869565,3.23981,3056.52173913,3.23981
1995-04-30,3.07236842105,3.23930894737,3.05098684211,3.17187473684,3036.84210526,3.17187473684
1995-05-31,3.93465909091,4.18323863636,3.75852272727,4.02414772727,8695.45454545,4.02414772727
1995-06-30,4.34232954545,4.43607954545,4.25,4.35511363636,2418.18181818,4.35511363636
1995-07-31,4.36513157895,4.55921052632,4.3125,4.47039473684,2794.73684211,4.47039473684
1995-08-31,4.53804347826,4.65760869565,4.46739130435,4.59782608696,1934.7826087,4.59782608696
1995-09-30,5.49375,5.79375,5.33125,5.6125,12335.0,5.6125
1995-10-31,7.66477272727,7.86363636364,7.49218727273,7.73650545455,7090.90909091,7.73650545455
1995-11-30,7.22023809524,7.39880952381,7.01785714286,7.26785714286,3809.52380952,7.26785714286
1995-12-31,5.8,6.0375,5.6125,5.94375,5775.0,5.94375
1996-01-31,5.46428571429,5.70238095238,5.40476190476,5.64880952381,3066.66666667,5.64880952381
1996-02-29,5.50625,5.675,5.415625,5.56875,3155.0,5.56875
1996-03-31,5.41369047619,5.61011904762,5.25297619048,5.47321428571,2690.47619048,5.47321428571
1996-04-30,5.08333333333,5.24702380952,4.85714285714,5.05952380952,6823.80952381,5.05952380952
1996-05-31,4.56818181818,4.75,4.47727272727,4.70454545455,4409.09090909,4.70454545455
1996-06-30,5.146875,5.33125,4.98125,5.25,4455.0,5.25
1996-07-31,6.10416666667,6.3005952381,6.01488095238,6.15178571429,2971.42857143,6.15178571429
1996-08-31,5.84090909091,5.99431818182,5.77272727273,5.95454545455,3022.72727273,5.95454545455
1996-09-30,5.6125,5.75625,5.54375,5.70625,6450.0,5.70625
1996-10-31,5.34782608696,5.50135869565,5.29891304348,5.44565217391,3382.60869565,5.44565217391
1996-11-30,4.925,5.021875,4.8625,4.95,2735.0,4.95
1996-12-31,4.48214285714,4.61904761905,4.45535714286,4.5625,4080.95238095,4.5625
1997-01-31,4.93824428571,5.18229190476,4.83779761905,5.06026809524,3071.42857143,5.06026809524
1997-02-28,4.93092105263,5.16118421053,4.875,4.98684210526,2721.05263158,4.98684210526
1997-03-31,5.302344,5.480469,5.152344,5.267188,3445.0,5.267188
1997-04-30,5.57386363636,5.85227272727,5.52272727273,5.69531272727,3181.81818182,5.69531272727
1997-05-31,5.57142857143,5.66964285714,5.5543152381,5.63764857143,5438.0952381,5.63764857143
1997-06-30,5.56547619048,5.64285714286,5.52380952381,5.55952380952,5285.71428571,5.55952380952
1997-07-31,5.74431818182,5.86363636364,5.61931818182,5.75,4072.72727273,5.75
1997-08-31,5.8625,5.99375,5.765625,5.83125,3360.0,5.83125
1997-09-30,6.25,6.34077380952,6.14880952381,6.22767857143,2914.28571429,6.22767857143
1997-10-31,6.87364130435,7.11005434783,6.72418478261,6.9375,10039.1304348,6.9375
1997-11-30,8.45065789474,8.58305894737,8.34868421053,8.46052631579,5568.42105263,8.46052631579
1997-12-31,7.95880681818,8.04332363636,7.828125,7.93323818182,4445.45454545,7.93323818182
1998-01-31,7.4,7.5140625,7.3,7.3609375,5550.0,7.3609375
1998-02-28,7.55729166667,7.62673611111,7.44270833333,7.49131944444,5200.0,7.49131944444
1998-03-31,6.56534090909,6.61647727273,6.47159090909,6.52840909091,7472.72727273,6.52840909091
1998-04-30,6.23883904762,6.34300571429,6.20238095238,6.27604190476,4166.66666667,6.27604190476
1998-05-31,5.759375,5.8203125,5.7359375,5.809375,2555.0,5.809375
1998-06-30,5.73224409091,5.74715909091,5.69531227273,5.71590909091,3231.81818182,5.71590909091
1998-07-31,5.63352272727,5.65625,5.58522727273,5.61931818182,2454.54545455,5.61931818182
1998-08-31,5.4609375,5.4984375,5.367969,5.380469,4220.0,5.380469
1998-09-30,4.52976190476,4.625,4.48511904762,4.5744047619,6519.04761905,4.5744047619
1998-10-31,4.41832363636,4.46093727273,4.36647727273,4.44957363636,3895.45454545,4.44957363636
1998-11-30,4.690625,4.7,4.65625,4.675,1650.0,4.675
1998-12-31,4.85085227273,4.87642045455,4.79403409091,4.84801136364,3745.45454545,4.84801136364
1999-01-31,5.046875,5.17708333333,4.98263888889,5.10763888889,6238.88888889,5.10763888889
1999-02-28,5.66447368421,5.73684210526,5.56990105263,5.63486842105,4063.15789474,5.63486842105
1999-03-31,7.22214652174,7.45176608696,6.98301652174,7.20584217391,11817.3913043,7.20584217391
1999-04-30,6.72023809524,7.08333333333,6.45833333333,6.81547619048,10138.0952381,6.81547619048
1999-05-31,6.3,6.36875,6.24375,6.3375,1905.0,6.3375
1999-06-30,7.62144909091,7.74715909091,7.421875,7.63636363636,6413.63636364,7.63636363636
1999-07-31,7.01875,7.1125,6.95625,7.034375,2135.0,7.034375
1999-08-31,6.66193181818,6.75852272727,6.60653409091,6.68892045455,1677.27272727,6.68892045455
1999-09-30,6.32291666667,6.37351190476,6.08035714286,6.19047619048,16795.2380952,6.19047619048
1999-10-31,4.6019347619,4.75446428571,4.46726190476,4.63988095238,16980.952381,4.63988095238
1999-11-30,6.33125,6.6796875,6.153125,6.4625,25695.0,6.4625
1999-12-31,8.71732954545,9.35511363636,8.46448863636,8.98011363636,42490.9090909,8.98011363636
2000-01-31,18.39375,19.88125,16.896875,18.4375,134855.0,18.4375
2000-02-29,42.3296875,46.246875,38.915625,42.75,263935.0,42.75
2000-03-31,38.8181818182,40.5113636364,35.0113636364,37.2159090909,106477.272727,37.2159090909
2000-04-30,24.5032894737,26.1965463684,21.9835526316,23.6809210526,99531.5789474,23.6809210526
2000-05-31,18.4730113636,18.9630681818,17.4744318182,17.9133522727,38886.3636364,17.9133522727
2000-06-30,14.8080357143,15.7291666667,13.9166666667,14.6629466667,177785.714286,14.6629466667
2000-07-31,18.8125,19.971875,17.625,18.603125,453645.0,18.603125
2000-08-31,16.6453804348,17.4619565217,15.8831521739,16.6195652174,173017.391304,16.6195652174
2000-09-30,14.4128289474,14.8832236842,13.4934210526,14.0855263158,99215.7894737,14.0855263158
2000-10-31,11.5866486364,12.2883527273,10.5248581818,11.3821022727,98595.4545455,11.3821022727
2000-11-30,8.99330380952,9.32217285714,8.40253,8.69642857143,88566.6666667,8.69642857143
2000-12-31,7.7023435,8.229688,7.182031,7.719531,95465.0,7.7148435
2001-01-31,9.55133952381,10.0014880952,9.02752952381,9.60342285714,84228.5714286,9.60342285714
2001-02-28,10.2162826316,10.4399673684,9.81414473684,10.0674342105,39168.4210526,10.0674342105
2001-03-31,7.76846545455,8.06392045455,7.52272727273,7.8125,28177.2727273,7.8125
2001-04-30,8.42236842105,8.76121736842,7.94644736842,8.33796052632,24994.7368421,8.33796052632
2001-05-31,10.4236363636,10.795,10.0959090909,10.5368181818,15859.0909091,10.5368181818
2001-06-30,9.12285714286,9.33142857143,8.95285714286,9.10952380952,12328.5714286,9.10952380952
2001-07-31,7.57952380952,7.72761904762,7.31761904762,7.54095238095,11414.2857143,7.51666666667
2001-08-31,6.33391304348,6.52782608696,6.07565217391,6.37565217391,18965.2173913,6.37565217391
2001-09-30,3.354,3.57866666667,2.99933333333,3.258,96413.3333333,3.258
2001-10-31,2.69739130435,2.83913043478,2.5452173913,2.68434782609,22891.3043478,2.68434782609
2001-11-30,2.8935,2.9725,2.8155,2.878,17480.0,2.878
2001-12-31,2.661,2.762,2.579,2.6845,29980.0,2.6845
2002-01-31,3.82952380952,4.00952380952,3.69095238095,3.85761904762,9266.66666667,3.85761904762
2002-02-28,2.96578947368,3.02210526316,2.83157894737,2.90526315789,6210.52631579,2.90526315789
2002-03-31,2.79421052632,2.89263157895,2.71368421053,2.78526315789,3594.73684211,2.78526315789
2002-04-30,2.49454545455,2.51681818182,2.44181818182,2.47,4304.54545455,2.47
2002-05-31,2.26181818182,2.35181818182,2.21545454545,2.31090909091,4613.63636364,2.31090909091
2002-06-30,2.0405,2.15,1.915,2.044,6040.0,2.044
2002-07-31,1.95545454545,2.10136363636,1.84863636364,2.02772727273,2881.81818182,2.02772727273
2002-08-31,1.90666666667,2.05285714286,1.8580952381,1.98238095238,4761.9047619,1.98238095238
2002-09-30,1.814,1.91,1.7365,1.8525,5245.0,1.8525
2002-10-31,1.45434782609,1.6047826087,1.38,1.53782608696,5391.30434783,1.53782608696
2002-11-30,1.6955,1.7905,1.572,1.721,5070.0,1.721
2002-12-31,1.48952380952,1.55714285714,1.40095238095,1.48095238095,8180.95238095,1.4780952381
2003-01-31,1.5780952381,1.6319047619,1.52523809524,1.58333333333,3104.76190476,1.58333333333
2003-02-28,1.38421052632,1.44789473684,1.36421052632,1.42473684211,2410.52631579,1.42473684211
2003-03-31,1.39047619048,1.42142857143,1.36666666667,1.40428571429,2404.76190476,1.40428571429
2003-04-30,1.31142857143,1.35,1.29095238095,1.3380952381,3485.71428571,1.3380952381
2003-05-31,1.969,2.083,1.915,2.001,11885.0,2.001
2003-06-30,2.1680952381,2.21714285714,2.07761904762,2.12380952381,8023.80952381,2.12380952381
2003-07-31,2.29636363636,2.38590909091,2.26,2.34590909091,8004.54545455,2.34590909091
2003-08-31,2.96666666667,3.00095238095,2.9080952381,2.94523809524,6871.42857143,2.94523809524
2003-09-30,2.90333333333,2.97238095238,2.81238095238,2.88761904762,9785.71428571,2.84333333333
2003-10-31,2.79260869565,2.83956521739,2.72217391304,2.79913043478,5313.04347826,2.79913043478
2003-11-30,2.54473684211,2.67578947368,2.48,2.55789473684,8521.05263158,2.55789473684
2003-12-31,2.25909090909,2.33681818182,2.17090909091,2.255,14977.2727273,2.255
2004-01-31,2.645,2.791,2.484,2.6615,64495.0,2.6615
2004-02-29,2.65166666667,2.725,2.55888888889,2.62833333333,10705.5555556,2.62833333333
2004-03-31,2.48,2.56913043478,2.37217391304,2.46956521739,17591.3043478,2.46956521739
2004-04-30,3.12523809524,3.26523809524,2.88523809524,3.03714285714,62161.9047619,3.03714285714
2004-05-31,2.63894736842,2.68894736842,2.56105263158,2.60789473684,12063.1578947,2.60789473684
2004-06-30,2.39428571429,2.48047619048,2.33761904762,2.4280952381,8752.38095238,2.4280952381
2004-07-31,1.78047619048,1.86428571429,1.64952380952,1.73952380952,13019.047619,1.73952380952
2004-08-31,1.50636363636,1.64090909091,1.45636363636,1.50772727273,6700.0,1.50772727273
2004-09-30,1.65428571429,1.7219047619,1.57952380952,1.63428571429,5680.95238095,1.63428571429
2004-10-31,1.4885,1.522,1.451,1.473,7580.0,1.473
2004-11-30,1.81619047619,1.92428571429,1.71142857143,1.81619047619,25876.1904762,1.81619047619
2004-12-31,1.95636363636,2.10909090909,1.88545454545,2.01818181818,20104.5454545,2.01818181818
2005-01-31,1.914,1.984,1.8,1.8455,12410.0,1.8455
2005-02-28,1.80055555556,1.85388888889,1.71722222222,1.76611111111,9061.11111111,1.76611111111
2005-03-31,1.55590909091,1.59727272727,1.49772727273,1.54818181818,8863.63636364,1.54818181818
2005-04-30,1.4280952381,1.47142857143,1.34142857143,1.42142857143,7495.23809524,1.42142857143
2005-05-31,1.30571428571,1.40238095238,1.27428571429,1.37142857143,4838.0952381,1.37142857143
2005-06-30,1.43285714286,1.50380952381,1.33523809524,1.39428571429,6438.0952381,1.39428571429
2005-07-31,1.2795,1.3375,1.238,1.2835,5835.0,1.2835
2005-08-31,1.37130434783,1.39739130435,1.29217391304,1.34347826087,7847.82608696,1.34347826087
2005-09-30,1.28047619048,1.34619047619,1.24,1.28761904762,10104.7619048,1.28761904762
2005-10-31,1.23142857143,1.25571428571,1.21285714286,1.2319047619,8257.14285714,1.2319047619
2005-11-30,1.20904761905,1.23857142857,1.18285714286,1.20380952381,8042.85714286,1.20380952381
2005-12-31,1.157,1.208,1.129,1.1845,26080.0,1.1845
2006-01-31,1.273,1.303,1.223,1.2575,26160.0,1.2575
2006-02-28,1.35315789474,1.40210526316,1.28105263158,1.34894736842,21231.5789474,1.34894736842
2006-03-31,1.71956521739,1.83869565217,1.64652173913,1.73652173913,25839.1304348,1.73652173913
2006-04-30,1.90388888889,1.97222222222,1.80666666667,1.87944444444,27738.8888889,1.87944444444
2006-05-31,1.48409090909,1.53090909091,1.42772727273,1.47318181818,11631.8181818,1.47318181818
2006-06-30,1.31863636364,1.38272727273,1.28590909091,1.33,7527.27272727,1.33
2006-07-31,1.274,1.349,1.256,1.2755,4505.0,1.2755
2006-08-31,1.29217391304,1.36304347826,1.24695652174,1.2952173913,9600.0,1.2952173913
2006-09-30,1.40736842105,1.48684210526,1.33052631579,1.39526315789,7847.36842105,1.39526315789
2006-10-31,1.30181818182,1.35681818182,1.26909090909,1.32136363636,13109.0909091,1.32136363636
2006-11-30,1.43952380952,1.49285714286,1.38095238095,1.46619047619,10538.0952381,1.46619047619
2006-12-31,1.3405,1.4,1.308,1.381,15805.0,1.381
2007-01-31,1.4755,1.5135,1.4245,1.486,11650.0,1.486
2007-02-28,1.40277777778,1.44777777778,1.35,1.41111111111,9255.55555556,1.41111111111
2007-03-31,1.25636363636,1.28909090909,1.21363636364,1.25954545455,9518.18181818,1.25954545455
2007-04-30,1.222,1.2535,1.2025,1.2275,8650.0,1.2275
2007-05-31,1.29409090909,1.35136363636,1.24818181818,1.29409090909,19022.7272727,1.29409090909
2007-06-30,1.22333333333,1.25142857143,1.20095238095,1.22380952381,7285.71428571,1.22380952381
2007-07-31,1.116,1.1435,1.091,1.119,13145.0,1.119
2007-08-31,0.934782608696,0.997826086957,0.863913043478,0.947391304348,17326.0869565,0.947391304348
2007-09-30,1.01578947368,1.04842105263,0.997894736842,1.02684210526,14378.9473684,1.02684210526
2007-10-31,1.08043478261,1.11913043478,1.04695652174,1.08739130435,11756.5217391,1.08739130435
2007-11-30,1.0375,1.0785,1.0,1.0475,8775.0,1.0475
2007-12-31,1.0125,1.066,0.9705,1.0305,22505.0,1.0305
2008-01-31,1.00523809524,1.08523809524,0.956666666667,0.989523809524,11176.1904762,0.989523809524
2008-02-29,1.023,1.0565,0.9945,1.029,9400.0,1.029
2008-03-31,1.0455,1.083,1.014,1.0385,22415.0,1.0385
2008-04-30,1.22523809524,1.27952380952,1.18571428571,1.20952380952,22714.2857143,1.20952380952
2008-05-31,1.58904761905,1.67428571429,1.51428571429,1.60095238095,20319.047619,1.60095238095
2008-06-30,1.44,1.5019047619,1.36857142857,1.4080952381,7428.57142857,1.4080952381
2008-07-31,1.18454545455,1.235,1.14545454545,1.19681818182,7113.63636364,1.19681818182
2008-08-31,1.18571428571,1.24333333333,1.16,1.18952380952,9366.66666667,1.18952380952
2008-09-30,1.3015,1.3365,1.23,1.276,10190.0,1.276
2008-10-31,1.01217391304,1.06782608696,0.94,1.01,12547.826087,1.01
2008-11-30,0.897894736842,0.94,0.824210526316,0.902631578947,6089.47368421,0.902631578947
2008-12-31,0.984090909091,1.07545454545,0.924090909091,1.01772727273,9536.36363636,1.01772727273
2009-01-31,1.21947368421,1.26368421053,1.15894736842,1.21210526316,17305.2631579,1.21210526316
2009-02-28,1.15736842105,1.20315789474,1.12157894737,1.17421052632,7689.47368421,1.17421052632
2009-03-31,1.10545454545,1.15409090909,1.05272727273,1.12681818182,8431.81818182,1.12681818182
2009-04-30,1.24571428571,1.29904761905,1.19904761905,1.25380952381,16409.5238095,1.25380952381
2009-05-31,1.2805,1.3195,1.209,1.258,34815.0,1.258
2009-06-30,1.56476190476,1.62476190476,1.52095238095,1.59047619048,19014.2857143,1.59047619048
2009-07-31,1.63136363636,1.69454545455,1.57181818182,1.61681818182,15240.9090909,1.61681818182
2009-08-31,2.13666666667,2.25714285714,2.05904761905,2.1719047619,56695.2380952,2.1719047619
2009-09-30,4.06,4.38904761905,3.78904761905,4.06761904762,589509.52381,4.06761904762
2009-10-31,4.20181818182,4.39090909091,4.00409090909,4.21318181818,234281.818182,4.19954545455
2009-11-30,3.4445,3.5745,3.2615,3.4075,132270.0,3.4075
2009-12-31,2.515,2.61,2.39227272727,2.49863636364,113645.454545,2.49863636364
2010-01-31,2.57611111111,2.64333333333,2.43555555556,2.54111111111,85227.7777778,2.54111111111
2010-02-28,2.31578947368,2.40842105263,2.25842105263,2.35736842105,44921.0526316,2.35736842105
2010-03-31,2.84347826087,2.92869565217,2.75304347826,2.83043478261,90882.6086957,2.83043478261
2010-04-30,2.74095238095,2.81619047619,2.67666666667,2.72523809524,30957.1428571,2.72523809524
2010-05-31,2.63473684211,2.71210526316,2.59315789474,2.65789473684,22563.1578947,2.65789473684
2010-06-30,2.50681818182,2.57545454545,2.43772727273,2.49954545455,20445.4545455,2.49954545455
2010-07-31,2.38,2.43,2.32904761905,2.36428571429,9957.14285714,2.36428571429
2010-08-31,2.55318181818,2.62818181818,2.49045454545,2.58409090909,18372.7272727,2.58409090909
2010-09-30,2.7555,2.803,2.7015,2.767,22185.0,2.767
2010-10-31,2.9519047619,2.99761904762,2.92285714286,2.95285714286,13761.9047619,2.95285714286
2010-11-30,3.01523809524,3.10714285714,2.97714285714,3.05476190476,32552.3809524,3.05476190476
2010-12-31,3.74136363636,3.83954545455,3.67545454545,3.78363636364,52413.6363636,3.78363636364
2011-01-31,4.09315789474,4.22894736842,4.00578947368,4.12842105263,56789.4736842,4.12842105263
2011-02-28,5.40578947368,5.62263157895,5.15684210526,5.38105263158,239626.315789,5.38105263158
2011-03-31,5.07391304348,5.18782608696,4.95956521739,5.08391304348,73456.5217391,5.08391304348
2011-04-30,5.0,5.1475,4.8385,5.0235,114170.0,5.0235
2011-05-31,6.155,6.309,6.0395,6.202,58495.0,6.202
2011-06-30,6.67318181818,6.83545454545,6.49636363636,6.69590909091,70172.7272727,6.69590909091
2011-07-31,7.389,7.6085,7.1655,7.4075,71085.0,7.4075
2011-08-31,6.98863636364,7.21318181818,6.70363636364,6.98454545455,113109.090909,6.98454545455
2011-09-30,6.89095238095,7.0219047619,6.69238095238,6.8380952381,68904.7619048,6.8380952381
2011-10-31,5.56857142857,5.7119047619,5.34952380952,5.51761904762,51909.5238095,5.51761904762
2011-11-30,5.92571428571,6.08333333333,5.80619047619,5.95619047619,57480.952381,5.95619047619
2011-12-31,6.201,6.3805,6.082,6.248,60220.0,6.248
2012-01-31,6.7455,6.845,6.5105,6.633,101165.0,6.633
2012-02-29,5.9055,6.0025,5.821,5.8935,45315.0,5.8935
2012-03-31,5.52681818182,5.61727272727,5.45045454545,5.51863636364,32300.0,5.49909090909
2012-04-30,5.019,5.0845,4.8875,4.97,40540.0,4.97
2012-05-31,4.29272727273,4.41909090909,4.19772727273,4.28772727273,38004.5454545,4.28772727273
2012-06-30,4.39095238095,4.47380952381,4.32476190476,4.42380952381,16661.9047619,4.42380952381
2012-07-31,5.0015,5.125,4.8535,5.0085,13790.0,5.0085
2012-08-31,4.91565217391,5.01695652174,4.78695652174,4.92434782609,13173.9130435,4.92434782609
2012-09-30,5.18368421053,5.22210526316,5.08842105263,5.15578947368,12773.6842105,5.15578947368
2012-10-31,5.14666666667,5.22857142857,5.04904761905,5.13714285714,6661.9047619,5.13714285714
2012-11-30,4.549,4.626,4.4315,4.531,17085.0,4.531
2012-12-31,4.662,4.7725,4.579,4.664,16610.0,4.664
2013-01-31,4.92238095238,5.00761904762,4.87380952381,4.96238095238,12857.1428571,4.96238095238
2013-02-28,5.50052631579,5.59210526316,5.41263157895,5.50473684211,19336.8421053,5.50473684211
2013-03-31,5.911,5.9855,5.7995,5.9085,14730.0,5.9085
2013-04-30,6.05954545455,6.17090909091,5.93818181818,6.08590909091,28940.9090909,6.08590909091
2013-05-31,7.62,7.80363636364,7.47863636364,7.66772727273,62277.2727273,7.66772727273
2013-06-30,10.7485,11.1925,10.384,10.7525,182700.0,10.7525
2013-07-31,12.3428571429,12.8138095238,11.8928571429,12.3785714286,188933.333333,12.3785714286
2013-08-31,11.8568181818,12.1872727273,11.6436363636,11.925,91304.5454545,11.925
2013-09-30,13.1565,13.467,12.8755,13.1755,81455.0,13.1755
2013-10-31,15.0177273636,15.4259090455,14.5672726818,15.0213635455,101881.818182,15.0213635455
2013-11-30,16.631,17.07500015,16.3880001,16.7304999,99830.0,16.7304999
2013-12-31,18.427619,18.7433329524,18.1404762381,18.4861902381,63323.8095238,18.4861902381
2014-01-31,19.81750015,20.3975002,19.32900025,20.01950015,155375.0,20.01950015
2014-02-28,24.2847373158,24.8500001053,23.4242107368,24.1552633158,245131.578947,24.1552633158
2014-03-31,23.1171429048,23.670952381,22.5804762857,23.0871428095,122176.190476,23.0871428095
2014-04-30,20.2900002,20.8095,19.46550025,19.9755001,210930.0,19.9755001
2014-05-31,15.8242857143,16.2714286667,15.4461904762,15.8790477143,133671.428571,15.8790477143
2014-06-30,18.5580001,18.94649995,18.18650005,18.6100002,162635.0,18.6100002
2014-07-31,15.2859091818,15.5990908636,14.9222727273,15.1836364091,190627.272727,15.1836364091
2014-08-31,13.3871428571,13.6461904762,13.1523809524,13.3857142857,116938.095238,13.3857142857
2014-09-30,13.1595238095,13.3942857143,12.9,13.1338095238,63285.7142857,13.1338095238
2014-10-31,12.9290909091,13.3004545455,12.5822727273,12.9572727273,88409.0909091,12.9572727273
2014-11-30,13.5863157895,13.9178947368,13.35,13.5284210526,68931.5789474,13.5284210526
2014-12-31,12.5677272727,12.8372727273,12.3431818182,12.5490909091,55131.8181818,12.5490909091
2015-01-31,11.9621052632,12.2157894737,11.7110526316,11.9231578947,56842.1052632,11.9231578947
2015-02-28,13.35,13.64,13.1805263158,13.4442105263,53405.2631579,13.4442105263
2015-03-31,14.4563636364,14.6759090909,14.25,14.475,44031.8181818,14.475
2015-04-30,15.11949995,15.41100005,14.83700005,15.167,77415.0,15.167
2015-05-31,13.9265,14.236,13.6895,14.003,59420.0,14.003
2015-06-30,15.6577272273,15.8618181818,15.4354545455,15.6672727727,48609.0909091,15.6672727727
2015-07-31,16.9868181818,17.4772729091,16.6859093182,17.0845453636,92986.3636364,17.0845453636
2015-08-31,18.0894999,18.37549995,17.64749995,18.00100015,62325.0,18.00100015
2015-09-30,15.8247618571,16.1271426667,15.3876190952,15.6842856667,73361.9047619,15.6842856667
2015-10-31,13.9590909091,14.3745454545,13.6304545455,13.9813636364,40200.0,13.9813636364
2015-11-30,13.8231578947,14.2021052632,13.4905263158,13.8231578421,94457.8947368,13.8231578421
2015-12-31,13.2672727273,13.4563636364,13.0545454545,13.2345454545,40709.0909091,13.2345454545
2016-01-31,13.2121052632,13.5926315789,12.8094736842,13.2115789474,61636.8421053,13.2115789474
2016-02-29,14.0378947368,14.2910526316,13.7094736842,14.0252631579,57268.4210526,14.0252631579
2016-03-31,14.9518181364,15.2486363636,14.7245454545,15.0163636364,40190.9090909,15.0163636364
2016-04-30,16.36,16.643809381,16.1628570476,16.4052379048,43528.5714286,16.4052379048
2016-05-31,17.8995002,18.1305,17.6370001,17.84750005,39435.0,17.84750005
2016-06-30,18.0827273636,18.3190910909,17.8486363636,18.0818182273,39231.8181818,18.0818182273
2016-07-31,18.3204999,18.602,18.0705001,18.35999975,56110.0,18.35999975
2016-08-31,19.4280002,19.6580002,19.0920002,19.3579998,58740.0,19.3579998
