Date,Open,High,Low,Close,Volume,Adj Close
2003-07-31,3.43076923077,3.46538461538,3.33384615385,3.40461538462,1792.30769231,17.0230772308
2003-08-31,3.7465,3.824,3.688,3.7665,1030.0,18.83250005
2003-09-30,3.96,4.03238095238,3.8180952381,3.88380952381,819.047619048,19.4190479048
2003-10-31,3.74565217391,3.84956521739,3.66956521739,3.76434782609,1330.43478261,18.8217392609
2003-11-30,3.38263157895,3.42421052632,3.35421052632,3.38947368421,1431.57894737,16.9473685263
2003-12-31,3.20454545455,3.26181818182,3.19545454545,3.23272727273,840.909090909,16.1636365
2004-01-31,3.753,3.798,3.7235,3.767,1700.0,18.83500005
2004-02-29,4.22722222222,4.29166666667,4.18777777778,4.25666666667,1372.22222222,21.2833335556
2004-03-31,4.20391304348,4.23173913043,4.18869565217,4.21173913043,739.130434783,21.0586956957
2004-04-30,5.14285714286,5.26285714286,5.0580952381,5.16523809524,6071.42857143,25.8261906667
2004-05-31,4.8735,4.951,4.815,4.9035,1630.0,24.5175002
2004-06-30,5.09380952381,5.17857142857,5.04380952381,5.12380952381,3866.66666667,25.6190477619
2004-07-31,5.131,5.198,4.89,5.1105,4875.0,25.5525002
2004-08-31,4.31909090909,4.42454545455,4.26090909091,4.33136363636,1490.90909091,21.6568185
2004-09-30,4.9180952381,4.96857142857,4.83,4.89,1852.38095238,24.450000381
2004-10-31,4.75952380952,4.78761904762,4.61523809524,4.72476190476,2280.95238095,23.6238098571
2004-11-30,5.664,5.817,5.553,5.722,5000.0,28.61000035
2004-12-31,6.67454545455,6.85363636364,6.32681818182,6.53636363636,62813.6363636,32.681819
2005-01-31,7.4945,7.618,7.3545,7.464,24675.0,37.3200009
2005-02-28,8.19666666667,8.32944444444,8.03388888889,8.20944444444,26788.8888889,41.0472227778
2005-03-31,7.34,7.46909090909,7.06818181818,7.25772727273,59754.5454545,36.288637
2005-04-30,6.11095238095,6.22142857143,5.97142857143,6.09714285714,29204.7619048,30.4857146667
2005-05-31,5.95952380952,6.07380952381,5.82714285714,5.94380952381,32100.0,29.7190481429
2005-06-30,5.61571428571,5.69571428571,5.52952380952,5.61285714286,12928.5714286,28.0642860476
2005-07-31,6.4675,6.6,6.3455,6.5195,34050.0,32.5975003
2005-08-31,6.79304347826,6.92086956522,6.65086956522,6.83260869565,54369.5652174,34.163043913
2005-09-30,7.438,7.575,7.3235,7.483,115565.0,37.4150005
2005-10-31,8.54666666667,8.78285714286,8.27238095238,8.51666666667,90300.0,42.5833342857
2005-11-30,8.30333333333,8.45619047619,8.16285714286,8.31333333333,34847.6190476,41.5666677143
2005-12-31,9.508,9.7065,9.32,9.559,49235.0,47.79500105
2006-01-31,11.0445,11.399,10.8425,11.17350005,70675.0,55.867501
2006-02-28,12.421579,12.6389474211,12.0652632105,12.3400000526,72763.1578947,61.7000015789
2006-03-31,12.2486956522,12.5234783043,12.0395652174,12.292173913,51382.6086957,61.4608706957
2006-04-30,11.2955555556,11.4355555556,11.02,11.1922222222,73538.8888889,55.9611117778
2006-05-31,10.8431818182,11.2236363636,10.6068181818,10.945,144090.909091,54.7250008182
2006-06-30,8.435,8.60272727273,8.20954545455,8.39954545455,80372.7272727,41.9977276818
2006-07-31,10.0245,10.196,9.7515,10.0225,144515.0,50.1100006
2006-08-31,12.2621739565,12.4786957391,12.0556522174,12.3030435217,57086.9565217,61.5152188261
2006-09-30,12.35500005,12.5155001,12.09650005,12.31250005,141080.0,61.56250085
2006-10-31,10.8314285714,11.0185714286,10.6066666667,10.8085714286,85357.1428571,54.0428578571
2006-11-30,12.0033333333,12.1495238095,11.809047619,11.9823809524,49942.8571429,59.9119052857
2006-12-31,11.4615,11.6285,11.26,11.446,42470.0,57.2300011
2007-01-31,11.0489473684,11.2347368421,10.86,11.0642105263,59700.0,55.3210526842
2007-02-28,11.5663157895,11.7210526316,11.3842105263,11.5205263158,55152.6315789,57.6026323158
2007-03-31,10.3390909091,10.5168181818,10.1313636364,10.2886363636,61913.6363636,51.4431829545
2007-04-30,10.0565,10.195,9.896,10.0035,43850.0,50.01750065
2007-05-31,9.44904761905,9.64047619048,9.3219047619,9.45523809524,67052.3809524,47.2761910476
2007-06-30,10.04,10.1938095238,9.83,9.99285714286,64142.8571429,49.9642860952
2007-07-31,9.37904761905,9.5180952381,9.20857142857,9.34142857143,100771.428571,46.7071437619
2007-08-31,9.37090909091,9.64409090909,9.18318181818,9.36818181818,77345.4545455,46.8409100455
2007-09-30,8.89473684211,9.02736842105,8.75789473684,8.91631578947,45278.9473684,44.5815796842
2007-10-31,10.3191304348,10.5669565217,10.07,10.3647826087,65330.4347826,51.8239136957
2007-11-30,10.736,11.105,10.4155,10.744,170555.0,53.72000085
2007-12-31,9.153,9.3195,8.7405,8.984,281190.0,44.9200003
2008-01-31,7.77619047619,7.94952380952,7.49761904762,7.68714285714,104504.761905,38.4357147143
2008-02-29,6.4725,6.783,6.283,6.5375,145930.0,32.68750045
2008-03-31,7.63894736842,7.88473684211,7.33842105263,7.53842105263,208042.105263,37.692106
2008-04-30,8.05909090909,8.21272727273,7.86227272727,8.07272727273,124818.181818,40.3636370455
2008-05-31,9.29904761905,9.5280952381,9.04285714286,9.30476190476,127966.666667,46.5238101905
2008-06-30,9.63,9.8055,9.3965,9.597,108905.0,47.98500075
2008-07-31,10.1672727273,10.5109090909,9.92954545455,10.245,266218.181818,51.2250006818
2008-08-31,9.64142857143,9.93952380952,9.40285714286,9.69619047619,242004.761905,48.4809531429
2008-09-30,8.3055,8.5025,7.9815,8.2225,137985.0,41.11250015
2008-10-31,5.31043478261,5.61869565217,4.95173913043,5.21565217391,148960.869565,26.0782611304
2008-11-30,4.04947368421,4.20578947368,3.84789473684,4.02,74100.0,20.1000003158
2008-12-31,4.45523809524,4.72095238095,4.27476190476,4.4480952381,55376.1904762,22.240476619
2009-01-31,5.0775,5.246,4.914,5.117,39520.0,25.58500045
2009-02-28,4.34578947368,4.46526315789,4.14789473684,4.26210526316,51710.5263158,21.3105265789
2009-03-31,3.105,3.21590909091,2.91863636364,3.03772727273,60895.4545455,15.1886364545
2009-04-30,3.82047619048,3.9380952381,3.68666666667,3.82047619048,162857.142857,19.0904765238
2009-05-31,4.293,4.397,4.1655,4.277,84375.0,21.3850005
2009-06-30,3.91454545455,4.01636363636,3.8,3.88454545455,59050.0,19.4227275455
2009-07-31,3.96181818182,4.08318181818,3.86909090909,3.98863636364,53336.3636364,19.9431822727
2009-08-31,4.179,4.2885,4.0735,4.2165,136305.0,21.08250035
2009-09-30,4.45523809524,4.50857142857,4.37476190476,4.43952380952,95661.9047619,22.1976192381
2009-10-31,4.36681818182,4.43227272727,4.27636363636,4.34590909091,83445.4545455,21.7295458636
2009-11-30,3.95157894737,4.03736842105,3.86894736842,3.95684210526,67831.5789474,19.7842109474
2009-12-31,4.25045454545,4.31681818182,4.17,4.25363636364,45059.0909091,21.2681822727
2010-01-31,5.12105263158,5.24894736842,5.02736842105,5.16315789474,53100.0,25.8157897368
2010-02-28,5.19052631579,5.28526315789,5.1,5.19842105263,30342.1052632,25.9921055263
2010-03-31,6.08136363636,6.205,6.01,6.14136363636,35600.0,30.7068182273
2010-04-30,7.8880952381,8.1019047619,7.76142857143,7.96714285714,126866.666667,39.8357148095
2010-05-31,7.957,8.224,7.6395,7.969,86840.0,39.8450006
2010-06-30,8.18571428571,8.33619047619,8.01333333333,8.17952380952,56557.1428571,40.8976199524
2010-07-31,8.09571428571,8.23,7.95857142857,8.10619047619,42009.5238095,40.5309531905
2010-08-31,7.43045454545,7.63227272727,7.23590909091,7.43318181818,70422.7272727,37.1659092727
2010-09-30,6.299,6.3525,6.1345,6.2375,50035.0,31.18750045
2010-10-31,5.91952380952,6.03,5.79142857143,5.9319047619,77166.6666667,29.659524
2010-11-30,5.06,5.16,4.93095238095,5.03095238095,71357.1428571,25.1547622381
2010-12-31,5.81636363636,5.96818181818,5.68818181818,5.84772727273,74054.5454545,29.2386366818
2011-01-31,6.64157894737,6.76473684211,6.46421052632,6.59789473684,45826.3157895,32.9894743684
2011-02-28,6.10947368421,6.23578947368,5.96789473684,6.10210526316,43326.3157895,30.5105267895
2011-03-31,5.05608695652,5.13,4.91869565217,4.99782608696,37308.6956522,24.9891306957
2011-04-30,4.56842105263,4.72842105263,4.45578947368,4.59947368421,76384.2105263,22.9973687368
2011-05-31,5.26619047619,5.43095238095,5.11714285714,5.27476190476,52480.952381,26.3738098571
2011-06-30,4.35545454545,4.45727272727,4.21409090909,4.32318181818,37754.5454545,21.6159095
2011-07-31,4.4595,4.619,4.3585,4.4745,71680.0,22.37250045
2011-08-31,3.95826086957,4.06739130435,3.80260869565,3.91391304348,49030.4347826,19.554348087
2011-09-30,3.60380952381,3.70285714286,3.53095238095,3.60285714286,38971.4285714,18.0142860952
2011-10-31,3.37428571429,3.46,3.29380952381,3.36761904762,39895.2380952,16.8380954286
2011-11-30,2.4815,2.5315,2.3735,2.4245,40815.0,12.12250025
2011-12-31,2.07523809524,2.16380952381,2.04,2.10333333333,50314.2857143,10.5166667143
2012-01-31,2.4955,2.5335,2.437,2.482,42755.0,12.4100002
2012-02-29,2.3825,2.43,2.3265,2.373,21945.0,11.86500025
2012-03-31,1.49047619048,1.51666666667,1.42095238095,1.44952380952,268323.809524,7.24761904762
2012-04-30,0.604,0.618,0.5725,0.595,73475.0,2.975
2012-05-31,0.482272727273,0.502272727273,0.451818181818,0.476363636364,71995.4545455,2.38181818182
2012-06-30,0.410952380952,0.428571428571,0.395714285714,0.415714285714,65966.6666667,2.07857142857
2012-07-31,0.401,0.4185,0.385,0.398,107540.0,1.99
2012-08-31,0.327391304348,0.343913043478,0.317391304348,0.329130434783,36530.4347826,1.64565217391
2012-09-30,0.346315789474,0.367368421053,0.332105263158,0.345263157895,168063.157895,1.72631578947
2012-10-31,0.30380952381,0.313333333333,0.292857142857,0.300952380952,57800.0,1.50476190476
2012-11-30,0.277619047619,0.285238095238,0.266666666667,0.279523809524,42685.7142857,1.39761904762
2012-12-31,0.365,0.3875,0.3425,0.3655,219355.0,1.8275
2013-01-31,0.425714285714,0.44,0.409047619048,0.428095238095,88814.2857143,2.13095238095
2013-02-28,0.457894736842,0.471052631579,0.432105263158,0.443157894737,135326.315789,2.21578947368
2013-03-31,0.3885,0.4005,0.3695,0.3835,109875.0,1.9175
2013-04-30,1.38136363636,1.46045454545,1.30363636364,1.37863636364,72118.1818182,1.97863636364
2013-05-31,2.07428571429,2.12904761905,2.00857142857,2.06047619048,52223.8095238,2.06047619048
2013-06-30,1.9895,2.036,1.9275,1.9775,19505.0,1.9775
2013-07-31,2.06545454545,2.12090909091,2.00545454545,2.07681818182,26072.7272727,2.07681818182
2013-08-31,2.02818181818,2.10181818182,1.98818181818,2.03636363636,32209.0909091,2.03636363636
2013-09-30,2.75578947368,2.89526315789,2.61368421053,2.73157894737,176589.473684,2.73157894737
2013-10-31,4.61304347826,4.78434782609,4.4147826087,4.6147826087,221282.608696,4.6147826087
2013-11-30,4.757,5.0685,4.547,4.8205,200070.0,4.8205
2013-12-31,6.3425,6.5065,6.1905,6.341,62325.0,6.341
2014-01-31,6.87238095238,7.06904761905,6.66857142857,6.8719047619,106557.142857,6.8719047619
2014-02-28,8.35947368421,8.73526315789,8.07684210526,8.42947368421,251926.315789,8.42947368421
2014-03-31,8.96476190476,9.12476190476,8.60571428571,8.87095238095,198623.809524,8.87095238095
2014-04-30,7.56952380952,7.75857142857,7.33714285714,7.54857142857,101909.52381,7.54666666667
2014-05-31,7.72,7.87857142857,7.57285714286,7.7180952381,91371.4285714,7.7180952381
2014-06-30,7.35523809524,7.51095238095,7.22666666667,7.39238095238,76300.0,7.39238095238
2014-07-31,7.18047619048,7.37142857143,6.98666666667,7.16523809524,54761.9047619,7.16523809524
2014-08-31,7.10095238095,7.25285714286,6.91142857143,7.0880952381,65809.5238095,7.0880952381
2014-09-30,7.51952380952,7.71666666667,7.3580952381,7.6119047619,104300.0,7.6119047619
2014-10-31,8.17086956522,8.32260869565,7.92652173913,8.14652173913,89708.6956522,8.14652173913
2014-11-30,8.21666666667,8.38277777778,8.05166666667,8.21555555556,41722.2222222,8.21555555556
2014-12-31,8.87409090909,9.08863636364,8.64727272727,8.86545454545,54950.0,8.86545454545
2015-01-31,10.1255,10.3705,9.8225,10.085,113185.0,10.085
2015-02-28,9.69611111111,9.86222222222,9.45,9.67722222222,54322.2222222,9.67722222222
2015-03-31,9.01136363636,9.27545454545,8.72590909091,9.025,111840.909091,9.025
2015-04-30,9.4080952381,9.55714285714,9.1580952381,9.36714285714,81385.7142857,9.36714285714
2015-05-31,8.9425,9.2015,8.7365,9.003,82905.0,9.003
2015-06-30,9.53,9.73904761905,9.25761904762,9.54,55085.7142857,9.54
2015-07-31,8.84181818182,9.00772727273,8.63409090909,8.82681818182,37186.3636364,8.82681818182
2015-08-31,9.28857142857,9.49619047619,9.09904761905,9.33047619048,33995.2380952,9.33047619048
2015-09-30,9.529,9.753,9.3215,9.5395,32000.0,9.5395
2015-10-31,8.20272727273,8.43136363636,7.98045454545,8.20909090909,65100.0,8.20909090909
2015-11-30,8.579,8.7475,8.418,8.6705,21330.0,8.6705
2015-12-31,8.15772727273,8.32863636364,7.91545454545,8.16227272727,21418.1818182,8.16227272727
2016-01-31,6.36555555556,6.62333333333,6.00166666667,6.33055555556,36766.6666667,6.33055555556
2016-02-29,5.464,5.5605,5.217,5.389,24190.0,5.389
2016-03-31,4.49863636364,4.62227272727,4.32227272727,4.45136363636,37581.8181818,4.45136363636
2016-04-30,4.602,4.741,4.495,4.6065,35300.0,4.6065
2016-05-31,4.82523809524,4.97761904762,4.6580952381,4.79952380952,74009.5238095,4.79952380952
2016-06-30,5.005,5.18136363636,4.89227272727,5.00590909091,33672.7272727,5.00590909091
2016-07-31,4.8755,5.0055,4.8035,4.898,336270.0,4.898
2016-08-31,3.178,3.236,3.102,3.128,145480.0,3.128
