Date,Open,High,Low,Close,Volume,Adj Close
2006-02-28,28.2007144286,28.7428573571,27.2707142143,27.7578570714,3665542.85714,13.8785714286
2006-03-31,24.5547826522,25.1604347391,23.7100000435,24.4208693478,1996547.82609,12.2104347826
2006-04-30,27.1099999474,27.8363158421,26.5126314211,27.2968422105,971905.263158,13.6484210526
2006-05-31,29.0161905714,29.660952381,27.6757144762,28.3095236667,2222819.04762,14.1547618571
2006-06-30,23.7436363636,24.3127274091,23.1881818636,23.7577273636,646027.272727,11.8788636364
2006-07-31,24.88500005,25.4535003,24.24349985,24.93749995,910400.0,12.46875
2006-08-31,27.2290909091,27.6940909091,26.3154544091,27.0545456364,2626936.36364,13.5272727273
2006-09-30,29.66000005,30.36649985,29.16949985,29.90650015,3065220.0,14.95325005
2006-10-31,36.6209520952,37.3790475714,35.8380955714,36.7642860952,2214104.7619,18.3821430476
2006-11-30,43.486190381,44.6157145714,42.492380381,43.6571429524,5400000.0,21.8285714762
2006-12-31,42.73250015,43.4140002,42.0035007,42.5835004,1946380.0,21.2917501
2007-01-31,47.7768420526,49.0184213158,47.0168421579,48.0784213158,3463294.73684,24.0392105789
2007-02-28,54.195789,55.0557897895,52.6768417368,53.8200001053,5824484.21053,26.91
2007-03-31,46.7723812381,47.606666619,45.991428381,46.7580953333,3847428.57143,23.3790477619
2007-04-30,52.28200005,53.1774997,51.6574997,52.5035,3399780.0,26.25175
2007-05-31,71.7754545455,73.0981815,70.5331821818,72.0918185455,6454081.81818,36.0459092273
2007-06-30,63.91150075,64.8105006,62.3779999,63.8424999,8857445.0,44.24349995
2007-07-31,47.9861905714,49.0547623333,46.9433329524,48.0171430952,6953704.7619,48.0171430952
2007-08-31,56.2354545909,57.5204548636,54.3168178182,55.9559090455,6084218.18182,55.9559090455
2007-09-30,58.8873680526,60.3200003158,57.7031576842,59.3047358421,6269905.26316,59.3047358421
2007-10-31,68.0095454091,69.3550005455,66.4981822273,68.0836364545,4374131.81818,68.0836364545
2007-11-30,41.0233334286,42.3666666667,38.6085712857,40.0699998095,14166047.619,40.0699998095
2007-12-31,41.53950005,42.4934997,40.3375003,41.415,3735420.0,41.415
2008-01-31,30.68399985,32.05250015,29.2715,30.82850025,7401485.0,30.82850025
2008-02-29,30.47999985,31.08199985,29.38249985,30.0035004,7043340.0,30.0035004
2008-03-31,19.691579,20.3015788947,18.6805262632,19.2657895263,6434942.10526,19.2657895263
2008-04-30,13.9518182273,14.4077271818,13.4245454091,13.7804545909,9868645.45455,13.7804545909
2008-05-31,10.9557142857,11.1295238095,10.6080952381,10.8061904762,6831971.42857,10.8061904762
2008-06-30,9.27095238095,9.45666666667,9.00571428571,9.18571428571,5208257.14286,9.18238095238
2008-07-31,7.38954545455,7.70636363636,7.03272727273,7.36454545455,5952054.54545,7.36454545455
2008-08-31,4.40714285714,4.56285714286,4.25142857143,4.39142857143,4677280.95238,4.39142857143
2008-09-30,4.2335,4.442,4.0455,4.2245,3248445.0,4.2245
2008-10-31,2.34869565217,2.4952173913,2.13217391304,2.28217391304,2196847.82609,2.28217391304
2008-11-30,1.70947368421,1.83,1.53947368421,1.67421052632,3680157.89474,1.67421052632
2008-12-31,1.39380952381,1.49333333333,1.30380952381,1.4019047619,1447219.04762,1.4019047619
2009-01-31,1.2975,1.365,1.222,1.2965,1041725.0,1.2965
2009-02-28,1.25210526316,1.31684210526,1.18,1.24052631579,1284147.36842,1.24052631579
2009-03-31,1.22090909091,1.285,1.16090909091,1.22954545455,1236531.81818,1.22954545455
2009-04-30,1.866,2.0165,1.761,1.908,2452725.0,1.908
2009-05-31,2.702,2.8905,2.5225,2.714,3704940.0,2.714
2009-06-30,3.41909090909,3.63636363636,3.28545454545,3.455,3045922.72727,3.455
2009-07-31,3.18428571429,3.32238095238,3.07571428571,3.21666666667,1824085.71429,3.21666666667
2009-08-31,5.91571428571,6.26238095238,5.71095238095,5.9980952381,6089080.95238,5.9980952381
2009-09-30,6.64619047619,6.82714285714,6.45857142857,6.65761904762,2855138.09524,6.65761904762
2009-10-31,7.10857142857,7.35523809524,6.89476190476,7.07857142857,3627438.09524,7.07857142857
2009-11-30,5.726,5.8945,5.4855,5.699,4101345.0,5.699
2009-12-31,5.55681818182,5.66272727273,5.45136363636,5.59272727273,1748618.18182,5.59272727273
2010-01-31,6.75888888889,6.99666666667,6.625,6.84055555556,3653277.77778,6.84055555556
2010-02-28,7.46894736842,7.62842105263,7.27210526316,7.48947368421,3059200.0,7.48947368421
2010-03-31,7.7752173913,8.00260869565,7.63565217391,7.83826086957,2598773.91304,7.83826086957
2010-04-30,9.7525,9.995,9.4915,9.756,3690840.0,9.756
2010-05-31,9.9945,10.357,9.6325,10.004,4238520.0,10.004
2010-06-30,10.8554545455,11.1490909091,10.5713636364,10.8559090909,2857122.72727,10.8559090909
2010-07-31,10.9819047619,11.2919047619,10.6971428571,11.0604761905,2833028.57143,11.02
2010-08-31,12.8486363636,13.0613636364,12.4813636364,12.7772727273,3474872.72727,12.7772727273
2010-09-30,12.2285714286,12.5066666667,11.8,12.1647619048,6799795.2381,12.1647619048
2010-10-31,13.9345,14.197,13.6345,13.921,2775635.0,13.921
2010-11-30,15.7133333333,16.1271427619,15.494762,15.9047618571,3112433.33333,15.9047618571
2010-12-31,17.8559091364,18.127273,17.5545455455,17.8204545909,2110531.81818,17.8204545909
2011-01-31,16.6047368947,16.8973685789,16.2489473684,16.5821052632,2392184.21053,16.5821052632
2011-02-28,17.6400001053,17.9689473158,17.3294738421,17.7005265789,1861863.15789,17.7005265789
2011-03-31,17.5769566087,17.8826085652,17.2747826522,17.6073912609,2307443.47826,17.6073912609
2011-04-30,19.164,19.49300015,18.8605002,19.26050015,2173370.0,19.23050015
2011-05-31,21.5042857619,21.921428381,21.189047619,21.5990478571,2031104.7619,21.5990478571
2011-06-30,23.1414284762,23.7166667143,22.8233334762,23.2333331905,2417833.33333,23.2333331905
2011-07-31,27.25549995,27.8944998,26.85949985,27.4244999,2712790.0,27.4244999
2011-08-31,27.7226087826,28.5699999565,26.572173913,27.565651913,3412756.52174,27.565651913
2011-09-30,26.75550015,27.49900015,25.8679999,26.58649975,2519375.0,26.58649975
2011-10-31,21.0747618095,21.7638096667,20.4700000952,21.1528570952,5468285.71429,21.1528570952
2011-11-30,16.5690475238,16.8990474286,16.1480952381,16.4895238095,2391409.52381,16.4895238095
2011-12-31,15.3805,15.6400002,15.00200005,15.26750005,2169875.0,15.26750005
2012-01-31,17.66700015,18.12349995,17.3735,17.80299985,2994865.0,17.80299985
2012-02-29,20.0985,20.5119999,19.8285,20.16150015,2412455.0,20.16150015
2012-03-31,19.8961904762,20.3000001429,19.5985713333,19.92,1908619.04762,19.92
2012-04-30,21.06100015,21.4485,20.66949975,21.0380001,2197745.0,21.0380001
2012-05-31,17.6242857143,17.9480953333,17.121428381,17.4704762381,2331971.42857,17.4704762381
2012-06-30,16.0947619524,16.3066663333,15.7680951429,16.0376190476,1306752.38095,16.0376190476
2012-07-31,15.1171428095,15.4647619524,14.6980952381,15.0538094762,2518509.52381,15.0538094762
2012-08-31,16.6881816364,17.0036362727,16.4713634545,16.7695455,1585709.09091,16.7695455
2012-09-30,17.5173684737,17.7415787368,17.1863158947,17.4526315789,1613857.89474,17.4526315789
2012-10-31,15.7733334762,15.9747619048,15.4823810476,15.6666667143,2125557.14286,15.6666667143
2012-11-30,12.634,12.8235,12.426,12.6085,2123295.0,12.6085
2012-12-31,13.752,13.97,13.5345,13.7725,1578220.0,13.7725
2013-01-31,14.959047619,15.2166666667,14.7652380952,14.9842857143,2197390.47619,14.9842857143
2013-02-28,15.0615789474,15.2768421053,14.8757894737,15.0410526316,1958126.31579,15.0410526316
2013-03-31,15.46800005,15.6440001,15.24600005,15.43199995,1472625.0,15.39949995
2013-04-30,15.3086364091,15.5604545455,15.0540909091,15.3609090909,1815963.63636,15.3609090909
2013-05-31,16.7872725,17.0340908636,16.6399999545,16.8640908182,1171463.63636,16.8640908182
2013-06-30,16.4678944211,16.6484211579,16.2352632105,16.4247368421,928852.631579,16.4247368421
2013-07-31,16.2059093636,16.4313636364,16.0254543182,16.2245455455,2077977.27273,16.2245455455
2013-08-31,13.6027272727,13.8377272727,13.4890909091,13.6277272727,1456086.36364,13.6277272727
2013-09-30,13.5626315789,13.7668421053,13.4442105263,13.6010526316,1266626.31579,13.6010526316
2013-10-31,13.4252173913,13.5895652174,13.2682608696,13.4143478261,1333626.08696,13.4143478261
2013-11-30,13.0535,13.296,12.901,13.1105,1933200.0,13.1105
2013-12-31,13.4005,13.5745,13.2285,13.42449995,2036180.0,13.42449995
2014-01-31,15.4290475714,15.6295237619,15.22,15.4071428571,1588209.52381,15.4071428571
2014-02-28,15.3,15.4936842632,15.0594736842,15.2631578947,1361226.31579,15.2631578947
2014-03-31,15.2365,15.403,15.05,15.238,930570.0,15.238
2014-04-30,14.9538095238,15.0871428571,14.6938095238,14.8957142857,1129104.7619,14.8957142857
2014-05-31,14.9261904762,15.1071428571,14.7357142857,14.9228571429,1168366.66667,14.9228571429
2014-06-30,14.8457142857,15.0138095238,14.6942857143,14.8704761905,931838.095238,14.8704761905
2014-07-31,15.3813635909,15.5550000455,15.2031817727,15.3904545,1253531.81818,15.3904545
2014-08-31,15.761428619,15.8952381429,15.6071428571,15.7319048095,851076.190476,15.7319048095
2014-09-30,13.9366666667,14.0523809524,13.7385714286,13.8480952381,1178452.38095,13.8480952381
2014-10-31,12.1127272727,12.2936363636,11.9077272727,12.0995454545,1098695.45455,12.0995454545
2014-11-30,12.4952631579,12.6368421053,12.3842105263,12.5436842105,808042.105263,12.5436842105
2014-12-31,12.5945454545,12.7263636364,12.4195454545,12.5236363636,865195.454545,12.5236363636
2015-01-31,11.2636842105,11.3884210526,11.0636842105,11.1826315789,1042384.21053,11.1826315789
2015-02-28,10.6705263158,10.8515789474,10.5373684211,10.7010526316,1110163.15789,10.7010526316
2015-03-31,11.6568181818,11.8468181818,11.4986363636,11.6768181818,1375950.0,11.6768181818
2015-04-30,12.467,12.654,12.357,12.549,974350.0,12.549
2015-05-31,14.6515,14.9045,14.4365,14.7095,1736065.0,14.7095
2015-06-30,15.1127272727,15.2777272727,14.9486363636,15.1009090909,1253968.18182,15.1009090909
2015-07-31,14.5431818182,14.8204545455,14.3531818182,14.6145454545,1272954.54545,14.6145454545
2015-08-31,14.686,15.0115,14.386,14.65,1389900.0,14.65
2015-09-30,14.2147619048,14.4776190476,13.9504761905,14.209047619,1189766.66667,14.209047619
2015-10-31,11.2595454545,11.4845454545,10.9827272727,11.1954545455,1344895.45455,11.1954545455
2015-11-30,10.2194736842,10.4547368421,10.0005263158,10.2889473684,1314026.31579,10.2889473684
2015-12-31,10.7763636364,10.9563636364,10.5677272727,10.7340909091,864104.545455,10.7340909091
2016-01-31,9.05210526316,9.31684210526,8.80263157895,9.01578947368,965021.052632,9.01578947368
2016-02-29,9.28631578947,9.55736842105,9.06263157895,9.33947368421,795489.473684,9.33947368421
2016-03-31,9.53363636364,9.77909090909,9.27454545455,9.55318181818,1013345.45455,9.55318181818
2016-04-30,9.3419047619,9.49333333333,9.12,9.27238095238,673042.857143,9.27238095238
2016-05-31,9.0065,9.2825,8.836,9.069,1449975.0,9.069
2016-06-30,10.5977272727,10.8359090909,10.45,10.6977272727,798686.363636,10.6977272727
2016-07-31,11.667,11.8635,11.4925,11.6655,691390.0,11.6655
2016-08-31,9.634,9.972,9.36,9.532,2844340.0,9.532
