Date,Open,High,Low,Close,Volume,Adj Close
2004-03-31,14.59,14.59,13.9,14.0,2041200.0,14.0
2004-04-30,14.4742857619,14.6766667143,14.2352380952,14.4114285714,128252.380952,14.4114285714
2004-05-31,14.3015789474,14.6147367895,13.8547368421,14.1789473684,80321.0526316,14.1789473684
2004-06-30,12.6933333333,12.9480952381,12.3571428571,12.6485714286,37047.6190476,12.6485714286
2004-07-31,13.3757142857,13.6042857143,13.1452380952,13.3276190476,12085.7142857,13.3276190476
2004-08-31,12.8290909091,12.9259090909,12.1363636364,12.3845454545,31622.7272727,12.3845454545
2004-09-30,11.9275,12.0475,11.5605,11.7375,39540.0,11.7375
2004-10-31,10.5466666667,10.8980952381,10.3366666667,10.6266666667,47404.7619048,10.6266666667
2004-11-30,11.3771428571,11.7580952381,11.030952381,11.4785714286,117280.952381,11.4785714286
2004-12-31,12.4713636364,12.7822727273,12.1613636364,12.5618181818,48795.4545455,12.5618181818
2005-01-31,12.9610526316,13.2694736842,12.6636842105,13.0910526316,69500.0,13.0910526316
2005-02-28,16.4957895789,16.9142106842,16.1042104737,16.618421,247610.526316,16.618421
2005-03-31,18.2981818182,18.7590908182,17.9713636818,18.4804544091,116804.545455,18.4804544091
2005-04-30,18.2649999,18.552,17.74449995,18.1305,120805.0,18.1305
2005-05-31,15.97,16.3785714762,15.5166666667,15.9209523333,144519.047619,15.9209523333
2005-06-30,16.4440908636,16.7490908636,16.0863635,16.4854545455,82090.9090909,16.4854545455
2005-07-31,17.69699965,18.25700015,17.40749995,17.8760001,194720.0,17.09800015
2005-08-31,22.3356522174,22.9495651739,21.741738913,22.3647825652,606965.217391,22.3647825652
2005-09-30,24.5914998,25.1165001,24.07699985,24.60549995,286135.0,24.60549995
2005-10-31,24.9014286667,25.4623809048,24.1866664286,24.8966667143,227200.0,24.8966667143
2005-11-30,36.1676189048,36.9738099524,35.2052384762,36.1657142857,712733.333333,36.1657142857
2005-12-31,34.0974998,34.8060002,32.46399985,33.28850005,1446790.0,33.28850005
2006-01-31,26.20699995,26.8624999,25.75750035,26.382,286150.0,26.382
2006-02-28,27.9826314737,28.5689472632,27.4057893158,28.0900001579,512300.0,28.0900001579
2006-03-31,27.226818,27.7163636364,26.7736362273,27.2545455909,166036.363636,27.2545455909
2006-04-30,26.0557892105,26.4636842105,25.6210525789,26.0036841579,151963.157895,26.0036841579
2006-05-31,21.7522728182,22.0477272727,20.9522726818,21.3295455455,300600.0,21.3295455455
2006-06-30,21.5733335238,22.0676190952,21.0109522381,21.4357141905,685276.190476,21.4357141905
2006-07-31,20.40899985,20.8185,20.11850025,20.5225002,161550.0,20.5225002
2006-08-31,23.6765218696,24.2426087391,23.2008696087,23.6739130435,242295.652174,23.6739130435
2006-09-30,24.6763157895,25.1278947895,24.3394734737,24.7999999474,183373.684211,24.7999999474
2006-10-31,26.6786363636,27.1536363182,26.2263635,26.7772725909,194363.636364,26.7772725909
2006-11-30,28.1409525238,28.7123809048,27.5490473333,28.185714,216466.666667,28.185714
2006-12-31,27.2063158947,27.5373686842,26.6968421053,27.1831581053,190705.263158,27.1831581053
2007-01-31,27.8265,28.23500015,27.47500005,27.9305001,160325.0,27.9305001
2007-02-28,35.2805262632,35.8805263158,34.6863156842,35.4278952632,368636.842105,35.4278952632
2007-03-31,34.0504764762,34.5223811429,33.6766662857,34.0809524762,182338.095238,34.0809524762
2007-04-30,28.98900025,29.5824999,28.4465001,29.08000015,969630.0,29.08000015
2007-05-31,26.3552383333,26.9209524286,25.9995238095,26.5900000476,571661.904762,26.5900000476
2007-06-30,24.8042855238,25.2761905238,24.4028570476,24.7857142381,300800.0,24.7857142381
2007-07-31,24.4504760476,24.7185716667,24.1138093333,24.4076192381,234238.095238,24.4076192381
2007-08-31,22.0386365455,22.4868180455,21.4745455,21.9440910455,328045.454545,21.9440910455
2007-09-30,24.5063160526,25.0352631579,24.2568418947,24.722105,234326.315789,24.722105
2007-10-31,25.7626086957,26.0960871304,25.343478,25.6943478261,197652.173913,25.6943478261
2007-11-30,16.75299985,17.0809999,16.3089999,16.5709999,340985.0,16.5709999
2007-12-31,15.5195,15.86049985,15.2205001,15.537,251265.0,15.537
2008-01-31,14.1257142857,14.4842857619,13.6728571429,13.9871428571,227852.380952,13.9871428571
2008-02-29,12.4226315789,12.7021052632,12.1636842105,12.4115789474,253273.684211,12.4115789474
2008-03-31,12.918,13.252,12.704,12.947,187525.0,12.947
2008-04-30,12.9718181818,13.2159090909,12.68,12.9440909091,114259.090909,12.9440909091
2008-05-31,11.435,11.5845,11.155,11.333,197730.0,11.333
2008-06-30,9.74047619048,9.88714285714,9.59857142857,9.69,231676.190476,9.69
2008-07-31,9.70909090909,9.88772727273,9.51409090909,9.735,104377.272727,9.735
2008-08-31,11.443,11.7105,11.2115,11.482,133065.0,11.482
2008-09-30,11.2642857143,11.5428571429,11.030952381,11.2980952381,103904.761905,11.2980952381
2008-10-31,9.35217391304,9.64391304348,8.9952173913,9.29695652174,117552.173913,9.29695652174
2008-11-30,8.15842105263,8.43894736842,7.96736842105,8.24,96284.2105263,8.24
2008-12-31,8.47904761905,8.76904761905,8.13761904762,8.50952380952,50052.3809524,8.50952380952
2009-01-31,7.676,7.927,7.4245,7.634,50105.0,7.634
2009-02-28,6.38105263158,6.57789473684,6.26263157895,6.40631578947,98600.0,6.40631578947
2009-03-31,6.10818181818,6.26272727273,6.00363636364,6.13227272727,33768.1818182,6.11454545455
2009-04-30,6.55523809524,6.65428571429,6.40619047619,6.5380952381,69861.9047619,6.5380952381
2009-05-31,7.253,7.513,7.111,7.382,105960.0,7.382
2009-06-30,8.365,8.62363636364,8.08636363636,8.39909090909,173204.545455,8.39909090909
2009-07-31,8.41285714286,8.5519047619,8.18285714286,8.39333333333,72861.9047619,8.39333333333
2009-08-31,8.83952380952,9.02333333333,8.66238095238,8.85476190476,61380.952381,8.85476190476
2009-09-30,8.90904761905,9.03857142857,8.76333333333,8.89619047619,52938.0952381,8.89619047619
2009-10-31,8.89090909091,9.00090909091,8.78318181818,8.91181818182,64572.7272727,8.91181818182
2009-11-30,9.13105263158,9.30526315789,8.98368421053,9.17052631579,53610.5263158,9.17052631579
2009-12-31,8.27681818182,8.42272727273,8.12,8.25727272727,50495.4545455,8.25727272727
2010-01-31,8.73789473684,8.91631578947,8.60157894737,8.75842105263,53021.0526316,8.75842105263
2010-02-28,9.15842105263,9.29578947368,8.97684210526,9.19684210526,62078.9473684,9.19684210526
2010-03-31,10.4147826087,10.5904347826,10.2591304348,10.4752173913,69104.3478261,10.4730434783
2010-04-30,11.2419047619,11.4466666667,11.100952381,11.2971428571,77614.2857143,11.2971428571
2010-05-31,9.9385,10.0825,9.6065,9.8095,76860.0,9.8095
2010-06-30,9.2480952381,9.48428571429,9.05714285714,9.23095238095,77442.8571429,9.23095238095
2010-07-31,8.18285714286,8.30095238095,7.99333333333,8.09952380952,73200.0,8.09952380952
2010-08-31,7.21590909091,7.31954545455,7.10727272727,7.20090909091,63118.1818182,7.20090909091
2010-09-30,7.43571428571,7.57714285714,7.25476190476,7.46428571429,45228.5714286,7.46428571429
2010-10-31,7.5485,7.634,7.406,7.484,44385.0,7.484
2010-11-30,7.18761904762,7.29238095238,7.10761904762,7.2019047619,78928.5714286,7.2019047619
2010-12-31,7.93590909091,8.06409090909,7.83954545455,7.97772727273,53122.7272727,7.97772727273
2011-01-31,8.56526315789,8.69947368421,8.40526315789,8.55,31605.2631579,8.55
2011-02-28,8.97315789474,9.16105263158,8.89105263158,9.05578947368,111073.684211,9.05578947368
2011-03-31,9.08217391304,9.23869565217,8.89913043478,9.05347826087,44365.2173913,9.05347826087
2011-04-30,8.5865,8.7695,8.478,8.581,83645.0,8.581
2011-05-31,8.881,9.0195,8.7445,8.918,51555.0,8.918
2011-06-30,8.15045454545,8.30772727273,7.97318181818,8.12545454545,159504.545455,8.12545454545
2011-07-31,8.484,8.6025,8.3885,8.4815,52410.0,8.4815
2011-08-31,7.94045454545,8.11181818182,7.72727272727,7.94227272727,84286.3636364,7.94227272727
2011-09-30,7.5680952381,7.72904761905,7.34857142857,7.5419047619,38942.8571429,7.5419047619
2011-10-31,7.16952380952,7.27428571429,7.05904761905,7.15285714286,21609.5238095,7.15285714286
2011-11-30,7.54380952381,7.62952380952,7.42476190476,7.53761904762,37590.4761905,7.53761904762
2011-12-31,7.289,7.3925,7.116,7.2545,105930.0,7.2545
2012-01-31,7.974,8.1325,7.796,7.9995,47005.0,7.9995
2012-02-29,8.5575,8.7705,8.4085,8.6145,53790.0,8.6145
2012-03-31,9.21954545455,9.32409090909,9.07090909091,9.17909090909,52440.9090909,9.17909090909
2012-04-30,8.66894736842,8.80315789474,8.56578947368,8.67,28705.2631579,8.67
2012-05-31,7.79045454545,7.99,7.53318181818,7.74818181818,41150.0,7.74818181818
2012-06-30,6.81571428571,6.98761904762,6.70047619048,6.82238095238,29066.6666667,6.82238095238
2012-07-31,7.04047619048,7.17,6.88714285714,7.02380952381,28714.2857143,7.02380952381
2012-08-31,7.14636363636,7.37909090909,7.02363636364,7.17636363636,36195.4545455,7.17636363636
2012-09-30,7.16105263158,7.29894736842,7.06736842105,7.17421052632,40842.1052632,7.17421052632
2012-10-31,7.74238095238,7.86380952381,7.65666666667,7.75428571429,60400.0,7.75428571429
2012-11-30,8.4175,8.58,8.2545,8.46,70995.0,8.46
2012-12-31,9.1445,9.276,8.898,9.121,57335.0,9.121
2013-01-31,9.6619047619,9.93333333333,9.54666666667,9.80619047619,85728.5714286,9.80619047619
2013-02-28,11.8952631579,12.1852631579,11.6452631579,11.9757894737,214257.894737,11.9757894737
2013-03-31,12.5163157895,12.8289473684,12.3147368421,12.6010526316,74805.2631579,12.6010526316
2013-04-30,12.1859090909,12.3854545455,11.9104545455,12.105,95190.9090909,12.105
2013-05-31,9.73363636364,10.0227272727,9.53954545455,9.75863636364,195113.636364,9.75863636364
2013-06-30,8.94421052632,9.07368421053,8.72789473684,8.90473684211,216894.736842,8.90473684211
2013-07-31,9.42363636364,9.56545454545,9.29636363636,9.455,80763.6363636,9.455
2013-08-31,9.445,9.64590909091,9.31045454545,9.45590909091,138354.545455,9.45590909091
2013-09-30,9.461,9.5575,9.3265,9.4305,95705.0,9.4305
2013-10-31,9.55454545455,9.70454545455,9.44227272727,9.60545454545,54577.2727273,9.60545454545
2013-11-30,9.127,9.306,8.997,9.1525,127685.0,9.1525
2013-12-31,9.40714285714,9.58047619048,9.25095238095,9.43428571429,75257.1428571,9.43428571429
2014-01-31,9.765,9.8645,9.614,9.748,50485.0,9.748
2014-02-28,9.94105263158,10.1442105263,9.82578947368,10.0157894737,115942.105263,10.0157894737
2014-03-31,10.7447619048,10.9104761905,10.58,10.7714285714,79023.8095238,10.7714285714
2014-04-30,10.9904761905,11.0938095238,10.7761904762,10.9328571429,75133.3333333,10.9328571429
2014-05-31,9.8915,10.131,9.7255,9.9565,105175.0,9.9565
2014-06-30,9.51714285714,9.70285714286,9.37047619048,9.55666666667,183514.285714,9.55666666667
2014-07-31,10.0872727273,10.2090909091,9.91409090909,10.0795454545,50990.9090909,10.0795454545
2014-08-31,9.515,9.7165,9.381,9.5885,48600.0,9.5885
2014-09-30,10.0652380952,10.2066666667,9.95333333333,10.1071428571,37723.8095238,10.1071428571
2014-10-31,10.117826087,10.3243478261,9.98695652174,10.1682608696,32782.6086957,10.1682608696
2014-11-30,10.4436842105,10.57,10.2505263158,10.4378947368,26868.4210526,10.4378947368
2014-12-31,9.97714285714,10.1619047619,9.87476190476,10.0,34485.7142857,10.0
2015-01-31,12.7835,13.02,12.5595,12.825,60165.0,12.825
2015-02-28,12.6126315789,12.9263157895,12.3710526316,12.7689473684,52663.1578947,12.7689473684
2015-03-31,13.4523809524,13.7014285714,13.1833333333,13.4576190476,72114.2857143,13.4576190476
2015-04-30,13.5523809524,13.7614285714,13.420952381,13.5833333333,46923.8095238,13.5833333333
2015-05-31,14.268,14.5305,14.093,14.3125,81500.0,14.3125
2015-06-30,14.9704545455,15.2045455,14.7590909091,14.9486363636,184509.090909,14.9486363636
2015-07-31,15.2866666667,15.4404761905,15.1019047619,15.2323809524,66561.9047619,15.2323809524
2015-08-31,14.6938095238,14.9142857143,14.470952381,14.6776190476,105728.571429,14.6776190476
2015-09-30,14.6852380952,14.8761904762,14.4438095238,14.6276190476,61419.047619,14.6276190476
2015-10-31,13.8014285714,14.0295238095,13.4919047619,13.78,43171.4285714,13.78
2015-11-30,13.8035,13.9995,13.4975,13.807,43140.0,13.807
2015-12-31,13.0918181818,13.3090909091,12.8281818182,13.0386363636,57918.1818182,13.0386363636
2016-01-31,11.3172222222,11.5322222222,11.0583333333,11.2755555556,56027.7777778,11.2755555556
2016-02-29,11.0895,11.3085,10.8595,11.079,52020.0,11.079
2016-03-31,11.705,11.955,11.4222727273,11.68,74750.0,11.68
2016-04-30,11.6376190476,11.8257142857,11.3928571429,11.6095238095,46909.5238095,11.6095238095
2016-05-31,10.6323809524,10.8628571429,10.4438095238,10.619047619,63180.952381,10.6161904762
2016-06-30,10.6381818182,10.9172727273,10.4877272727,10.6963636364,49950.0,10.6963636364
2016-07-31,10.9175,11.0125,10.794,10.876,25880.0,10.876
2016-08-31,10.896,11.182,10.744,11.006,94140.0,11.006
