Date,Open,High,Low,Close,Volume,Adj Close
1999-11-30,0.179687,0.3375,0.134375,0.2375,22070.0,0.1858439
1999-12-31,0.181819090909,0.205967272727,0.146307272727,0.164772727273,43240.9090909,0.128934909091
2000-01-31,0.221875,0.2375005,0.217968,0.2273435,53710.0,0.1778962
2000-02-29,0.2078105,0.2218735,0.1999985,0.210154,20800.0,0.1644453
2000-03-31,0.242895909091,0.262074090909,0.230822272727,0.257812727273,34563.6363636,0.201738454545
2000-04-30,0.217926842105,0.225327894737,0.209703684211,0.217926315789,19226.3157895,0.170527315789
2000-05-31,0.272727272727,0.290483181818,0.237214090909,0.257811363636,8290.90909091,0.201737318182
2000-06-30,0.325993636364,0.356534090909,0.304686818182,0.348721363636,2245.45454545,0.272874227273
2000-07-31,0.2960925,0.334374,0.289061,0.3140615,7880.0,0.245753
2000-08-31,0.399456521739,0.411005652174,0.371603043478,0.380434782609,15834.7826087,0.29769026087
2000-09-30,0.371711052632,0.403783684211,0.361842631579,0.383223684211,21731.5789474,0.299872684211
2000-10-31,0.278409090909,0.306818636364,0.270596363636,0.289062727273,15786.3636364,0.2261915
2000-11-30,0.519345238095,0.556547619048,0.491071428571,0.534226190476,22176.1904762,0.418031952381
2000-12-31,0.713281,0.8031245,0.672656,0.770312,41405.0,0.60276915
2001-01-31,1.1625,1.23125,1.1039065,1.1578125,60880.0,0.90598845
2001-02-28,1.35608526316,1.38651368421,1.29111842105,1.33963789474,50542.1052632,1.04826678947
2001-03-31,1.07386318182,1.11292545455,1.04403363636,1.09445954545,3350.0,0.856414954545
2001-04-30,0.6595,0.6825,0.626625,0.649125,6870.0,0.50794035
2001-05-31,0.819545454545,0.845909090909,0.780454545455,0.796818181818,8636.36363636,0.623510227273
2001-06-30,0.7355,0.781,0.697,0.7525,16615.0,0.58883125
2001-07-31,0.626666666667,0.674761904762,0.59380952381,0.650476190476,4314.28571429,0.508997619048
2001-08-31,0.43652173913,0.462173913043,0.407391304348,0.43652173913,12939.1304348,0.34157826087
2001-09-30,0.384666666667,0.444,0.364,0.437333333333,1760.0,0.342213333333
2001-10-31,0.424347826087,0.468695652174,0.376956521739,0.426956521739,29326.0869565,0.334093478261
2001-11-30,0.393333333333,0.43,0.358571428571,0.389047619048,26361.9047619,0.304429761905
2001-12-31,0.296315789474,0.324210526316,0.273684210526,0.304210526316,9557.89473684,0.238044736842
2002-01-31,0.340952380952,0.360952380952,0.321904761905,0.336666666667,10147.6190476,0.263441666667
2002-02-28,0.342105263158,0.353157894737,0.34,0.346842105263,6536.84210526,0.271403947368
2002-03-31,0.246,0.2545,0.227,0.235,35130.0,0.1838875
2002-04-30,0.152727272727,0.166818181818,0.141818181818,0.156818181818,48545.4545455,0.122710227273
2002-05-31,0.139090909091,0.151818181818,0.132272727273,0.147727272727,34886.3636364,0.115596590909
2002-06-30,0.215263157895,0.217368421053,0.203157894737,0.21,12710.5263158,0.164325
2002-07-31,0.252272727273,0.259545454545,0.248636363636,0.255909090909,9627.27272727,0.200248863636
2002-08-31,0.283181818182,0.290909090909,0.280909090909,0.285454545455,3204.54545455,0.223368181818
2002-09-30,0.3695,0.3805,0.3635,0.3805,4620.0,0.29774125
2002-10-31,0.380434782609,0.396956521739,0.371739130435,0.376956521739,9043.47826087,0.294968478261
2002-11-30,0.345,0.354,0.3385,0.3455,6750.0,0.27035375
2002-12-31,0.243333333333,0.248095238095,0.234285714286,0.241428571429,25347.6190476,0.188917857143
2003-01-31,0.201,0.207,0.201,0.2045,4810.0,0.16002125
2003-02-28,0.174736842105,0.175263157895,0.174210526316,0.175263157895,773.684210526,0.137143421053
2003-03-31,0.18,0.181428571429,0.179047619048,0.18,5695.23809524,0.14085
2003-04-30,0.219047619048,0.23,0.219047619048,0.23,1842.85714286,0.179975
2003-05-31,0.222857142857,0.22619047619,0.211428571429,0.21380952381,2076.19047619,0.167305952381
2003-06-30,0.268095238095,0.279047619048,0.265714285714,0.27619047619,6047.61904762,0.216119047619
2003-07-31,0.249090909091,0.256363636364,0.245909090909,0.256363636364,1195.45454545,0.200604545455
2003-08-31,0.180952380952,0.187619047619,0.180952380952,0.187619047619,4528.57142857,0.146811904762
2003-09-30,0.220476190476,0.230476190476,0.211904761905,0.218095238095,1676.19047619,0.17065952381
2003-10-31,0.192727272727,0.196363636364,0.187727272727,0.192272727273,7809.09090909,0.150453409091
2003-11-30,0.211052631579,0.216842105263,0.208421052632,0.212631578947,3000.0,0.166384210526
2003-12-31,0.192727272727,0.204545454545,0.183181818182,0.193181818182,10672.7272727,0.151164772727
2004-01-31,0.562,0.662,0.518,0.594,85955.0,0.464805
2004-02-29,0.915263157895,0.960526315789,0.875789473684,0.915789473684,35021.0526316,0.716605263158
2004-03-31,0.867391304348,0.98,0.789565217391,0.902173913043,195773.913043,0.705947826087
2004-04-30,1.80666666667,1.89857142857,1.71523809524,1.80857142857,103728.571429,1.41520714286
2004-05-31,1.5385,1.658,1.4625,1.562,36545.0,1.222265
2004-06-30,1.73238095238,1.81,1.68380952381,1.7419047619,53109.5238095,1.36304047619
2004-07-31,2.358,2.4335,2.2705,2.3725,90355.0,1.85648125
2004-08-31,3.05318181818,3.165,2.95363636364,3.06545454545,53677.2727273,2.3987185
2004-09-30,3.82666666667,3.95142857143,3.70761904762,3.85904761905,52576.1904762,3.01970552381
2004-10-31,3.99,4.0915,3.881,4.0285,40670.0,3.15230205
2004-11-30,3.66238095238,3.78761904762,3.52904761905,3.70285714286,43361.9047619,2.89748638095
2004-12-31,4.47318181818,4.59909090909,4.36045454545,4.53409090909,61586.3636364,3.54792713636
2005-01-31,4.705,4.8245,4.5775,4.7445,22955.0,3.71257225
2005-02-28,4.74055555556,4.85388888889,4.585,4.76388888889,18877.7777778,3.72774405556
2005-03-31,4.82545454545,4.975,4.685,4.85590909091,46204.5454545,3.79974986364
2005-04-30,4.35666666667,4.41857142857,4.19,4.34333333333,24719.047619,3.39865928571
2005-05-31,4.00666666667,4.17666666667,3.8880952381,4.05333333333,25133.3333333,3.17173404762
2005-06-30,4.50285714286,4.57285714286,4.35761904762,4.49095238095,9271.42857143,3.51417114286
2005-07-31,4.179,4.248,4.119,4.169,9725.0,3.26224345
2005-08-31,4.26260869565,4.39347826087,4.20695652174,4.31043478261,31126.0869565,3.37291617391
2005-09-30,4.46142857143,4.56380952381,4.37428571429,4.52476190476,11919.047619,3.54062719048
2005-10-31,4.137,4.1945,4.076,4.1535,10115.0,3.2501146
2005-11-30,4.79904761905,4.94714285714,4.67333333333,4.85380952381,40257.1428571,3.79810690476
2005-12-31,5.45047619048,5.52285714286,5.39571428571,5.44619047619,26814.2857143,4.26164504762
2006-01-31,6.091,6.2605,6.004,6.162,34765.0,4.821766
2006-02-28,6.93444444444,7.085,6.84111111111,6.97833333333,27638.8888889,5.46054683333
2006-03-31,7.56739130435,7.72434782609,7.4652173913,7.63043478261,36182.6086957,5.97081626087
2006-04-30,10.7052631579,11.0447368421,10.5121052632,10.8257894737,76368.4210526,8.47118189474
2006-05-31,13.6733333333,14.1952381429,13.2214285714,13.8176190476,120909.52381,10.8122888571
2006-06-30,15.7627272727,16.13,15.0518181818,15.6531818182,138272.727273,12.248617
2006-07-31,15.1875,15.58150005,14.862,15.2495,67520.0,11.9327361
2006-08-31,15.4740909545,15.8590909545,15.0927271364,15.5931819091,42886.3636364,12.2016669545
2006-09-30,18.14799975,18.49449995,17.72999985,18.213,53840.0,14.2516751
2006-10-31,18.7877270455,19.2104546364,18.5404546364,18.9363634545,31013.6363636,14.8177072273
2006-11-30,17.64650005,18.0360003,17.24349995,17.66249995,54825.0,13.82090875
2006-12-31,16.1524999,16.3959999,15.81749985,16.0784999,34760.0,12.58142855
2007-01-31,16.2555,16.4530002,15.94150005,16.15699995,26525.0,12.6428549
2007-02-28,16.7050000556,16.8738888333,16.3927777778,16.6450001111,27216.6666667,13.0247151667
2007-03-31,12.5136363636,12.8040909545,12.1695454545,12.4563636364,132227.272727,9.74710659091
2007-04-30,12.83,13.0945,12.4475,12.7605,45165.0,9.98509325
2007-05-31,12.9538095238,13.18,12.6933333333,12.9895238095,34080.952381,10.164304381
2007-06-30,12.3647619048,12.4766666667,12.1628571429,12.3442857143,29276.1904762,9.65940557143
2007-07-31,11.6514285714,11.8419047619,11.3871428571,11.5861904762,38252.3809524,9.06619585714
2007-08-31,10.3445454545,10.6477272727,10.1390909091,10.4104545455,29609.0909091,8.14618236364
2007-09-30,10.4678947368,10.6578947368,10.2584210526,10.4684210526,24068.4210526,8.19154105263
2007-10-31,11.0769565217,11.3086956522,10.7960869565,11.0317391304,23382.6086957,8.63233734783
2007-11-30,11.0235,11.2915,10.7045,10.976,29600.0,8.58872165
2007-12-31,10.9805,11.125,10.835,11.003,18730.0,8.60984925
2008-01-31,10.9476190476,11.1914285714,10.6752380952,11.0166666667,32652.3809524,8.62054338095
2008-02-29,11.8745,12.0465,11.6645,11.9275,11190.0,9.3332706
2008-03-31,10.7721052632,11.1,10.4852631579,10.7173684211,19636.8421053,8.38634231579
2008-04-30,10.6845454545,10.8631818182,10.4609090909,10.6827272727,16527.2727273,8.35923572727
2008-05-31,11.0566666667,11.2733333333,10.8661904762,11.129047619,50338.0952381,8.70848138095
2008-06-30,11.5535,11.7455,11.348,11.5515,21885.0,9.03905055
2008-07-31,10.0059090909,10.1909090909,9.79,10.04,12672.7272727,7.85630159091
2008-08-31,7.76857142857,7.91047619048,7.5119047619,7.66095238095,35680.952381,5.99469638095
2008-09-30,6.24523809524,6.42952380952,5.82428571429,6.08666666667,16600.0,4.76090214286
2008-10-31,3.81173913043,3.95173913043,3.59086956522,3.69043478261,16195.6521739,2.88776604348
2008-11-30,2.88736842105,3.10368421053,2.62842105263,2.85105263158,16389.4736842,2.23094889474
2008-12-31,2.79666666667,2.90619047619,2.62428571429,2.79238095238,8361.9047619,2.1850382381
2009-01-31,3.064,3.1475,2.8385,2.9735,7925.0,2.32676395
2009-02-28,2.64368421053,2.73736842105,2.58263157895,2.68,4321.05263158,2.09710010526
2009-03-31,2.53590909091,2.66772727273,2.42045454545,2.54136363636,34122.7272727,1.98861704545
2009-04-30,2.57857142857,2.65380952381,2.48142857143,2.59095238095,10514.2857143,2.02742033333
2009-05-31,3.08473684211,3.24736842105,2.93052631579,3.08157894737,22284.2105263,2.41133578947
2009-06-30,3.18727272727,3.27318181818,3.09090909091,3.15954545455,4654.54545455,2.4723445
2009-07-31,3.09272727273,3.13954545455,2.98818181818,3.06181818182,3204.54545455,2.39587290909
2009-08-31,4.55476190476,4.75666666667,4.41571428571,4.5980952381,32752.3809524,3.62803628571
2009-09-30,5.54,5.73523809524,5.43761904762,5.64714285714,30895.2380952,4.4780602381
2009-10-31,7.55045454545,7.83318181818,7.35,7.58090909091,43204.5454545,6.04800372727
2009-11-30,7.52,7.66578947368,7.16578947368,7.37947368421,13610.5263158,5.88729984211
2009-12-31,6.55590909091,6.75454545455,6.39863636364,6.58272727273,41040.9090909,5.25783454545
2010-01-31,7.83526315789,7.96894736842,7.65421052632,7.78947368421,8284.21052632,6.26002226316
2010-02-28,6.74947368421,6.88263157895,6.63,6.82631578947,4031.57894737,5.48597905263
2010-03-31,6.68136363636,6.84909090909,6.54454545455,6.725,24595.4545455,5.41025136364
2010-04-30,6.53857142857,6.69333333333,6.4,6.53761904762,15328.5714286,5.29317585714
2010-05-31,5.878,6.067,5.6875,5.9,23120.0,4.77692825
2010-06-30,5.48095238095,5.59761904762,5.33666666667,5.4580952381,7019.04761905,4.42533428571
2010-07-31,4.48380952381,4.5719047619,4.29047619048,4.4019047619,7380.95238095,3.60136995238
2010-08-31,5.16227272727,5.32090909091,5.00727272727,5.15727272727,7695.45454545,4.21936604545
2010-09-30,5.579,5.7255,5.4335,5.6115,9665.0,4.5979643
2010-10-31,5.52571428571,5.57047619048,5.47523809524,5.49428571429,5095.23809524,4.5410002381
2010-11-30,5.11714285714,5.22666666667,4.98380952381,5.06857142857,19580.952381,4.18914957143
2010-12-31,5.19136363636,5.245,5.11,5.20409090909,5777.27272727,4.30764240909
2011-01-31,5.29578947368,5.37578947368,5.22947368421,5.30842105263,2878.94736842,4.43579036842
2011-02-28,5.35684210526,5.43736842105,5.24842105263,5.34368421053,7068.42105263,4.46525673684
2011-03-31,6.5552173913,6.73869565217,6.41739130435,6.61652173913,45547.826087,5.53509386957
2011-04-30,6.8145,6.9235,6.6045,6.783,22765.0,5.71311595
2011-05-31,6.54,6.683,6.4445,6.572,19110.0,5.5353969
2011-06-30,6.83,6.86818181818,6.73818181818,6.79909090909,6550.0,5.73298422727
2011-07-31,6.8545,6.892,6.774,6.834,10555.0,5.8022548
2011-08-31,5.92909090909,6.06045454545,5.71136363636,5.90681818182,28172.7272727,5.01505190909
2011-09-30,6.10714285714,6.24571428571,6.00380952381,6.10904761905,6366.66666667,5.19321542857
2011-10-31,5.78761904762,5.88142857143,5.64619047619,5.77523809524,5266.66666667,4.94672909524
2011-11-30,5.85523809524,5.9480952381,5.68238095238,5.81714285714,13266.6666667,4.98262214286
2011-12-31,5.775,5.8425,5.683,5.747,8285.0,4.92955155
2012-01-31,5.7305,5.8055,5.673,5.747,5595.0,4.9709312
2012-02-29,5.956,6.055,5.922,5.98,3375.0,5.1724673
2012-03-31,5.77772727273,5.86636363636,5.68545454545,5.72090909091,6390.90909091,4.95472590909
2012-04-30,5.10421052632,5.22947368421,4.96894736842,5.12210526316,3200.0,4.47661589474
2012-05-31,5.74954545455,5.80545454545,5.53636363636,5.66863636364,20609.0909091,4.95427309091
2012-06-30,6.29285714286,6.44333333333,6.19238095238,6.33571428571,6457.14285714,5.54395390476
2012-07-31,6.509,6.652,6.414,6.5165,3655.0,5.7425702
2012-08-31,6.1847826087,6.30304347826,6.09043478261,6.20652173913,3678.26086957,5.46940643478
2012-09-30,6.11368421053,6.15684210526,6.01315789474,6.07105263158,1763.15789474,5.35779931579
2012-10-31,5.50047619048,5.58238095238,5.38571428571,5.49380952381,5261.9047619,4.88697295238
2012-11-30,5.274,5.4265,5.151,5.2845,5810.0,4.7007834
2012-12-31,5.1635,5.212,5.032,5.1485,6110.0,4.62267515
2013-01-31,5.27952380952,5.32761904762,5.21238095238,5.24904761905,2947.61904762,4.72076342857
2013-02-28,5.35473684211,5.50473684211,5.27894736842,5.41263157895,5542.10526316,4.86788368421
2013-03-31,5.26894736842,5.39052631579,5.21526315789,5.33578947368,5421.05263158,4.80639705263
2013-04-30,5.00636363636,5.10136363636,4.95363636364,5.04318181818,2240.90909091,4.58246322727
2013-05-31,4.77363636364,4.83181818182,4.73,4.79090909091,4340.90909091,4.35323681818
2013-06-30,4.7195,4.7905,4.651,4.737,5255.0,4.31160715
2013-07-31,4.93047619048,5.01714285714,4.88,4.97476190476,5095.23809524,4.57160809524
2013-08-31,5.37363636364,5.44590909091,5.27590909091,5.36772727273,4931.81818182,4.93272745455
2013-09-30,5.152,5.2145,5.061,5.1055,7870.0,4.69952995
2013-10-31,5.14391304348,5.19217391304,5.10434782609,5.16608695652,1591.30434783,4.79908130435
2013-11-30,4.93,5.0045,4.876,4.955,3880.0,4.5637836
2013-12-31,4.79952380952,4.89523809524,4.72047619048,4.79476190476,5947.61904762,4.46154990476
2014-01-31,5.09333333333,5.17238095238,5.04857142857,5.12047619048,8842.85714286,4.81427290476
2014-02-28,5.28210526316,5.35578947368,5.19263157895,5.28684210526,7436.84210526,4.97069036842
2014-03-31,5.7525,5.87,5.673,5.8,23600.0,5.46104105
2014-04-30,6.54523809524,6.69142857143,6.41761904762,6.59047619048,14357.1428571,6.25312014286
2014-05-31,6.54380952381,6.73857142857,6.28047619048,6.48142857143,15338.0952381,6.14965461905
2014-06-30,7.006,7.206,6.889,7.0695,12565.0,6.71503815
2014-07-31,6.81181818182,6.99545454545,6.62409090909,6.85090909091,8545.45454545,6.54460586364
2014-08-31,8.6480952381,9.11571428571,8.43238095238,8.86428571429,36114.2857143,8.46796480952
2014-09-30,10.4347619048,10.8228571429,10.0442857143,10.39,17647.6190476,9.9307937619
2014-10-31,11.4326086957,11.692173913,10.9695652174,11.4969565217,13308.6956522,11.0434866957
2014-11-30,10.7989473684,11.1921052632,10.3373684211,10.73,29768.4210526,10.3067807895
2014-12-31,9.79590909091,10.0445454545,9.42,9.75727272727,12090.9090909,9.37968263636
2015-01-31,9.277,9.506,8.9755,9.1805,11010.0,8.8717242
2015-02-28,10.0052631579,10.2757894737,9.75894736842,10.0831578947,8331.57894737,9.744022
2015-03-31,12.2666666667,12.5804761905,11.929047619,12.3752380952,7242.85714286,11.966878
2015-04-30,15.6795238571,16.0214286667,15.2533334286,15.7428572381,13671.4285714,15.2770182857
2015-05-31,15.49549995,15.84200035,15.0025,15.40400005,6170.0,14.94818825
2015-06-30,13.0752380952,13.3533333333,12.750952381,12.9771428571,7133.33333333,12.6007509048
2015-07-31,12.3913636364,12.6368181818,12.1586363636,12.4013636364,4072.72727273,12.0852967273
2015-08-31,11.5671428571,12.0204761905,11.1447619048,11.6819047619,8019.04761905,11.3841743333
2015-09-30,10.2445,10.56,10.035,10.3705,5920.0,10.11417785
2015-10-31,9.76272727273,9.96909090909,9.62636363636,9.81545454545,4672.72727273,9.61751036364
2015-11-30,8.982,9.2855,8.7815,9.1245,4340.0,8.9404901
2015-12-31,7.73428571429,8.08761904762,7.52476190476,7.91619047619,6161.9047619,7.76189671429
2016-01-31,8.42,8.61315789474,8.11578947368,8.34105263158,3505.26315789,8.23021394737
2016-02-29,7.489,7.6805,7.3345,7.4685,3505.0,7.36925615
2016-03-31,8.76909090909,8.945,8.54181818182,8.73,1686.36363636,8.62138054545
2016-04-30,8.498,8.618,8.3455,8.5235,2455.0,8.46301065
2016-05-31,8.13857142857,8.21333333333,8.1019047619,8.1519047619,2204.76190476,8.09405271429
2016-06-30,8.13636363636,8.27227272727,8.02363636364,8.20045454545,2068.18181818,8.15020622727
2016-07-31,8.5,8.615,8.4015,8.521,2300.0,8.521
2016-08-31,8.712,8.798,8.566,8.69,5780.0,8.69
