Date,Open,High,Low,Close,Volume,Adj Close
1998-05-31,4.796875,4.859375,4.7421875,4.828125,600.0,4.828125
1998-06-30,4.84659090909,4.88920454545,4.82954545455,4.82954545455,772.727272727,4.82954545455
1998-07-31,6.88068181818,6.95312545455,6.78977272727,6.86221636364,654.545454545,4.56463090909
1998-08-31,9.55506,9.56398857143,9.55506,9.56398857143,561.904761905,4.78199428571
1998-09-30,7.84523809524,7.86011904762,7.84523809524,7.85714285714,523.80952381,3.92857142857
1998-10-31,7.26136363636,7.28409090909,7.26136363636,7.26136363636,200.0,3.63068181818
1998-11-30,6.9375,6.9375,6.9375,6.9375,360.0,3.46875
1998-12-31,7.18181818182,7.24431818182,7.17045454545,7.19886363636,1590.90909091,3.59943181818
1999-01-31,7.92013888889,8.05902777778,7.91319444444,8.05902777778,6500.0,4.02951388889
1999-02-28,7.97203894737,8.15296105263,7.65131368421,7.85197263158,17894.7368421,3.92598631579
1999-03-31,7.28396434783,7.3546173913,7.25407391304,7.29347565217,3252.17391304,3.64673782609
1999-04-30,5.86011809524,5.86011809524,5.75595142857,5.81249904762,1009.52380952,2.90624952381
1999-05-31,4.485938,4.520312,4.434376,4.46875,1120.0,2.234375
1999-06-30,4.89346636364,5.05681818182,4.71733,4.88068181818,1881.81818182,2.44034090909
1999-07-31,4.76785714286,4.91369047619,4.72172571429,4.75595238095,1095.23809524,2.37797619048
1999-08-31,4.20386952381,4.20386952381,4.1681552381,4.17410761905,1066.66666667,2.08705380952
1999-09-30,2.7380952381,2.84077428571,2.73214285714,2.78273809524,1923.80952381,1.39136904762
1999-10-31,2.29910571429,2.37351047619,2.2604152381,2.33184380952,1666.66666667,1.16592190476
1999-11-30,2.68601238095,2.86011904762,2.65476285714,2.73214285714,8609.52380952,1.36607142857
1999-12-31,2.98863636364,3.43181818182,2.65767,2.92471545455,62163.6363636,1.46235772727
2000-01-31,2.345313,2.434376,2.201562,2.309375,6160.0,1.1546875
2000-02-29,2.454688,2.585938,2.354688,2.451563,6970.0,1.2253755
2000-03-31,2.75543478261,2.96467391304,2.58423913043,2.74592434783,16730.4347826,1.37296217391
2000-04-30,2.03865157895,2.10773052632,1.90624947368,2.01315789474,6315.78947368,1.00657894737
2000-05-31,1.45880636364,1.50710181818,1.37073727273,1.47585090909,3418.18181818,0.737925454545
2000-06-30,1.16193181818,1.21022727273,1.12855090909,1.16477272727,3827.27272727,0.582386363636
2000-07-31,1.11875,1.11875,1.11875,1.11875,1330.0,0.559375
2000-08-31,1.13068818182,1.13637,1.12358545455,1.13210818182,1172.72727273,0.566054090909
2000-09-30,1.240628,1.24844,1.240628,1.24844,1520.0,0.62422
2000-10-31,1.40766181818,1.41192363636,1.4034,1.40766181818,690.909090909,0.703830909091
2000-11-30,1.29464285714,1.29464285714,1.28869047619,1.28869047619,1466.66666667,0.644345238095
2000-12-31,0.78125,0.78125,0.7625,0.7625,870.0,0.38125
2001-01-31,0.760417142857,0.769345714286,0.760417142857,0.769345714286,1266.66666667,0.384672857143
2001-02-28,0.866777894737,0.866777894737,0.860198947368,0.860198947368,557.894736842,0.430099473684
2001-03-31,0.751419090909,0.759941818182,0.745737272727,0.75426,3754.54545455,0.37713
2001-04-30,0.664374,0.668874,0.664374,0.668874,410.0,0.334437
2001-05-31,1.00047619048,1.03380952381,1.00047619048,1.02857142857,1219.04761905,0.514285714286
2001-06-30,1.24285714286,1.25285714286,1.23857142857,1.24285714286,2980.95238095,0.621428571429
2001-07-31,1.13666666667,1.14285714286,1.13666666667,1.14285714286,714.285714286,0.571428571429
2001-08-31,1.33347826087,1.33826086957,1.32739130435,1.33217391304,1408.69565217,0.666086956522
2001-09-30,1.23266666667,1.25866666667,1.23266666667,1.25866666667,826.666666667,0.629333333333
2001-10-31,1.00217391304,1.00217391304,1.00217391304,1.00217391304,17.3913043478,0.501086956522
2001-11-30,0.957142857143,0.957142857143,0.957142857143,0.957142857143,76.1904761905,0.478571428571
2001-12-31,0.804,0.8075,0.794,0.7975,1050.0,0.39875
2002-01-31,1.09047619048,1.09238095238,1.0719047619,1.08523809524,1723.80952381,0.542619047619
2002-02-28,1.20578947368,1.21368421053,1.17210526316,1.19789473684,2231.57894737,0.598947368421
2002-03-31,1.23421052632,1.24684210526,1.22315789474,1.24,1705.26315789,0.62
2002-04-30,1.21136363636,1.22227272727,1.19181818182,1.21136363636,1436.36363636,0.605681818182
2002-05-31,1.30409090909,1.32727272727,1.29,1.31181818182,3300.0,0.655909090909
2002-06-30,1.3175,1.333,1.3035,1.3175,2070.0,0.65875
2002-07-31,1.22818181818,1.22954545455,1.20681818182,1.21954545455,990.909090909,0.609772727273
2002-08-31,1.02045454545,1.025,1.02045454545,1.025,563.636363636,0.5125
2002-09-30,1.0285,1.03,1.021,1.0225,2270.0,0.51125
2002-10-31,0.979130434783,0.979130434783,0.978260869565,0.978260869565,939.130434783,0.489130434783
2002-11-30,0.982,0.9875,0.9645,0.9645,1980.0,0.48075
2002-12-31,1.05761904762,1.06142857143,1.04142857143,1.05571428571,3923.80952381,0.527857142857
2003-01-31,1.02666666667,1.03428571429,1.01095238095,1.01904761905,3885.71428571,0.509523809524
2003-02-28,0.980526315789,0.983157894737,0.974736842105,0.975263157895,2063.15789474,0.487631578947
2003-03-31,1.06238095238,1.0880952381,1.04666666667,1.07095238095,3866.66666667,0.535476190476
2003-04-30,1.12666666667,1.13142857143,1.12142857143,1.12285714286,1152.38095238,0.561428571429
2003-05-31,1.48047619048,1.50666666667,1.46095238095,1.47666666667,9038.0952381,0.738333333333
2003-06-30,1.4585,1.4785,1.4435,1.4605,10150.0,0.73025
2003-07-31,1.82090909091,1.89409090909,1.76954545455,1.83863636364,24254.5454545,0.919318181818
2003-08-31,2.54095238095,2.6019047619,2.4380952381,2.54619047619,21733.3333333,1.2730952381
2003-09-30,2.50619047619,2.53571428571,2.45238095238,2.49238095238,14647.6190476,1.24619047619
2003-10-31,2.37565217391,2.41260869565,2.34869565217,2.39043478261,12800.0,1.1952173913
2003-11-30,3.15,3.24333333333,3.02555555556,3.13388888889,59111.1111111,1.56694444444
2003-12-31,3.30636363636,3.40681818182,3.24909090909,3.33590909091,46854.5454545,1.66795454545
2004-01-31,3.9605,4.0175,3.88,3.9345,20900.0,1.96725
2004-02-29,3.59210526316,3.61684210526,3.54052631579,3.57736842105,6231.57894737,1.78868421053
2004-03-31,3.94090909091,4.22090909091,3.78363636364,3.99181818182,175963.636364,1.99590909091
2004-04-30,4.14380952381,4.32523809524,4.00714285714,4.14857142857,41876.1904762,2.07428571429
2004-05-31,4.052,4.178,3.9735,4.0485,17770.0,2.02425
2004-06-30,4.02666666667,4.09904761905,3.94904761905,4.03428571429,21171.4285714,2.01714285714
2004-07-31,4.236,4.362,4.1455,4.284,14940.0,2.142
2004-08-31,4.17818181818,4.24681818182,4.11954545455,4.18772727273,10300.0,2.09386363636
2004-09-30,5.26619047619,5.39761904762,5.04238095238,5.26047619048,61390.4761905,2.63023809524
2004-10-31,5.12095238095,5.17666666667,4.97238095238,5.04047619048,21123.8095238,2.52023809524
2004-11-30,4.6175,4.8075,4.4965,4.67,18650.0,2.335
2004-12-31,4.53090909091,4.59818181818,4.46590909091,4.54045454545,15145.4545455,2.27022727273
2005-01-31,4.668,4.7245,4.606,4.6675,11150.0,2.33375
2005-02-28,5.09842105263,5.17526315789,5.03789473684,5.12684210526,20294.7368421,2.56342105263
2005-03-31,5.37047619048,5.43761904762,5.20571428571,5.2919047619,31790.4761905,2.64595238095
2005-04-30,5.13857142857,5.24238095238,4.97333333333,5.12714285714,18409.5238095,2.56357142857
2005-05-31,6.79047619048,7.01333333333,6.5419047619,6.79666666667,112390.47619,3.39833333333
2005-06-30,7.33181818182,7.45727272727,6.98318181818,7.19545454545,77581.8181818,3.59772727273
2005-07-31,8.97315789474,9.58736842105,8.67578947368,9.13684210526,742768.421053,4.56842105263
2005-08-31,15.6273911304,16.3073914783,14.9713043043,15.6486957391,551930.434783,7.82434782609
2005-09-30,20.749,21.5365001,20.03749995,20.7875,929650.0,10.39375
2005-10-31,18.6509522857,19.4623808571,17.4704762857,18.2780950476,562085.714286,9.13904761905
2005-11-30,14.2885714286,14.6952380952,13.8514285714,14.3433333333,207933.333333,7.17166666667
2005-12-31,17.6228572857,18.1523808095,16.9452381429,17.6447617143,225580.952381,8.79523809524
2006-01-31,21.4880001,22.32249995,20.74950025,21.77549955,388090.0,10.88775
2006-02-28,20.4926312105,21.0347367895,19.4321053684,20.111579,303431.578947,10.0557894737
2006-03-31,27.4208698696,28.7886958261,26.6669567826,27.9595652174,659234.782609,13.9691303913
2006-04-30,35.6921057895,36.8052633684,34.3584211053,35.619474,516010.526316,17.8097371053
2006-05-31,50.2536362727,52.1522730455,47.1995450909,49.8336360455,1711027.27273,24.916818
2006-06-30,35.7209521429,36.7376189048,33.9947621429,35.0657141905,968152.380952,17.5328570952
2006-07-31,28.412,29.64650025,27.2669999,28.38800005,783280.0,14.1940001
2006-08-31,32.9978260435,33.7708698261,31.8352173043,32.7052177391,432156.521739,16.3132611304
2006-09-30,24.50599965,25.0565,23.71950025,24.29099975,416390.0,12.1455
2006-10-31,26.3490909545,27.2286361818,25.7736364545,26.6259088182,349690.909091,13.3129545455
2006-11-30,26.06349985,26.803,25.36399985,26.22249995,287610.0,13.11125
2006-12-31,31.79250015,32.6785002,30.99400025,31.90349995,269500.0,15.95175005
2007-01-31,32.4984997,33.26250025,31.55799955,32.37200035,227000.0,16.18600025
2007-02-28,32.4005551667,32.9161111111,31.8294445556,32.3016665556,132633.333333,16.1508332778
2007-03-31,35.7731819545,36.8772727273,34.9554539545,35.9422728636,451345.454545,17.9711364091
2007-04-30,42.7569998,44.27099985,41.8005001,43.07000025,494540.0,21.53500015
2007-05-31,49.0438101429,50.2385716667,47.9599997619,49.023809619,375114.285714,24.5119049048
2007-06-30,45.0109522381,45.901905,44.0233327619,44.8719048571,323914.285714,22.4359524286
2007-07-31,45.9899996,46.87250035,45.04750035,45.96,402630.0,22.98000005
2007-08-31,35.1891303478,36.0721738261,34.4252173043,35.3039132174,307800.0,17.6519566087
2007-09-30,35.6726317368,36.2084215263,35.0473681579,35.4878948947,134736.842105,17.7439475263
2007-10-31,40.5595457273,41.4904546364,40.030909,40.6972725909,169063.636364,20.3486362727
2007-11-30,47.2480955714,48.4819049524,46.1938097143,47.209523619,202866.666667,23.6047618571
2007-12-31,46.6289475789,47.5042104737,45.5842104211,46.7047365789,111936.842105,23.3523682105
2008-01-31,37.7676193333,38.6723811429,36.4376188095,37.4542859524,130400.0,18.7271429524
2008-02-29,36.80549995,37.9654999,35.9794999,36.92049965,220380.0,18.46024975
2008-03-31,38.5510531579,39.2626316316,37.3405265263,38.3173685263,188568.421053,19.1586843684
2008-04-30,41.2695455455,42.0472732273,40.5004548182,41.2809087727,122081.818182,20.6404545455
2008-05-31,40.4742857143,41.1580952381,39.781904619,40.3895240476,150657.142857,20.1947620952
2008-06-30,42.94450035,43.63700015,42.3139995,43.01699935,162610.0,21.50849975
2008-07-31,41.7699999545,42.5663640909,40.7427277273,41.8640908182,174281.818182,20.9320452727
2008-08-31,51.70150025,52.7610004,50.91049985,52.1159999,279650.0,26.05799995
2008-09-30,60.5861903333,62.4738089048,58.0223808095,60.3580950952,436171.428571,30.1790476667
2008-10-31,18.3613635455,19.1986363182,16.8068180455,17.7054545909,335022.727273,17.7054545909
2008-11-30,11.7473684211,12.3042105263,11.1384210526,11.7331578947,247578.947368,11.7331578947
2008-12-31,13.8690909091,14.38,13.3636363636,13.9495454545,142172.727273,13.9495454545
2009-01-31,14.0875,14.489,13.709,14.056,73880.0,14.056
2009-02-28,12.9727777778,13.3494444444,12.5194444444,12.9005555556,112088.888889,12.9005555556
2009-03-31,9.99818181818,10.3518181818,9.47954545455,9.82181818182,169250.0,9.82181818182
2009-04-30,12.0395238095,12.4814285714,11.7952380952,12.2080952381,183776.190476,12.2080952381
2009-05-31,14.4105263158,14.7063157895,13.9884210526,14.3857894737,117326.315789,14.3857894737
2009-06-30,15.1759091364,15.4468182273,14.7336363636,14.9599999545,153818.181818,14.9599999545
2009-07-31,10.7704545455,11.0690909091,10.505,10.7931818182,193481.818182,10.7931818182
2009-08-31,10.483,10.7495,10.284,10.5345,103610.0,10.5345
2009-09-30,11.1376190476,11.3461904762,10.93,11.1704761905,77757.1428571,11.1704761905
2009-10-31,11.6104545455,11.8527272727,11.4127272727,11.6390909091,45931.8181818,11.6390909091
2009-11-30,11.755,11.9715,11.461,11.735,53905.0,11.735
2009-12-31,12.3514285714,12.5547619048,12.1123809524,12.3657142857,38390.4761905,12.3657142857
2010-01-31,13.1842105263,13.3405263158,12.9463157895,13.2005263158,33026.3157895,13.2005263158
2010-02-28,11.8489473684,12.0131578947,11.5626315789,11.7636842105,40863.1578947,11.7636842105
2010-03-31,11.6854545455,11.8868181818,11.5231818182,11.7563636364,80540.9090909,11.7563636364
2010-04-30,14.6257142381,15.0700000476,14.3614285714,14.7900000476,62871.4285714,14.7900000476
2010-05-31,16.50200015,16.94099975,15.7680002,16.46549995,78370.0,16.46549995
2010-06-30,15.2095238095,15.6723810952,14.8185714286,15.1880952381,121657.142857,15.1880952381
2010-07-31,17.6214285714,18.0790477143,17.306190619,17.7952382381,102561.904762,17.7952382381
2010-08-31,19.6872726818,20.0390909091,19.2254546364,19.6209090455,81754.5454545,19.6209090455
2010-09-30,19.11100015,19.4310002,18.68699995,19.08800005,59755.0,19.08800005
2010-10-31,18.8528570476,19.0904762857,18.4609521905,18.8252382857,46085.7142857,18.8252382857
2010-11-30,20.9152381429,21.3095237619,20.5695238571,21.0728573333,56214.2857143,21.0728573333
2010-12-31,23.6042855714,23.944285619,23.2933333333,23.6704764762,44952.3809524,23.6704764762
2011-01-31,23.6990001,23.91799995,23.21550005,23.51150025,51700.0,23.51150025
2011-02-28,22.3099998421,22.6768420526,21.9210526842,22.3136842632,44294.7368421,22.3136842632
2011-03-31,21.6259090455,21.9136363636,21.0890909091,21.5504544545,70154.5454545,21.5504544545
2011-04-30,24.9809999,25.4155,24.5930002,25.0484999,117915.0,25.0484999
2011-05-31,25.5109524286,25.855238,25.1242857143,25.4790475238,78809.5238095,25.4790475238
2011-06-30,23.9414285714,24.3876191429,23.5519048571,23.9542857143,61090.4761905,23.9542857143
2011-07-31,26.5040001,26.91400015,25.97300005,26.58299975,51825.0,26.58299975
2011-08-31,22.6256521739,23.3291301304,21.732174,22.5100001304,91865.2173913,22.5100001304
2011-09-30,20.9165002,21.40599995,20.2484999,20.7295,72840.0,20.7295
2011-10-31,20.9119047143,21.5933331905,20.4952381905,21.1504760476,76747.6190476,21.1504760476
2011-11-30,26.7771429048,27.5490475238,26.3109526667,27.0509523333,100642.857143,27.0509523333
2011-12-31,31.2805002,31.80600005,30.7225002,31.23700025,82615.0,31.23700025
2012-01-31,34.71899995,35.1724998,34.0540002,34.67700015,80120.0,34.67700015
2012-02-29,37.43850005,37.99849975,36.84349995,37.50049995,78145.0,37.50049995
2012-03-31,41.9509521905,42.7485715714,41.2900002381,42.0400002381,88371.4285714,42.0400002381
2012-04-30,43.05699985,43.6270003,42.37050025,43.044,82695.0,43.044
2012-05-31,47.3614290476,48.2757142381,46.7080951905,47.5423809524,95171.4285714,47.5423809524
2012-06-30,43.0823808095,43.8580953333,41.9023808095,42.8119049524,114476.190476,42.8119049524
2012-07-31,42.1547621429,43.0395237619,41.2171431429,42.23,70347.6190476,42.23
2012-08-31,46.7322731818,47.2168185909,46.0581820909,46.6195454091,64768.1818182,46.6195454091
2012-09-30,47.5226318421,48.1068422105,46.879474,47.6310521579,82600.0,47.6310521579
2012-10-31,48.4699995238,49.0509524286,47.8485713333,48.5333330476,57623.8095238,48.5333330476
2012-11-30,46.9325003,47.54600055,46.02600025,46.90499995,55420.0,46.90499995
2012-12-31,47.22099985,47.6644994,46.44049995,47.1919999,51190.0,47.1919999
2013-01-31,52.9547618571,53.6842860476,52.3261902857,53.2085715238,71885.7142857,50.742381
2013-02-28,58.6805267895,59.4557896316,57.8931576316,58.7715793158,85568.4210526,58.7715793158
2013-03-31,71.2739995,72.5569999,70.51099985,71.74449995,133775.0,71.74449995
2013-04-30,69.3185719524,70.1261905238,67.6261905238,68.8295232381,85528.5714286,68.8295232381
2013-05-31,59.6059092727,60.5618181818,58.6449999545,59.6254545,126990.909091,59.6254545
2013-06-30,63.86249995,64.7830005,63.3435006,64.3300002,94920.0,64.3300002
2013-07-31,68.9133337143,69.6099995714,68.1428568571,68.783809381,146490.47619,68.783809381
2013-08-31,68.7245458636,69.3440901818,67.699546,68.6995450909,67895.4545455,68.6995450909
2013-09-30,73.8084207368,74.8721051579,73.1542101579,74.3768423684,52489.4736842,74.3768423684
2013-10-31,82.2286953913,83.5969566522,81.4665215652,82.6847826087,70091.3043478,82.6847826087
2013-11-30,94.9659996,96.54750025,93.70050015,95.2805,80690.0,95.2805
2013-12-31,104.4439998,106.16300005,103.63150065,105.0890007,67800.0,105.0890007
2014-01-31,105.364761286,106.349047286,103.110951762,104.495715238,92228.5714286,104.495715238
2014-02-28,95.8152630526,97.4378951579,94.5178944737,96.0373687895,80110.5263158,96.0373687895
2014-03-31,101.3035004,102.6320004,98.9464996,100.7109997,93285.0,100.7109997
2014-04-30,104.440475381,106.25476181,102.710476524,105.104286286,95485.7142857,105.104286286
2014-05-31,85.3144993,86.843999,83.0570001,84.18700065,346565.0,84.18700065
2014-06-30,70.8285711905,71.8252379048,69.8990475238,71.2185715714,192957.142857,71.2185715714
2014-07-31,72.1136374091,72.9840903182,71.3068185455,71.9490915909,117913.636364,71.9490915909
2014-08-31,77.1414997,78.22650025,76.16349895,77.4294998,124015.0,77.4294998
2014-09-30,79.2290482857,80.0209524762,77.999524,78.8585702381,108533.333333,78.8585702381
2014-10-31,65.975455,67.199545,64.5777268636,65.6613640455,170804.545455,65.6613640455
2014-11-30,65.1136840526,66.0789476842,63.8531578947,64.7710528421,143689.473684,64.7710528421
2014-12-31,50.4427277727,51.5454549091,49.1827275909,50.1327273636,228345.454545,50.1327273636
2015-01-31,43.3663161579,43.9857896316,42.1368418421,42.8031581053,160236.842105,42.8031581053
2015-02-28,45.2321050526,46.0121052632,44.4489471053,45.4847367368,106321.052632,45.4847367368
2015-03-31,45.2331819091,46.0754545455,44.2109097273,45.2718180909,149786.363636,45.2718180909
2015-04-30,45.7474996,46.49200015,45.07900015,45.8129995,102095.0,45.8129995
2015-05-31,43.65000075,44.28550035,42.5370001,43.4745004,112060.0,43.4745004
2015-06-30,43.4036363636,44.1868184091,42.8159088636,43.6150000909,117722.727273,43.5786365
2015-07-31,40.7590909091,41.2972726364,39.7304544545,40.2849997273,119240.909091,40.2849997273
2015-08-31,30.9190476667,31.7161904286,30.1723811905,30.7533336667,228485.714286,30.7533336667
2015-09-30,29.16499995,29.77099985,28.6844999,29.15050005,167980.0,29.15050005
2015-10-31,30.6631822273,31.7827276364,29.9895454091,30.7904547273,152940.909091,30.7904547273
2015-11-30,30.8095,31.55000015,30.0999999,30.98600005,104345.0,30.98600005
2015-12-31,26.9971427143,27.3871429048,26.0509522857,26.5757140952,130342.857143,26.5757140952
2016-01-31,17.7657895789,18.3900002105,16.9773682632,17.408421,167394.736842,17.408421
2016-02-29,14.6300001,15.25250005,14.0235,14.42700005,164035.0,14.42700005
2016-03-31,17.1428571429,17.8566666667,16.695238,17.336190619,143128.571429,17.336190619
2016-04-30,19.540952381,20.209047619,19.192381,19.7719049048,112261.904762,19.7719049048
2016-05-31,16.4880952381,17.0533334762,15.8261904762,16.1666665238,247428.571429,16.162857
2016-06-30,14.5754545455,15.0209090455,14.2609090909,14.6427272727,249200.0,14.6427272727
2016-07-31,16.67700005,17.04449975,16.11149995,16.74299995,148985.0,16.74299995
2016-08-31,16.1780002,16.7199998,15.332,16.1160004,133000.0,16.1160004
