Date,Open,High,Low,Close,Volume,Adj Close
2011-06-30,9.5,9.5,9.5,9.5,30000.0,9.5
2011-07-31,9.502,9.502,9.502,9.502,7505.0,9.502
2011-08-31,9.58434782609,9.59304347826,9.58434782609,9.59304347826,39178.2608696,9.59304347826
2011-09-30,9.517,9.5255,9.5165,9.5255,21365.0,9.5255
2011-10-31,9.56285714286,9.56952380952,9.56285714286,9.56714285714,12523.8095238,9.56714285714
2011-11-30,9.60952380952,9.61238095238,9.60952380952,9.61238095238,1266.66666667,9.61238095238
2011-12-31,9.62,9.62,9.62,9.62,0.0,9.62
2012-01-31,9.5655,9.566,9.5645,9.5645,1310.0,9.5645
2012-02-29,9.6385,9.643,9.634,9.641,965.0,9.641
2012-03-31,9.72227272727,9.73318181818,9.71772727273,9.72818181818,14659.0909091,9.72818181818
2012-04-30,9.731,9.734,9.7305,9.733,1760.0,9.733
2012-05-31,9.73590909091,9.745,9.735,9.74454545455,28540.9090909,9.74454545455
2012-06-30,9.73666666667,9.74238095238,9.73666666667,9.74,2804.76190476,9.74
2012-07-31,9.788,9.7885,9.788,9.7885,4490.0,9.7885
2012-08-31,9.9947826087,10.0095652174,9.9947826087,10.0095652174,121.739130435,10.0095652174
2012-09-30,9.96789473684,9.96789473684,9.96684210526,9.96684210526,573.684210526,9.96684210526
2012-10-31,9.92333333333,9.92904761905,9.92333333333,9.92761904762,119.047619048,9.92761904762
2012-11-30,9.91047619048,9.92,9.8980952381,9.90952380952,22614.2857143,9.90952380952
2012-12-31,9.972,9.9905,9.938,9.96,173885.0,9.96
2013-01-31,10.0161904762,10.0452380952,9.94571428571,9.96904761905,212423.809524,9.96904761905
2013-02-28,9.84666666667,9.95055555556,9.62055555556,9.79166666667,86883.3333333,9.79166666667
2013-03-31,9.841,9.9315,9.666,9.7715,34720.0,9.7715
2013-04-30,9.81590909091,9.98318181818,9.64545454545,9.82909090909,20681.8181818,9.82909090909
2013-05-31,9.53727272727,9.74318181818,9.20954545455,9.49136363636,37813.6363636,9.49136363636
2013-06-30,9.91105263158,10.0942105263,9.58157894737,9.83421052632,349478.947368,9.83421052632
2013-07-31,10.5859090909,10.7781818182,10.4877272727,10.6445454545,106227.272727,10.6445454545
2013-08-31,10.2286363636,10.4836363636,9.95136363636,10.1045454545,94909.0909091,10.1045454545
2013-09-30,9.05736842105,9.28052631579,8.84052631579,9.04789473684,105426.315789,9.04789473684
2013-10-31,9.54652173913,9.74913043478,9.39304347826,9.55652173913,158360.869565,9.55652173913
2013-11-30,12.1525,12.671,11.8605,12.3455,678240.0,12.3455
2013-12-31,15.223,15.44999985,14.881,15.16799995,643505.0,15.16799995
2014-01-31,16.104762,16.4642857619,15.6957140476,16.1176189048,827328.571429,16.1176189048
2014-02-28,16.3763156842,16.7610524211,16.1126315789,16.4442104737,588247.368421,16.4442104737
2014-03-31,16.87150005,17.1790002,16.47800005,16.779,553465.0,16.779
2014-04-30,13.4595238571,13.7180952857,12.9147619048,13.2371429048,864000.0,13.2371429048
2014-05-31,10.9361904762,11.2014285714,10.6785714286,10.9376190476,681990.47619,10.9376190476
2014-06-30,11.3525,11.6205,11.093,11.362,580265.0,11.362
2014-07-31,11.13,11.3090909091,10.8440909091,11.0313636364,307104.545455,11.0313636364
2014-08-31,11.1357142857,11.399047619,10.9495238095,11.2180952381,426095.238095,11.2180952381
2014-09-30,12.754,13.0635,12.4425,12.68,473645.0,12.68
2014-10-31,10.7726086957,11.0773913043,10.4726086957,10.7730434783,396847.826087,10.7730434783
2014-11-30,12.8010526316,13.0926315789,12.5684210526,12.8731578947,416215.789474,12.8731578947
2014-12-31,13.5714285714,13.8066666667,13.4123809524,13.5895238095,289976.190476,13.5895238095
2015-01-31,14.7135,15.065,14.4675,14.79,365640.0,14.79
2015-02-28,14.0526315789,14.2326315789,13.6752631579,13.9131578947,696642.105263,13.9131578947
2015-03-31,13.4931818182,13.7695454545,13.3095454545,13.5422727273,449577.272727,13.5422727273
2015-04-30,13.377,13.6035,13.166,13.3505,286660.0,13.3505
2015-05-31,13.1975,13.399,13.0355,13.2565,276215.0,13.2565
2015-06-30,13.5072727273,13.6990909091,13.2959090909,13.4645454545,344781.818182,13.4645454545
2015-07-31,12.8228571429,12.9614285714,12.6204761905,12.79,222471.428571,12.79
2015-08-31,12.0028571429,12.3466666667,11.6957142857,12.0280952381,347795.238095,12.0280952381
2015-09-30,11.480952381,11.6495238095,11.3028571429,11.4680952381,239157.142857,11.4680952381
2015-10-31,12.4395238095,12.6904761905,12.2352380952,12.490952381,271195.238095,12.490952381
2015-11-30,11.584,11.796,11.295,11.4995,468860.0,11.4995
2015-12-31,10.2481818182,10.4081818182,10.0604545455,10.2181818182,318895.454545,10.2181818182
2016-01-31,9.75315789474,10.0189473684,9.51789473684,9.81105263158,380768.421053,9.81105263158
2016-02-29,9.33894736842,9.48578947368,9.02368421053,9.27947368421,279463.157895,9.27947368421
2016-03-31,9.06181818182,9.30045454545,8.74227272727,8.96181818182,402363.636364,8.96181818182
2016-04-30,8.47619047619,8.62952380952,8.31428571429,8.46571428571,308709.52381,8.46571428571
2016-05-31,7.542,7.6885,7.311,7.4855,385430.0,7.4855
2016-06-30,7.03954545455,7.16954545455,6.89954545455,7.02590909091,330536.363636,7.02590909091
2016-07-31,7.5215,7.722,7.4035,7.5785,316950.0,7.5785
2016-08-31,8.348,8.598,8.132,8.368,611860.0,8.368
