Date,Open,High,Low,Close,Volume,Adj Close
1994-06-30,18.8611111111,18.9791666667,18.6527777778,18.7777777778,146133.333333,7.11479922222
1994-07-31,17.975,18.1,17.83125,17.99375,23270.0,6.8177353
1994-08-31,18.0,18.125,17.875,18.0380434783,18695.6521739,6.83451765217
1994-09-30,18.369047619,18.5,18.125,18.3511904762,12114.2857143,6.91411480952
1994-10-31,17.0357142857,17.1845238095,16.8452380952,17.0,16585.7142857,6.44120871429
1994-11-30,16.9047619048,17.0416666667,16.7023809524,16.8571428571,12290.4761905,6.38708080952
1994-12-31,15.9047619048,16.0654761905,15.630952381,15.8154761905,16338.0952381,5.99239890476
1995-01-31,16.3452380952,16.4642857143,16.1726190476,16.3630952381,9209.52380952,6.19988890476
1995-02-28,16.0069444444,16.0902777778,15.7291666667,15.9652777778,14466.6666667,6.04915788889
1995-03-31,15.7608695652,15.8913043478,15.6141304348,15.75,22743.4782609,5.96759043478
1995-04-30,16.2171052632,16.3684210526,16.0986842105,16.2368421053,8878.94736842,6.15205221053
1995-05-31,17.3181818182,17.5056818182,17.1647727273,17.3579545455,10472.7272727,6.57683563636
1995-06-30,17.6193181818,17.7784090909,17.4261363636,17.6590909091,14781.8181818,6.69093468182
1995-07-31,17.5789473684,17.7434210526,17.3815789474,17.5986842105,14878.9473684,6.66804684211
1995-08-31,17.2554347826,17.347826087,17.0217391304,17.2065217391,22569.5652174,6.5194586087
1995-09-30,17.61875,17.76875,17.45625,17.68125,13895.0,6.72281215
1995-10-31,17.7386363636,17.8920454545,17.5965909091,17.7613636364,12072.7272727,6.88932740909
1995-11-30,18.6428571429,18.755952381,18.5357142857,18.6488095238,10595.2380952,7.23355233333
1995-12-31,18.975,19.175,18.86875,19.04375,12135.0,7.39037775
1996-01-31,19.3352272727,19.4715909091,19.1875,19.3352272727,30031.8181818,7.66489222727
1996-02-29,20.525,20.675,20.2625,20.5125,31100.0,8.13158795
1996-03-31,20.3273809524,20.5297619048,20.1607142857,20.3333333333,13700.0,8.08435152381
1996-04-30,20.3125,20.4625,20.1125,20.25,11280.0,8.1933689
1996-05-31,20.5056818182,20.6420454545,20.3295454545,20.4772727273,14472.7272727,8.28532590909
1996-06-30,21.43125,21.675,21.2375,21.425,28595.0,8.69442885
1996-07-31,22.3125,22.4943181818,22.0511363636,22.3920454545,20636.3636364,9.236395
1996-08-31,23.4166666667,23.6011904762,23.2202380952,23.4583333333,90909.5238095,9.67622314286
1996-09-30,24.2625,24.48125,24.0375,24.35625,46885.0,10.07385865
1996-10-31,25.3043478261,25.4673913043,25.152173913,25.3532608696,48017.3913043,10.6449463913
1996-11-30,27.61875,27.9,27.3,27.68125,41765.0,11.6223876
1996-12-31,27.869047619,28.130952381,27.75,27.994047619,82576.1904762,11.7800693333
1997-01-31,28.9602272727,29.1704545455,28.5795454545,28.9318181818,72404.5454545,12.3324438636
1997-02-28,29.6118421053,29.8157894737,29.4342105263,29.6578947368,69268.4210526,12.6419404737
1997-03-31,30.275,30.59375,30.03125,30.43125,52585.0,12.99938205
1997-04-30,29.6428571429,29.9464285714,29.3154761905,29.6726190476,54247.6190476,12.8289650952
1997-05-31,29.4226190476,29.6488095238,29.2321428571,29.4642857143,37109.5238095,12.7388920476
1997-06-30,29.4970238095,29.8452380952,29.3095238095,29.6547619048,49714.2857143,12.848756
1997-07-31,32.1363636364,32.3948863636,31.90625,32.1704545455,42381.8181818,14.1084879091
1997-08-31,32.1785714286,32.375,31.875,32.1369047619,53780.952381,14.0937740476
1997-09-30,32.8452380952,33.181547619,32.630952381,33.0119047619,62557.1428571,14.5059884286
1997-10-31,35.1929347826,35.4945652174,34.875,35.214673913,31478.2608696,15.6476425652
1997-11-30,34.8585526316,35.0559210526,34.6842105263,34.9539473684,22057.8947368,15.5317886842
1997-12-31,34.6278409091,34.8238636364,34.28125,34.6335227273,88950.0,15.4137175455
1998-01-31,34.58125,34.709375,34.403125,34.56875,36230.0,15.56288805
1998-02-28,33.2631578947,33.4638157895,33.0,33.1875,87894.7368421,14.9410477895
1998-03-31,33.2410714286,33.5446428571,33.0386904762,33.3839285714,53152.3809524,15.0589961429
1998-04-30,33.75,33.943452381,33.5267857143,33.7619047619,63814.2857143,15.4058204286
1998-05-31,32.821875,33.01875,32.615625,32.8125,39730.0,14.97259955
1998-06-30,31.6903409091,31.8181818182,31.4801136364,31.6477272727,30886.3636364,14.4723847727
1998-07-31,32.0744047619,32.3333333333,31.8095238095,32.0892857143,45495.2380952,14.8801985714
1998-08-31,30.2619047619,30.494047619,29.8303571429,30.1994047619,33204.7619048,14.0038373333
1998-09-30,29.3601190476,29.7529761905,28.9791666667,29.3839285714,36428.5714286,13.6584402381
1998-10-31,30.3958333333,30.7172619048,30.119047619,30.4732142857,33661.9047619,14.3555507143
1998-11-30,30.971875,31.128125,30.76875,30.96875,33255.0,14.5889915
1998-12-31,30.0795454545,30.2840909091,29.7613636364,30.0852272727,54122.7272727,14.2057361364
1999-01-31,29.3026315789,29.5756578947,29.1447368421,29.3651315789,45136.8421053,14.0751807895
1999-02-28,28.4201388889,28.6770833333,28.1666666667,28.4236111111,49661.1111111,13.6238948333
1999-03-31,27.3858695652,27.5407608696,27.0706521739,27.2527173913,49921.7391304,13.0935578696
1999-04-30,28.943452381,29.4523809524,28.7797619048,29.1636904762,76114.2857143,14.2423752381
1999-05-31,32.2664473684,32.4638157895,32.1019736842,32.3256578947,75442.1052632,15.786553
1999-06-30,32.8352272727,33.1505681818,32.6207386364,33.0056818182,86763.6363636,16.1572079091
1999-07-31,34.4761904762,34.630952381,34.1726190476,34.4047619048,41090.4761905,17.0823604286
1999-08-31,33.6534090909,33.9034090909,33.453125,33.7130681818,46618.1818182,16.7389266364
1999-09-30,34.378125,34.65,34.140625,34.428125,43335.0,17.13475925
1999-10-31,33.4672619048,33.6428571429,33.1696428571,33.380952381,40290.4761905,16.8386340476
1999-11-30,33.3601190476,33.619047619,33.1160714286,33.3482142857,35442.8571429,16.8221198095
1999-12-31,32.0795454545,32.4573863636,31.7017045455,32.1590909091,51768.1818182,15.5829607727
2000-01-31,33.796875,34.0375,33.571875,33.828125,35870.0,17.35012455
2000-02-29,34.5,34.721875,34.303125,34.603125,29870.0,17.74761485
2000-03-31,35.7840909091,36.0227272727,35.6477272727,35.8948863636,60472.7272727,18.4494423636
2000-04-30,37.4144736842,37.7532894737,37.2664473684,37.5690789474,79810.5263158,19.5698992105
2000-05-31,40.1846590909,40.4375,39.9744318182,40.1931818182,54340.9090909,20.9368061364
2000-06-30,41.5386904762,41.8422619048,41.3005952381,41.6019343333,45519.047619,21.7004308571
2000-07-31,44.440625,44.896875,44.246875,44.6875,80185.0,23.60516945
2000-08-31,50.3532608696,50.7255434783,50.0529891304,50.3994565217,64869.5652174,26.6223824348
2000-09-30,52.0986842105,52.7039473684,51.8980263158,52.4901315789,65484.2105263,27.7790476842
2000-10-31,54.0880681818,54.3380681818,53.6789772727,53.9176136364,56913.6363636,28.8020378182
2000-11-30,51.744047619,52.0833333333,51.4494047619,51.7678571429,41923.8095238,27.6536678095
2000-12-31,55.06875,55.6125,54.728125,55.228125,40365.0,29.55166125
2001-01-31,52.3363095238,52.5752379524,51.8125,52.1554761429,55904.7619048,28.170701
2001-02-28,50.7205265263,50.9347366316,50.366842,50.6247371053,98268.4210526,27.3439038421
2001-03-31,50.3831815909,50.7327271364,49.9613635455,50.3086362273,47545.4545455,27.2246491818
2001-04-30,45.43549975,45.93849975,44.95049975,45.4754996,119910.0,24.9219797
2001-05-31,46.9486360909,47.1909088182,46.7050001364,46.9409086818,65663.6363636,25.7250690909
2001-06-30,49.1957143333,49.5828568095,49.0119041905,49.3357138095,69804.7619048,27.081847
2001-07-31,49.9085718571,50.1723812381,49.6985717143,49.9704764762,49628.5714286,27.7671552857
2001-08-31,52.9599997727,53.2359088182,52.6918181818,52.9836365909,51313.6363636,29.4414815909
2001-09-30,49.6453334,49.9079999333,49.2493335333,49.5246671333,63353.3333333,27.5991254
2001-10-31,48.6908695217,49.0495653478,48.0799998696,48.6426083043,160439.130435,27.4309235652
2001-11-30,47.1385005,47.60599985,46.81049995,47.2015001,100020.0,26.61824245
2001-12-31,49.09400025,49.48550015,48.93100005,49.23499955,79450.0,27.8245499
2002-01-31,48.3214285238,48.4661902857,47.9242854762,48.2014289524,50566.6666667,27.5680037619
2002-02-28,46.9005557222,47.1077778333,46.6833331667,46.9266664444,68555.5555556,26.8389245556
2002-03-31,50.957,51.47450025,50.69600035,51.24849995,80985.0,29.3765212
2002-04-30,52.8854547273,53.2540913182,52.4745456818,52.820909,164268.181818,30.6499351364
2002-05-31,51.4754547273,51.8027278182,51.1768175455,51.5440908182,61404.5454545,29.9079694545
2002-06-30,53.98850045,54.52050045,53.6490002,54.1509997,93270.0,31.48901355
2002-07-31,50.259546,50.9268185455,49.2863640455,50.0768187727,137654.545455,29.4675823636
2002-08-31,51.1638092381,51.7228568095,50.6942856667,51.2371426667,86838.0952381,30.1503720476
2002-09-30,51.41250035,51.69949985,50.9535002,51.2705,94795.0,30.2390321
2002-10-31,47.1845450909,47.5472731818,46.5395451364,47.0777270455,103750.0,28.1369515909
2002-11-30,49.5200004,49.9655001,49.1430003,49.66949935,76520.0,29.6859765
2002-12-31,50.7347616667,51.0414289524,50.4223801905,50.759047381,91595.2380952,30.7511239524
2003-01-31,50.55200025,50.81050025,50.1054998,50.5210003,89735.0,30.65113615
2003-02-28,50.3947365263,50.6915786842,50.0305259474,50.3936844737,87110.5263158,30.5738934211
2003-03-31,51.6920005,52.1734999,51.2594999,51.7865002,85280.0,31.48969815
2003-04-30,54.7600001905,55.229523381,54.3780951429,54.8395239048,102609.52381,33.7629725714
2003-05-31,57.1733333333,57.6138094762,56.6642853333,57.295714619,88023.8095238,35.2751721429
2003-06-30,57.8035002,58.1929996,57.47150075,57.96599995,87765.0,35.7598872
2003-07-31,58.765909,59.2604544545,58.4122727273,58.9427272727,133690.909091,36.7852513636
2003-08-31,61.5779996,62.0239998,61.2034997,61.78900035,126610.0,38.5615666
2003-09-30,63.8019050952,64.2466672381,63.4504758571,63.8661908571,122323.809524,39.927402
2003-10-31,62.5034783478,62.8778260435,61.9873915217,62.4995653043,173126.086957,39.4930514783
2003-11-30,62.2438896111,62.6911115,61.8255559444,62.4366661667,112200.0,39.4533059444
2003-12-31,65.0859090909,65.4054545,64.8345455455,65.1009090909,84340.9090909,41.2036618636
2004-01-31,62.5647372105,62.9068421053,62.038947,62.4073685789,142942.105263,39.9072854211
2004-02-29,62.5131581579,62.8694734737,62.0863153158,62.4989475789,121973.684211,39.9658468421
2004-03-31,65.0904343043,65.5539127826,64.7091304348,65.2256517826,123486.956522,41.7766563913
2004-04-30,62.63400025,63.41500015,61.5489998,62.36199945,225545.0,40.37175475
2004-05-31,62.82750005,63.70400055,62.1839998,62.8985002,208815.0,40.7190734
2004-06-30,66.87849965,67.4324997,66.4325008,67.0599998,175965.0,43.46387715
2004-07-31,68.1342853333,68.5471434762,67.5309525238,68.0085711429,134895.238095,44.5354941905
2004-08-31,69.2590917273,69.9431825,68.8581815909,69.51091,148477.272727,45.5193026818
2004-09-30,73.14399945,73.59649965,72.55899925,73.0784999,138090.0,47.9342769
2004-10-31,75.8357145238,76.6295232381,75.4471431429,76.1300005238,108133.333333,50.4107296667
2004-11-30,80.4361910952,81.2923805714,79.6971422381,80.5247613333,182057.142857,53.3207832857
2004-12-31,83.0313637727,83.6218175455,82.4690905,83.1890910909,161845.454545,55.1568466364
2005-01-31,76.29449955,76.8765007,75.12299995,75.6414997,331845.0,50.56741165
2005-02-28,74.1377772222,74.7349994444,73.5227776111,74.1466662778,203261.111111,49.5680942222
2005-03-31,72.7086361364,73.3677281818,71.8922726364,72.537273,182077.272727,48.5665185
2005-04-30,71.5471423333,72.1676199048,70.9214285238,71.793809381,132919.047619,48.5595786667
2005-05-31,78.711428,79.4719041905,78.0033332381,78.9176189524,190595.238095,53.377949381
2005-06-30,83.1909523333,83.8285711905,82.7195238571,83.2599991905,213623.809524,56.3929921905
2005-07-31,88.019001,88.92800015,87.63500095,88.46199985,88500.0,60.41395405
2005-08-31,87.1869566522,87.9882607391,86.4752176957,87.261739,171047.826087,59.5942516522
2005-09-30,89.5004751905,90.3176190476,88.7300001429,89.6804755714,83685.7142857,61.3249377143
2005-10-31,85.6623808095,86.4452377143,84.8004757143,85.6790473333,197852.380952,59.0468727143
2005-11-30,91.0440002,91.72900055,90.4299999,91.2645003,148160.0,62.89616295
2005-12-31,92.0119043333,92.4314280476,91.4685712857,92.0247617619,119585.714286,63.5001682857
2006-01-31,97.1847374211,97.9889478947,96.6021054211,97.5152635789,140752.631579,67.7960314211
2006-02-28,99.3221053684,99.9489472632,98.6963159474,99.4584214211,129610.526316,69.1469828421
2006-03-31,105.304348217,106.383913087,104.456521696,105.710870217,198217.391304,73.5704875652
2006-04-30,105.825263526,106.934737211,105.003158263,105.911052474,147605.263158,74.2064516842
2006-05-31,106.461364091,107.241363636,105.486818818,106.315454045,167186.363636,74.4898125909
2006-06-30,106.391428952,107.363332571,105.620952048,106.596190619,154671.428571,74.7738552381
2006-07-31,114.8834999,115.9559997,114.2290002,115.2760002,237160.0,81.4124397
2006-08-31,119.204999364,120.022273682,118.317271864,119.419546318,205331.818182,84.3387747727
2006-09-30,124.0694996,124.93400045,123.1170006,124.0130005,126495.0,87.6724521
2006-10-31,126.001363864,127.284090182,125.322727591,126.593181364,149863.636364,90.0262039091
2006-11-30,129.4014981,130.61150045,128.1884995,129.45399925,143220.0,92.0606625
2006-12-31,129.9430004,130.8670006,128.96199985,129.7720001,145400.0,92.37794535
2007-01-31,134.694737053,136.198947737,133.810526737,135.385788368,172515.789474,96.9210886316
2007-02-28,144.003158579,145.301052632,142.105264789,143.827367684,244594.736842,102.964315632
2007-03-31,130.162380381,131.860477286,128.482856048,129.853810333,321490.47619,93.0560102381
2007-04-30,129.68600085,130.45199855,128.41750175,129.59949995,234185.0,93.4511137
2007-05-31,125.362380619,126.595238,123.670476762,124.707619381,392466.666667,89.9236950952
2007-06-30,120.048572476,121.432857381,118.469047952,119.893333762,312480.952381,86.5497530476
2007-07-31,116.280475905,117.821904048,114.660476,115.991904476,262023.809524,84.3129300476
2007-08-31,111.06739113,113.646521435,109.303043087,111.536522261,315865.217391,81.0743709565
2007-09-30,115.495263316,116.941578895,114.408947526,115.795789105,193378.947368,84.2791071579
2007-10-31,120.986818091,122.375454318,119.575000091,121.249999682,262163.636364,88.8448674545
2007-11-30,105.601427714,106.966191333,103.367143143,104.854285143,362585.714286,76.8310521905
2007-12-31,100.723684211,102.165788684,98.7005261579,100.190526053,261584.210526,73.5519437368
2008-01-31,93.3023809048,96.3490477143,91.3633323333,93.9852378571,458338.095238,69.5020428571
2008-02-29,106.010525789,107.951052579,104.113158842,106.098947684,389405.263158,78.4601258947
2008-03-31,108.78200105,110.96850015,107.13350015,109.53800015,410430.0,81.11836645
2008-04-30,116.534089864,118.358636682,114.980454136,116.763182182,367036.363636,87.1394212727
2008-05-31,119.051903857,120.601905095,117.564763,119.089524048,271642.857143,88.8755513333
2008-06-30,115.404286429,116.64095281,113.28809581,114.705237905,294438.095238,85.7092441429
2008-07-31,112.52380919,115.471905286,110.011429571,113.458571381,500909.52381,85.4576511905
2008-08-31,118.767618762,120.474285667,116.844285143,118.961904667,366904.761905,89.6027937143
2008-09-30,117.0339996,120.4135001,113.3270001,117.41950035,632190.0,88.5561477
2008-10-31,98.612174,101.981738913,93.3930432174,97.9465225652,1014273.91304,74.4205810435
2008-11-30,77.8431572632,81.6221053158,73.9752630526,77.7784208947,1351584.21053,59.0964369474
2008-12-31,77.913182,81.0759090909,74.2368185,77.8336357727,1003895.45455,59.2140540455
2009-01-31,69.5800002632,71.2163166842,67.0857893158,69.1868427368,1048878.94737,53.3307149474
2009-02-28,57.0721045263,58.6894738421,54.9931576316,56.8594742105,1486210.52632,43.8285126316
2009-03-31,59.3809088636,61.6236366364,57.0804542727,59.7559095909,1383572.72727,46.1629996364
2009-04-30,64.0871431905,67.091904381,62.0557140476,64.9290470476,1594404.7619,50.8705899524
2009-05-31,64.5489996,66.14900015,62.7239999,64.67650015,1288125.0,50.7068876
2009-06-30,65.0771428571,65.9071422381,63.6752377143,64.7214291905,810223.809524,50.8580846667
2009-07-31,61.2140909545,62.3968178182,60.1945455909,61.4872724091,709822.727273,49.0119048636
2009-08-31,72.11850015,73.7269988,71.2704998,72.615001,897670.0,57.88188955
2009-09-30,78.1333330952,79.4447616667,76.9495234762,78.3800002381,602909.52381,62.5960141905
2009-10-31,77.4777272727,78.5627270455,76.1477280455,77.1936363182,465490.909091,62.3280458182
2009-11-30,79.0975002,80.14249905,78.2009999,79.2170002,519770.0,63.9617599
2009-12-31,83.8018178636,84.771364,83.0140912273,83.9436365,438095.454545,67.8300599091
2010-01-31,83.2721047368,84.2394730526,82.1631590526,83.0836844211,317194.736842,67.9031728421
2010-02-28,81.4247366842,82.3100000526,80.5499997895,81.7663160526,339157.894737,66.8265055789
2010-03-31,90.1595448182,91.1695449545,89.5981822727,90.4918171818,401945.454545,74.0737037273
2010-04-30,98.5866669048,100.378570905,97.8314280952,99.3776190476,440061.904762,82.1650530952
2010-05-31,106.851579789,108.981579,104.531052474,106.994210895,610400.0,88.4624233158
2010-06-30,103.839091591,105.117273136,102.118181409,103.478181773,461740.909091,85.6674404091
2010-07-31,102.387618286,103.861905381,100.713334238,102.608095381,357571.428571,81.9156158571
2010-08-31,104.191818545,105.456363364,103.204545182,104.459545591,261322.727273,87.2216946364
2010-09-30,109.9300002,110.7594997,108.8210004,109.66950035,277075.0,91.70267245
2010-10-31,112.159047,113.015713619,111.367141714,112.263809238,212719.047619,94.6382969048
2010-11-30,111.35900045,112.5400002,110.1474995,111.32400055,250165.0,93.84603895
2010-12-31,113.157273682,114.092273364,112.312727545,113.125000045,254422.727273,95.4436665
2011-01-31,114.41599955,115.39199975,113.2115002,114.25950015,311195.0,97.19448425
2011-02-28,116.139999737,117.278421158,115.216841842,116.604210316,328726.315789,99.187653
2011-03-31,119.980869522,121.073043522,118.803043174,119.951304913,294065.217391,102.153271348
2011-04-30,127.24499975,128.3199992,126.5130001,127.7249985,295085.0,104.26721975
2011-05-31,134.035714952,135.063332,133.127142714,134.170953571,282814.285714,115.117060143
2011-06-30,134.801904571,135.906666429,133.676667667,134.812856048,305752.380952,115.797365476
2011-07-31,140.68550015,142.0305007,139.55549775,140.9909996,233370.0,121.9198616
2011-08-31,135.495002091,138.406363773,133.445909364,135.952727227,403290.909091,117.563090545
2011-09-30,134.78618881,136.220951,132.532857,134.145237476,383314.285714,116.126582143
2011-10-31,130.051427238,132.730000143,127.859046524,130.893807952,480876.190476,114.144997333
2011-11-30,132.402857143,134.375237667,130.359048762,132.397142048,359409.52381,115.456010524
2011-12-31,136.470475714,138.125715714,135.306190143,136.629523095,264509.52381,113.926803476
2012-01-31,141.01849895,142.3649979,139.46349865,140.8960006,292845.0,123.779654
2012-02-29,143.1555008,144.22499835,141.78700105,142.9270005,285055.0,125.5639234
2012-03-31,145.799092455,147.166363136,144.976819682,146.385906591,336454.545455,128.735653227
2012-04-30,153.2235001,154.42200015,152.3555001,153.6050002,266805.0,135.9436557
2012-05-31,154.96952519,156.061428952,153.371427286,154.507143905,279585.714286,136.742071905
2012-06-30,150.872857857,152.107144381,149.370000905,150.834285952,284809.52381,133.631717571
2012-07-31,157.01299895,158.1685012,155.9804986,157.2689995,239830.0,140.2069341
2012-08-31,152.774783043,153.443912087,151.441304696,152.365651043,205286.956522,135.835548478
2012-09-30,152.823684684,153.725265368,151.819474,152.537369421,234521.052632,136.143896947
2012-10-31,146.761904762,148.025239476,145.584285238,146.765715048,273219.047619,126.20067519
2012-11-30,142.295715333,143.205713143,140.676192381,141.829522952,370666.666667,127.38130719
2012-12-31,143.949471789,145.136317158,143.263157211,144.297893421,290026.315789,129.701983947
2013-01-31,152.038095333,152.855713,151.263333952,152.112381,222466.666667,137.64111019
2013-02-28,152.221112556,152.938331667,151.204445722,151.805556389,293105.555556,137.3634755
2013-03-31,150.3295012,151.13049995,149.1779991,150.4554991,261940.0,136.30862895
2013-04-30,154.353182136,155.533180273,153.219997818,154.775455091,272836.363636,141.193675591
2013-05-31,161.613182136,162.973181364,160.456817545,161.949089773,321150.0,147.737485682
2013-06-30,155.22650005,157.1905006,153.5710006,155.34299845,264175.0,141.8803627
2013-07-31,164.58666419,166.024762048,162.533809905,164.228093524,201847.619048,150.984188762
2013-08-31,151.811364591,152.953181182,150.191361227,151.098181364,201454.545455,138.913116773
2013-09-30,149.3925003,150.8720008,147.73099885,149.3335006,180085.0,131.1478666
2013-10-31,155.779565478,157.729131261,154.336523304,156.453042174,226573.913043,145.003115261
2013-11-30,157.645263632,158.749473158,155.605263158,157.087895368,232857.894737,145.591507211
2013-12-31,147.939522857,149.620473238,146.027143905,147.662856381,498223.809524,136.96295681
2014-01-31,151.33800045,152.81999895,150.61450125,152.00599895,424505.0,142.06737915
2014-02-28,164.449474895,166.108947737,163.489474632,164.940526,487305.263158,154.156206895
2014-03-31,166.951428333,168.458094286,165.234285571,166.979523571,474028.571429,156.816660667
2014-04-30,169.43250055,170.6560006,168.00000005,169.66549905,1547475.0,159.72907615
2014-05-31,178.514761095,179.785713524,177.595714714,178.975237905,371285.714286,168.493592143
2014-06-30,182.09809519,183.211428667,180.697141381,182.157143857,445247.619048,171.664775048
2014-07-31,188.917273091,189.825454636,188.090453364,189.194547409,289131.818182,179.375920091
2014-08-31,190.71399845,191.85149925,189.6715004,190.7555,283910.0,180.8558639
2014-09-30,186.500000714,187.423334048,184.886190571,185.857142857,371090.47619,176.388949571
2014-10-31,186.866819182,188.717272,185.884090136,187.893181591,348000.0,179.439261955
2014-11-30,201.392106684,202.596843421,199.992103947,201.111581158,363752.631579,192.062923053
2014-12-31,205.917273136,207.708181909,204.553183136,206.226364136,322790.909091,197.059410318
2015-01-31,222.6175002,224.7070006,221.235498,223.4485008,458165.0,214.71459645
2015-02-28,225.375262579,227.089473579,222.702106632,225.426316947,324042.105263,216.615105947
2015-03-31,230.090949762,232.603807714,228.339998667,230.394285667,388871.428571,221.586760619
2015-04-30,225.637618286,227.55666681,224.152858238,225.379046571,263657.142857,217.914537952
2015-05-31,223.393157158,225.367893421,221.512106632,223.277895474,344831.578947,215.882976789
2015-06-30,216.3831815,218.097726227,214.204545455,215.961365364,315340.909091,208.999100818
2015-07-31,222.070476,224.107618048,220.085714524,222.164287048,311395.238095,216.266276667
2015-08-31,224.417142667,226.388570857,221.382379476,223.967142095,322623.809524,218.021269429
2015-09-30,214.8099984,217.6519989,212.70199975,215.27350015,313410.0,209.77081325
2015-10-31,229.406819364,231.267273,226.739089273,229.266818636,409877.272727,224.660988636
2015-11-30,223.4200011,225.784999,221.44649895,223.95250085,310210.0,219.4534323
2015-12-31,234.975240143,237.096667286,232.752381143,235.277142571,453247.619048,230.684121714
2016-01-31,230.020000263,231.886317895,226.607894105,228.759474105,567931.578947,225.493043105
2016-02-29,204.682631632,207.712105947,202.106315947,204.517367684,547963.157895,201.597086895
2016-03-31,223.678637409,226.216363455,221.970908364,224.775910091,446009.090909,221.787709364
2016-04-30,227.03049995,229.0294983,224.70950085,226.7954987,462720.0,225.1351289
2016-05-31,226.675713619,228.354762429,224.568572286,226.933333667,345495.238095,225.271954619
2016-06-30,216.501428381,218.734761524,214.554760857,216.61618981,517852.380952,215.265953286
2016-07-31,227.6804985,229.48600005,225.7329987,227.9110001,410345.0,227.9110001
2016-08-31,232.0079988,232.9699984,230.1860016,231.3359958,308960.0,231.3359958
