Date,Open,High,Low,Close,Volume,Adj Close
2004-08-31,12.8183333333,13.0,12.7341666667,12.9366666667,268500.0,7.62397758333
2004-09-30,13.4025,13.6445,13.126,13.4495,225415.0,7.96824205
2004-10-31,13.169047619,13.3923809524,13.0457142857,13.2295238095,123280.952381,7.86072457143
2004-11-30,14.0538095238,14.2057142857,13.820952381,14.0433333333,74161.9047619,8.34427438095
2004-12-31,13.6827272727,13.8104545455,13.5131818182,13.6490909091,122400.0,8.2060445
2005-01-31,13.2985,13.442,13.0275,13.264,256550.0,8.0112132
2005-02-28,13.5773684211,13.7489473684,13.4084210526,13.5878947368,120321.052632,8.20684021053
2005-03-31,13.6327272727,13.7395454545,13.39,13.5831818182,86727.2727273,8.28894122727
2005-04-30,13.1238095238,13.2852380952,12.9357142857,13.0885714286,107838.095238,8.0289957619
2005-05-31,13.1357142857,13.3014285714,13.0076190476,13.2,176100.0,8.104739
2005-06-30,14.2759090909,14.4445454545,14.0677272727,14.2777272727,166554.545455,8.85718627273
2005-07-31,15.6142105263,15.9142104737,15.4121052632,15.6999998947,110915.789474,9.79635947368
2005-08-31,15.2360870435,15.3730435217,14.9682608261,15.168261,227917.391304,9.46456904348
2005-09-30,15.2457142857,15.4538095238,15.0147619048,15.2776190476,137285.714286,9.6254722381
2005-10-31,14.613,14.782,14.223,14.452,130215.0,9.15010085
2005-11-30,14.2642857143,14.4619047619,14.0142857143,14.2766666667,125076.190476,9.039091
2005-12-31,14.990952381,15.1461904762,14.7623809524,15.0114285714,451795.238095,9.59350085714
2006-01-31,15.2078947368,15.3126315789,15.0184210526,15.2,207605.263158,9.76936552632
2006-02-28,14.9552631579,15.0673684211,14.7026315789,14.91,202521.052632,9.58297621053
2006-03-31,16.1247826522,16.3478262609,15.8782609565,16.2165217391,283060.869565,10.5248383478
2006-04-30,16.2305555,16.3572222778,15.9761111111,16.1461109444,197827.777778,10.5291026667
2006-05-31,15.2172727273,15.3868181818,14.9159090909,15.1677272727,205081.818182,9.89108513636
2006-06-30,15.1454545455,15.3695454545,14.9404545455,15.1654545455,237609.090909,9.98422863636
2006-07-31,16.0773684211,16.2342104737,15.8678947368,16.0515785789,188531.578947,10.6262235789
2006-08-31,16.7521738261,16.9252174783,16.5660869565,16.7630435217,323560.869565,11.0972166957
2006-09-30,17.2959997,17.46900005,17.1395,17.3284998,585045.0,11.5720641
2006-10-31,17.9404762381,18.1038095238,17.741905,17.9657142381,181909.52381,12.0526020476
2006-11-30,17.8680952381,18.0428571429,17.5757143333,17.8185715238,260304.761905,11.9538888095
2006-12-31,18.2321049474,18.3931581053,18.0394735263,18.1836843158,241673.684211,12.2856443684
2007-01-31,18.64050025,18.8564999,18.47699995,18.73200025,216555.0,12.72348665
2007-02-28,19.7168420526,19.9215788947,19.3784209474,19.6668422105,349994.736842,13.3584668947
2007-03-31,19.3814287143,19.5966668095,19.1709521905,19.4047621429,758585.714286,13.2730864762
2007-04-30,19.1744999,19.2954997,18.9480002,19.109,470525.0,13.1259738
2007-05-31,17.8836365455,18.0554547273,17.6581817273,17.7904547727,553577.272727,12.2202648182
2007-06-30,17.0595,17.2044999,16.80600005,16.9874999,576665.0,11.7720552
2007-07-31,15.8414287143,15.9919049048,15.602381,15.7400000952,516614.285714,10.9613705238
2007-08-31,14.9095454545,15.2936363636,14.6363636364,14.9559090909,582700.0,10.4153278182
2007-09-30,15.3178947368,15.5547368421,15.0821052632,15.3194736842,410163.157895,10.7850357895
2007-10-31,15.7104346522,15.8743477391,15.4417391304,15.6926086522,447730.434783,11.1012547391
2007-11-30,14.5580952381,14.770952381,14.2452380952,14.5047619048,614404.761905,10.2609038571
2007-12-31,14.175,14.3975,13.904,14.14,730345.0,10.1165883
2008-01-31,13.6352380952,14.0552380952,13.3538095238,13.7357142857,701061.904762,9.88882961905
2008-02-29,14.82,15.1057894737,14.5357894737,14.8215789474,600763.157895,10.6705822105
2008-03-31,15.86150005,16.16350005,15.62500005,15.95650005,807895.0,11.60826145
2008-04-30,16.9195457727,17.2013637273,16.6795454091,16.9568180455,595177.272727,12.4004917727
2008-05-31,16.8474999,16.9970001,16.61600015,16.85300005,1232230.0,12.3245697
2008-06-30,15.8614285714,16.0723809524,15.6133332857,15.8338095714,663380.952381,11.6996318095
2008-07-31,15.0180952381,15.3480952381,14.710952381,15.0480952381,802142.857143,11.1788805714
2008-08-31,14.8447619048,15.0976190476,14.6438095238,14.949047619,775242.857143,11.1053002857
2008-09-30,15.6666667143,16.1309523333,15.190952381,15.7261904762,887919.047619,11.8079527143
2008-10-31,11.9763636364,12.4077272727,11.2790909091,11.7886363636,1204095.45455,8.898845
2008-11-30,9.43894736842,9.81526315789,8.89789473684,9.35894736842,1217421.05263,7.06475452632
2008-12-31,9.22727272727,9.71136363636,8.80772727273,9.34272727273,1073236.36364,7.17927781818
2009-01-31,9.08368421053,9.35842105263,8.75473684211,9.04684210526,997568.421053,7.01574578947
2009-02-28,6.94947368421,7.12736842105,6.66526315789,6.87789473684,1158721.05263,5.33374621053
2009-03-31,5.57727272727,5.78772727273,5.265,5.49954545455,1241227.27273,4.36585890909
2009-04-30,6.79,7.16333333333,6.54857142857,6.89714285714,1543104.7619,5.59907919048
2009-05-31,6.983,7.2585,6.716,7.0315,1453830.0,5.70814995
2009-06-30,8.18476190476,8.39714285714,8.02095238095,8.23428571429,1074666.66667,6.6845677619
2009-07-31,8.14545454545,8.31954545455,7.995,8.17681818182,618222.727273,6.63791572727
2009-08-31,9.4380952381,9.71428571429,9.24,9.5119047619,1297961.90476,7.7217347619
2009-09-30,10.3495,10.5995,10.1375,10.361,773245.0,8.4110276
2009-10-31,10.3609090909,10.5618181818,10.1454545455,10.3054545455,557418.181818,8.36593609091
2009-11-30,10.7926315789,11.0457894737,10.6042105263,10.8757894737,516873.684211,8.82893231579
2009-12-31,11.5786363636,11.7518181818,11.3695454545,11.5427272727,576513.636364,9.45472822727
2010-01-31,11.5410526316,11.6910526316,11.3863157895,11.5326315789,639742.105263,9.47091989474
2010-02-28,11.4105555556,11.6394444444,11.2677777778,11.48,689200.0,9.42769711111
2010-03-31,12.5247826087,12.7534782609,12.4208695652,12.5913043478,887713.043478,10.3954930435
2010-04-30,13.799047619,14.0780952381,13.6319047619,13.9285714286,700714.285714,11.5296038095
2010-05-31,15.2042105789,15.5510526842,14.8442105263,15.2236842105,1174594.73684,12.6016546316
2010-06-30,14.5140909091,14.7554545455,14.2463636364,14.485,1095068.18182,12.0439665455
2010-07-31,14.3719047619,14.6119047619,14.1042857143,14.4123809524,918138.095238,12.0132790952
2010-08-31,15.3171428571,15.5552380476,15.1195238095,15.3604762381,685809.52381,12.8035534762
2010-09-30,16.2747619524,16.4785712857,16.0423809524,16.273809619,827266.666667,13.6228343333
2010-10-31,16.15300005,16.35599985,15.95800005,16.1480001,790180.0,13.5454988
2010-11-30,16.3295237619,16.5157144762,16.1733333333,16.3385715238,574219.047619,13.7053568095
2010-12-31,17.1295455,17.2954546818,16.9981817727,17.1577275,919668.181818,14.4579221364
2011-01-31,18.3073683684,18.5099998947,18.1494734737,18.368421,781105.263158,15.4980126316
2011-02-28,19.3163156842,19.5584209474,19.178421,19.3873685263,653226.315789,16.3577305789
2011-03-31,19.7360869565,19.9469564348,19.564782913,19.7934783043,975326.086957,16.7787726087
2011-04-30,20.4552628421,20.6805260526,20.2731577368,20.4978949474,665752.631579,17.4188201579
2011-05-31,21.3142859048,21.5176190476,21.0947619048,21.3290478095,890295.238095,18.1251220476
2011-06-30,20.5828571429,20.8071429524,20.392381,20.5761904762,829038.095238,17.5604752381
2011-07-31,21.7524998,21.9695,21.58049965,21.7700003,602265.0,18.6290138
2011-08-31,20.2269563043,20.6417392609,19.7569565652,20.2513040435,1253947.82609,17.329436087
2011-09-30,20.4514997,20.76900015,20.1220001,20.39399985,978880.0,17.5331036
2011-10-31,20.1076190952,20.5333331429,19.7447621429,20.240476381,924657.142857,17.4374241429
2011-11-30,22.7130001,23.03799995,22.45799985,22.821,1054325.0,19.66057775
2011-12-31,23.9119050476,24.1076188571,23.6861902381,23.8776192381,932533.333333,20.6668433333
2012-01-31,24.8705,25.12500015,24.74450015,24.982,890725.0,21.64666225
2012-02-29,26.747,26.9705001,26.39199985,26.66799995,900195.0,23.104138
2012-03-31,27.2604546364,27.5368183636,27.0927277727,27.3654545455,712054.545455,23.8278780455
2012-04-30,28.7768420526,29.0773685789,28.5563159474,28.8742106842,1565021.05263,25.2080489474
2012-05-31,29.2245455455,29.4795454091,28.9754545455,29.1977271818,1005231.81818,25.4904884545
2012-06-30,28.8276191905,29.2090477143,28.5676191429,28.9076191905,1483747.61905,25.3481918095
2012-07-31,31.50699995,31.7924999,31.2135,31.5285005,805400.0,27.71875565
2012-08-31,33.3756521304,33.6073913043,33.2086956522,33.4208696522,676730.434783,29.3824606087
2012-09-30,33.9542108421,34.1605263158,33.7242102632,33.8905264737,619294.736842,29.905875
2012-10-31,33.6761905238,33.8833338095,33.3299999524,33.6414285238,571757.142857,29.7509115238
2012-11-30,35.20499995,35.52099985,34.8440002,35.2155003,876045.0,31.14294725
2012-12-31,35.5874995,35.85300005,35.4029999,35.66450005,628820.0,31.73230765
2013-01-31,38.101429,38.3976191429,37.939524,38.220952381,1261028.57143,34.0430941905
2013-02-28,39.1844448889,39.3972227778,38.7277774444,39.016667,1054105.55556,34.7518306667
2013-03-31,38.6600002,38.9959996,38.38700025,38.7514995,798740.0,34.6493988
2013-04-30,40.9290480952,41.2785718571,40.645238,41.088095619,715733.333333,36.833493619
2013-05-31,43.8300002727,44.0990913636,43.3954551818,43.7350001818,586395.454545,39.2063156818
2013-06-30,42.10099995,42.61549975,41.55850035,42.07900045,1024510.0,37.95617515
2013-07-31,43.4452384286,43.7490479524,42.9709520952,43.3128572857,750447.619048,39.2002438571
2013-08-31,42.4054544545,42.8163638182,42.0059095909,42.3959092273,558977.272727,38.3703612273
2013-09-30,44.0578946842,44.5426319474,43.6473686842,44.1826311579,818800.0,40.2258544211
2013-10-31,47.1565213478,47.616522,46.673478087,47.200435,769895.652174,43.1108767391
2013-11-30,43.1479999,43.4209999,42.61300015,42.91300005,1176350.0,39.1949153
2013-12-31,41.85849975,42.1330003,41.4480002,41.7684997,829200.0,38.4049233
2014-01-31,43.4795238095,43.8457144762,43.2171427143,43.6290477619,775347.619048,40.231167
2014-02-28,46.8366660556,47.3394448333,46.4783335,47.0055558333,944116.666667,43.3447088333
2014-03-31,48.5414287143,48.872856619,48.0709522857,48.4580948095,721038.095238,44.9267374286
2014-04-30,49.4971425238,49.861428619,49.1061900952,49.5257142857,856971.428571,46.0425430476
2014-05-31,51.8585715714,52.1509524762,51.500952381,51.8666664762,555728.571429,48.2188548095
2014-06-30,53.193809381,53.5261902857,52.8204761429,53.2642855238,852171.428571,49.8110521905
2014-07-31,53.2672725455,53.5154546364,52.8886366818,53.1627273182,569381.818182,49.8619655455
2014-08-31,53.1390477619,53.4542855714,52.8138090476,53.1052380476,622695.238095,49.8080456667
2014-09-30,52.20149915,52.56599975,51.8165001,52.17449995,721900.0,49.21398175
2014-10-31,54.4556517391,54.993912913,54.0704345652,54.6830436087,715608.695652,51.7452945652
2014-11-30,58.1722221667,58.5811112222,57.8666667222,58.2138895,636422.222222,55.0864521111
2014-12-31,59.2336363636,59.6972726364,58.7459093182,59.1781818182,728936.363636,56.2819229545
2015-01-31,64.4285007,65.0929993,64.00449945,64.7409998,890005.0,61.75168045
2015-02-28,65.6216657778,66.1899998889,64.8700002222,65.6933325,825450.0,62.6600405556
2015-03-31,66.1995447727,66.7868180909,65.6522734091,66.2627276818,763336.363636,63.5037633182
2015-04-30,67.0215,67.61950035,66.47899965,66.91200025,799355.0,64.29452525
2015-05-31,69.15349965,69.87750015,68.54549985,69.27650075,1239080.0,66.5665307
2015-06-30,67.5866666667,68.0599997619,66.9500005714,67.3952382381,1014580.95238,65.1168769048
2015-07-31,69.7986363182,70.4554545,69.3349996364,70.0104548636,739059.090909,67.8736006818
2015-08-31,75.4971427143,76.273334,74.7080957143,75.4366654762,1114104.7619,73.1341929048
2015-09-30,74.3335011,75.182,73.6305,74.58050085,1115975.0,72.72698225
2015-10-31,78.7222715909,79.3854550455,77.8463630455,78.6713635,955359.090909,76.9005795909
2015-11-30,80.2221062105,81.0589467368,79.538947,80.4131585789,810942.105263,78.6031693158
2015-12-31,87.1695452727,87.9368193182,86.5795454545,87.2259088182,957772.727273,85.6463891364
2016-01-31,88.802778,90.0950012222,87.7133337222,88.7905557222,2557061.11111,87.3992287778
2016-02-29,84.33850025,85.47799975,82.8719995,83.95549965,1386395.0,82.6399368
2016-03-31,87.2980956667,88.4676189524,86.6257146667,87.7704765714,1143380.95238,86.7766478095
2016-04-30,89.9547608095,90.6066677143,88.8823807619,89.653332619,871280.952381,88.864151
2016-05-31,91.3638091905,92.3380951429,90.5295231429,91.7342862857,915890.47619,90.9267867143
2016-06-30,89.5181819091,90.4354547727,88.7999996364,89.5895463182,1069663.63636,89.2961774091
2016-07-31,92.0479999,92.73650015,90.8435002,91.90649995,1122600.0,91.90649995
2016-08-31,84.4779984,85.1740008,83.1860018,83.8520004,1637560.0,83.8520004
