Date,Open,High,Low,Close,Volume,Adj Close
1992-02-29,8.75000125,8.93750275,8.593749,8.7812505,14150.0,4.3991335
1992-03-31,9.81817995455,9.90909086364,9.71590772727,9.801135,9654.54545455,4.91006368182
1992-04-30,9.619047,9.82142814286,9.55952352381,9.73214238095,8257.14285714,4.87550057143
1992-05-31,9.23750175,9.42500065,9.10000275,9.26875155,16580.0,4.6433563
1992-06-30,9.34523690476,9.4523792381,9.21428552381,9.30357071429,12376.1904762,4.66079938095
1992-07-31,10.6590896818,11.0284062273,10.4886361364,10.9034071818,25145.4545455,5.46226759091
1992-08-31,11.5476189048,11.7083331429,11.3690480952,11.571428381,14552.3809524,5.79692528571
1992-09-30,11.4404771429,11.6547634286,11.327382,11.5119057143,13447.6190476,5.76710619048
1992-10-31,13.6249990952,13.8988079524,13.2857121429,13.6726174286,56814.2857143,6.8495557619
1992-11-30,14.12500155,14.40625095,13.94375265,14.2500014,18190.0,7.13880705
1992-12-31,14.5625021818,14.7954563182,14.3636393182,14.7045473182,21913.6363636,8.03447831818
1993-01-31,17.83750045,18.31250085,17.33124945,17.9812491,88140.0,10.0089388
1993-02-28,19.8263892222,20.0555578333,19.3263866667,19.7986115,24144.4444444,11.0205409444
1993-03-31,14.2010858696,14.3315208696,13.9456509565,14.179346913,21178.2608696,11.8390177826
1993-04-30,15.0714285238,15.3214284762,14.7142848571,15.0059520476,25433.3333333,12.52919
1993-05-31,12.63749925,12.78124995,12.399999,12.5687491,9920.0,10.49425215
1993-06-30,13.9940474762,14.285713381,13.7857146667,14.0654770476,17571.4285714,11.7439422381
1993-07-31,14.6071422857,14.8095235714,14.3750002857,14.5654762857,15500.0,12.1614155714
1993-08-31,15.4829543636,15.8011373182,15.3749999091,15.5909094091,21236.3636364,13.017599
1993-09-30,18.7440471429,19.0535715714,18.5178569524,18.8035710476,15409.5238095,14.9921945238
1993-10-31,21.1309517143,21.6369041905,20.9166654286,21.2738089524,21185.7142857,17.7625247619
1993-11-30,18.3630950476,18.5833328571,18.065476619,18.3333332381,12028.5714286,18.1601195714
1993-12-31,14.772728,14.9772733182,14.6193189091,14.8693188182,10586.3636364,18.6226624091
1994-01-31,16.5500008,16.706251,16.3187515,16.5312517,10755.0,20.70410355
1994-02-28,14.9276324737,15.0328953684,14.7236851053,14.8486842632,9621.05263158,18.5968190526
1994-03-31,14.7065227391,14.9184796087,14.5054358261,14.7065225217,7682.60869565,18.4187725217
1994-04-30,15.3092117895,15.5197379474,15.059211,15.3157903158,9889.47368421,19.1818329474
1994-05-31,14.8452387619,14.9583342857,14.6845249048,14.845239,5828.57142857,18.5925042381
1994-06-30,16.0535724286,16.2678581429,15.8095244286,16.0892867143,13890.4761905,20.1505766667
1994-07-31,16.8812503,17.0562508,16.7375005,16.9250011,9750.0,21.19724395
1994-08-31,17.5271746522,17.6902186522,17.3641314348,17.5489144783,9660.86956522,21.9786467391
1994-09-30,17.898811,18.0178584286,17.7380964286,17.8571435714,7719.04761905,22.3646798571
1994-10-31,18.0750013,18.24375095,17.9562505,18.0875008,7445.0,22.65318435
1994-11-30,17.6726207143,17.7976195714,17.5357155714,17.6666675714,6104.76190476,22.126123381
1994-12-31,17.4464295714,17.488097,17.3214292857,17.375001,7919.04761905,21.7608337143
1995-01-31,16.9047621429,17.0119052857,16.7678584286,16.8869058571,8214.28571429,21.1495327143
1995-02-28,18.131945,18.3611112778,18.0625006667,18.298612,5244.44444444,22.9175845
1995-03-31,18.7554356957,18.9021748261,18.6304356087,18.7989138261,3847.82608696,23.5441734783
1995-04-30,19.7565799474,19.9276322105,19.5921063684,19.7894747895,5542.10526316,24.7847741053
1995-05-31,21.3579547273,21.5681826818,21.2272731818,21.4147731818,7218.18181818,26.8203336364
1995-06-30,19.5238091429,19.8333335238,19.3988094286,19.619047381,8461.9047619,31.9889460952
1995-07-31,20.4125,20.88125,20.25,20.66875,6440.0,38.82899745
1995-08-31,21.9945652174,22.2336956522,21.8043478261,22.0434782609,12995.6521739,41.4116074783
1995-09-30,22.43125,22.59375,22.175,22.36875,6015.0,42.02267375
1995-10-31,20.7976190476,20.9047619048,20.4464285714,20.625,11095.2380952,38.7468072381
1995-11-30,18.7261904762,18.9226190476,18.5357142857,18.75,4138.0952381,35.2243703333
1995-12-31,20.73125,21.025,20.55,20.89375,5105.0,39.3513388
1996-01-31,21.9204545455,22.1306818182,21.6590909091,21.9204545455,4527.27272727,41.3469174545
1996-02-29,23.1907894737,23.4671052632,23.0263157895,23.3026315789,7157.89473684,43.954015
1996-03-31,23.1428571429,23.3928571429,22.9285714286,23.1785714286,7680.95238095,43.8432339524
1996-04-30,23.119047619,23.2678571429,22.9107142857,23.0714285714,3542.85714286,43.7143837143
1996-05-31,21.6306818182,21.75,21.3579545455,21.5170454545,4336.36363636,40.7692301818
1996-06-30,20.9605263158,21.1447368421,20.8289473684,21.0592105263,2989.47368421,40.0252823684
1996-07-31,21.6477272727,21.7272727273,21.375,21.6079545455,4745.45454545,41.1409512727
1996-08-31,21.5511363636,21.7727272727,21.3352272727,21.5852272727,10986.3636364,41.0976792273
1996-09-30,21.45,21.675,21.3,21.53125,6830.0,41.12976345
1996-10-31,23.2840909091,23.4943181818,23.1079545455,23.3579545455,5604.54545455,44.6819415
1996-11-30,23.45625,23.74375,23.30625,23.5375,7460.0,45.02539805
1996-12-31,25.9702380952,26.2380952381,25.7023809524,25.9523809524,9171.42857143,49.7646007619
1997-01-31,26.2272727273,26.5,25.9630681818,26.1875,9118.18181818,50.2774687273
1997-02-28,26.5723684211,26.8092105263,26.2960526316,26.5986842105,10084.2105263,51.0669025789
1997-03-31,26.8881578947,27.1184210526,26.6710526316,26.8881578947,7468.42105263,51.7712304211
1997-04-30,24.8693181818,25.0397727273,24.6761363636,24.9261363636,3440.90909091,48.0608305909
1997-05-31,25.0,25.2619047619,24.6369047619,24.9047619048,7171.42857143,48.0196178571
1997-06-30,25.825,26.06875,25.646875,25.90625,4825.0,50.1009813
1997-07-31,26.3181818182,26.6392045455,26.1079545455,26.4147727273,7550.0,51.1650103182
1997-08-31,27.4553571429,27.7083333333,27.2380952381,27.4851190476,7257.14285714,53.2382546667
1997-09-30,31.8482145238,32.3988099524,31.5208334286,32.0773812381,7352.38095238,62.3131723333
1997-10-31,33.198864,33.6335232727,32.8096593636,33.2698868182,5231.81818182,64.6957311364
1997-11-30,32.845395,33.1743424737,32.5394738421,32.8618424211,5763.15789474,63.9022591053
1997-12-31,34.9062508182,35.2556826818,34.5795462273,34.9289780909,7600.0,68.0718188182
1998-01-31,34.1644745789,34.368422,33.917764,34.1842114211,5378.94736842,66.6907297895
1998-02-28,36.1414482105,36.6611851579,35.9687506316,36.4177639474,7394.73684211,71.0482168947
1998-03-31,43.3693191818,43.8764215909,43.1590919091,43.6477282727,7390.90909091,85.3811738636
1998-04-30,49.421876,50.453126,49.165626,49.962501,10955.0,97.84041995
1998-05-31,55.740626,56.328126,55.259376,55.712501,9300.0,109.2797406
1998-06-30,27.2708333333,27.5238095238,26.8660714286,27.181547619,6680.95238095,106.930992286
1998-07-31,28.0625,28.3977272727,27.7698863636,28.1363636364,5336.36363636,110.807111818
1998-08-31,26.9970238095,27.25,26.5535714286,26.8452380952,5423.80952381,105.722379
1998-09-30,25.0,25.375,24.681547619,25.0416666667,5204.76190476,98.8213885238
1998-10-31,23.5416666667,23.8005952381,23.2380952381,23.4791666667,5290.47619048,92.7478202857
1998-11-30,25.69375,26.0125,25.5125,25.828125,4385.0,102.02671725
1998-12-31,28.0539772727,28.3806818182,27.8125,28.1278409091,4413.63636364,111.311026773
1999-01-31,28.5526315789,28.7763157895,28.2269736842,28.4342105263,7026.31578947,112.634918947
1999-02-28,25.6677631579,25.9210526316,25.3026315789,25.5460526316,6989.47368421,101.194215895
1999-03-31,23.7907608696,24.0842391304,23.5597826087,23.7554347826,5300.0,94.3356731739
1999-04-30,26.06875,26.478125,25.628125,26.190625,8300.0,104.1496065
1999-05-31,24.23125,24.5,23.875,24.146875,3505.0,96.02243265
1999-06-30,22.9232954545,23.0227272727,22.6846590909,22.8494318182,2495.45454545,91.0925019091
1999-07-31,23.3273809524,23.5297619048,23.0833333333,23.3601190476,3709.52380952,93.2658545714
1999-08-31,22.1041666667,22.2738095238,21.8125,22.068452381,3485.71428571,88.108843381
1999-09-30,20.931547619,21.1220238095,20.75,20.9196428571,6319.04761905,83.760781
1999-10-31,20.8958333333,21.1577380952,20.7797619048,21.0238095238,3057.14285714,84.2982832381
1999-11-30,21.14375,21.30625,20.84375,21.053125,2715.0,84.41582815
1999-12-31,20.0568181818,20.2982954545,19.8323863636,20.1590909091,7304.54545455,81.0726334545
2000-01-31,19.7875,19.94375,19.55625,19.6875,5110.0,79.30735195
2000-02-29,17.628125,17.7875,17.428125,17.628125,7650.0,71.0115511
2000-03-31,17.2785326087,17.527173913,17.089673913,17.3614130435,4273.91304348,70.2269410435
2000-04-30,17.9671052632,18.1315789474,17.8125,18.0,2984.21052632,72.9749261579
2000-05-31,17.4829545455,17.6505681818,17.3096590909,17.5113636364,1927.27272727,70.9939148182
2000-06-30,18.0965909091,18.2528409091,17.9857954545,18.1221590909,3245.45454545,73.7571085
2000-07-31,18.715625,18.8875,18.58125,18.740625,2415.0,76.44145575
2000-08-31,18.785326087,18.9402173913,18.7010869565,18.8641304348,2630.43478261,76.9452273043
2000-09-30,19.665625,20.065625,19.503125,19.9375,6295.0,81.6334937
2000-10-31,22.2556818182,22.4573863636,21.9147727273,22.1647727273,2690.90909091,90.929563
2000-11-30,21.6666666667,21.7946428571,21.4241071429,21.6101190476,1947.61904762,88.6541316667
2000-12-31,21.884375,22.29375,21.58125,22.009375,3120.0,90.56826875
2001-01-31,24.6116667143,24.9307143333,24.381547619,24.7108333333,2709.52380952,101.881144762
2001-02-28,24.4700002222,24.6788888333,24.2066668889,24.4466667222,3122.22222222,100.792002667
2001-03-31,22.4627273182,22.9100000909,22.1550000455,22.6177274091,4527.27272727,93.5827982273
2001-04-30,24.83300005,25.1095001,24.5715,24.79500005,3380.0,102.80747945
2001-05-31,24.6486364545,24.8027273636,24.3881819091,24.5631818182,2550.0,101.846291182
2001-06-30,25.9361905238,26.2780953333,25.7338095238,26.0647620476,4138.0952381,108.404469571
2001-07-31,27.1933335238,27.4823809524,27.0357144286,27.2685715238,4214.28571429,113.622093905
2001-08-31,28.9177273636,29.2513638636,28.433182,28.8568181364,5863.63636364,120.239965636
2001-09-30,26.0033333333,26.352,25.6306667333,25.9073335333,4720.0,108.333394467
2001-10-31,27.5291306087,27.9286957391,27.1995654783,27.5900004348,3904.34782609,115.530312217
2001-11-30,28.5920001,28.8415001,28.3955002,28.65,2055.0,119.96895255
2001-12-31,27.95400005,28.18499995,27.60749995,27.89449995,4310.0,117.1510595
2002-01-31,28.671428619,28.9276191429,28.4233338571,28.7219048095,3780.95238095,120.82526919
2002-02-28,28.2533332222,28.4099998333,27.9650001111,28.1683333889,2783.33333333,118.496544444
2002-03-31,29.1025001,29.298,28.9545002,29.17600015,4440.0,123.11826525
2002-04-30,30.7990907727,31.2618182273,30.6018181364,31.0150002273,7422.72727273,131.146554227
2002-05-31,34.46762,34.9452391429,34.126191,34.5352387619,8761.9047619,146.031838714
2002-06-30,35.20500095,35.916501,34.55450075,35.2595009,15125.0,149.5152802
2002-07-31,36.9263646364,37.5781825909,35.9686369091,36.9040917727,12577.2727273,156.720169682
2002-08-31,39.2481828182,39.942728,38.7295463636,39.4681826364,12836.3636364,161.437213955
2002-09-30,39.73400085,40.1875007,38.9785007,39.4440009,11220.0,167.9466479
2002-10-31,24.9621035,25.4002744091,24.303029,24.9080142273,10513.6363636,159.265096136
2002-11-30,24.06939855,24.50538795,23.56591125,24.0403994,7570.0,153.7174535
2002-12-31,23.79790555,24.08439855,23.44791395,23.72440715,6705.0,152.0692768
2003-01-31,23.931307,24.425104,23.5522688095,23.9865436667,10819.047619,154.005299381
2003-02-28,25.1567397895,25.5772558421,24.6867515789,25.1504242105,12800.0,161.477979368
2003-03-31,26.2802956667,26.703618381,25.9769699524,26.3783888095,10566.6666667,169.852277762
2003-04-30,29.2154606667,29.6287837143,28.8945163333,29.266411619,11523.8095238,188.710766714
2003-05-31,30.27724355,30.52223765,29.9012532,30.23224485,11285.0,194.93848965
2003-06-30,29.388313619,29.7178291905,28.9035635714,29.1849849524,14623.8095238,188.640641667
2003-07-31,29.3664092857,29.7221147143,29.0078467619,29.4378361429,11200.0,190.516070048
2003-08-31,30.1563895714,30.4906668095,29.8754443333,30.140675619,8119.04761905,195.064713857
2003-09-30,31.28821845,31.64370945,31.06122405,31.30121825,9020.0,203.0516701
2003-10-31,32.3304967391,32.6096202174,32.129632087,32.3674521739,6573.91304348,210.232721957
2003-11-30,34.8796547895,35.2512246316,34.6649232105,35.0428086842,7057.89473684,227.609617842
2003-12-31,39.2172019091,39.6371918182,38.7372139091,39.1394769091,10613.6363636,254.693767545
2004-01-31,40.2484945,40.6914832,39.8170054,40.26349395,9795.0,262.28632965
2004-02-29,42.0473708421,42.5931466842,41.6015925789,42.1931566842,9594.73684211,261.552421842
2004-03-31,41.057235087,41.2867945217,40.6633317391,41.0111492174,6513.04347826,267.663011522
2004-04-30,40.54298745,40.7334825,39.8950035,40.24049465,8310.0,262.9043088
2004-05-31,36.4785887,36.83407965,36.10359835,36.5430872,9180.0,238.74793595
2004-06-30,39.9880012,40.5334867,39.68300835,40.0210003,19200.0,261.96767115
2004-07-31,40.2913742381,40.8004093333,39.9247170952,40.4175617619,12404.7619048,264.886765952
2004-08-31,43.6817657619,44.1946098095,43.2146349524,43.8260479048,10280.952381,287.22514619
2004-09-30,47.9697540476,48.4002194762,47.576430381,48.0321338095,10190.4761905,315.316241476
2004-10-31,49.6242604,50.313243,49.1982708,49.78675635,11115.0,327.10014145
2004-11-30,58.9532894286,59.8613615238,58.4599679524,59.2894714762,14957.1428571,389.533199952
2004-12-31,63.1760409524,63.8941181429,62.3017771429,63.0960427619,21052.3809524,415.039030571
2005-01-31,59.3510175,60.0405002,58.3945413,59.0240256,32375.0,388.53725125
2005-02-28,51.6153769444,52.0175892778,50.8337305556,51.2314979444,31300.0,337.241407278
2005-03-31,46.2624806364,46.7047423636,45.5265901364,46.0483947727,31595.4545455,303.674415818
2005-04-30,39.14602215,39.63800985,38.1985455,38.8310301,44635.0,256.3689712
2005-05-31,39.7880538571,40.396609619,39.0885472857,39.8747181429,56123.8095238,263.259574333
2005-06-30,38.7252229048,39.1085471429,38.3528514286,38.8047446667,47733.3333333,256.831930381
2005-07-31,22.4056205,22.86514345,22.06660355,22.52812665,55880.0,298.568937
2005-08-31,21.4458551304,21.6497783478,20.9632223043,21.2132346957,51986.9565217,281.142459522
2005-09-30,17.66438345,17.81789095,17.35286775,17.5483773,32250.0,233.1448953
2005-10-31,14.1054672857,14.2997627143,13.6435394762,13.8845039048,57823.8095238,184.72840081
2005-11-30,11.503432381,11.7429681905,11.2829450952,11.5120041429,34100.0,153.163133476
2005-12-31,12.36561845,12.62613155,12.14110705,12.32661675,38550.0,164.5656799
2006-01-31,12.5791293,12.7326367,12.40662035,12.60163015,24675.0,168.55749205
2006-02-28,12.567295,12.7706386667,12.3639515,12.5989633889,17327.7777778,168.521821778
2006-03-31,12.6601982609,12.8123798696,12.4688842609,12.6445455217,27404.3478261,169.463709435
2006-04-30,11.5295238947,11.6468983158,11.2716163158,11.4358350526,31821.0526316,153.831700474
2006-05-31,10.450046381,10.6691049524,10.220511,10.4171874762,39680.952381,140.129136571
2006-06-30,9.48729259091,9.65139168182,9.22182481818,9.40456113636,33159.0909091,127.095251727
2006-07-31,9.12624584211,9.26046315789,8.93571,9.09466531579,22484.2105263,123.259756158
2006-08-31,9.40177452174,9.5283026087,9.20785169565,9.36090291304,21082.6086957,126.868067913
2006-09-30,9.6749838,9.83299165,9.5324766,9.68548415,29845.0,131.9285214
2006-10-31,10.4746146364,10.5505275455,10.2691498636,10.4014292273,26322.7272727,136.192962182
2006-11-30,9.70429480952,9.80953814286,9.57619304762,9.70239,24109.5238095,132.49134
2006-12-31,9.83786036842,9.87944131579,9.675747,9.76522521053,25110.5263158,133.901112947
2007-01-31,9.47797395,9.66598335,9.35446775,9.5434772,32540.0,131.26371025
2007-02-28,11.3226715263,11.6658465789,11.1679268947,11.3868850526,50173.6842105,156.618470421
2007-03-31,12.4647141818,12.6774522273,12.2756137727,12.5201716818,37240.9090909,172.851787
2007-04-30,13.0271515,13.2291617,12.83064165,13.01465105,23510.0,180.0368486
2007-05-31,12.6601785455,12.7906395909,12.5051705909,12.6715427273,18290.9090909,167.419077773
2007-06-30,12.1382260476,12.2377548571,11.9253582381,12.0801279524,26266.6666667,167.696429667
2007-07-31,10.3924242857,10.471476,10.1657464286,10.3324214286,38400.0,143.75869181
2007-08-31,9.80094454545,10.1514166818,9.49411113636,9.8232185,45090.9090909,136.673969409
2007-09-30,10.1099792632,10.3299901579,9.86733563158,10.0889254737,31631.5789474,141.045791895
2007-10-31,9.53656382609,9.70048504348,9.31916165217,9.48264817391,23586.9565217,132.854271304
2007-11-30,7.0160652381,7.20750333333,6.7060497619,6.88796352381,42147.6190476,96.5035476667
2007-12-31,7.235625,7.47932131579,7.00561342105,7.25931031579,37073.6842105,102.337922737
2008-01-31,8.26469895238,8.71900738095,8.030878,8.4018487619,47361.9047619,118.851898381
2008-02-29,9.74198705,10.0075004,9.38296925,9.70748535,42570.0,137.32133415
2008-03-31,9.78148915,10.11700595,9.50097505,9.83649185,48735.0,139.8045309
2008-04-30,10.2977876364,10.5632554545,10.0882317727,10.2809686818,42540.9090909,146.449790636
2008-05-31,10.78553935,11.00655045,10.5475274,10.7745388,39955.0,153.4805711
2008-06-30,8.88996833333,9.06188171429,8.56852366667,8.72710304762,67266.6666667,124.909712619
2008-07-31,7.19702666667,7.67371709524,6.92653695238,7.30703209524,83719.047619,104.891017333
2008-08-31,9.35284866667,9.63476757143,9.06616752381,9.36999238095,55347.6190476,134.504407905
2008-09-30,10.2595605714,10.8472091429,9.92525828571,10.4224258095,68671.4285714,150.368975571
2008-10-31,9.48865627273,9.985954,8.88589890909,9.43638090909,50600.0,136.447182727
2008-11-30,9.79891110526,10.2505124211,9.29888605263,9.84417636842,40184.2105263,142.343778526
2008-12-31,10.3114680476,10.7529187143,9.938116,10.4624278571,48495.2380952,151.933160381
2009-01-31,8.85044255,9.04595245,8.4754238,8.6919347,60375.0,126.4898246
2009-02-28,5.30500221053,5.52290784211,4.86076936842,5.13236194737,110652.631579,74.6889731579
2009-03-31,4.27021345455,4.52386259091,4.05883940909,4.29930586364,64659.0909091,63.2935767727
2009-04-30,5.77790795238,6.12125847619,5.49884633333,5.88172261905,52423.8095238,84.048023619
2009-05-31,5.86179305,6.09080455,5.58577925,5.82329115,56820.0,86.15280065
2009-06-30,4.83160540909,4.95479322727,4.63932309091,4.75614713636,36722.7272727,70.9443810455
2009-07-31,3.71791313636,3.81019059091,3.53744963636,3.67291104545,59172.7272727,55.0936644091
2009-08-31,3.40867055,3.5426772,3.28916455,3.39866995,72925.0,50.98004925
2009-09-30,3.26540138095,3.37254961905,3.17015857143,3.26111542857,57209.5238095,48.9167315238
2009-10-31,2.524412,2.59346314286,2.41440652381,2.46631390476,64223.8095238,36.9947071905
2009-11-30,1.7510876,1.8390922,1.65158265,1.7385869,79890.0,26.07880385
2009-12-31,2.17556331818,2.31193377273,2.05873922727,2.19238227273,112240.909091,32.8857352727
2010-01-31,2.34274884211,2.45328057895,2.23011163158,2.34222257895,87652.6315789,33.3885041053
2010-02-28,2.118527,2.19432036842,2.04957621053,2.11747431579,87510.5263158,31.7621146842
2010-03-31,2.17576095652,2.23750308696,2.11271426087,2.18141343478,99930.4347826,32.7212014783
2010-04-30,2.8376419,2.9896496,2.62813145,2.7891394,321385.0,41.8370919
2010-05-31,1.68958455,1.74758745,1.5680784,1.6315816,175150.0,24.47372385
2010-06-30,1.04277945455,1.08687259091,0.972321363636,1.00641395455,167959.090909,14.3984449545
2010-07-31,0.544789285714,0.59431552381,0.495739285714,0.532883857143,287085.714286,7.99325685714
2010-08-31,0.501843363636,0.523208090909,0.475023772727,0.494115681818,144468.181818,7.41173427273
2010-09-30,0.3510174,0.36851845,0.3305165,0.34701735,369590.0,5.20526025
2010-10-31,0.29239547619,0.303348428571,0.281442809524,0.290966904762,185028.571429,4.36450390476
2010-11-30,0.291443333333,0.299539,0.277632952381,0.287633619048,162423.809524,4.31450161905
2010-12-31,0.353654136364,0.371382181818,0.338198818182,0.355927,355686.363636,5.33890340909
2011-01-31,4.82210889474,5.03421431579,4.60684536842,4.80895084211,662242.105263,5.79636863158
2011-02-28,5.08736842105,5.23368421053,4.93105263158,5.07105263158,309489.473684,5.07105263158
2011-03-31,4.51434782609,4.62304347826,4.37913043478,4.50913043478,178173.913043,4.50913043478
2011-04-30,4.78894736842,4.87052631579,4.64052631579,4.78315789474,139526.315789,4.78315789474
2011-05-31,4.63571428571,4.71523809524,4.51952380952,4.65523809524,135295.238095,4.65523809524
2011-06-30,4.40818181818,4.54772727273,4.265,4.36909090909,320700.0,4.36909090909
2011-07-31,4.427,4.5515,4.321,4.4465,125250.0,4.4465
2011-08-31,3.50863636364,3.60363636364,3.37272727273,3.48045454545,164622.727273,3.48045454545
2011-09-30,3.04523809524,3.08857142857,2.91952380952,2.98428571429,116076.190476,2.98428571429
2011-10-31,2.94380952381,3.04619047619,2.86714285714,2.97619047619,107952.380952,2.97619047619
2011-11-30,3.6325,3.701,3.544,3.6225,77610.0,3.6225
2011-12-31,3.55619047619,3.72095238095,3.47952380952,3.65047619048,102309.52381,3.65047619048
2012-01-31,3.4695,3.53,3.4175,3.4885,73360.0,3.4885
2012-02-29,4.1875,4.3085,4.0185,4.169,228040.0,4.169
2012-03-31,3.98454545455,4.05636363636,3.865,3.98454545455,439650.0,3.97863636364
2012-04-30,4.135,4.2305,4.0315,4.133,189225.0,4.133
2012-05-31,3.94136363636,3.99636363636,3.84863636364,3.90863636364,109627.272727,3.90863636364
2012-06-30,3.63095238095,3.75523809524,3.52285714286,3.64714285714,681890.47619,3.64714285714
2012-07-31,3.7115,3.7635,3.6185,3.692,142425.0,3.692
2012-08-31,3.69086956522,3.77043478261,3.60086956522,3.68826086957,150152.173913,3.68826086957
2012-09-30,4.30263157895,4.41421052632,4.23684210526,4.32684210526,596905.263158,4.32684210526
2012-10-31,4.34523809524,4.38142857143,4.27047619048,4.32571428571,150100.0,4.32571428571
2012-11-30,4.0795,4.1395,3.9785,4.0615,217980.0,4.0615
2012-12-31,4.318,4.391,4.2315,4.334,364115.0,4.334
2013-01-31,4.86714285714,4.93952380952,4.80333333333,4.88619047619,578790.47619,4.88619047619
2013-02-28,5.49611111111,5.58388888889,5.39444444444,5.50444444444,659350.0,5.50444444444
2013-03-31,6.0595,6.1625,5.9695,6.096,371520.0,6.096
2013-04-30,6.03545454545,6.11363636364,5.93318181818,6.01590909091,349268.181818,6.01590909091
2013-05-31,6.00227272727,6.09045454545,5.94136363636,6.02954545455,288722.727273,6.02954545455
2013-06-30,6.66578947368,6.79315789474,6.56421052632,6.70368421053,430357.894737,6.70368421053
2013-07-31,7.92227272727,8.06272727273,7.77181818182,7.93363636364,413154.545455,7.93363636364
2013-08-31,6.99090909091,7.07454545455,6.86590909091,6.94909090909,1933404.54545,6.94909090909
2013-09-30,6.29263157895,6.35157894737,6.16473684211,6.24789473684,1302278.94737,6.24789473684
2013-10-31,5.38652173913,5.45913043478,5.29695652174,5.3752173913,762621.73913,5.3752173913
2013-11-30,5.9685,6.089,5.883,6.003,633150.0,6.003
2013-12-31,5.86952380952,5.96238095238,5.74619047619,5.85523809524,740914.285714,5.85523809524
2014-01-31,5.57047619048,5.63571428571,5.43142857143,5.51238095238,1070252.38095,5.51047619048
2014-02-28,4.80526315789,4.93,4.68210526316,4.82842105263,1224505.26316,4.82842105263
2014-03-31,5.50380952381,5.6219047619,5.3919047619,5.51142857143,857480.952381,5.51142857143
2014-04-30,5.2435,5.3445,5.1325,5.2315,693670.0,5.2315
2014-05-31,5.16285714286,5.25714285714,5.06428571429,5.16,780704.761905,5.16
2014-06-30,5.37285714286,5.47238095238,5.29428571429,5.40428571429,1109385.71429,5.40428571429
2014-07-31,5.34681818182,5.43272727273,5.25772727273,5.34409090909,760100.0,5.34409090909
2014-08-31,5.0745,5.142,4.96,5.062,530210.0,5.062
2014-09-30,5.09523809524,5.18285714286,5.02047619048,5.07333333333,588457.142857,5.07333333333
2014-10-31,4.79565217391,4.91956521739,4.69782608696,4.81434782609,741347.826087,4.81434782609
2014-11-30,5.10315789474,5.15526315789,5.03,5.08894736842,819863.157895,5.08894736842
2014-12-31,5.61857142857,5.7319047619,5.55285714286,5.65714285714,1041980.95238,5.65714285714
2015-01-31,5.5345,5.6325,5.411,5.5175,710420.0,5.5175
2015-02-28,6.22210526316,6.36526315789,6.15157894737,6.27,1016326.31579,6.27
2015-03-31,6.42952380952,6.49952380952,6.32095238095,6.41571428571,751295.238095,6.41571428571
2015-04-30,6.42761904762,6.52047619048,6.33666666667,6.41714285714,836880.952381,6.41714285714
2015-05-31,6.2785,6.3565,6.177,6.2835,913505.0,6.2835
2015-06-30,6.27545454545,6.34181818182,6.12,6.22090909091,1164627.27273,6.22090909091
2015-07-31,4.64454545455,4.72954545455,4.50727272727,4.61954545455,1253627.27273,4.61545454545
2015-08-31,3.79,3.91047619048,3.69904761905,3.78666666667,845133.333333,3.78666666667
2015-09-30,3.75428571429,3.83904761905,3.66142857143,3.7319047619,1144557.14286,3.7319047619
2015-10-31,3.79047619048,3.8980952381,3.69952380952,3.81,625628.571429,3.81
2015-11-30,4.0055,4.0895,3.8995,3.9885,639330.0,3.9885
2015-12-31,3.34363636364,3.45090909091,3.235,3.31818181818,1949727.27273,3.31818181818
2016-01-31,2.67388888889,2.74333333333,2.57055555556,2.645,1506572.22222,2.645
2016-02-29,2.4215,2.501,2.3475,2.442,933070.0,2.442
2016-03-31,2.89863636364,2.97181818182,2.78681818182,2.90090909091,798631.818182,2.90090909091
2016-04-30,3.13428571429,3.22666666667,3.07333333333,3.16380952381,761909.52381,3.16380952381
2016-05-31,3.905,4.0145,3.8215,3.9235,665885.0,3.9235
2016-06-30,4.17363636364,4.26954545455,4.07,4.17727272727,808977.272727,4.17727272727
2016-07-31,4.388,4.4755,4.3045,4.4025,473625.0,4.4025
2016-08-31,4.464,4.584,4.396,4.464,546620.0,4.464
