Date,Open,High,Low,Close,Volume,Adj Close
2007-05-31,20.1524995,20.2974995,20.10999975,20.245,27800.0,7.72507125
2007-06-30,20.2180952381,20.2761903333,20.0704761905,20.1638094286,16076.1904762,7.69408709524
2007-07-31,18.9009525714,19.0376190952,18.5090476667,18.7747619048,22480.952381,7.16405895238
2007-08-31,15.9565218261,16.3186958261,15.2617391739,15.8865217826,50169.5652174,6.10782334783
2007-09-30,15.6983333333,16.121111,15.3272222222,15.7227777778,45027.7777778,6.1309705
2007-10-31,15.0760869565,15.2430435217,14.7908695652,15.0339129565,49226.0869565,5.86235313043
2007-11-30,13.9423809524,14.2333333333,13.5871428571,14.0261904762,68880.952381,5.51549090476
2007-12-31,12.7115789474,12.9531578947,12.4521052632,12.6357894737,105305.263158,5.05222778947
2008-01-31,11.9823809524,12.2514285714,11.7776190476,12.0547619048,53538.0952381,4.8199127619
2008-02-29,13.206,13.4415,13.027,13.2465,38550.0,5.3498877
2008-03-31,12.5321052632,12.8057894737,12.3178947368,12.5668421053,34152.6315789,5.16690389474
2008-04-30,12.7713636364,12.9590909091,12.6590909091,12.8077272727,26263.6363636,5.26594490909
2008-05-31,13.3852380952,13.4952380952,13.2261904762,13.3604761905,34423.8095238,5.54689766667
2008-06-30,10.939,11.0745,10.7105,10.819,50320.0,4.5684956
2008-07-31,8.34227272727,8.59863636364,8.17090909091,8.38909090909,60227.2727273,3.54242772727
2008-08-31,9.08285714286,9.21857142857,8.93619047619,9.09428571429,43480.952381,3.89940195238
2008-09-30,8.268,8.4625,7.951,8.2075,55560.0,3.6093458
2008-10-31,5.51304347826,5.7747826087,4.97956521739,5.2947826087,55765.2173913,2.32844347826
2008-11-30,3.91684210526,4.05105263158,3.64736842105,3.80684210526,47842.1052632,1.71018426316
2008-12-31,3.57954545455,3.81318181818,3.46045454545,3.66863636364,59059.0909091,1.74136818182
2009-01-31,4.222,4.359,4.107,4.2595,41945.0,2.02182965
2009-02-28,3.34578947368,3.44052631579,3.18421052632,3.28263157895,41057.8947368,1.59166305263
2009-03-31,2.44476190476,2.56142857143,2.39523809524,2.47666666667,43595.2380952,1.248199
2009-04-30,3.51666666667,3.65285714286,3.44714285714,3.56761904762,32309.5238095,1.79802090476
2009-05-31,4.014,4.1435,3.909,4.009,29300.0,2.04800115
2009-06-30,4.28142857143,4.42476190476,4.20095238095,4.30666666667,26752.3809524,2.24589019048
2009-07-31,4.42590909091,4.53409090909,4.32409090909,4.44681818182,27663.6363636,2.318978
2009-08-31,5.16380952381,5.27095238095,5.08047619048,5.17857142857,33338.0952381,2.73627804762
2009-09-30,5.271,5.374,5.201,5.3075,32490.0,2.84641525
2009-10-31,5.43681818182,5.49636363636,5.36363636364,5.43272727273,21718.1818182,2.91357463636
2009-11-30,5.3855,5.4835,5.338,5.4195,29175.0,2.93674975
2009-12-31,5.7480952381,5.85095238095,5.64714285714,5.74571428571,37685.7142857,3.16117142857
2010-01-31,6.25315789474,6.33789473684,6.15210526316,6.24526315789,33984.2105263,3.43601268421
2010-02-28,5.81263157895,5.91842105263,5.74368421053,5.85157894737,41578.9473684,3.24927673684
2010-03-31,6.75913043478,6.89695652174,6.69086956522,6.82565217391,41878.2608696,3.84833182609
2010-04-30,7.59,7.6980952381,7.50285714286,7.61333333333,38890.4761905,4.28664833333
2010-05-31,6.98,7.1415,6.758,6.931,48765.0,3.93996155
2010-06-30,6.95636363636,7.04136363636,6.83590909091,6.91454545455,35190.9090909,3.98356927273
2010-07-31,6.579,6.678,6.493,6.582,23435.0,3.79198515
2010-08-31,6.79,6.86909090909,6.68454545455,6.78954545455,23286.3636364,3.95092813636
2010-09-30,7.04238095238,7.15619047619,6.97761904762,7.07428571429,25638.0952381,4.16842942857
2010-10-31,7.29047619048,7.37904761905,7.23428571429,7.31523809524,29014.2857143,4.30585804762
2010-11-30,7.57666666667,7.63571428571,7.49238095238,7.57047619048,23476.1904762,4.49679561905
2010-12-31,7.81,7.87954545455,7.69590909091,7.78681818182,37677.2727273,4.68684954545
2011-01-31,7.8355,7.8905,7.761,7.812,21160.0,4.7020064
2011-02-28,8.07277777778,8.17666666667,7.98722222222,8.09222222222,36733.3333333,4.90128822222
2011-03-31,8.01608695652,8.10130434783,7.9252173913,8.02086956522,34495.6521739,4.9190356087
2011-04-30,8.062,8.1265,7.9745,8.033,32385.0,4.92647495
2011-05-31,7.76333333333,7.8080952381,7.67285714286,7.74142857143,30309.5238095,4.77940780952
2011-06-30,7.39590909091,7.46318181818,7.33727272727,7.40318181818,30481.8181818,4.63251318182
2011-07-31,7.3595,7.4195,7.2535,7.34,39600.0,4.59297755
2011-08-31,6.46347826087,6.58043478261,6.32,6.44652173913,53247.826087,4.06679969565
2011-09-30,6.27142857143,6.32904761905,6.17380952381,6.24047619048,25576.1904762,4.00788604762
2011-10-31,6.11,6.21619047619,6.02095238095,6.13952380952,28338.0952381,3.94305033333
2011-11-30,6.30523809524,6.35714285714,6.1819047619,6.25047619048,30852.3809524,4.05348642857
2011-12-31,6.29761904762,6.36142857143,6.2419047619,6.30428571429,40033.3333333,4.15106390476
2012-01-31,6.7905,6.85,6.744,6.814,33590.0,4.49101225
2012-02-29,7.1095,7.174,7.069,7.1365,32530.0,4.735056
2012-03-31,7.13523809524,7.18476190476,7.08047619048,7.1280952381,30671.4285714,4.80330595238
2012-04-30,7.1915,7.2375,7.137,7.208,28410.0,4.8571505
2012-05-31,7.16409090909,7.23727272727,7.08590909091,7.15818181818,35077.2727273,4.85768431818
2012-06-30,7.17333333333,7.25285714286,7.12,7.18238095238,26000.0,4.94941752381
2012-07-31,7.46428571429,7.55714285714,7.41476190476,7.4819047619,28119.047619,5.15580009524
2012-08-31,7.64347826087,7.74217391304,7.57826086957,7.66695652174,43986.9565217,5.32136717391
2012-09-30,7.83736842105,7.94368421053,7.76947368421,7.87526315789,36436.8421053,5.53944910526
2012-10-31,7.99857142857,8.08238095238,7.94619047619,8.01571428571,38028.5714286,5.63694752381
2012-11-30,7.99047619048,8.10666666667,7.89238095238,7.98428571429,39409.5238095,5.65446952381
2012-12-31,7.8825,7.984,7.8085,7.875,43300.0,5.65244985
2013-01-31,8.31380952381,8.40047619048,8.24619047619,8.33714285714,34747.6190476,5.98416280952
2013-02-28,8.56444444444,8.67611111111,8.50055555556,8.58166666667,39161.1111111,6.20378544444
2013-03-31,8.612,8.707,8.548,8.6285,37690.0,6.3093494
2013-04-30,8.46409090909,8.55045454545,8.39681818182,8.46,29622.7272727,6.18613840909
2013-05-31,8.55590909091,8.63181818182,8.48681818182,8.55090909091,42118.1818182,6.28994781818
2013-06-30,8.3085,8.3885,8.2615,8.298,26480.0,6.18335545
2013-07-31,8.49227272727,8.60818181818,8.40636363636,8.49454545455,25609.0909091,6.32981359091
2013-08-31,8.16454545455,8.31681818182,8.07863636364,8.18318181818,38986.3636364,6.14527577273
2013-09-30,8.19789473684,8.28789473684,8.10526315789,8.20631578947,23368.4210526,6.246625
2013-10-31,8.12,8.18391304348,8.07913043478,8.1447826087,22739.1304348,6.19978626087
2013-11-30,8.1505,8.216,8.0735,8.1445,43355.0,6.24582655
2013-12-31,7.94238095238,7.98952380952,7.88380952381,7.94476190476,46380.952381,6.17849652381
2014-01-31,7.912,7.952,7.877,7.925,31025.0,6.163128
2014-02-28,7.95894736842,8.00842105263,7.91263157895,7.96526315789,49315.7894737,6.23643305263
2014-03-31,7.84238095238,7.87333333333,7.78904761905,7.82476190476,37442.8571429,6.21464661905
2014-04-30,7.6505,7.6795,7.6185,7.6545,39380.0,6.07941965
2014-05-31,7.63714285714,7.68714285714,7.6019047619,7.6519047619,47200.0,6.11548733333
2014-06-30,7.67428571429,7.73714285714,7.63,7.70380952381,51347.6190476,6.25279680952
2014-07-31,8.12590909091,8.18772727273,8.04772727273,8.11863636364,59645.4545455,6.58949095455
2014-08-31,8.471,8.6215,8.3225,8.509,77795.0,6.9488279
2014-09-30,8.55095238095,8.61476190476,8.42714285714,8.52619047619,58652.3809524,7.05937928571
2014-10-31,8.07086956522,8.17826086957,7.95695652174,8.05347826087,54291.3043478,6.66799056522
2014-11-30,8.21947368421,8.31263157895,8.18052631579,8.25736842105,31263.1578947,6.87070426316
2014-12-31,7.78636363636,7.90909090909,7.61818181818,7.75727272727,60336.3636364,6.55896177273
2015-01-31,7.4885,7.621,7.3815,7.492,42030.0,6.33466715
2015-02-28,7.52736842105,7.61526315789,7.43578947368,7.54210526316,46578.9473684,6.42510678947
2015-03-31,7.5680952381,7.61380952381,7.49380952381,7.56333333333,26295.2380952,6.54694847619
2015-04-30,7.49047619048,7.54571428571,7.45095238095,7.49285714286,33271.4285714,6.485943
2015-05-31,7.243,7.2835,7.1905,7.246,43365.0,6.3174139
2015-06-30,7.01,7.05095238095,6.94047619048,6.98142857143,40414.2857143,6.18993471429
2015-07-31,6.37272727273,6.43318181818,6.30545454545,6.37272727273,59945.4545455,5.65024268182
2015-08-31,6.00476190476,6.09047619048,5.94238095238,6.03714285714,70276.1904762,5.40467
2015-09-30,6.15523809524,6.19666666667,6.06952380952,6.1419047619,34914.2857143,5.60835185714
2015-10-31,6.22428571429,6.32,6.1619047619,6.23333333333,28961.9047619,5.69183795238
2015-11-30,6.238,6.319,6.1665,6.246,48050.0,5.75120115
2015-12-31,5.86636363636,5.95363636364,5.78818181818,5.85363636364,53222.7272727,5.49660686364
2016-01-31,5.27631578947,5.36526315789,5.19210526316,5.27421052632,41200.0,4.93126157895
2016-02-29,5.0815,5.1555,5.024,5.09,50685.0,4.82977845
2016-03-31,5.73727272727,5.85227272727,5.70272727273,5.77909090909,30922.7272727,5.61597159091
2016-04-30,6.049,6.109,5.989,6.0385,28235.0,5.86805855
2016-05-31,6.1880952381,6.27619047619,6.13476190476,6.20571428571,39433.3333333,6.08837561905
2016-06-30,6.07227272727,6.14227272727,6.00545454545,6.06863636364,31922.7272727,6.06863636364
2016-07-31,6.3845,6.469,6.349,6.4235,38595.0,6.4235
2016-08-31,6.864,6.906,6.832,6.872,31040.0,6.872
