Date,Open,High,Low,Close,Volume,Adj Close
1991-09-30,38.7499983,40.8999756,37.1499854,39.8624843,85400.0,1.0372454
1991-10-31,32.2934913913,33.9130365652,31.6848013478,33.4999943913,44034.7826087,0.871689826087
1991-11-30,29.23749235,29.99998205,28.86250675,29.47499615,49685.0,0.7669569
1991-12-31,26.3214547143,27.0952696667,26.095260381,26.6904970476,23290.4761905,0.694502666667
1992-01-31,23.309587381,24.2381088095,22.9524582381,23.7381315238,18347.6190476,0.617680380952
1992-02-29,27.0789634211,27.7763176316,26.3158038947,27.2763293158,64847.3684211,0.709746421053
1992-03-31,24.6591022727,25.7840827727,24.1136563182,25.3409204545,30768.1818182,0.659385818182
1992-04-30,20.9166819524,21.9047783333,20.7500165714,21.583342619,61223.8095238,0.56161147619
1992-05-31,17.6500234,18.51874645,17.2625289,18.34999775,54975.0,0.4774781
1992-06-30,21.8987800952,22.3333402381,21.5297282381,22.0833471429,57823.8095238,0.574621857143
1992-07-31,21.4318435909,21.7386683182,21.0454613636,21.4147733636,83222.7272727,0.557225181818
1992-08-31,21.154798619,21.3095509524,20.7619298571,21.1071647143,25476.1904762,0.549221047619
1992-09-30,20.7857105714,21.410725381,20.5773631429,20.940462619,76857.1428571,0.544883380952
1992-10-31,20.5178706667,20.8274020952,20.2440692381,20.500014381,61685.7142857,0.533422666667
1992-11-30,19.1561863,19.34370295,19.0124455,19.2312006,39815.0,0.5004073
1992-12-31,19.045458,19.4999919091,18.8181910455,19.3068135909,61490.9090909,0.502374909091
1993-01-31,20.12503715,20.31253475,19.8375272,19.9625287,42420.0,0.519437
1993-02-28,21.4210668947,21.7631705789,20.9605396316,21.3026332105,39978.9473684,0.554307368421
1993-03-31,20.5852545,20.8466016364,20.4034479091,20.5398029545,21963.6363636,0.534458045455
1993-04-30,18.7142587619,18.9047319524,18.6785468095,18.7856828571,25752.3809524,0.488814714286
1993-05-31,17.91875565,17.97500205,17.8937573,17.92500535,17355.0,0.46641915
1993-06-30,16.8125506818,16.9943659545,16.6875412273,16.8920910455,36363.6363636,0.439542318182
1993-07-31,17.1072009524,17.2321929048,17.0238729524,17.1072009524,19533.3333333,0.445139761905
1993-08-31,16.4772838636,16.6988954545,16.346593,16.6136561818,33750.0,0.432297227273
1993-09-30,17.5833608571,17.7321608095,17.3155206667,17.4583686667,29238.0952381,0.454277047619
1993-10-31,19.4166682857,19.7738340952,19.3333311905,19.5357268095,130819.047619,0.508331238095
1993-11-30,21.3868993333,21.6964307143,21.2738021429,21.5297564286,88566.6666667,0.560217142857
1993-12-31,22.3295228636,22.5283993636,22.1590617727,22.3522482273,93959.0909091,0.581618545455
1994-01-31,21.3333312857,21.5118913333,21.1249928571,21.2440328095,50161.9047619,0.552782619048
1994-02-28,20.7222196667,21.06943,20.6110942778,20.9235954444,50522.2222222,0.5444445
1994-03-31,21.5380432609,21.7228391304,21.3478213043,21.5706666087,96547.826087,0.561281695652
1994-04-30,19.0525951053,19.1446945789,18.9473185263,18.9999466842,31900.0,0.494389894737
1994-05-31,17.3809652857,17.4642932381,17.3214452857,17.3214452857,13500.0,0.45071447619
1994-06-30,17.2159078182,17.2954481364,17.2102263636,17.2727223182,19718.1818182,0.449446681818
1994-07-31,17.2500487895,17.2697843684,17.2500487895,17.2697843684,5636.84210526,0.449370157895
1994-08-31,17.6087209565,17.6630653043,17.5326389565,17.6087210435,22443.4782609,0.458189304348
1994-09-30,19.9047777143,20.2024051429,19.6904874762,19.9791824762,42214.2857143,0.519870285714
1994-10-31,28.190501381,29.1190591905,27.2976101429,28.553564381,212900.0,0.742980714286
1994-11-30,17.87500625,18.587511,17.3250007,17.7000102,65860.0,0.89136855
1994-12-31,7.25595657143,7.47023771429,6.928576,7.11904919048,33538.0952381,0.740967619048
1995-01-31,6.17262171429,6.40476571429,6.13095542857,6.27381028571,9447.61904762,0.652992952381
1995-02-28,6.27631578947,6.39802610526,6.11842105263,6.20065515789,14210.5263158,0.645378842105
1995-03-31,5.83151791304,6.11412730435,5.73640904348,5.9762253913,16539.1304348,0.622019565217
1995-04-30,6.12500210526,6.63158147368,6.01315705263,6.40707284211,23457.8947368,0.627147631579
1995-05-31,6.18181309091,6.31817454545,5.99999563636,6.09658690909,18290.9090909,0.634547090909
1995-06-30,5.76704290909,6.05397381818,5.68181236364,5.80965381818,25286.3636364,0.604682318182
1995-07-31,5.9343792,6.0984384,5.7718824,5.9421912,26480.0,0.61847725
1995-08-31,5.94565565217,6.03804104348,5.80979478261,5.94022121739,11613.0434783,0.618272217391
1995-09-30,6.225,6.481248,6.0750024,6.256248,17725.0,0.65116515
1995-10-31,6.39285714286,6.5,6.30952228571,6.45535771429,9976.19047619,0.671889095238
1995-11-30,5.85119314286,6.023808,5.79762514286,5.92261942857,9319.04761905,0.616440333333
1995-12-31,5.256252,5.3812512,5.162496,5.2562472,31860.0,0.54708295
1996-01-31,5.70171272727,5.74716654545,5.64205309091,5.70455345455,26640.9090909,0.593743636364
1996-02-29,6.63487578947,6.68092547368,6.59869389474,6.63487578947,22884.2105263,0.690573631579
1996-03-31,7.42857147619,7.59226061905,7.38392471429,7.53570971429,34504.7619048,0.784334619048
1996-04-30,9.318446,9.43749057143,9.16964142857,9.29166219048,46104.7619048,0.967098285714
1996-05-31,10.4318227727,10.7045457273,10.3068197727,10.5681822273,51750.0,1.09996154545
1996-06-30,12.6118466842,12.7697389474,12.4144805263,12.5921082105,101400.0,1.31061668421
1996-07-31,13.6306829545,13.7897744091,13.4829585455,13.6590965909,56368.1818182,1.42167122727
1996-08-31,14.7783998182,15.0454478182,14.6590828636,14.8920377727,68922.7272727,1.54999872727
1996-09-30,18.57499515,18.80000225,18.40624395,18.5999959,55135.0,1.93593195
1996-10-31,16.6619275,16.8124946364,16.5198835455,16.6391993182,34559.0909091,1.90305118182
1996-11-30,8.2718739,8.35625195,8.1718743,8.26562665,34390.0,1.72061225
1996-12-31,8.82143228571,8.89583690476,8.788694,8.86012247619,8676.19047619,1.84436542857
1997-01-31,8.32954504545,8.39488613636,8.22727218182,8.28693077273,25450.0,1.72504709091
1997-02-28,8.89802557895,9.20395226316,8.81249831579,9.06908257895,44536.8421053,1.88786331579
1997-03-31,10.34374725,10.56249875,10.1593756,10.35937475,32300.0,2.1564567
1997-04-30,10.8181845,10.8863632273,10.6193205909,10.6761394091,25736.3636364,2.22239586364
1997-05-31,11.2797615714,11.4464289524,11.2053537619,11.3095228095,20019.047619,2.35424409524
1997-06-30,11.00937745,11.0968755,10.86249895,10.9218737,16075.0,2.2735494
1997-07-31,10.0255684091,10.1448886818,9.87499690909,10.0227277273,38081.8181818,2.08637863636
1997-08-31,9.99404719048,10.0744037143,9.89880747619,9.97618904762,32247.6190476,2.07669095238
1997-09-30,9.9434497619,10.0148772381,9.88987619048,9.94047052381,35947.6190476,2.0692557619
1997-10-31,10.0869564348,10.1630416522,9.99184834783,10.059782087,24943.4782609,2.09409221739
1997-11-30,9.38194433333,9.47222155556,9.305555,9.42013777778,32866.6666667,1.96094072222
1997-12-31,9.89772895455,9.9687515,9.84659054545,9.92329663636,19768.1818182,2.06568072727
1998-01-31,9.57187355,9.64687595,9.490625,9.58437395,37180.0,1.9951291
1998-02-28,9.73684221053,9.77960389474,9.67433984211,9.73684221053,19894.7368421,2.02686757895
1998-03-31,10.0416655238,10.1547648095,10.0000002857,10.083334,31676.1904762,2.09899485714
1998-04-30,10.1011901905,10.1369055238,10.041664619,10.1071410952,27652.3809524,2.10395061905
1998-05-31,10.40312445,10.4562485,10.35000275,10.40937645,16440.0,2.16686545
1998-06-30,10.0284090909,10.1164790909,9.98579495455,10.0795454091,26054.5454545,2.09820618182
1998-07-31,11.6339295238,11.7053581429,11.5089294762,11.630954619,16290.4761905,2.4211547619
1998-08-31,10.44643,10.4821431905,10.360121381,10.4017865238,23542.8571429,2.16528547619
1998-09-30,10.0625009524,10.1190494286,10.0297605238,10.1101214286,8600.0,2.10457095238
1998-10-31,10.2869337727,10.3011385,10.2045452273,10.2329557273,11727.2727273,2.13014077273
1998-11-30,10.1593779,10.2000015,10.09062635,10.15000105,17960.0,2.1128724
1998-12-31,9.6845247619,9.7142847619,9.65774071429,9.6875007619,16142.8571429,2.01659657143
1999-01-31,9.03947273684,9.07565715789,8.96381715789,8.99670968421,17415.7894737,1.87279789474
1999-02-28,8.85855426316,8.89144942105,8.81579142105,8.86513273684,7452.63157895,1.84540836842
1999-03-31,8.73369947826,8.78261252174,8.64946152174,8.68207126087,12700.0,1.8073013913
1999-04-30,8.52381052381,8.66369047619,8.464286,8.61904819048,29857.1428571,1.79418209524
1999-05-31,8.59687475,8.63125125,8.5624995,8.5875003,13340.0,1.78761485
1999-06-30,8.6428587619,8.72023695238,8.61607471429,8.68750090476,6390.47619048,1.80843152381
1999-07-31,9.36309152381,9.41368804762,9.31844695238,9.37201942857,8166.66666667,1.95092442857
1999-08-31,8.883524,8.90341127273,8.82954340909,8.857954,5800.0,1.84391390909
1999-09-30,8.45237980952,8.48214214286,8.41666542857,8.45238095238,11357.1428571,1.75948771429
1999-10-31,8.01487780952,8.0505932381,7.98214071429,8.03571090476,13942.8571429,1.67275161905
1999-11-30,8.16875065,8.2062506,8.11874905,8.1531267,5055.0,1.6971933
1999-12-31,7.92613336364,7.95738463636,7.87500040909,7.9289775,13745.4545455,1.65053363636
2000-01-31,7.8468747,7.87187425,7.7874986,7.8249986,7995.0,1.628889
2000-02-29,7.48437725,7.51250045,7.46562845,7.49375165,9360.0,1.5599351
2000-03-31,8.00271665217,8.15217413043,7.93750026087,8.04347913043,12217.3913043,1.67436882609
2000-04-30,8.40624972222,8.56944427778,8.33333383333,8.48264044444,9522.22222222,1.76578666667
2000-05-31,9.02557018182,9.10511718182,8.95738604545,9.03977259091,6727.27272727,1.88176222727
2000-06-30,8.31249831818,8.38636277273,8.261362,8.33238572727,9050.0,1.73450895455
2000-07-31,7.9999957,8.0687487,7.96874655,8.04062305,8430.0,1.6737742
2000-08-31,7.48641534783,7.52717778261,7.41032473913,7.47282808696,8378.26086957,1.55557965217
2000-09-30,7.24341978947,7.29276252632,7.21710442105,7.25986863158,3463.15789474,1.51124894737
2000-10-31,7.12500327273,7.15057090909,7.08807054545,7.13068363636,3500.0,1.48435718182
2000-11-30,7.08333257143,7.11309485714,7.06547657143,7.09821485714,5219.04761905,1.47759828571
2000-12-31,7.5031286,7.60000215,7.4593778,7.5531266,8460.0,1.5722947
2001-01-31,9.18868952381,9.26559595238,9.10297533333,9.16845309524,23428.5714286,1.90854895238
2001-02-28,9.30000038889,9.33389111111,9.25833511111,9.28055777778,4550.0,1.93188516667
2001-03-31,8.69136363636,8.72500077273,8.64363527273,8.67272654545,11231.8181818,1.80535609091
2001-04-30,8.50249945,8.6099978,8.4570003,8.5549981,14655.0,1.78084915
2001-05-31,9.88636495455,9.91409254545,9.83409095455,9.90499995455,14359.0909091,2.06187190909
2001-06-30,10.09350135,10.1874999,9.96750155,10.0555001,31595.0,2.0932007
2001-07-31,9.87238214286,9.98285752381,9.80476366667,9.92095347619,18495.2380952,2.065193
2001-08-31,10.5113043478,10.5895642609,10.3847826957,10.4726091304,19991.3043478,2.18002813043
2001-09-30,10.2840003333,10.3066675333,10.1473331333,10.2406674667,11860.0,2.131746
2001-10-31,10.3368200455,10.3854549091,10.2881838182,10.33591,14668.1818182,2.15157227273
2001-11-30,10.6338095714,10.7047613333,10.5900002857,10.6666665238,8119.04761905,2.22042404762
2001-12-31,11.2095003,11.2849996,11.1654999,11.25300145,10845.0,2.3424786
2002-01-31,12.3890450952,12.5233321429,12.3038095714,12.4338098095,11442.8571429,2.58828109524
2002-02-28,13.1144445556,13.2216699444,13.0227792222,13.119446,10216.6666667,2.73100627778
2002-03-31,13.02700365,13.1185025,12.94700115,13.05250255,8010.0,2.71707125
2002-04-30,13.7636374091,13.8572744091,13.7349987727,13.8431831364,9309.09090909,2.88166290909
2002-05-31,15.6014303333,15.7542864286,15.3123801429,15.4895229048,33861.9047619,3.224373
2002-06-30,13.70950155,13.8194981,13.60400235,13.72650165,13415.0,2.85737385
2002-07-31,13.7600023636,13.7890936364,13.6136352273,13.6990946818,10213.6363636,2.85166881818
2002-08-31,12.5738074762,12.7590475238,12.4376188095,12.6247617143,27800.0,2.62803061905
2002-09-30,13.6499994,13.72699995,13.52699815,13.63350185,7750.0,2.8380145
2002-10-31,13.7369548261,13.8356532174,13.696520087,13.7999986957,5995.65217391,2.87267343478
2002-11-30,15.0360005,15.1504998,14.92900025,15.0610003,9465.0,3.13516965
2002-12-31,15.34399865,15.45150045,15.2179987,15.3319986,12405.0,3.1915819
2003-01-31,15.1780945238,15.2390485714,15.1157151905,15.1719046667,7957.14285714,3.15825595238
2003-02-28,14.9110541579,14.9805266842,14.8268431579,14.9026327368,8557.89473684,3.10220305263
2003-03-31,14.1830022,14.24350125,14.06850075,14.165001,11580.0,2.94865405
2003-04-30,14.1285708095,14.1885708095,14.0461934286,14.1347617143,9714.28571429,2.9423592381
2003-05-31,14.1080942857,14.2042864286,14.0547617143,14.1395239524,11152.3809524,2.94335066667
2003-06-30,14.7538098095,14.8361902857,14.6142864286,14.7247640476,16142.8571429,3.06517704762
2003-07-31,14.7680976667,14.8414302381,14.6576202381,14.7338118095,21600.0,3.06706052381
2003-08-31,14.6280974286,14.7509525714,14.5638108095,14.6852371905,18619.047619,3.05694885714
2003-09-30,14.6728566667,14.7633343333,14.5766681429,14.6657148571,26533.3333333,3.05288514286
2003-10-31,15.0622731364,15.1209094545,14.9877256818,15.062275,11245.4545455,3.135435
2003-11-30,15.0957873684,15.1768413684,15.0163156316,15.0878948421,12389.4736842,3.14076810526
2003-12-31,15.3218199545,15.4418219545,15.2727269091,15.3786377273,14636.3636364,3.20129045455
2004-01-31,16.4636861053,16.5163194737,16.3626334211,16.4252621053,13084.2105263,3.41916084211
2004-02-29,16.5589471579,16.6757893158,16.5199988421,16.6236851579,9452.63157895,3.46046573684
2004-03-31,17.5169566087,17.8769568696,17.2691311739,17.5930433913,54104.3478261,4.3983646087
2004-04-30,9.24523871429,9.36333342857,9.06809447619,9.21523790476,28042.8571429,4.21452680952
2004-05-31,9.3859996,9.6095,9.22700015,9.40900055,12825.0,4.3031787
2004-06-30,9.2019042381,9.36238147619,9.06571395238,9.20952385714,20861.9047619,4.21194842857
2004-07-31,8.6745003,8.77549905,8.4804987,8.5704987,22110.0,3.91969215
2004-08-31,8.20136363636,8.30636372727,8.10545527273,8.19363572727,8563.63636364,3.74733504545
2004-09-30,8.47761980952,8.62523809524,8.30809561905,8.46904661905,19480.952381,3.8732932381
2004-10-31,8.15238128571,8.24666714286,8.01571452381,8.14047628571,20085.7142857,3.72302271429
2004-11-30,8.94050025,9.0620007,8.85500085,9.00099985,21490.0,4.1165806
2004-12-31,8.88318231818,8.98545454545,8.75727368182,8.84954536364,19590.9090909,4.04731345455
2005-01-31,8.7460021,8.92750105,8.59950045,8.7195008,25860.0,3.98783765
2005-02-28,8.7844455,8.89000022222,8.68611272222,8.76277955556,26283.3333333,4.00763116667
2005-03-31,8.37000072727,8.43409213636,8.24090854545,8.31045413636,22440.9090909,3.80076154545
2005-04-30,7.56809495238,7.63095385714,7.43380985714,7.50523890476,16395.2380952,3.43249885714
2005-05-31,8.08600045,8.2120004,8.03750005,8.1354999,12405.0,3.7207467
2005-06-30,8.100454,8.17590909091,8.0427275,8.10999995455,17918.1818182,3.70908445455
2005-07-31,8.19050005,8.30749995,8.10550005,8.2019991,14205.0,3.75115995
2005-08-31,7.88869526087,8.01043526087,7.78739134783,7.87347769565,23443.4782609,3.60091178261
2005-09-30,7.70950025,7.83600015,7.61550145,7.7365003,29765.0,3.5382654
2005-10-31,7.49047609524,7.56761895238,7.36999961905,7.45047609524,20861.9047619,3.40745328571
2005-11-30,7.38476180952,7.4838092381,7.28857271429,7.38952342857,12471.4285714,3.37957666667
2005-12-31,7.94400025,8.15549945,7.86100045,8.05199955,40025.0,3.6825582
2006-01-31,8.405501,8.61150045,8.17149855,8.37049935,71805.0,4.2647342
2006-02-28,8.93052563158,9.06473621053,8.76526331579,8.92368415789,43389.4736842,4.54657947368
2006-03-31,9.52043421739,9.93739213043,9.39173930435,9.65391326087,80756.5217391,4.91862547826
2006-04-30,14.0173704211,14.5015786842,13.6663175789,14.1921058421,745552.631579,7.230818
2006-05-31,14.3354557273,14.5454558182,13.9422732727,14.2049996364,206036.363636,7.23432359091
2006-06-30,12.9863645909,13.3877275455,12.7250008182,13.0649996818,123563.636364,6.65656218182
2006-07-31,15.8225004,16.2305004,15.38100065,15.8649998,258935.0,8.08315045
2006-08-31,15.6204348261,15.8256520435,15.2691315652,15.5165223913,185382.608696,7.90423091304
2006-09-30,12.8945003,13.0489999,12.6555011,12.7895015,158325.0,6.51619715
2006-10-31,11.6895239048,11.8928578571,11.507144381,11.6985718571,116957.142857,5.96037319048
2006-11-30,12.0166690476,12.2357152857,11.8599999524,12.0966674286,122138.095238,6.16320114286
2006-12-31,13.51899965,13.83199905,13.2960002,13.62600115,142940.0,6.94239015
2007-01-31,13.7335004,14.0174994,13.5260017,13.7340002,95300.0,6.9973765
2007-02-28,13.6257907895,13.7715802105,13.4084222632,13.5894738421,60931.5789474,6.92377947368
2007-03-31,15.0168201818,15.4345457273,14.7436374545,15.1900004545,158559.090909,7.73924118182
2007-04-30,17.0145005,17.2080006,16.71750125,16.90900015,165485.0,8.6150641
2007-05-31,14.9995468636,15.331365,14.6472730455,14.9736363636,107863.636364,7.6937105
2007-06-30,12.7904761905,12.9804761905,12.4495238095,12.610952381,96809.5238095,7.67764233333
2007-07-31,11.0933333333,11.2371428571,10.7980952381,11.0019047619,206723.809524,6.93789933333
2007-08-31,9.90391304348,10.0895652174,9.72130434783,9.93173913043,128713.043478,6.50633252174
2007-09-30,8.76333333333,8.85777777778,8.54444444444,8.69833333333,140388.888889,5.69832211111
2007-10-31,8.92173913043,9.0547826087,8.71608695652,8.89956521739,64626.0869565,5.83015013043
2007-11-30,7.56952380952,7.68952380952,7.44238095238,7.53619047619,77728.5714286,4.93699642857
2007-12-31,8.10105263158,8.29842105263,7.84578947368,8.08052631579,64726.3157895,5.29359368421
2008-01-31,7.4119047619,7.69904761905,7.24380952381,7.44619047619,65376.1904762,4.87803695238
2008-02-29,7.384,7.535,7.2545,7.4035,37350.0,4.8500703
2008-03-31,7.44842105263,7.62578947368,7.29894736842,7.46894736842,57910.5263158,4.89294526316
2008-04-30,7.72,7.885,7.53136363636,7.75272727273,35477.2727273,5.07885090909
2008-05-31,7.61904761905,7.73285714286,7.45142857143,7.6019047619,29819.047619,4.9800462381
2008-06-30,7.26142857143,7.38857142857,7.09428571429,7.24761904762,44480.952381,4.74795195238
2008-07-31,7.36047619048,7.56571428571,7.16047619048,7.39142857143,28504.7619048,4.8421622381
2008-08-31,8.7319047619,8.95666666667,8.51,8.79333333333,36538.0952381,5.76055704762
2008-09-30,9.05761904762,9.29714285714,8.64428571429,9.00142857143,45704.7619048,5.89688128571
2008-10-31,7.99636363636,8.47909090909,7.48090909091,8.01863636364,41836.3636364,5.25304913636
2008-11-30,8.01263157895,8.37947368421,7.59368421053,8.00315789474,24210.5263158,5.24290926316
2008-12-31,8.385,8.81409090909,8.07045454545,8.44772727273,29577.2727273,5.53414890909
2009-01-31,9.09105263158,9.28631578947,8.80315789474,9.06736842105,30431.5789474,5.94007889474
2009-02-28,8.89157894737,9.06157894737,8.71684210526,8.87315789474,22178.9473684,5.81285047368
2009-03-31,8.32409090909,8.57636363636,8.05181818182,8.34363636364,33054.5454545,5.46595827273
2009-04-30,10.1466666667,10.3971428571,9.96857142857,10.2014285714,54352.3809524,6.68300728571
2009-05-31,10.918,11.152,10.6525,10.899,55300.0,7.13998995
2009-06-30,10.4563636364,10.7063636364,10.1831818182,10.435,76036.3636364,6.83602122727
2009-07-31,10.7576190476,10.9261904762,10.5266666667,10.7428571429,42861.9047619,7.03769990476
2009-08-31,10.8361904762,11.0561904762,10.6447619048,10.8276190476,40742.8571429,7.093228
2009-09-30,10.8514285714,11.099047619,10.5814285714,10.9095238095,70509.5238095,7.14688414286
2009-10-31,11.3752380952,11.590952381,11.169047619,11.3538095238,28919.047619,7.43793795238
2009-11-30,11.031,11.183,10.8285,10.98,33130.0,7.19305365
2009-12-31,12.6640909091,12.9113636364,12.4645454545,12.6940909091,119918.181818,8.31596309091
2010-01-31,11.9077777778,11.9766666667,11.6938888889,11.825,102494.444444,8.58258327778
2010-02-28,11.4278947368,11.5463157895,11.2663157895,11.4363157895,38421.0526316,8.30047631579
2010-03-31,11.4404347826,11.5495652174,11.3095652174,11.4239130435,27030.4347826,8.29147434783
2010-04-30,11.2655,11.3885,11.139,11.2745,41750.0,8.18303065
2010-05-31,11.702,11.8815,11.4965,11.72,58650.0,8.5063744
2010-06-30,12.0668181818,12.2740909091,11.9168181818,12.085,71681.8181818,8.77129136364
2010-07-31,13.5155,13.7255,13.3505,13.597,53395.0,9.86870065
2010-08-31,13.2040909091,13.4368181818,12.9418181818,13.225,81054.5454545,9.598703
2010-09-30,14.4257142857,14.5657142857,14.2166666667,14.3957142857,53614.2857143,10.4484074286
2010-10-31,14.355,14.602,14.0675,14.362,40495.0,10.4239376
2010-11-30,14.1519047619,14.2785714286,13.9685714286,14.08,59771.4285714,10.219262
2010-12-31,13.7986363636,14.0136363636,13.6113636364,13.8445454545,102377.272727,11.0765245
2011-01-31,13.379,13.4895,13.1815,13.3905,40585.0,11.4621685
2011-02-28,12.8194736842,12.9363157895,12.6331578947,12.7826315789,36552.6315789,10.9421055789
2011-03-31,13.1117391304,13.2317391304,12.9769565217,13.1226086957,30600.0,11.2331306957
2011-04-30,13.8825,14.057,13.7275,13.898,40230.0,11.8968762
2011-05-31,13.87,14.0405,13.718,13.861,24585.0,11.86520365
2011-06-30,13.9718181818,14.1359090909,13.795,13.9572727273,28527.2727273,11.9476143636
2011-07-31,14.987,15.214,14.7505,15.012,42555.0,12.8504753
2011-08-31,15.2290909091,15.6009091364,14.9045454545,15.3031817727,68259.0909091,13.0997307727
2011-09-30,15.8085714762,16.0266667619,15.4585714762,15.786190381,53500.0,13.513192619
2011-10-31,16.3090477619,16.5976190476,16.0838095714,16.3461904286,48485.7142857,13.9925603333
2011-11-30,16.72500005,16.90049995,16.46649985,16.71950005,34175.0,14.31211825
2011-12-31,16.603809619,16.7285718095,16.3633334286,16.5319048571,41600.0,14.1515341429
2012-01-31,16.17799975,16.3889999,15.96450005,16.21750005,34335.0,13.88239955
2012-02-29,16.6105263158,16.7373683158,16.4563156842,16.6036841579,23615.7894737,14.2129783158
2012-03-31,15.8768182273,16.0463637273,15.7150000909,15.8890908636,34990.9090909,13.6012769091
2012-04-30,14.7265001,15.0169999,14.451,14.66899995,44070.0,12.5568626
2012-05-31,14.3740909091,14.6104545455,14.1336363636,14.3927272727,36527.2727273,12.3203659091
2012-06-30,14.5014285714,14.7238095238,14.3204761905,14.5357142857,60871.4285714,12.4427680476
2012-07-31,14.6071428571,14.7780952381,14.4028571429,14.5895238095,34700.0,12.4888298095
2012-08-31,14.5290909091,14.7004545455,14.3854545455,14.5722727273,22931.8181818,12.4740627727
2012-09-30,15.0389473684,15.1894736842,14.8363157895,15.0073684211,34863.1578947,12.8465105263
2012-10-31,15.1976190476,15.3466666667,15.0271428571,15.1847619048,23419.047619,12.9983617619
2012-11-30,15.20549995,15.5364999,14.96699995,15.3029999,44860.0,13.09957495
2012-12-31,14.81849995,14.9765,14.502,14.7665,78020.0,14.51459565
2013-01-31,14.1071428571,14.2119047619,13.9747619048,14.0738095238,50776.1904762,14.0738095238
2013-02-28,13.6221052632,13.7263157895,13.4947368421,13.5863157895,36331.5789474,12.9257894737
2013-03-31,13.8705,14.041,13.759,13.916,37985.0,13.916
2013-04-30,14.0959090909,14.2631818182,14.02,14.165,25468.1818182,14.165
2013-05-31,15.385909,15.6363636818,15.1731818182,15.4686363636,33277.2727273,15.4686363636
2013-06-30,17.3421052632,17.6478947895,17.1210526316,17.391579,38405.2631579,17.391579
2013-07-31,17.8395454545,18.1159092273,17.5959090455,17.8868182727,21477.2727273,17.8868182727
2013-08-31,17.1013635909,17.3890908636,16.8286362727,17.0759092273,17018.1818182,17.0759092273
2013-09-30,17.2157894737,17.5073686316,16.9699998421,17.3552633684,23463.1578947,17.3552633684
2013-10-31,18.1465216957,18.4034781304,17.9491303043,18.1778259565,21765.2173913,18.1778259565
2013-11-30,19.097,19.41749985,18.9530002,19.2375001,17615.0,19.2375001
2013-12-31,20.417,20.70750005,20.08649985,20.36900025,30510.0,20.36900025
2014-01-31,21.0176190476,21.3509521429,20.6961904286,21.0538095714,24580.952381,21.0538095714
2014-02-28,20.4815788947,20.9342105789,20.0657892632,20.5368422105,24457.8947368,20.5368422105
2014-03-31,20.9619996,21.2505,20.6070002,20.9099999,20905.0,20.9099999
2014-04-30,19.9180954286,20.292381,19.4352380476,19.876190619,26528.5714286,19.876190619
2014-05-31,18.3404763333,18.7538095714,17.8538095238,18.333809619,33338.0952381,18.333809619
2014-06-30,18.6071429524,19.0447615714,18.2409522857,18.6780952381,49614.2857143,18.6780952381
2014-07-31,18.4628572381,18.6957143333,18.1619047619,18.3885711429,20295.2380952,18.3885711429
2014-08-31,18.4290477619,18.6533334286,18.1957143333,18.4519048095,19261.9047619,18.4519048095
2014-09-30,19.187619,19.4433334286,18.8028571429,19.0880952381,25176.1904762,19.0880952381
2014-10-31,22.9227273182,23.4313637727,22.6572727273,23.0318182273,67040.9090909,23.0318182273
2014-11-30,25.7557895263,26.1000001579,25.2221054211,25.6578945789,64247.3684211,25.6578945789
2014-12-31,23.6804548182,24.2759091818,23.1622729091,23.610909,63609.0909091,23.610909
2015-01-31,22.49450025,22.90849995,22.0355,22.48600005,36905.0,22.4815
2015-02-28,22.4278947895,22.8463158947,22.1610523158,22.4747367368,26857.8947368,22.4747367368
2015-03-31,22.8759090909,23.2709092273,22.4663635909,22.9509092727,28681.8181818,22.9509092727
2015-04-30,24.10350015,24.4599999,23.66400025,23.958,26315.0,23.958
2015-05-31,21.3574999,21.6565001,20.94949995,21.2770002,30510.0,21.2770002
2015-06-30,22.1518181364,22.5218179545,21.9249998636,22.2309090909,35890.9090909,22.2309090909
2015-07-31,23.8166665238,24.1057145238,23.3290476667,23.7852380952,37080.952381,23.7852380952
2015-08-31,24.6538094286,25.2395239048,24.3276191905,24.751428619,49252.3809524,24.751428619
2015-09-30,28.2147618571,28.7990477619,27.725238,28.3009521905,83895.2380952,28.3009521905
2015-10-31,34.2990476667,34.9680954286,33.7842855238,34.5204764762,85433.3333333,34.5204764762
2015-11-30,37.11,37.7884998,36.6685,37.34500015,70250.0,37.34500015
2015-12-31,44.5090477143,45.5247617619,43.4142859048,44.4614284762,150342.857143,44.4614284762
2016-01-31,41.3815782632,42.0952631579,40.4436841579,41.1263158947,133278.947368,41.1263158947
2016-02-29,36.98550015,37.927,36.01499975,36.93850045,125495.0,36.93850045
2016-03-31,40.7004759048,41.4952376667,40.1280952857,40.9438095714,112738.095238,40.9438095714
2016-04-30,44.7042858571,45.5957142381,44.0971430952,44.797619,106857.142857,44.797619
2016-05-31,51.2333336667,52.1104768095,50.6728571429,51.3714291905,111571.428571,51.3714291905
2016-06-30,56.2623804286,57.439523619,55.5557140952,56.7623811429,146990.47619,56.7623811429
2016-07-31,60.71599995,61.5160003,59.7680005,60.28150005,247095.0,60.28150005
2016-08-31,55.2020004,55.7339988,54.1299992,54.6620012,206680.0,54.6620012
