Date,Open,High,Low,Close,Volume,Adj Close
1996-09-30,22.3375,22.7375,22.0625,22.4375,5152880.0,8.6069921
1996-10-31,27.2329545455,27.5568181818,26.5397727273,27.0681818182,4422000.0,10.3833149545
1996-11-30,30.74375,31.1125,30.3,30.74375,1218380.0,11.7932574
1996-12-31,28.8392857143,29.0416666667,28.4761904762,28.7083333333,591885.714286,11.0124747619
1997-01-31,29.1590909091,29.3977272727,28.8238636364,29.1306818182,635018.181818,11.1744868182
1997-02-28,29.4513888889,29.6805555556,29.2569444444,29.5416666667,369855.555556,11.3321400556
1997-03-31,31.76875,31.96875,31.38125,31.7125,333540.0,12.1648686
1997-04-30,29.9943181818,30.1306818182,29.6477272727,29.9147727273,503563.636364,11.4752630909
1997-05-31,29.2619047619,29.4166666667,28.9880952381,29.2738095238,249552.380952,11.2293904286
1997-06-30,29.875,30.046875,29.6375,29.9,218760.0,11.46959625
1997-07-31,28.2784090909,28.5028409091,27.9517045455,28.3181818182,289818.181818,10.8628131364
1997-08-31,26.7678571429,26.8958333333,26.2321428571,26.4702380952,207095.238095,10.1539444762
1997-09-30,23.884375,24.059375,23.596875,23.803125,342990.0,9.130844
1997-10-31,24.5842391304,24.8260869565,24.2527173913,24.535326087,324652.173913,9.41171508696
1997-11-30,22.6546052632,22.8190789474,22.2664473684,22.4769736842,230389.473684,8.62213410526
1997-12-31,21.6845238095,21.818452381,21.3452380952,21.5744047619,197066.666667,8.27591009524
1998-01-31,24.909375,25.228125,24.596875,25.0,155970.0,9.58996345
1998-02-28,24.4605263158,24.6842105263,24.1644736842,24.5065789474,103157.894737,9.40068778947
1998-03-31,24.0539772727,24.3352272727,23.9431818182,24.2130681818,116963.636364,9.28809754545
1998-04-30,23.98125,24.190625,23.846875,24.015625,68000.0,9.2123585
1998-05-31,22.846875,23.071875,22.64375,22.846875,65270.0,8.76402785
1998-06-30,22.0397727273,22.2045454545,21.8806818182,22.0142045455,78572.7272727,8.49660045455
1998-07-31,21.3303571429,21.4910714286,21.1160714286,21.2946428571,68076.1904762,8.234292
1998-08-31,19.0029761905,19.2053571429,18.6220238095,18.8720238095,87723.8095238,7.29750457143
1998-09-30,16.8898809524,17.119047619,16.6994047619,16.9851190476,93542.8571429,6.56786919048
1998-10-31,14.9659090909,15.1931818182,14.7045454545,14.9204545455,100163.636364,5.76949704545
1998-11-30,18.8289473684,19.0394736842,18.5032894737,18.6907894737,83063.1578947,7.22742415789
1998-12-31,23.1534090909,23.4204545455,22.9431818182,23.2329545455,70081.8181818,8.98380568182
1999-01-31,21.5657894737,21.7993421053,21.2532894737,21.4572368421,54652.6315789,8.29716447368
1999-02-28,20.5243055556,20.7534722222,20.1423611111,20.3229166667,108166.666667,7.85854133333
1999-03-31,20.5543478261,20.8641304348,20.3315217391,20.5923913043,67973.9130435,7.96274273913
1999-04-30,19.244047619,19.4523809524,18.9077380952,19.1666666667,62447.6190476,7.4114382381
1999-05-31,18.6019736842,18.7302631579,18.3585526316,18.5427631579,38189.4736842,7.17018478947
1999-06-30,17.0113636364,17.25,16.8465909091,17.0738636364,57072.7272727,6.68448590909
1999-07-31,21.9107142857,22.1547619048,21.7976190476,22.0327380952,89038.0952381,8.62590509524
1999-08-31,23.9147727273,24.0539772727,23.7301136364,23.8721590909,73390.9090909,9.34604577273
1999-09-30,24.0416666667,24.2023809524,23.8422619048,24.0029761905,88609.5238095,9.39349438095
1999-10-31,23.0297619048,23.25,22.8005952381,23.0833333333,53257.1428571,9.03721733333
1999-11-30,25.2053571429,25.5535714286,25.0119047619,25.3660714286,60228.5714286,9.93091890476
1999-12-31,28.6761363636,29.1051136364,28.4517045455,28.8011363636,57127.2727273,11.2757430909
2000-01-31,26.684375,27.03671905,26.35,26.79375,59180.0,10.4898613
2000-02-29,27.184375,27.51875,26.88125,27.215625,79200.0,10.65502695
2000-03-31,24.6684782609,25.0570652174,24.4130434783,24.7527173913,103591.304348,9.69078804348
2000-04-30,23.5296052632,23.8782894737,23.2894736842,23.5394736842,66389.4736842,9.19237526316
2000-05-31,24.90625,25.2698863636,24.75,25.0823863636,47472.7272727,9.83574777273
2000-06-30,26.6903409091,26.875,26.4261363636,26.6448863636,49927.2727273,10.5199381364
2000-07-31,27.6414473684,28.0164473684,27.4638157895,27.7598684211,100831.578947,10.9601555789
2000-08-31,28.4782608696,28.7697008261,28.3763591304,28.6711956522,71939.1304348,11.3199658696
2000-09-30,28.94375,29.29375,28.675,29.015625,47270.0,11.45595345
2000-10-31,27.4732142857,27.7351190476,27.1220238095,27.5446428571,50628.5714286,10.8751800476
2000-11-30,28.2767857143,28.5297619048,28.068452381,28.2797619048,35219.047619,11.1654198095
2000-12-31,26.35625,26.628125,26.134375,26.390625,61970.0,10.4195507
2001-01-31,25.8032142857,26.009881,25.5802380476,25.7904761905,32200.0,10.1825997143
2001-02-28,27.0050001111,27.246111,26.8333334444,27.0605555,51277.7777778,10.6840525556
2001-03-31,25.2622725,25.4654545,24.9704547273,25.2054547273,55481.8181818,9.95162145455
2001-04-30,23.15350015,23.3739999,22.9495002,23.0975001,41660.0,9.1193585
2001-05-31,24.0227272727,24.1818181364,23.824091,24.0172727273,77909.0909091,9.516654
2001-06-30,23.3604764286,23.5057144286,23.1952380952,23.3723811429,47028.5714286,9.32256028571
2001-07-31,24.0528571905,24.2119050476,23.911428619,24.0828572381,43057.1428571,9.60594842857
2001-08-31,26.9195651304,27.1169564348,26.8239129565,26.9552173913,29808.6956522,10.7501752609
2001-09-30,24.9666667333,25.4880001333,24.7519999333,25.1373334,56173.3333333,10.0265482667
2001-10-31,25.0654547273,25.3018184545,24.8140908636,25.0972730909,55900.0,10.0105692273
2001-11-30,21.2495239048,21.3980952381,21.058571381,21.2619047619,47800.0,8.48075280952
2001-12-31,20.71499995,20.86050025,20.49850015,20.6719998,54940.0,8.245457
2002-01-31,19.8723808095,19.9576190476,19.6576189048,19.7766667619,55847.6190476,7.88557119048
2002-02-28,18.1147371053,18.2831581053,17.9494735789,18.1336837368,75821.0526316,7.23299705263
2002-03-31,19.284,19.4895001,19.11100005,19.26850015,93230.0,7.68564195
2002-04-30,20.467143,20.6847618571,20.3333334286,20.5642858095,81933.3333333,8.20249309524
2002-05-31,18.7563635455,18.9395455,18.5168181364,18.7604546364,71063.6363636,7.52219763636
2002-06-30,16.26549995,16.54999995,15.9574999,16.2750001,102460.0,6.5755873
2002-07-31,14.7014284762,14.9533332857,14.3619046667,14.7080952857,81685.7142857,5.94251071429
2002-08-31,10.155,10.3809090909,10.0004545455,10.2386363636,106309.090909,4.13671545455
2002-09-30,7.997,8.157,7.8165,8.062,146960.0,3.2572894
2002-10-31,8.54130434783,8.78826086957,8.40304347826,8.61217391304,101591.304348,3.47940804348
2002-11-30,11.2885,11.4625,11.089,11.323,60560.0,4.57483095
2002-12-31,13.6842857143,13.9333333333,13.4685714286,13.7366666667,65019.047619,5.55002442857
2003-01-31,14.8976190476,15.1761905238,14.7671428571,15.0457142857,72400.0,6.07575109524
2003-02-28,14.6305263158,14.8268421053,14.4563157895,14.6436842105,70157.8947368,5.91648684211
2003-03-31,15.487143,15.7757143333,15.2861905238,15.519047619,57085.7142857,6.27015990476
2003-04-30,17.0424999,17.29299995,16.81950015,17.11550005,87440.0,6.91517435
2003-05-31,16.3600000476,16.5461904762,16.0952382381,16.3490475238,48104.7619048,6.65859614286
2003-06-30,16.24449995,16.38000005,16.04250005,16.2250001,39700.0,6.6951281
2003-07-31,17.0350000455,17.2036362273,16.8872728182,17.0995452727,101554.545455,7.05600277273
2003-08-31,16.9823810476,17.1357139048,16.8347618095,17.0128571905,80352.3809524,7.02023157143
2003-09-30,18.7394998,18.99350005,18.6240002,18.86649995,89280.0,7.7851237
2003-10-31,19.6960867826,19.9226087826,19.6095651304,19.8013042174,73504.3478261,8.17086395652
2003-11-30,20.0900001579,20.3105263684,19.9426314211,20.1610524737,79315.7894737,8.31931136842
2003-12-31,22.7528571429,23.0128571905,22.6166670476,22.896190381,92276.1904762,9.4479462381
2004-01-31,23.4749999,23.59599985,23.25600015,23.45300005,169750.0,9.67770965
2004-02-29,22.9736842632,23.2089474211,22.7736844737,23.0231578947,99852.6315789,9.50033842105
2004-03-31,21.2486362727,21.4795454091,21.0945455,21.3059091364,142545.454545,8.79172840909
2004-04-30,22.3976192857,22.6109525714,22.2509525238,22.4166667619,102342.857143,9.25007419048
2004-05-31,23.5089470526,23.7152633684,23.2942105263,23.5421055263,71231.5789474,9.75434121053
2004-06-30,25.0314285714,25.2138097143,24.8757140952,25.1019048095,120409.52381,10.5815158571
2004-07-31,24.8457144286,25.0309523333,24.6695237619,24.9023808571,53457.1428571,10.4974081429
2004-08-31,24.4261904286,24.6290475714,24.3019049524,24.4652380476,44733.3333333,10.3131338095
2004-09-30,24.9938095714,25.2123809048,24.8990475238,25.062857,36247.6190476,10.5650554762
2004-10-31,25.8914285714,26.100476381,25.7747620476,25.9471430476,73866.6666667,10.9378194762
2004-11-30,26.4794999,26.6299999,26.33200005,26.49799985,34990.0,11.17002895
2004-12-31,26.1327272273,26.347727,26.0304546364,26.2118181818,47681.8181818,11.0493914091
2005-01-31,25.9045001,26.071,25.72549965,25.8925001,78530.0,10.9147852
2005-02-28,27.9311110556,28.1088886667,27.756667,27.9527777778,82666.6666667,11.7832795556
2005-03-31,28.5131818182,28.6100000909,28.2840907727,28.4318183182,90990.9090909,11.9852154545
2005-04-30,27.2157142857,27.3919047619,27.0680952381,27.2252382857,55095.2380952,11.4765908571
2005-05-31,26.91750015,27.11099985,26.7850002,26.98100005,103290.0,11.4441868
2005-06-30,27.4431819091,27.621818,27.3354545455,27.4977273182,37545.4545455,11.7982611818
2005-07-31,28.28749985,28.47199995,28.1489999,28.35449995,34310.0,12.16587075
2005-08-31,29.3031817273,29.485,29.1859091818,29.3463635455,41054.5454545,12.5914428182
2005-09-30,30.6619049048,30.8500001429,30.5628570952,30.7352380952,39047.6190476,13.1873578095
2005-10-31,30.988,31.2385,30.84399995,31.05149985,58540.0,13.32305415
2005-11-30,31.0609522857,31.3228570476,30.9395237143,31.208571381,78561.9047619,13.3904477143
2005-12-31,33.5204761429,33.7066672381,33.4042860476,33.5819048571,45714.2857143,14.4087575238
2006-01-31,35.6563155789,35.8947371053,35.4873685789,35.7131573158,108768.421053,15.3231995263
2006-02-28,36.2921055263,36.552105,36.1194736842,36.3721047368,100326.315789,15.6059295263
2006-03-31,38.2840909545,38.5277273636,38.0977277727,38.3368180909,76009.0909091,16.4489157273
2006-04-30,39.0263161053,39.2921057368,38.8789471579,39.1273681053,87663.1578947,16.7881115263
2006-05-31,38.5854546818,38.8863637727,38.3095454091,38.6500004545,159163.636364,16.7492990455
2006-06-30,36.3077275,36.5731818182,36.0418184545,36.3286365455,84072.7272727,15.7798405
2006-07-31,38.7310002,39.02100025,38.5390004,38.8150006,64940.0,16.859827
2006-08-31,42.4890911364,42.7654546364,42.281818,42.5672726818,90100.0,18.4896778182
2006-09-30,43.0249998,43.22449995,42.8555,43.0899997,63430.0,18.71673135
2006-10-31,43.6668181364,43.8622720455,43.4531823182,43.660909,99181.8181818,18.9647137727
2006-11-30,44.74650045,45.0084999,44.5805001,44.8250002,78990.0,19.4703526
2006-12-31,45.53350015,45.77999995,45.2984996,45.5869998,102640.0,19.80133765
2007-01-31,44.4919995,44.7715001,44.3085002,44.58399985,137000.0,19.36567075
2007-02-28,47.5166666111,47.8044444444,47.2688886667,47.6211110556,121866.666667,20.6848817778
2007-03-31,47.2754545909,47.6904548636,47.0686363182,47.4222726818,166000.0,20.5985135
2007-04-30,49.9221053684,50.2147367895,49.7489477368,50.0542104737,120842.105263,21.7417318421
2007-05-31,49.735,49.9936365455,49.5068184091,49.7859091364,119754.545455,21.797801
2007-06-30,47.0061902381,47.2433329524,46.7285717143,46.9757142857,173495.238095,20.663458
2007-07-31,46.665238,46.9485710476,45.9661911429,46.5590475714,567314.285714,20.480173619
2007-08-31,48.437825913,48.8982612609,48.0217386957,48.5473915217,252408.695652,21.3548001739
2007-09-30,51.2527780556,51.6327770556,51.0049999444,51.4005557222,206877.777778,22.6098367778
2007-10-31,51.4895655217,51.7691307826,51.1547822609,51.5191306957,153843.478261,22.661994913
2007-11-30,52.7057143333,53.1528571905,52.3990473333,52.7980954762,189352.380952,23.2245798571
2007-12-31,53.86100015,54.09099995,53.38249995,53.684,173290.0,23.6131866
2008-01-31,53.8290477619,54.334285619,53.2290471905,53.7895242857,357942.857143,23.6606850476
2008-02-29,51.0079998,51.45949935,50.64899995,51.1365,233650.0,22.493685
2008-03-31,49.8978946842,50.285263,49.3736839474,49.8421051579,196536.842105,21.9243125789
2008-04-30,51.4822732727,51.8009090455,51.1768182727,51.531818,113545.454545,22.6675757273
2008-05-31,54.16200035,54.48400005,53.83249985,54.174,144040.0,23.99999355
2008-06-30,55.053809381,55.3452381905,54.721428381,54.9999997619,131152.380952,24.5707344762
2008-07-31,55.9781821818,56.4599999091,55.5309093182,56.020909,302045.454545,25.0268160455
2008-08-31,54.15600025,54.5500002,53.86750035,54.23850005,190990.0,24.2305415
2008-09-30,52.6314289048,53.0157143333,51.8790476667,52.3928575238,189371.428571,23.4060180952
2008-10-31,45.9559088182,46.9140906364,44.9818182273,46.07,363718.181818,20.5813407273
2008-11-30,44.3121053158,45.2410527368,43.2678948421,44.2921052105,383000.0,19.787083
2008-12-31,45.1804547273,45.7809093636,44.6363639091,45.3431821818,261654.545455,20.2566416364
2009-01-31,44.7673690526,45.2226318947,44.1673686842,44.8131577895,262578.947368,20.0198583158
2009-02-28,44.0063156316,44.4978943684,43.3673683684,43.8405266842,262157.894737,19.5853444211
2009-03-31,38.2290908636,38.8545455909,37.736818,38.3936364091,574927.272727,17.1505985455
2009-04-30,38.062857,38.3766664286,37.6866664286,38.0433331429,263895.238095,16.9955024286
2009-05-31,40.2852627368,40.4905260526,39.7873684211,40.042632,447989.473684,18.2105754211
2009-06-30,43.6909091818,44.0381821818,43.3609090455,43.7440908636,184409.090909,19.9332023182
2009-07-31,45.0159092273,45.3954545455,44.6968182727,45.1609086364,161372.727273,20.5788145
2009-08-31,43.9774999,44.2629999,43.5879998,43.9395001,172950.0,20.02224595
2009-09-30,47.4747620952,47.7390476667,47.0533334286,47.330476619,140866.666667,21.5674378571
2009-10-31,49.2150001818,49.5795456364,48.8945453636,49.2590904545,172818.181818,21.5400676818
2009-11-30,52.56699935,52.95950035,52.2934997,52.6944999,143990.0,24.0117031
2009-12-31,53.9072722727,54.1472726818,53.5304542727,53.8831814545,111127.272727,24.5533587273
2010-01-31,52.6111117222,52.9083335,52.2461107778,52.5677774444,148555.555556,23.9539586111
2010-02-28,50.6557894211,51.0252627895,50.3173682632,50.7536842105,120736.842105,23.1273168947
2010-03-31,54.7673913478,55.0408698696,54.4978261739,54.799999913,158365.217391,24.9711323043
2010-04-30,55.70150025,56.05150005,55.433,55.8095,112670.0,25.4311389
2010-05-31,49.6274999,50.0380004,49.0910001,49.61499995,213640.0,22.90109225
2010-06-30,53.2000000476,53.694762,52.7771428095,53.1123808095,186771.428571,24.5990385238
2010-07-31,54.188571381,54.585714619,53.8457145714,54.2814285714,211295.238095,25.1404837619
2010-08-31,56.5438097143,56.8914282857,56.2761908095,56.5776190476,119866.666667,26.2039661429
2010-09-30,58.0485714762,58.3499995714,57.7695242381,58.1152387143,135209.52381,26.9161156667
2010-10-31,62.752857619,63.1400001905,62.435714,62.8400001905,169923.809524,29.1043925714
2010-11-30,60.6376191905,60.9104761905,60.2019050476,60.601904381,171657.142857,28.0677978571
2010-12-31,58.1586364091,58.5054546364,57.8759087273,58.3027277727,131881.818182,27.0029515455
2011-01-31,56.8210521579,57.1868418421,56.5431581053,56.9594736842,188484.210526,26.3808224211
2011-02-28,62.8789474737,63.3931579474,62.6789470526,63.1868416316,221273.684211,29.2650324737
2011-03-31,66.8936358636,67.3800003182,66.4363641364,66.9177276364,154763.636364,30.9929950909
2011-04-30,72.82150005,73.27650105,72.46750035,72.99700085,166360.0,33.8086149
2011-05-31,72.150476381,72.646668381,71.4638095238,72.0819052381,248161.904762,33.6910230476
2011-06-30,72.6700007619,73.1852377619,72.1961910476,72.6942846667,144657.142857,34.107223619
2011-07-31,76.00649985,76.4645004,75.5165001,75.97099945,248190.0,35.64461595
2011-08-31,69.0149996818,69.691363,67.7181822273,68.6295453636,283563.636364,32.2001002727
2011-09-30,68.4428577619,69.388571619,67.7166660476,68.5404765714,229771.428571,32.1583100952
2011-10-31,69.6419049524,70.3447618095,68.9009527143,69.752857,164923.809524,32.7271435714
2011-11-30,68.4038089524,69.0376198095,67.8652372381,68.4176191905,195657.142857,32.1006524286
2011-12-31,67.192856619,67.5680951905,66.6938098095,67.0019048095,278095.238095,31.4364320952
2012-01-31,69.8864994,70.3070008,69.5610005,69.98600125,143090.0,32.8365318
2012-02-29,71.8685001,72.2945004,71.51949995,71.9375008,209780.0,32.22902885
2012-03-31,68.8018181364,69.1859094091,68.5554535,68.9363642273,206236.363636,32.3440556364
2012-04-30,69.5963152105,70.1010524211,69.2336838421,69.7005261579,108652.631579,32.7025904737
2012-05-31,67.8818182727,68.3281814545,67.4422722273,67.8845450909,101290.909091,32.1753836818
2012-06-30,66.69299965,67.2180001,66.326,66.90849995,105460.0,31.81139565
2012-07-31,70.5409520952,70.9900000952,70.1633329048,70.6976190952,92638.0952381,33.6129181429
2012-08-31,71.4369563043,71.8539133478,71.1769563913,71.4886958261,121730.434783,33.9890327391
2012-09-30,72.2533336111,72.6427773889,71.9138887778,72.2800004444,114355.555556,34.3652553889
2012-10-31,75.1504768095,75.380951619,74.5828574286,74.8733339048,134923.809524,35.5982460952
2012-11-30,67.1005006,67.4079997,66.6885002,67.0764999,229010.0,31.8912706
2012-12-31,36.45400045,36.5740005,36.19999985,36.34399985,273690.0,32.90896325
2013-01-31,33.8457143333,33.9790480952,33.6885711905,33.8414282857,362723.809524,32.179560619
2013-02-28,34.8310524737,34.9752628421,34.5815788947,34.7252631579,198242.105263,33.0199838421
2013-03-31,33.6899999,33.8675003,33.56000025,33.76650015,154810.0,32.10831195
2013-04-30,35.005909,35.2395450909,34.8536365455,35.0940909545,145304.545455,33.3707080909
2013-05-31,34.2857141429,34.5257141429,34.1280951429,34.3309524762,185747.619048,32.9295664762
2013-06-30,34.91499975,35.1404995,34.71949995,34.90299965,213455.0,33.6595623
2013-07-31,32.3157141905,32.5185712857,32.1666667619,32.3790474762,254938.095238,31.2255271905
2013-08-31,32.8172729091,32.9768180455,32.6904548182,32.8040908636,134795.454545,31.6354280455
2013-09-30,32.43049995,32.6085,32.31099995,32.48650015,104505.0,31.3291519
2013-10-31,32.8563635909,32.9845451818,32.6940910909,32.8177271364,165959.090909,31.6485786818
2013-11-30,32.88849975,33.01900005,32.74599995,32.87200005,136835.0,31.70091805
2013-12-31,35.0219045238,35.1447619048,34.8509524762,34.9804764286,97390.4761905,33.7342789524
2014-01-31,35.76350005,35.9319996,35.57349975,35.7524998,215265.0,34.4787985
2014-02-28,35.4447367895,35.6294736316,35.3099998947,35.4784208947,159731.578947,34.2144838421
2014-03-31,34.00150015,34.1380002,33.74949965,33.8850002,162530.0,32.67782955
2014-04-30,34.4447622857,34.607619,34.2595234286,34.4528569524,112457.142857,33.2254561429
2014-05-31,33.1152381429,33.2347625238,32.9223810476,33.0852382381,182933.333333,32.219204381
2014-06-30,32.5364998,32.63500025,32.41799975,32.53250005,103170.0,31.87663065
2014-07-31,33.8813634545,33.9818175455,33.7268179545,33.8395453182,110877.272727,33.1573253636
2014-08-31,34.6776191429,34.8209526667,34.5276189048,34.6823810476,92528.5714286,33.9831690476
2014-09-30,34.98899995,35.11949995,34.8710001,34.9830005,102155.0,34.27772785
2014-10-31,34.7395655652,35.0173918696,34.5669565652,34.8186959565,141847.826087,34.1167356522
2014-11-30,36.3722221667,36.5394443333,36.247778,36.4111116111,115783.333333,35.6770476111
2014-12-31,37.0399999091,37.2231815909,36.8381816818,36.9727273636,119604.545455,36.2273409091
2015-01-31,37.0055004,37.2239994,36.75799975,36.9905,140705.0,36.24475545
2015-02-28,37.0910527368,37.4394732632,36.9857892632,37.3021046316,160331.578947,36.5500769474
2015-03-31,41.2104546364,41.4718178182,40.9863638636,41.2454544091,148059.090909,40.413928
2015-04-30,42.72750025,42.9509994,42.4670001,42.6690004,150375.0,41.80877475
2015-05-31,42.74800055,42.9960001,42.52749995,42.77900035,108950.0,42.132977
2015-06-30,42.6440908182,42.9849997273,42.427273,42.7627270909,177445.454545,42.3295870455
2015-07-31,42.4690478095,42.6685714286,42.1947616667,42.4590478095,152595.238095,42.0289837143
2015-08-31,40.1776195714,40.4528575238,39.8557145238,40.1723806667,222061.904762,39.7654780952
2015-09-30,39.4614284762,39.6576191429,39.140952619,39.3614283333,117800.0,38.9627397619
2015-10-31,41.9219045238,42.1861902857,41.7166664286,42.0023810952,117304.761905,41.5769424762
2015-11-30,42.891,43.07800025,42.61899965,42.86449985,191005.0,42.43032895
2015-12-31,41.7390479048,42.0019050476,41.5085720476,41.7528567619,110995.238095,41.3299455714
2016-01-31,41.5342104737,41.9631578421,41.2015788947,41.6463157368,285857.894737,41.2244838947
2016-02-29,42.49699925,43.01350005,42.15350015,42.7015003,383975.0,42.26898055
2016-03-31,42.5450000909,42.8536359091,42.3031815,42.6168179545,138404.545455,42.1851555455
2016-04-30,44.4033331429,44.6500004286,44.1585715714,44.4538092381,131209.52381,44.003540381
2016-05-31,42.5134999,42.73449995,42.29850025,42.49000015,141690.0,42.35848625
2016-06-30,42.2504548182,42.5118184545,42.0109092727,42.3240906818,185840.909091,42.3240906818
2016-07-31,44.04699995,44.24600045,43.86949965,44.075,163155.0,44.075
2016-08-31,45.8740004,46.0939994,45.7020004,45.936,136060.0,45.936
