Date,Open,High,Low,Close,Volume,Adj Close
2011-07-31,26.154,28.308,25.1939998,27.3099998,2830460.0,27.3099998
2011-08-31,24.8286955652,25.5326088696,23.7726088261,24.626087,191495.652174,24.626087
2011-09-30,20.6071428571,21.1190472857,20.0485712381,20.5309524762,289357.142857,20.5309524762
2011-10-31,22.0224999,22.7829998,21.18750015,22.17050015,149815.0,22.17050015
2011-11-30,21.6785713333,22.137143,20.8147619048,21.2266666667,178590.47619,21.2266666667
2011-12-31,17.9204763333,18.4209522857,17.218571381,17.8223809048,265995.238095,17.8223809048
2012-01-31,20.9415789474,21.7821054211,20.4984209474,21.2352628947,678594.736842,21.2352628947
2012-02-29,23.01350005,23.30100025,22.70250015,23.0344999,278165.0,23.0344999
2012-03-31,28.3427272273,29.1295454545,27.7372728182,28.4068180455,572931.818182,28.4068180455
2012-04-30,29.59299995,30.4675,28.9955001,29.65899985,866545.0,29.6544999
2012-05-31,25.3786364545,25.9418182273,24.3468182273,24.994091,1353040.90909,24.994091
2012-06-30,25.8880954286,26.5719046667,25.1066664286,25.8085714286,1232728.57143,25.8085714286
2012-07-31,29.85450005,30.52999995,29.2899999,29.98150005,507265.0,29.98150005
2012-08-31,32.5530435652,33.527391,31.8408692174,32.5999996957,625343.478261,32.5999996957
2012-09-30,30.6305558333,31.2705557222,29.8800000556,30.4027778333,2059177.77778,30.4027778333
2012-10-31,30.1890476667,30.7347620476,29.4723811905,30.0876191429,868471.428571,30.0876191429
2012-11-30,26.2085714762,26.6771427143,25.5204761905,25.9938097619,872914.285714,25.9938097619
2012-12-31,25.4010524737,25.9115791579,24.5168421053,25.0589475263,1657731.57895,25.0589475263
2013-01-31,27.8157142381,28.4690473333,27.194762,27.9014284762,1092585.71429,27.9014284762
2013-02-28,26.8326316842,27.3352631053,26.1657894737,26.6147368947,836636.842105,26.6147368947
2013-03-31,27.5126318947,28.1178947368,26.9910526316,27.7010528947,1085431.57895,27.7010528947
2013-04-30,28.4600001818,28.910909,27.9336362727,28.4154545909,1244486.36364,28.4154545909
2013-05-31,29.1127272273,29.6854543636,28.6740910455,29.0922725909,1023700.0,29.0922725909
2013-06-30,26.8615789474,27.3642106316,26.3073682632,26.894211,1761678.94737,26.894211
2013-07-31,27.8336364545,28.1768183182,27.3686363636,27.7550000455,827636.363636,27.7550000455
2013-08-31,24.2014285714,24.5923807143,23.793809381,24.1976191429,921261.904762,24.1976191429
2013-09-30,19.3220002,19.62950015,18.9820002,19.29150015,2589275.0,19.29150015
2013-10-31,17.757826087,18.032173913,17.4956523913,17.7439129565,1277239.13043,17.7439129565
2013-11-30,18.9289472105,19.275263,18.6621053158,19.0505265789,957057.894737,19.0505265789
2013-12-31,17.7299999048,18.1257141429,17.504761619,17.7719046667,1231271.42857,17.7719046667
2014-01-31,19.8619047619,20.2195235238,19.3671429524,19.7842854762,1169338.09524,19.7842854762
2014-02-28,18.4194442778,18.894444,18.1627776667,18.4250001111,658200.0,18.4250001111
2014-03-31,19.8833334762,20.2109520476,19.4990476667,19.8561903333,1047504.7619,19.8561903333
2014-04-30,17.411904619,17.730476,17.0295239524,17.3071430952,1127280.95238,17.3071430952
2014-05-31,16.17050005,16.4525001,15.88749995,16.10999995,744815.0,16.10999995
2014-06-30,14.7071428571,15.0195238095,14.51,14.7771428571,1667033.33333,14.7771428571
2014-07-31,14.0522727273,14.2377272727,13.8240909091,13.975,817204.545455,13.975
2014-08-31,13.4415,13.6855,13.2475,13.498,584640.0,13.498
2014-09-30,13.8885714286,14.1928571429,13.69,13.9152380952,1152752.38095,13.9152380952
2014-10-31,12.6586956522,12.862173913,12.3491304348,12.5973913043,1068665.21739,12.5973913043
2014-11-30,11.9472222222,12.2055555556,11.775,12.0094444444,711588.888889,12.0094444444
2014-12-31,15.1413637273,15.6322727273,14.8890909091,15.2704546818,1559922.72727,15.2704546818
2015-01-31,16.44000015,16.725,16.0875001,16.37600025,808445.0,16.37600025
2015-02-28,15.5744444444,15.7783334444,15.3133333333,15.5111111111,411677.777778,15.5111111111
2015-03-31,15.5845455,15.8981817273,15.3445454091,15.666818,722468.181818,15.666818
2015-04-30,17.4795238095,17.714761619,17.1885714762,17.4371430476,681447.619048,17.4371430476
2015-05-31,16.5294738421,16.7268420526,16.2573683684,16.4552631053,389373.684211,16.4552631053
2015-06-30,14.4763635909,14.6959090909,14.2368181818,14.4599999091,1062436.36364,14.4599999091
2015-07-31,12.9159090909,13.0409090909,12.67,12.8518181818,484545.454545,12.8518181818
2015-08-31,11.285,11.5065,11.065,11.218,763570.0,11.218
2015-09-30,12.049047619,12.3323809524,11.7614285714,12.0857142857,978990.47619,12.0857142857
2015-10-31,13.3331818182,13.6427272727,12.9395454545,13.4318181818,584422.727273,13.4318181818
2015-11-30,13.8915789474,14.1947368421,13.5731578947,13.9484210526,718405.263158,13.9484210526
2015-12-31,16.2904545909,16.5913635,16.0113637727,16.3195455909,720236.363636,16.3195455909
2016-01-31,17.5742104737,17.9789474211,17.1484214211,17.5889469474,893705.263158,17.5889469474
2016-02-29,17.8847368947,18.3210526316,17.5068422632,17.8994737895,635715.789474,17.8994737895
2016-03-31,18.318182,18.7609090455,17.9295454545,18.3427273182,1087922.72727,18.3427273182
2016-04-30,18.0390478095,18.3219045714,17.593333381,17.9104761429,973490.47619,17.9104761429
2016-05-31,13.40999995,13.64699995,13.102,13.3299999,1846720.0,13.3299999
2016-06-30,10.6340909091,10.8627272727,10.4240909091,10.6404545455,1330895.45455,10.6404545455
2016-07-31,12.1045,12.371,11.893,12.1775,776655.0,12.1775
2016-08-31,12.586,12.816,12.292,12.68,710000.0,12.68
