Date,Open,High,Low,Close,Volume,Adj Close
2008-06-30,11.5176923077,11.6838461538,11.0369230769,11.2638461538,505569.230769,4.52870246154
2008-07-31,9.20863636364,9.37545454545,8.945,9.21863636364,70809.0909091,3.70641245455
2008-08-31,10.2135,10.429,9.932,10.223,39930.0,4.11022345
2008-09-30,9.83857142857,10.11,9.4680952381,9.78523809524,103838.095238,4.02301409524
2008-10-31,7.28608695652,7.60173913043,6.81304347826,7.14913043478,116773.913043,2.95701204348
2008-11-30,6.70722222222,7.00944444444,6.43611111111,6.74944444444,57900.0,2.79169455556
2008-12-31,7.43181818182,7.67363636364,7.17545454545,7.44272727273,79813.6363636,3.16702240909
2009-01-31,6.7975,6.9205,6.6085,6.735,83840.0,3.04437815
2009-02-28,6.67105263158,6.92,6.50052631579,6.76,60742.1052632,3.05567889474
2009-03-31,7.09761904762,7.3,6.92333333333,7.13428571429,90314.2857143,3.22486490476
2009-04-30,7.73142857143,7.92714285714,7.57333333333,7.73904761905,108347.619048,3.49823142857
2009-05-31,8.2335,8.4905,8.101,8.319,116185.0,3.79618435
2009-06-30,9.46772727273,9.67590909091,9.26727272727,9.47272727273,179190.909091,4.40903031818
2009-07-31,9.83363636364,10.0209090909,9.66181818182,9.87545454545,405886.363636,4.59647754545
2009-08-31,10.427,10.6225,10.157,10.426,287510.0,4.852726
2009-09-30,10.4304761905,10.6266666667,10.2442857143,10.490952381,489619.047619,4.9981807619
2009-10-31,10.4909090909,10.6077272727,10.2763636364,10.4145454545,260272.727273,4.97310490909
2009-11-30,9.941,10.058,9.7605,9.918,236090.0,4.735343
2009-12-31,10.2745454545,10.395,10.1636363636,10.2895454545,310372.727273,5.01842190909
2010-01-31,11.3352631579,11.5152631579,11.2157894737,11.36,620805.263158,5.57296631579
2010-02-28,10.9457894737,11.02,10.8331578947,10.9389473684,401421.052632,5.36640721053
2010-03-31,11.5527272727,11.6981818182,11.4277272727,11.5913636364,394513.636364,5.84113195455
2010-04-30,12.6023809524,12.7652380952,12.4347619048,12.6347619048,467257.142857,6.3669222381
2010-05-31,12.334,12.5205,11.9435,12.258,632230.0,6.2413027
2010-06-30,11.5136363636,11.68,11.33,11.4863636364,751000.0,5.93522286364
2010-07-31,10.9028571429,11.0119047619,10.6838095238,10.8642857143,534723.809524,5.61378328571
2010-08-31,10.3,10.4176190476,10.1723809524,10.2804761905,581266.666667,5.3169247619
2010-09-30,10.5671428571,10.6752380952,10.4704761905,10.5957142857,381009.52381,5.52905442857
2010-10-31,11.4238095238,11.5376190476,11.3119047619,11.4304761905,392738.095238,6.01539861905
2010-11-30,11.7935,11.891,11.6955,11.7705,361900.0,6.2609962
2010-12-31,11.8090909091,11.8959090909,11.7177272727,11.8113636364,418431.818182,6.33846177273
2011-01-31,12.496,12.6025,12.3815,12.484,693740.0,6.76114465
2011-02-28,13.3872222222,13.5072222222,13.25,13.4166666667,1664172.22222,7.32454944444
2011-03-31,13.3665217391,13.4395652174,13.2217391304,13.3113043478,731669.565217,7.322282
2011-04-30,13.1995,13.28,13.1095,13.2005,672565.0,7.32042495
2011-05-31,12.5176190476,12.6138095238,12.3366666667,12.4647619048,933880.952381,6.96852919048
2011-06-30,11.7995454545,11.9240909091,11.6818181818,11.7745454545,1175181.81818,6.64006840909
2011-07-31,11.526,11.6125,11.317,11.4935,1028070.0,6.54174425
2011-08-31,9.73,9.92454545455,9.48772727273,9.67409090909,1496922.72727,5.55997036364
2011-09-30,9.46571428571,9.58285714286,9.27952380952,9.43285714286,871890.47619,5.47428766667
2011-10-31,9.61428571429,9.76714285714,9.45476190476,9.63523809524,948238.095238,5.6339722381
2011-11-30,9.7045,9.8075,9.5365,9.6805,900835.0,5.72435435
2011-12-31,9.7580952381,9.84380952381,9.61285714286,9.72047619048,701285.714286,5.81215447619
2012-01-31,10.0645,10.1525,9.984,10.0765,942245.0,6.0840164
2012-02-29,10.1705263158,10.2331578947,10.0910526316,10.1594736842,1004094.73684,6.18447742105
2012-03-31,9.82818181818,9.89909090909,9.76227272727,9.825,901186.363636,6.0418385
2012-04-30,9.511,9.5755,9.4425,9.509,743875.0,5.9096895
2012-05-31,9.50047619048,9.56952380952,9.40523809524,9.49095238095,675661.904762,5.95277157143
2012-06-30,9.63333333333,9.72285714286,9.56523809524,9.66523809524,594042.857143,6.12332957143
2012-07-31,10.1328571429,10.2004761905,10.0723809524,10.1338095238,595419.047619,6.4876542381
2012-08-31,10.4,10.4627272727,10.3463636364,10.4113636364,635927.272727,6.72275936364
2012-09-30,10.8126315789,10.8852631579,10.7557894737,10.8331578947,1329647.36842,7.06168689474
2012-10-31,10.829047619,10.8785714286,10.7452380952,10.8114285714,871766.666667,7.10583019048
2012-11-30,10.615,10.7175,10.4845,10.6085,930640.0,7.03415435
2012-12-31,10.4895,10.5605,10.3825,10.4855,2158595.0,7.0193213
2013-01-31,10.7342857143,10.7938095238,10.6604761905,10.7328571429,1167785.71429,7.25093980952
2013-02-28,10.7610526316,10.8215789474,10.6631578947,10.7515789474,1262531.57895,7.32226236842
2013-03-31,10.8315,10.9,10.7535,10.84,1042540.0,7.4299418
2013-04-30,10.815,10.8981818182,10.7131818182,10.8122727273,2428500.0,7.49777204545
2013-05-31,10.8209090909,10.8940909091,10.7118181818,10.79,1393204.54545,7.54857672727
2013-06-30,10.312,10.394,10.1595,10.2925,1490880.0,7.2485459
2013-07-31,10.7572727273,10.8168181818,10.6763636364,10.7590909091,931181.818182,7.66903781818
2013-08-31,10.5827272727,10.6495454545,10.5163636364,10.5704545455,842627.272727,7.59859886364
2013-09-30,10.4015789474,10.4557894737,10.3352631579,10.4078947368,2276221.05263,7.55648142105
2013-10-31,10.2152173913,10.2604347826,10.1652173913,10.2117391304,1318717.3913,7.48103613043
2013-11-30,10.1265,10.1625,10.043,10.1085,1819000.0,7.4687833
2013-12-31,9.248,9.309,9.169,9.2385,2115745.0,6.87606415
2014-01-31,9.36095238095,9.4180952381,9.2980952381,9.35952380952,1197938.09524,7.02077990476
2014-02-28,9.62,9.69473684211,9.56684210526,9.63263157895,1284642.10526,7.28669263158
2014-03-31,9.5280952381,9.57952380952,9.45,9.50333333333,1546514.28571,7.25037171429
2014-04-30,9.49285714286,9.53142857143,9.42714285714,9.46238095238,1236142.85714,7.28268685714
2014-05-31,9.28523809524,9.33666666667,9.21714285714,9.27857142857,1583057.14286,7.20496628571
2014-06-30,9.44714285714,9.50047619048,9.39904761905,9.45857142857,2681809.52381,7.41053047619
2014-07-31,9.87380952381,9.91571428571,9.82,9.85857142857,2488580.95238,7.79523704762
2014-08-31,9.75571428571,9.79238095238,9.70476190476,9.74904761905,1312000.0,7.76767919048
2014-09-30,9.63,9.65523809524,9.55904761905,9.58952380952,1192428.57143,7.71254761905
2014-10-31,8.86772727273,8.93409090909,8.755,8.85045454545,1486686.36364,7.19257472727
2014-11-30,8.84263157895,8.88684210526,8.78263157895,8.82894736842,868731.578947,7.24301410526
2014-12-31,8.22045454545,8.29363636364,8.10045454545,8.175,1701454.54545,6.77988440909
2015-01-31,7.9405,7.9915,7.866,7.925,1055595.0,6.64965085
2015-02-28,7.39578947368,7.48368421053,7.33684210526,7.42263157895,2657057.89474,6.25354878947
2015-03-31,7.11090909091,7.16409090909,7.05681818182,7.12454545455,1105645.45455,6.03515431818
2015-04-30,7.11904761905,7.16047619048,7.06523809524,7.11857142857,828061.904762,6.08279642857
2015-05-31,7.0295,7.0605,6.9625,7.019,786675.0,6.04573755
2015-06-30,6.81727272727,6.85136363636,6.77090909091,6.81,997772.727273,5.91845068182
2015-07-31,6.43047619048,6.47333333333,6.37,6.42380952381,829119.047619,5.6352587619
2015-08-31,6.35142857143,6.45952380952,6.2880952381,6.38238095238,1159552.38095,5.65066271429
2015-09-30,6.46761904762,6.55142857143,6.40761904762,6.45761904762,1013842.85714,5.76983847619
2015-10-31,6.03363636364,6.09545454545,5.96363636364,6.03,1096554.54545,5.4364735
2015-11-30,6.126,6.222,6.0855,6.1895,1033135.0,5.6309367
2015-12-31,6.225,6.35318181818,6.16636363636,6.25318181818,1517600.0,5.74843995455
2016-01-31,5.61842105263,5.72894736842,5.46947368421,5.60473684211,1465557.89474,5.20356352632
2016-02-29,5.04315789474,5.15315789474,4.91052631579,5.03842105263,1208000.0,4.73358289474
2016-03-31,5.01090909091,5.10727272727,4.94045454545,5.02,824231.818182,4.77208759091
2016-04-30,5.27619047619,5.36476190476,5.24571428571,5.30238095238,542604.761905,5.09927419048
2016-05-31,5.11904761905,5.17285714286,5.0680952381,5.10476190476,516276.190476,4.96762980952
2016-06-30,4.90727272727,4.95272727273,4.86272727273,4.90454545455,684731.818182,4.82863886364
2016-07-31,5.3395,5.4045,5.304,5.373,613825.0,5.3528729
2016-08-31,5.536,5.596,5.47,5.566,826620.0,5.566
