Date,Open,High,Low,Close,Volume,Adj Close
1995-03-31,11.25,11.25,11.25,11.25,0.0,1.682089
1995-04-30,10.9276315789,10.9473684211,10.8881578947,10.9078947368,2863.15789474,1.63093768421
1995-05-31,10.4034090909,10.4715909091,10.3125,10.3977272727,13527.2727273,1.55465809091
1995-06-30,10.8863636364,11.0,10.8295454545,10.9090909091,12745.4545455,1.63111636364
1995-07-31,10.86875,10.94375,10.8,10.8625,14135.0,1.62415025
1995-08-31,10.5909090909,10.6704545455,10.5397727273,10.5795454545,10168.1818182,1.58184304545
1995-09-30,10.74375,10.825,10.6625,10.73125,15950.0,1.624605
1995-10-31,10.7443181818,10.7840909091,10.6590909091,10.6761363636,7813.63636364,1.6269095
1995-11-30,10.5892857143,10.630952381,10.494047619,10.5357142857,8495.23809524,1.60551119048
1995-12-31,10.6,10.75625,10.53125,10.6375,27995.0,1.66278725
1996-01-31,10.5454545455,10.6022727273,10.4545454545,10.5056818182,24540.9090909,1.71952227273
1996-02-29,10.3026315789,10.4144736842,10.2105263158,10.2763157895,17463.1578947,1.68198052632
1996-03-31,10.1547619048,10.2321428571,10.0654761905,10.1488095238,13452.3809524,1.67746428571
1996-04-30,10.1011904762,10.1607142857,10.0119047619,10.0654761905,10328.5714286,1.66748104762
1996-05-31,10.0227272727,10.0738636364,9.90909090909,9.96022727273,9295.45454545,1.65004509091
1996-06-30,9.89375,9.94375,9.825,9.85,12525.0,1.64404175
1996-07-31,9.74404761905,9.80952380952,9.64285714286,9.69642857143,8833.33333333,1.62636057143
1996-08-31,9.64772727273,9.72727272727,9.59659090909,9.66477272727,6850.0,1.621051
1996-09-30,9.61875,9.70625,9.54375,9.61875,12320.0,1.62655285
1996-10-31,9.64673913043,9.70108695652,9.5597826087,9.63043478261,10100.0,1.63568408696
1996-11-30,9.7375,9.825,9.69375,9.73125,9515.0,1.6528072
1996-12-31,9.68452380952,9.78571428571,9.60119047619,9.66666666667,20314.2857143,1.67204757143
1997-01-31,9.46022727273,9.53977272727,9.36931818182,9.46022727273,26368.1818182,1.67020040909
1997-02-28,9.61111111111,9.68055555556,9.52083333333,9.60416666667,16538.8888889,1.69561283333
1997-03-31,9.63125,9.70625,9.5625,9.5875,18770.0,1.7021851
1997-04-30,9.52272727273,9.5625,9.43181818182,9.46590909091,10954.5454545,1.69230231818
1997-05-31,9.60714285714,9.68452380952,9.55952380952,9.60714285714,11795.2380952,1.7175517619
1997-06-30,9.79761904762,9.85714285714,9.72619047619,9.78571428571,11347.6190476,1.75873185714
1997-07-31,9.83806818182,9.88920454545,9.77556818182,9.81818181818,17522.7272727,1.77687368182
1997-08-31,9.815625,9.86875,9.76875,9.8125,10605.0,1.77584535
1997-09-30,10.0535714286,10.1101190476,10.005952381,10.0505952381,15057.1428571,1.83165966667
1997-10-31,10.1793478261,10.2608695652,10.0788043478,10.1657608696,12313.0434783,1.86212317391
1997-11-30,10.1282894737,10.1875,10.0789473684,10.1282894737,11957.8947368,1.85525931579
1997-12-31,10.1988636364,10.3068181818,10.1676136364,10.2244318182,11918.1818182,1.9334205
1998-01-31,10.5526315789,10.6217105263,10.5065789474,10.5526315789,20873.6842105,2.04940447368
1998-02-28,10.6513157895,10.7171052632,10.5526315789,10.5953947368,15231.5789474,2.05770942105
1998-03-31,10.8835227273,10.9602272727,10.8267045455,10.8835227273,12845.4545455,2.13711009091
1998-04-30,11.0357142857,11.1220238095,10.9494047619,11.0178571429,11723.8095238,2.17984414286
1998-05-31,10.771875,10.81875,10.653125,10.725,6855.0,2.1219036
1998-06-30,10.625,10.7159090909,10.5568181818,10.6392045455,14072.7272727,2.12529427273
1998-07-31,10.8210227273,10.90625,10.7386363636,10.8295454545,7981.81818182,2.18419118182
1998-08-31,10.255952381,10.3571428571,10.125,10.2083333333,8161.9047619,2.05890009524
1998-09-30,10.2113095238,10.3095238095,10.1279761905,10.2261904762,11842.8571429,2.0845887619
1998-10-31,10.2708333333,10.3779761905,10.193452381,10.2797619048,8871.42857143,2.11456609524
1998-11-30,10.78125,10.828125,10.671875,10.728125,5855.0,2.2067951
1998-12-31,10.9034090909,11.0227272727,10.7869318182,10.9289772727,8118.18181818,2.284542
1999-01-31,11.4802631579,11.5690789474,11.3947368421,11.4703947368,13400.0,2.42935968421
1999-02-28,11.0592105263,11.1414473684,10.9013157895,10.9901315789,9536.84210526,2.32764268421
1999-03-31,10.7159090909,10.8465909091,10.6136363636,10.7386363636,10504.5454545,2.29503636364
1999-04-30,10.806547619,10.9553571429,10.7172619048,10.7708333333,10390.4761905,2.32248542857
1999-05-31,11.003125,11.121875,10.89375,11.0125,6920.0,2.3745953
1999-06-30,10.9488636364,11.0426136364,10.8693181818,10.9659090909,10181.8181818,2.38655636364
1999-07-31,11.35625,11.440625,11.2625,11.346875,7340.0,2.49200475
1999-08-31,10.9005681818,10.9829545455,10.8210227273,10.90625,7668.18181818,2.39523454545
1999-09-30,10.6071428571,10.6904761905,10.5327380952,10.619047619,7238.0952381,2.35762719048
1999-10-31,10.6577380952,10.7619047619,10.5357142857,10.6636904762,7176.19047619,2.38689342857
1999-11-30,10.4970238095,10.6011904762,10.380952381,10.4821428571,8047.61904762,2.346257
1999-12-31,10.03125,10.1846590909,9.89488636364,10.0653409091,12518.1818182,2.30714336364
2000-01-31,10.184375,10.2875,10.078125,10.18125,13945.0,2.37933525
2000-02-29,9.74375,9.85,9.65,9.70625,8495.0,2.2683287
2000-03-31,9.33152173913,9.44836956522,9.23641304348,9.32336956522,13317.3913043,2.20577508696
2000-04-30,9.48355263158,9.62171052632,9.40460526316,9.49342105263,12136.8421053,2.25281989474
2000-05-31,9.47443181818,9.57386363636,9.40340909091,9.47727272727,5950.0,2.26309663636
2000-06-30,9.66477272727,9.76420454545,9.56534090909,9.65625,6981.81818182,2.33355204545
2000-07-31,9.859375,10.046875,9.79375,9.903125,8340.0,2.41304805
2000-08-31,9.85054347826,9.90760869565,9.79347826087,9.83967391304,8730.43478261,2.39758726087
2000-09-30,9.66776315789,9.72039473684,9.59210526316,9.65789473684,11678.9473684,2.38416315789
2000-10-31,9.51136363636,9.5625,9.42613636364,9.45738636364,7336.36363636,2.35269709091
2000-11-30,9.50595238095,9.59523809524,9.41071428571,9.49107142857,4457.14285714,2.36107685714
2000-12-31,9.140625,9.28125,9.009375,9.134375,12190.0,2.3813995
2001-01-31,9.89964285714,10.0186904762,9.82892857143,9.91654761905,17814.2857143,2.66741180952
2001-02-28,10.2847368421,10.4994736842,10.1215789474,10.3205263158,11205.2631579,2.77609168421
2001-03-31,10.3204545455,10.41,10.1940909091,10.2940909091,8418.18181818,2.80056922727
2001-04-30,10.24,10.3195,10.171,10.239,11180.0,2.8074858
2001-05-31,10.7466666667,10.8285714286,10.6233333333,10.7276190476,4823.80952381,2.94146280952
2001-06-30,10.6342857143,10.7076190476,10.5176190476,10.6280952381,9042.85714286,2.948087
2001-07-31,10.6852380952,10.7452380952,10.6185714286,10.6866666667,7238.0952381,2.98599485714
2001-08-31,10.9343478261,11.012173913,10.8369565217,10.9247826087,7134.7826087,3.05252747826
2001-09-30,10.8906666667,11.0373333333,10.794,10.93,11673.3333333,3.0539852
2001-10-31,10.7154545455,10.8263636364,10.6081818182,10.7304545455,6122.72727273,2.99822959091
2001-11-30,10.8261904762,10.890952381,10.7271428571,10.8128571429,5600.0,3.021254
2001-12-31,10.975,11.0525,10.8625,10.933,6850.0,3.09238955
2002-01-31,11.05,11.0976190476,10.9271428571,11.0357142857,13057.1428571,3.1424442381
2002-02-28,11.0277777778,11.0672222222,10.9477777778,10.9872222222,8755.55555556,3.12863588889
2002-03-31,10.965,11.0525,10.89,10.9965,8645.0,3.16619435
2002-04-30,10.8513636364,10.8918181818,10.8031818182,10.8436363636,6363.63636364,3.14493009091
2002-05-31,11.0818181818,11.1959090909,11.0168181818,11.1195454545,9059.09090909,3.22495095455
2002-06-30,11.0057894737,11.0610526316,10.8910526316,10.9705263158,6284.21052632,3.22167357895
2002-07-31,10.4345454545,10.595,10.2668181818,10.44,13168.1818182,3.08393672727
2002-08-31,10.5845454545,10.7259090909,10.4331818182,10.6145454545,11945.4545455,3.13549681818
2002-09-30,10.2835,10.3745,10.1915,10.3175,7620.0,3.0854579
2002-10-31,9.49043478261,9.53782608696,9.39652173913,9.45,9421.73913043,2.84492026087
2002-11-30,9.015,9.1225,8.938,9.0325,25945.0,2.71923195
2002-12-31,8.705,8.743,8.6305,8.6775,56495.0,2.64306365
2003-01-31,9.02523809524,9.08142857143,8.97095238095,9.06047619048,37276.1904762,2.77414819048
2003-02-28,9.63684210526,9.69684210526,9.58,9.65421052632,20405.2631579,2.95593842105
2003-03-31,9.74857142857,9.77857142857,9.64857142857,9.71619047619,23133.3333333,3.01309366667
2003-04-30,9.9565,10.031,9.853,9.979,19250.0,3.1189046
2003-05-31,10.1233333333,10.2004761905,10.0280952381,10.1066666667,21528.5714286,3.15880652381
2003-06-30,10.2485714286,10.3547619048,10.1447619048,10.2485714286,19452.3809524,3.24275209524
2003-07-31,10.3145454545,10.3640909091,10.2286363636,10.2827272727,14881.8181818,3.27779068182
2003-08-31,9.9819047619,10.0714285714,9.90285714286,9.98285714286,11052.3809524,3.17954533333
2003-09-30,10.0414285714,10.1038095238,9.95666666667,10.0466666667,12500.0,3.24199357143
2003-10-31,10.0908695652,10.1582608696,10.0317391304,10.1226086957,10669.5652174,3.29134986957
2003-11-30,10.2477777778,10.3105555556,10.1844444444,10.2588888889,17527.7777778,3.33566094444
2003-12-31,10.4554545455,10.5313636364,10.3554545455,10.4431818182,16345.4545455,3.43455968182
2004-01-31,10.784,10.893,10.6385,10.7605,22140.0,3.56722795
2004-02-29,11.0205263158,11.0926315789,10.8547368421,10.9852631579,21752.6315789,3.64173936842
2004-03-31,11.2763636364,11.3509090909,11.15,11.2086363636,19754.5454545,3.75109404545
2004-04-30,10.9819047619,11.0757142857,10.7761904762,10.8761904762,17495.2380952,3.66878090476
2004-05-31,9.524,9.6385,9.386,9.5225,16865.0,3.2121511
2004-06-30,9.846,9.9475,9.754,9.874,10735.0,3.37230295
2004-07-31,10.2166666667,10.3033333333,10.0885714286,10.2033333333,11309.5238095,3.51314395238
2004-08-31,10.1345454545,10.2472727273,10.0863636364,10.1404545455,8477.27272727,3.49149395455
2004-09-30,10.0557142857,10.1080952381,9.9719047619,10.0352380952,12314.2857143,3.49812733333
2004-10-31,9.89,9.938,9.784,9.8635,10840.0,3.4646055
2004-11-30,9.6680952381,9.73952380952,9.55333333333,9.65,20995.2380952,3.38961242857
2004-12-31,9.37227272727,9.46136363636,9.28,9.34909090909,21804.5454545,3.32590763636
2005-01-31,9.387,9.475,9.331,9.417,13125.0,3.3796779
2005-02-28,9.71789473684,9.86210526316,9.60157894737,9.74526315789,20336.8421053,3.49746873684
2005-03-31,9.50454545455,9.57727272727,9.38090909091,9.48136363636,19654.5454545,3.44444454545
2005-04-30,9.09714285714,9.17380952381,9.01047619048,9.08761904762,10757.1428571,3.33034604762
2005-05-31,9.153,9.229,9.0995,9.179,10830.0,3.3638345
2005-06-30,9.475,9.56863636364,9.40181818182,9.47909090909,14172.7272727,3.51886831818
2005-07-31,9.9135,9.9885,9.8485,9.903,12555.0,3.70822585
2005-08-31,9.92826086957,9.98217391304,9.8452173913,9.91782608696,10517.3913043,3.71377756522
2005-09-30,9.8985,9.961,9.767,9.8645,15250.0,3.73745845
2005-10-31,9.22571428571,9.29428571429,9.09428571429,9.19047619048,13795.2380952,3.50990380952
2005-11-30,9.0380952381,9.10476190476,8.96238095238,9.04285714286,16052.3809524,3.45352714286
2005-12-31,9.10761904762,9.23047619048,8.98095238095,9.08047619048,14509.5238095,3.51479795238
2006-01-31,9.159,9.2475,9.0865,9.17,10680.0,3.57825505
2006-02-28,9.37210526316,9.43473684211,9.27315789474,9.36,11578.9473684,3.65408284211
2006-03-31,9.25391304348,9.31130434783,9.17608695652,9.23173913043,11256.5217391,3.64857552174
2006-04-30,8.99263157895,9.03473684211,8.90105263158,8.97368421053,12668.4210526,3.58043184211
2006-05-31,8.45333333333,8.55095238095,8.31904761905,8.41428571429,15314.2857143,3.35723614286
2006-06-30,8.11681818182,8.20227272727,8.00863636364,8.09136363636,13759.0909091,3.275601
2006-07-31,8.097,8.197,8.012,8.097,16225.0,3.31161005
2006-08-31,8.80909090909,8.91454545455,8.68136363636,8.79727272727,14118.1818182,3.59801618182
2006-09-30,8.881,8.9615,8.7905,8.8925,12370.0,3.68968675
2006-10-31,8.74863636364,8.845,8.65545454545,8.73590909091,17040.9090909,3.65320936364
2006-11-30,8.92380952381,8.99571428571,8.84476190476,8.91380952381,16238.0952381,3.72760433333
2006-12-31,9.023,9.136,8.9505,9.0245,17230.0,3.83283885
2007-01-31,9.0005,9.0725,8.914,8.9965,18985.0,3.84682255
2007-02-28,9.08736842105,9.15894736842,9.03263157895,9.09473684211,11236.8421053,3.88882763158
2007-03-31,9.05318181818,9.13272727273,8.99045454545,9.06045454545,10295.4545455,3.92522527273
2007-04-30,9.11105263158,9.17631578947,9.04263157895,9.10789473684,12184.2105263,3.98177357895
2007-05-31,9.14863636364,9.22272727273,9.10090909091,9.14909090909,14622.7272727,3.99978372727
2007-06-30,9.17,9.37047619048,9.03714285714,9.13523809524,20761.9047619,4.0484677619
2007-07-31,9.222,9.422,9.0945,9.2045,21425.0,4.1145361
2007-08-31,8.58260869565,8.71,8.35608695652,8.55260869565,26326.0869565,3.82313186957
2007-09-30,8.75947368421,8.91578947368,8.61052631579,8.75,15994.7368421,3.97292447368
2007-10-31,8.42913043478,8.52173913043,8.33608695652,8.39565217391,9017.39130435,3.83964382609
2007-11-30,8.01523809524,8.11952380952,7.85761904762,7.9880952381,14690.4761905,3.62079728571
2007-12-31,7.868,7.973,7.728,7.832,19505.0,3.65051835
2008-01-31,7.71380952381,7.90571428571,7.40571428571,7.70047619048,21819.047619,3.61236319048
2008-02-29,7.941,8.059,7.736,7.896,18620.0,3.70380535
2008-03-31,7.5175,7.61,7.263,7.443,18115.0,3.54663565
2008-04-30,7.24863636364,7.32681818182,7.11318181818,7.24318181818,14904.5454545,3.48967563636
2008-05-31,7.4119047619,7.53095238095,7.32333333333,7.42428571429,22904.7619048,3.57692938095
2008-06-30,7.305,7.394,7.1865,7.251,12420.0,3.5581838
2008-07-31,6.64681818182,6.75954545455,6.51363636364,6.62136363636,19404.5454545,3.28136718182
2008-08-31,6.64666666667,6.72714285714,6.52428571429,6.61142857143,13000.0,3.27644357143
2008-09-30,6.2925,6.486,6.052,6.2575,19275.0,3.162185
2008-10-31,5.55347826087,5.90217391304,5.15130434783,5.51782608696,42639.1304348,2.82060947826
2008-11-30,5.31105263158,5.53631578947,5.02368421053,5.31842105263,31626.3157895,2.71867731579
2008-12-31,5.54,5.865,5.32454545455,5.52272727273,42136.3636364,2.86944977273
2009-01-31,6.23,6.4175,5.887,6.168,33035.0,3.26761955
2009-02-28,5.64736842105,5.92578947368,5.41789473684,5.67,25278.9473684,3.00379426316
2009-03-31,4.66571428571,4.9219047619,4.42761904762,4.70619047619,33414.2857143,2.52612557143
2009-04-30,4.83380952381,5.03571428571,4.71,4.82952380952,19752.3809524,2.61476709524
2009-05-31,4.9175,5.066,4.8145,4.955,17605.0,2.6827016
2009-06-30,5.09954545455,5.18227272727,5.01,5.10590909091,15368.1818182,2.79622454545
2009-07-31,5.02095238095,5.10476190476,4.96380952381,5.0480952381,15742.8571429,2.78669471429
2009-08-31,5.40761904762,5.47904761905,5.3280952381,5.43285714286,16057.1428571,2.99909438095
2009-09-30,5.53238095238,5.60571428571,5.48904761905,5.5619047619,23942.8571429,3.10581285714
2009-10-31,5.69863636364,5.76590909091,5.64909090909,5.69227272727,16731.8181818,3.19036163636
2009-11-30,5.626,5.679,5.5385,5.627,15805.0,3.16347275
2009-12-31,5.75181818182,5.81045454545,5.67454545455,5.76,33768.1818182,3.28497281818
2010-01-31,6.01157894737,6.14421052632,5.92578947368,6.01526315789,29278.9473684,3.453324
2010-02-28,5.98631578947,6.07368421053,5.88947368421,5.97526315789,25031.5789474,3.42741052632
2010-03-31,6.27869565217,6.38695652174,6.17826086957,6.26086956522,19247.826087,3.63144321739
2010-04-30,6.62619047619,6.70047619048,6.51761904762,6.61,16195.2380952,3.8633007619
2010-05-31,6.1225,6.217,5.757,6.0585,20945.0,3.5409693
2010-06-30,5.72409090909,5.82,5.64954545455,5.725,20045.4545455,3.38449081818
2010-07-31,5.67619047619,5.75333333333,5.61619047619,5.70047619048,16971.4285714,3.39658309524
2010-08-31,5.82,5.84727272727,5.73909090909,5.78681818182,15063.6363636,3.44802931818
2010-09-30,5.776,5.825,5.7345,5.7775,22280.0,3.48278875
2010-10-31,5.90523809524,5.93285714286,5.86428571429,5.89857142857,19166.6666667,3.58304266667
2010-11-30,6.02,6.04095238095,5.96666666667,5.99857142857,22095.2380952,3.64378685714
2010-12-31,6.10045454545,6.16909090909,6.03909090909,6.08863636364,22868.1818182,3.75676736364
2011-01-31,6.22052631579,6.27157894737,6.16421052632,6.22947368421,23736.8421053,3.87175647368
2011-02-28,6.58052631579,6.66421052632,6.49684210526,6.59526315789,28689.4736842,4.09910278947
2011-03-31,6.50652173913,6.56391304348,6.43260869565,6.48956521739,25439.1304348,4.07631934783
2011-04-30,6.4605,6.487,6.375,6.44,18780.0,4.0781242
2011-05-31,6.5135,6.5385,6.4405,6.483,11535.0,4.10535405
2011-06-30,6.12954545455,6.21681818182,6.065,6.13863636364,20422.7272727,3.93412754545
2011-07-31,6.059,6.1265,6.0055,6.0555,22845.0,3.91289775
2011-08-31,5.44347826087,5.53347826087,5.36043478261,5.44956521739,21334.7826087,3.52133826087
2011-09-30,5.34857142857,5.38,5.24857142857,5.30619047619,23790.4761905,3.47582247619
2011-10-31,5.11952380952,5.17285714286,5.05428571429,5.1280952381,22180.952381,3.38880171429
2011-11-30,5.20857142857,5.24476190476,5.13761904762,5.18142857143,21542.8571429,3.42404609524
2011-12-31,5.243,5.2635,5.147,5.2195,30460.0,3.50839815
2012-01-31,5.3335,5.3545,5.286,5.326,23305.0,3.60064875
2012-02-29,5.578,5.6025,5.529,5.5785,19670.0,3.7713517
2012-03-31,5.63952380952,5.67714285714,5.57142857143,5.6280952381,32214.2857143,3.85233695238
2012-04-30,5.592,5.654,5.5075,5.5755,19205.0,3.85126495
2012-05-31,5.45818181818,5.495,5.38863636364,5.43545454545,11922.7272727,3.75452895455
2012-06-30,5.36904761905,5.44904761905,5.29,5.36333333333,22028.5714286,3.75734
2012-07-31,5.5245,5.5535,5.4575,5.503,15390.0,3.88807015
2012-08-31,5.69391304348,5.75869565217,5.59956521739,5.70434782609,26526.0869565,4.03032982609
2012-09-30,5.73473684211,5.77526315789,5.65631578947,5.71210526316,16315.7894737,4.09483736842
2012-10-31,5.66047619048,5.70904761905,5.61142857143,5.65523809524,17438.0952381,4.08094785714
2012-11-30,5.36380952381,5.42619047619,5.31761904762,5.36619047619,22747.6190476,3.83412871429
2012-12-31,5.2815,5.333,5.247,5.288,38745.0,3.8728766
2013-01-31,5.56380952381,5.62333333333,5.55380952381,5.59,23633.3333333,4.12695985714
2013-02-28,5.68526315789,5.72631578947,5.66052631579,5.68526315789,25336.8421053,4.19729031579
2013-03-31,5.781,5.878,5.7525,5.81,32785.0,4.3376784
2013-04-30,5.91454545455,5.97454545455,5.85272727273,5.89545454545,20586.3636364,4.44362063636
2013-05-31,6.225,6.29227272727,6.16363636364,6.21636363636,21436.3636364,4.68550168182
2013-06-30,6.174,6.394,6.066,6.171,30090.0,4.71010055
2013-07-31,6.29,6.40136363636,6.16181818182,6.23590909091,17177.2727273,4.79254609091
2013-08-31,6.26954545455,6.38227272727,6.20681818182,6.26590909091,28881.8181818,4.81560227273
2013-09-30,6.2625,6.3285,6.1895,6.27,23780.0,4.8806352
2013-10-31,6.07727272727,6.14636363636,6.015,6.08909090909,26472.7272727,4.77177031818
2013-11-30,6.1395,6.2,6.11,6.145,22910.0,4.81558405
2013-12-31,6.1080952381,6.16761904762,6.07571428571,6.11666666667,38038.0952381,4.85682928571
2014-01-31,6.11380952381,6.16380952381,6.06666666667,6.10714285714,31342.8571429,4.88100142857
2014-02-28,6.10388888889,6.14944444444,6.07722222222,6.12111111111,29800.0,4.89216516667
2014-03-31,6.22047619048,6.27571428571,6.1819047619,6.21857142857,33414.2857143,5.03013204762
2014-04-30,6.11619047619,6.16047619048,6.08476190476,6.12428571429,41357.1428571,4.99083395238
2014-05-31,6.19523809524,6.23380952381,6.17095238095,6.20714285714,29561.9047619,5.05835628571
2014-06-30,6.2805,6.349,6.2485,6.2925,30960.0,5.19200495
2014-07-31,6.24318181818,6.26909090909,6.19954545455,6.22318181818,22486.3636364,5.16895404545
2014-08-31,6.13428571429,6.17047619048,6.08857142857,6.13666666667,17166.6666667,5.09709490476
2014-09-30,6.18666666667,6.22238095238,6.13428571429,6.17714285714,21285.7142857,5.19299942857
2014-10-31,5.93818181818,5.99227272727,5.885,5.93681818182,20181.8181818,5.02810718182
2014-11-30,6.05526315789,6.1,6.01263157895,6.05684210526,17468.4210526,5.12975978947
2014-12-31,6.12,6.17681818182,6.06772727273,6.11181818182,29822.7272727,5.26453013636
2015-01-31,6.244,6.3355,6.1835,6.2655,19390.0,5.43936315
2015-02-28,6.46333333333,6.545,6.38944444444,6.47277777778,18527.7777778,5.61931044444
2015-03-31,6.22363636364,6.25090909091,6.14454545455,6.21045454545,20859.0909091,5.45419345455
2015-04-30,6.24095238095,6.2880952381,6.19238095238,6.22285714286,15304.7619048,5.50967438095
2015-05-31,6.07578947368,6.11263157895,6.04210526316,6.08263157895,11378.9473684,5.38551968421
2015-06-30,5.97909090909,6.01454545455,5.94363636364,5.96818181818,16368.1818182,5.346839
2015-07-31,5.77909090909,5.81090909091,5.72954545455,5.76318181818,18745.4545455,5.20559209091
2015-08-31,5.42333333333,5.45095238095,5.34857142857,5.38476190476,23195.2380952,4.86378433333
2015-09-30,5.018,5.0565,4.9725,5.003,25705.0,4.58322095
2015-10-31,5.06727272727,5.10181818182,5.03590909091,5.07272727273,15713.6363636,4.69212609091
2015-11-30,5.02,5.0395,4.982,5.003,18540.0,4.62763045
2015-12-31,4.78681818182,4.82181818182,4.735,4.78409090909,37086.3636364,4.5061585
2016-01-31,4.335,4.37722222222,4.25666666667,4.31166666667,30338.8888889,4.08934655556
2016-02-29,4.1575,4.204,4.121,4.1695,25725.0,3.95451045
2016-03-31,4.44727272727,4.49590909091,4.41863636364,4.47181818182,37281.8181818,4.31002172727
2016-04-30,4.5395,4.5665,4.5095,4.544,27780.0,4.4272377
2016-05-31,4.53380952381,4.56857142857,4.50476190476,4.53761904762,21738.0952381,4.42102090476
2016-06-30,4.57727272727,4.61863636364,4.54545454545,4.58909090909,30140.9090909,4.53989490909
2016-07-31,4.7775,4.817,4.755,4.792,20230.0,4.792
2016-08-31,4.854,4.87,4.814,4.836,23660.0,4.836
