Date,Open,High,Low,Close,Volume,Adj Close
2000-02-29,67.8035724286,73.8281155714,63.0803581429,69.9464295714,444571.428571,67.6900858571
2000-03-31,67.6616836522,70.9361401739,62.622961913,66.6114140435,77243.4782609,62.2396506957
2000-04-30,35.4013162632,36.9769741579,32.1546056842,33.8947372632,83984.2105263,32.8013552105
2000-05-31,22.7343728182,24.0028365455,21.0525545455,22.6072409091,45813.6363636,21.8779730909
2000-06-30,16.7098190476,17.3779761905,15.8348190476,16.3779761905,31747.6190476,15.8496528571
2000-07-31,10.66562,10.90156,10.0875,10.378905,35190.0,10.04410055
2000-08-31,10.353926087,10.9164347826,9.9116826087,10.4245913043,59052.173913,10.0883132609
2000-09-30,9.58716842105,9.73684210526,9.21052631579,9.40789473684,24610.5263158,9.10441342105
2000-10-31,6.65694090909,6.90695454545,6.21164545455,6.53550454545,27345.4545455,6.32468122727
2000-11-30,4.69046190476,4.87053333333,4.45089047619,4.63392380952,38395.2380952,4.48444204762
2000-12-31,3.74999,3.913275,3.574995,3.740625,25565.0,3.61993025
2001-01-31,3.4799,3.64061904762,3.30059047619,3.50595238095,15647.6190476,3.39285690476
2001-02-28,3.02876315789,3.08468421053,2.90705789474,2.96543157895,9500.0,2.86977231579
2001-03-31,2.39487727273,2.49004545455,2.32953636364,2.39771818182,6481.81818182,2.32037227273
2001-04-30,1.55947368421,1.65822105263,1.46901052632,1.53677368421,14668.4210526,1.48720015789
2001-05-31,2.18636363636,2.24045454545,2.09409090909,2.15909090909,7600.0,2.08944263636
2001-06-30,1.28380952381,1.30523809524,1.24714285714,1.2680952381,20433.3333333,1.22718890476
2001-07-31,1.27714285714,1.30619047619,1.22857142857,1.26238095238,30871.4285714,1.22165885714
2001-08-31,1.21909090909,1.24181818182,1.17954545455,1.20772727273,11340.9090909,1.16876804545
2001-09-30,0.894666666667,0.964,0.82,0.885333333333,38840.0,0.856773933333
2001-10-31,1.17043478261,1.24130434783,1.14608695652,1.20130434783,9882.60869565,1.1625526087
2001-11-30,1.42333333333,1.47619047619,1.38238095238,1.43047619048,8847.61904762,1.3843317619
2001-12-31,2.24736842105,2.37894736842,2.16105263158,2.28526315789,24815.7894737,2.21154478947
2002-01-31,2.47857142857,2.51428571429,2.4080952381,2.46428571429,17028.5714286,2.38479238095
2002-02-28,2.38315789474,2.40368421053,2.36,2.38315789474,9173.68421053,2.30628168421
2002-03-31,2.616,2.685,2.507,2.6015,68235.0,2.51758045
2002-04-30,0.802727272727,0.838181818182,0.767727272727,0.807727272727,32850.0,4.03863636364
2002-05-31,1.07272727273,1.12181818182,1.03863636364,1.08681818182,8177.27272727,5.43409090909
2002-06-30,0.8515,0.9075,0.816,0.875,17955.0,4.375
2002-07-31,0.990909090909,1.06363636364,0.958181818182,1.02818181818,20195.4545455,5.14090909091
2002-08-31,1.15454545455,1.18818181818,1.12181818182,1.16636363636,19613.6363636,5.83181818182
2002-09-30,0.888421052632,0.904210526316,0.826315789474,0.851578947368,5973.68421053,4.25789473684
2002-10-31,0.567391304348,0.587826086957,0.53,0.552608695652,8073.91304348,2.76304347826
2002-11-30,0.604,0.6645,0.5335,0.6,59040.0,3.0
2002-12-31,0.625714285714,0.655238095238,0.606666666667,0.62619047619,28166.6666667,3.13095238095
2003-01-31,0.932,1.014,0.8395,0.9305,183525.0,4.6525
2003-02-28,0.852631578947,0.888947368421,0.810526315789,0.846315789474,40878.9473684,4.23157894737
2003-03-31,0.814285714286,0.84619047619,0.78380952381,0.810952380952,49557.1428571,4.05476190476
2003-04-30,0.904285714286,0.925238095238,0.880476190476,0.896666666667,37485.7142857,4.48333333333
2003-05-31,0.90619047619,0.935238095238,0.87380952381,0.909047619048,28209.5238095,4.54523809524
2003-06-30,1.115,1.1595,1.074,1.115,155880.0,5.575
2003-07-31,1.97818181818,2.17454545455,1.785,1.96727272727,909186.363636,9.83636368182
2003-08-31,1.66857142857,1.74,1.58285714286,1.64571428571,190338.095238,8.22857147619
2003-09-30,2.1965,2.3125,2.0805,2.188,458345.0,10.9400002
2003-10-31,2.80565217391,2.91826086957,2.66913043478,2.79565217391,378321.73913,13.978261
2003-11-30,2.43578947368,2.50684210526,2.30684210526,2.39578947368,317552.631579,11.9789473684
2003-12-31,1.75090909091,1.82318181818,1.69045454545,1.745,131804.545455,8.72500018182
2004-01-31,1.87105263158,1.94526315789,1.78421052632,1.85052631579,406373.684211,9.25263168421
2004-02-29,1.72631578947,1.78052631579,1.65473684211,1.70105263158,158673.684211,8.50526342105
2004-03-31,1.56304347826,1.6047826087,1.50086956522,1.53782608696,89869.5652174,7.68913052174
2004-04-30,1.53428571429,1.60380952381,1.46619047619,1.50714285714,206823.809524,7.53571438095
2004-05-31,1.17631578947,1.23,1.13368421053,1.18315789474,58963.1578947,5.91578947368
2004-06-30,1.22904761905,1.26857142857,1.18333333333,1.2180952381,42766.6666667,6.09047619048
2004-07-31,0.940476190476,0.96619047619,0.885238095238,0.919523809524,122152.380952,4.59761904762
2004-08-31,0.850909090909,0.883636363636,0.814090909091,0.853636363636,68322.7272727,4.26818181818
2004-09-30,1.16,1.2045,1.12,1.155,103495.0,5.775
2004-10-31,1.43047619048,1.49857142857,1.35238095238,1.42714285714,122104.761905,7.13571428571
2004-11-30,1.51714285714,1.6019047619,1.4719047619,1.54523809524,165719.047619,7.72619047619
2004-12-31,1.94090909091,2.04272727273,1.85636363636,1.93727272727,288122.727273,9.68636386364
2005-01-31,1.60578947368,1.65421052632,1.54105263158,1.59052631579,73084.2105263,7.95263157895
2005-02-28,1.56052631579,1.59421052632,1.51842105263,1.54526315789,34900.0,7.72631578947
2005-03-31,1.495,1.54090909091,1.45454545455,1.49318181818,49131.8181818,7.46590909091
2005-04-30,1.4580952381,1.51523809524,1.41857142857,1.45904761905,57414.2857143,7.29523809524
2005-05-31,1.446,1.502,1.418,1.461,40930.0,7.305
2005-06-30,2.03863636364,2.14090909091,1.93863636364,2.03590909091,380563.636364,10.1795457727
2005-07-31,2.2645,2.3635,2.1755,2.2645,336955.0,11.3225003
2005-08-31,2.03,2.08304347826,1.99739130435,2.03086956522,96804.3478261,10.1543479565
2005-09-30,1.888,1.9235,1.853,1.8715,91150.0,9.35750005
2005-10-31,1.82476190476,1.86095238095,1.78619047619,1.82095238095,26695.2380952,9.1047622381
2005-11-30,2.24952380952,2.31285714286,2.19142857143,2.24952380952,150780.952381,11.2476192381
2005-12-31,2.7335,2.814,2.668,2.7395,162170.0,13.69750005
2006-01-31,4.2345,4.5215,4.082,4.3435,379210.0,21.71750025
2006-02-28,4.55263157895,4.72052631579,4.38473684211,4.54210526316,188184.210526,22.7105265789
2006-03-31,4.92727272727,5.09045454545,4.79590909091,4.92909090909,241022.727273,24.6454548636
2006-04-30,6.86,7.14684210526,6.69473684211,6.95789473684,249021.052632,34.7894742632
2006-05-31,9.43681818182,9.74090909091,9.04454545455,9.36545454545,447863.636364,46.8272732273
2006-06-30,7.85045454545,8.12681818182,7.56,7.84772727273,288059.090909,39.2386363636
2006-07-31,8.06105263158,8.36157894737,7.78789473684,8.08684210526,179378.947368,40.4342108947
2006-08-31,8.83217391304,9.03043478261,8.58,8.80347826087,211369.565217,44.017392087
2006-09-30,11.128,11.505,10.8115,11.162,505535.0,55.8100006
2006-10-31,10.3047619048,10.5652380952,10.0714285714,10.2933333333,320290.47619,51.4666674762
2006-11-30,10.2685714286,10.4776190476,10.0061904762,10.199047619,288066.666667,50.9952383333
2006-12-31,9.7235,9.9395,9.505,9.6745,240500.0,48.37250035
2007-01-31,10.3215789474,10.5357894737,10.1289473684,10.3131578947,200936.842105,51.5657901053
2007-02-28,12.4057895263,12.6921053684,12.1089473684,12.4368421053,259847.368421,62.1842108947
2007-03-31,12.7963637273,13.1027274545,12.5668183636,12.8309093182,274668.181818,64.1545464091
2007-04-30,14.4573687368,14.6557898421,14.2247372105,14.4063162105,201284.210526,72.0315804737
2007-05-31,15.021364,15.3090913182,14.7604548182,15.0554549545,236763.636364,75.2772738636
2007-06-30,14.266667,14.4795242381,14.0409524762,14.2228576667,178876.190476,71.1142872857
2007-07-31,12.83300015,12.97550015,12.5520001,12.66750025,167595.0,63.33750075
2007-08-31,11.7313043913,12.0756523043,11.4313043478,11.7317392609,318982.608696,58.6586967391
2007-09-30,15.3557896842,15.7378948947,15.1010530526,15.4805267368,206600.0,77.4026331053
2007-10-31,20.4104548636,20.9650001364,20.0040912727,20.6077277727,251013.636364,103.038638636
2007-11-30,20.0833335714,20.7804764762,19.1238098095,19.7576195238,340776.190476,98.7880967619
2007-12-31,19.396316,19.9136844737,18.8868423684,19.2989476842,255400.0,96.4947378421
2008-01-31,16.665238381,17.2519052857,16.1061909524,16.7328575714,196290.47619,83.6642871905
2008-02-29,19.44400045,19.93350035,19.0880003,19.5840004,127360.0,97.92000145
2008-03-31,16.6540004,17.11150045,16.0275004,16.5115003,168335.0,82.55750085
2008-04-30,15.7822728182,16.0250000455,15.4154547727,15.7095457273,93636.3636364,78.5477279091
2008-05-31,17.2333339048,17.6452382381,16.8519051429,17.2538098095,141157.142857,86.2690482381
2008-06-30,15.276190619,15.507619381,14.8528575238,15.0266670952,88585.7142857,75.1333349048
2008-07-31,12.2531819545,12.6886365,11.8440909545,12.2740910455,134140.909091,61.3704553182
2008-08-31,11.9442857143,12.2219047619,11.6152380952,11.9223809524,96261.9047619,59.6119057619
2008-09-30,9.295,9.5265,8.82,9.1305,135050.0,45.65250045
2008-10-31,6.38304347826,6.70869565217,6.13130434783,6.37869565217,126208.695652,31.8934787826
2008-11-30,5.12157894737,5.43736842105,4.78105263158,5.05894736842,132368.421053,25.2947374211
2008-12-31,5.27428571429,5.53238095238,5.07523809524,5.30238095238,100519.047619,26.5119053333
2009-01-31,6.5165,6.7665,6.2725,6.529,104080.0,32.6450004
2009-02-28,6.80368421053,7.02,6.54842105263,6.77052631579,147068.421053,33.8526320526
2009-03-31,5.50428571429,5.6819047619,5.27380952381,5.45428571429,110090.47619,27.2714290952
2009-04-30,6.32380952381,6.49523809524,6.1219047619,6.34095238095,152914.285714,31.7047621429
2009-05-31,6.22,6.324,5.998,6.153,129790.0,30.76500055
2009-06-30,5.81428571429,5.92904761905,5.64238095238,5.7719047619,173980.952381,28.8595242381
2009-07-31,5.27590909091,5.34227272727,5.11909090909,5.20272727273,210377.272727,26.0136365455
2009-08-31,4.83333333333,4.90619047619,4.69904761905,4.8019047619,219414.285714,24.0095242381
2009-09-30,5.07142857143,5.17380952381,4.97142857143,5.08095238095,202919.047619,25.4047623333
2009-10-31,4.74681818182,4.79454545455,4.62,4.68363636364,133236.363636,23.4159093636
2009-11-30,4.0755,4.159,3.988,4.0615,143070.0,20.3075005
2009-12-31,3.675,3.73909090909,3.56818181818,3.63227272727,262618.181818,18.1613639091
2010-01-31,3.11555555556,3.14166666667,3.04055555556,3.06722222222,160133.333333,15.3361112222
2010-02-28,2.92052631579,2.97105263158,2.84736842105,2.93052631579,142684.210526,14.6526319474
2010-03-31,3.17739130435,3.23130434783,3.11956521739,3.1852173913,113656.521739,15.9260870435
2010-04-30,3.12142857143,3.1519047619,3.07,3.10761904762,104357.142857,15.5380953333
2010-05-31,2.57421052632,2.64105263158,2.45210526316,2.55315789474,138463.157895,12.7657897895
2010-06-30,2.28727272727,2.33863636364,2.22318181818,2.28363636364,64854.5454545,11.4181820455
2010-07-31,2.21523809524,2.25761904762,2.16571428571,2.20095238095,49700.0,11.0047621905
2010-08-31,2.03181818182,2.07318181818,1.98363636364,2.03181818182,112081.818182,10.1590910455
2010-09-30,1.993,2.035,1.97,2.0055,73310.0,10.02750015
2010-10-31,1.94428571429,1.98238095238,1.9,1.92857142857,137504.761905,9.64285738095
2010-11-30,1.59142857143,1.62857142857,1.55095238095,1.58142857143,87604.7619048,7.90714295238
2010-12-31,1.50863636364,1.54681818182,1.47636363636,1.515,87390.9090909,7.575
2011-01-31,1.41736842105,1.44315789474,1.37052631579,1.39947368421,112647.368421,6.99736842105
2011-02-28,1.21578947368,1.23947368421,1.18894736842,1.21421052632,63136.8421053,6.07105263158
2011-03-31,1.19913043478,1.24,1.15956521739,1.20086956522,147247.826087,6.00434782609
2011-04-30,1.37,1.433,1.3225,1.377,167415.0,6.885
2011-05-31,1.3075,1.344,1.2715,1.304,70165.0,6.52
2011-06-30,1.20727272727,1.24909090909,1.18909090909,1.21227272727,41768.1818182,6.06136363636
2011-07-31,1.211,1.246,1.1875,1.216,25895.0,6.08
2011-08-31,0.985652173913,1.01652173913,0.954782608696,0.979130434783,48600.0,4.89565217391
2011-09-30,0.861,0.8825,0.8445,0.8625,69515.0,4.3125
2011-10-31,0.964761904762,0.997619047619,0.939523809524,0.968095238095,34485.7142857,4.84047619048
2011-11-30,0.867619047619,0.889047619048,0.858571428571,0.87,19276.1904762,4.35
2011-12-31,0.834285714286,0.861428571429,0.816666666667,0.828095238095,47976.1904762,4.14047619048
2012-01-31,0.9215,0.945,0.915,0.9325,19960.0,4.6625
2012-02-29,1.34684210526,1.38,1.27105263158,1.31947368421,58610.5263158,6.59736842105
2012-03-31,1.37454545455,1.40454545455,1.35045454545,1.37954545455,33077.2727273,6.89772727273
2012-04-30,1.2745,1.295,1.2585,1.2755,13275.0,6.3775
2012-05-31,1.14181818182,1.16409090909,1.12363636364,1.14363636364,11568.1818182,5.71818181818
2012-06-30,1.16047619048,1.19095238095,1.14,1.16666666667,6314.28571429,5.83333333333
2012-07-31,1.117,1.1395,1.1065,1.1245,5045.0,5.6225
2012-08-31,1.08130434783,1.10391304348,1.06869565217,1.08043478261,14395.6521739,5.40217391304
2012-09-30,1.04210526316,1.06263157895,1.03578947368,1.04631578947,10915.7894737,5.23157894737
2012-10-31,0.961428571429,0.985714285714,0.944761904762,0.965238095238,9004.76190476,4.82619047619
2012-11-30,0.977619047619,1.01142857143,0.965714285714,0.99,9223.80952381,4.95
2012-12-31,0.9245,0.959,0.9135,0.94,31510.0,4.7
2013-01-31,0.997,1.023,0.9885,1.0085,7195.0,5.0425
2013-02-28,1.09473684211,1.13263157895,1.06578947368,1.10105263158,16878.9473684,5.50526315789
2013-03-31,1.091,1.124,1.0635,1.0885,14920.0,5.4425
2013-04-30,1.01590909091,1.03136363636,1.00181818182,1.01681818182,9590.90909091,5.08409090909
2013-05-31,0.999545454545,1.01636363636,0.986818181818,1.00090909091,7740.90909091,5.00454545455
2013-06-30,0.983684210526,0.995789473684,0.972105263158,0.98,6315.78947368,4.9
2013-07-31,0.997272727273,1.02227272727,0.978636363636,1.00590909091,14386.3636364,5.02954545455
2013-08-31,1.04318181818,1.06,1.01909090909,1.03363636364,11877.2727273,5.16818181818
2013-09-30,0.981,0.996,0.9715,0.9885,5370.0,4.9425
2013-10-31,0.989130434783,1.01869565217,0.974782608696,0.99652173913,27969.5652174,4.98260869565
2013-11-30,1.001,1.0205,0.9895,1.004,8990.0,5.02
2013-12-31,0.9895,1.0035,0.982,0.991,10360.0,4.955
2014-01-31,1.03095238095,1.06380952381,1.01047619048,1.03619047619,80366.6666667,5.18095238095
2014-02-28,1.22789473684,1.26631578947,1.18631578947,1.22526315789,111231.578947,6.12631578947
2014-03-31,1.53285714286,1.5819047619,1.47761904762,1.52142857143,128238.095238,7.60714290476
2014-04-30,1.2305,1.2695,1.1915,1.2215,76250.0,6.1075
2014-05-31,1.08095238095,1.10857142857,1.05619047619,1.07333333333,46676.1904762,5.36666666667
2014-06-30,1.05142857143,1.07095238095,1.03619047619,1.04714285714,34223.8095238,5.23571428571
2014-07-31,1.07136363636,1.09909090909,1.05272727273,1.06909090909,40509.0909091,5.34545454545
2014-08-31,0.978095238095,0.995714285714,0.962857142857,0.979523809524,24138.0952381,4.89761904762
2014-09-30,0.9575,0.9795,0.9315,0.948,40375.0,4.74
2014-10-31,0.851304347826,0.880434782609,0.820434782609,0.85652173913,32430.4347826,4.28260869565
2014-11-30,1.00315789474,1.02947368421,0.978947368421,1.00315789474,23931.5789474,5.01578947368
2014-12-31,0.950454545455,0.978636363636,0.941363636364,0.959545454545,20931.8181818,4.79772727273
2015-01-31,0.837,0.855,0.814,0.836,25645.0,4.18
2015-02-28,0.795555555556,0.815,0.781666666667,0.794444444444,13411.1111111,3.97222222222
2015-03-31,0.799090909091,0.816363636364,0.774090909091,0.796818181818,14263.6363636,3.98409090909
2015-04-30,0.852380952381,0.89,0.819523809524,0.857142857143,24780.952381,4.28571428571
2015-05-31,0.7655,0.793,0.74,0.7625,26410.0,3.8125
2015-06-30,0.774090909091,0.798181818182,0.753181818182,0.774090909091,28800.0,3.87045454545
2015-07-31,0.709523809524,0.734285714286,0.685238095238,0.715238095238,19514.2857143,3.57619047619
2015-08-31,0.632857142857,0.650476190476,0.612380952381,0.62619047619,16857.1428571,3.13095238095
2015-09-30,0.527142857143,0.543333333333,0.514285714286,0.525714285714,7890.47619048,2.62857142857
2015-10-31,0.553636363636,0.579545454545,0.525454545455,0.548181818182,10386.3636364,2.74090909091
2015-11-30,0.582,0.6035,0.5655,0.586,26050.0,2.93
2015-12-31,1.8019047619,1.95476190476,1.75714285714,1.84047619048,46490.4761905,2.91285714286
2016-01-31,2.70157894737,2.79105263158,2.60684210526,2.68631578947,31000.0,2.68631578947
2016-02-29,2.916,3.0005,2.834,2.925,24820.0,2.925
2016-03-31,2.94045454545,3.01227272727,2.87045454545,2.93863636364,24927.2727273,2.93863636364
2016-04-30,2.709,2.7565,2.683,2.7175,9280.0,2.7175
2016-05-31,2.59523809524,2.6680952381,2.54,2.60095238095,13419.047619,2.60095238095
2016-06-30,2.59727272727,2.65045454545,2.55363636364,2.58409090909,8254.54545455,2.58409090909
2016-07-31,2.4845,2.551,2.4405,2.4825,10310.0,2.4825
2016-08-31,2.534,2.594,2.42,2.496,17420.0,2.496
