Date,Open,High,Low,Close,Volume,Adj Close
2011-01-31,20.5866666667,22.12,19.9900006667,20.4366663333,280166.666667,11.1386866667
2011-02-28,20.7731578947,20.9005267895,20.5599999474,20.7442106316,51936.8421053,11.3063085789
2011-03-31,19.8156523478,19.968261087,19.5673913043,19.7247826522,89317.3913043,10.750685087
2011-04-30,19.8790001,20.02200005,19.6570001,19.84850025,60270.0,10.86747
2011-05-31,18.8380952857,19.0409522381,18.5809523333,18.7999999048,79366.6666667,10.3652099524
2011-06-30,17.8836362727,18.0427271818,17.6477271364,17.8381819091,79086.3636364,9.91052377273
2011-07-31,18.8184211579,18.9763159474,18.5257897895,18.6794735263,66047.3684211,10.4664243684
2011-08-31,16.7026085652,16.9547826522,16.3408694348,16.6195651739,110030.434783,9.37940208696
2011-09-30,16.15899995,16.24150015,15.79949985,15.9800001,85955.0,9.0969809
2011-10-31,15.2433334286,15.4604762381,14.8252380952,15.1647619048,79066.6666667,8.71300557143
2011-11-30,15.2980952381,15.396666619,15.0152380952,15.1638095714,87190.4761905,8.79269509524
2011-12-31,14.305,14.371,13.995,14.134,180260.0,8.2726988
2012-01-31,14.7595,14.89,14.6265,14.8135,132625.0,8.75118075
2012-02-29,16.14749995,16.2335,15.9585001,16.1055,100390.0,9.59927485
2012-03-31,16.004762,16.0685712857,15.807619,15.9142857143,95885.7142857,9.56021942857
2012-04-30,15.4955,15.56099995,15.3615,15.47100005,69210.0,9.38350225
2012-05-31,14.495,14.62,14.3127272727,14.4722727273,102386.363636,8.85496827273
2012-06-30,14.317,14.4675,14.179,14.357,59600.0,8.8719212
2012-07-31,14.6480952381,14.7823809524,14.5295238095,14.6728571429,55171.4285714,9.15740985714
2012-08-31,15.157826087,15.2791304348,15.0713043478,15.1695652174,50747.826087,9.55222891304
2012-09-30,15.5872222222,15.7516667222,15.4938888889,15.6572222222,78350.0,9.95914716667
2012-10-31,15.8161905714,15.9647619524,15.6952380952,15.8061904286,84328.5714286,10.1310658571
2012-11-30,15.0733333333,15.2152380952,14.8919047619,15.0314285714,91585.7142857,9.72796061905
2012-12-31,13.8294736842,13.9494736842,13.7147368421,13.8057894737,126773.684211,9.02219773684
2013-01-31,14.3514285714,14.4523809524,14.25,14.3795238095,117347.619048,9.48956071429
2013-02-28,14.1342105263,14.1947368421,13.9984210526,14.0984210526,107942.105263,9.39907321053
2013-03-31,13.51,13.6463157895,13.4226315789,13.5342105263,96115.7894737,9.10979715789
2013-04-30,12.5263636364,12.66,12.36,12.5045454545,149554.545455,8.49276781818
2013-05-31,12.5818181818,12.7127272727,12.4640909091,12.5736363636,94777.2727273,8.61929409091
2013-06-30,11.7757894737,11.8989473684,11.6094736842,11.7121052632,118121.052632,8.10723563158
2013-07-31,11.1240909091,11.2213636364,11.0422727273,11.1363636364,96545.4545455,7.78917640909
2013-08-31,11.6686363636,11.7868181818,11.5763636364,11.6977272727,83254.5454545,8.26756254545
2013-09-30,11.7721052632,11.8757894737,11.6552631579,11.7378947368,63889.4736842,8.382158
2013-10-31,11.2026086957,11.2895652174,11.1343478261,11.2169565217,89760.8695652,8.09030773913
2013-11-30,10.9135,10.989,10.829,10.897,133935.0,7.94989045
2013-12-31,9.7355,9.8285,9.6595,9.755,180775.0,7.20116015
2014-01-31,10.1457142857,10.1961904762,10.0852380952,10.1485714286,98780.952381,7.56252990476
2014-02-28,10.5431578947,10.6147368421,10.4873684211,10.5710526316,125005.263158,7.95084768421
2014-03-31,10.8552380952,10.9,10.7328571429,10.7885714286,106366.666667,8.17986890476
2014-04-30,10.4565,10.5075,10.4115,10.469,75960.0,8.00747755
2014-05-31,10.7538095238,10.7904761905,10.6952380952,10.7447619048,74747.6190476,8.28580114286
2014-06-30,10.98,11.0495238095,10.9261904762,11.0104761905,89066.6666667,8.56232280952
2014-07-31,11.5180952381,11.5661904762,11.4295238095,11.4814285714,84214.2857143,8.99976604762
2014-08-31,11.4285714286,11.49,11.3604761905,11.429047619,67071.4285714,9.02942852381
2014-09-30,10.6576190476,10.6961904762,10.5233333333,10.5828571429,103571.428571,8.42752228571
2014-10-31,9.37454545455,9.46,9.24909090909,9.35863636364,126636.363636,7.52003827273
2014-11-30,8.56842105263,8.66736842105,8.48263157895,8.56473684211,179615.789474,6.96316021053
2014-12-31,7.91818181818,8.02954545455,7.81818181818,7.93227272727,236172.727273,6.51532204545
2015-01-31,8.36894736842,8.45263157895,8.27052631579,8.37684210526,105263.157895,6.94605136842
2015-02-28,8.51736842105,8.61263157895,8.46315789474,8.54473684211,85005.2631579,7.14237210526
2015-03-31,8.03863636364,8.10636363636,7.95545454545,8.01727272727,88709.0909091,6.75430304545
2015-04-30,8.214,8.2985,8.176,8.2475,65135.0,7.0104961
2015-05-31,8.317,8.3605,8.263,8.3105,79265.0,7.12655245
2015-06-30,7.96090909091,8.00181818182,7.89409090909,7.94863636364,71700.0,6.87127986364
2015-07-31,6.89857142857,6.94428571429,6.80714285714,6.84571428571,107066.666667,5.97018666667
2015-08-31,6.28857142857,6.38476190476,6.2080952381,6.28857142857,97695.2380952,5.544865
2015-09-30,5.99333333333,6.04285714286,5.9219047619,5.98333333333,71971.4285714,5.33548428571
2015-10-31,6.32681818182,6.41772727273,6.26318181818,6.33590909091,91840.9090909,5.71291977273
2015-11-30,5.7945,5.85,5.737,5.7905,132740.0,5.25977775
2015-12-31,5.74,5.79590909091,5.65409090909,5.72,135968.181818,5.29002595455
2016-01-31,5.25421052632,5.32368421053,5.15052631579,5.22947368421,149978.947368,4.89438831579
2016-02-29,5.614,5.708,5.546,5.663,94970.0,5.35990675
2016-03-31,6.29909090909,6.405,6.225,6.33,148709.090909,6.06773954545
2016-04-30,6.95523809524,7.04904761905,6.87047619048,6.95619047619,97252.3809524,6.73911390476
2016-05-31,7.145,7.2275,7.0565,7.141,110150.0,6.98634365
2016-06-30,7.51363636364,7.60090909091,7.39136363636,7.48772727273,139550.0,7.39230845455
2016-07-31,7.9245,8.015,7.8495,7.918,97290.0,7.8932451
2016-08-31,7.978,8.048,7.922,7.962,64780.0,7.962
