Date,Open,High,Low,Close,Volume,Adj Close
2000-12-31,9.72115384615,9.96153846154,9.51442307692,9.57692307692,22153.8461538,95.7692317692
2001-01-31,9.02455357143,9.23139880952,8.62648809524,8.88095238095,3985.71428571,88.8095248095
2001-02-28,6.92708333333,7.015625,6.60677083333,6.72569444444,1250.0,67.2569454444
2001-03-31,5.515625,5.69744318182,5.22940340909,5.48295454545,2672.72727273,54.8295464545
2001-04-30,4.66459375,4.83225,4.414875,4.5435,585.0,45.43500095
2001-05-31,4.22545454545,4.28909090909,3.98681818182,4.14909090909,10054.5454545,41.49091
2001-06-30,3.262,3.354,3.043,3.224,30865.0,32.24000065
2001-07-31,2.70238095238,2.76,2.57904761905,2.66095238095,9366.66666667,26.6095240952
2001-08-31,2.97086956522,3.02260869565,2.88086956522,2.97,3986.95652174,29.7000002609
2001-09-30,2.19666666667,2.26266666667,1.97466666667,2.09066666667,10580.0,20.9066670667
2001-10-31,2.49136363636,2.635,2.295,2.47181818182,17940.9090909,24.7181819091
2001-11-30,3.53047619048,3.6380952381,3.38095238095,3.52428571429,15790.4761905,35.242857619
2001-12-31,4.2825,4.424,4.141,4.293,15485.0,42.93000035
2002-01-31,3.95095238095,4.08,3.77238095238,3.95238095238,17085.7142857,39.5238101429
2002-02-28,3.52833333333,3.595,3.34944444444,3.435,6305.55555556,34.3500008333
2002-03-31,3.2755,3.3625,3.13,3.245,5770.0,32.4500004
2002-04-30,3.12909090909,3.17090909091,3.05363636364,3.10818181818,3572.72727273,31.0818184545
2002-05-31,3.15136363636,3.23045454545,3.04227272727,3.11045454545,11236.3636364,31.1045457727
2002-06-30,2.92421052632,2.98947368421,2.74789473684,2.86368421053,6405.26315789,28.6368422632
2002-07-31,2.66136363636,2.80727272727,2.56,2.69318181818,3304.54545455,26.9318184545
2002-08-31,3.485,3.57,3.36272727273,3.45727272727,2390.90909091,34.5727281818
2002-09-30,2.9235,3.044,2.8335,2.9325,3380.0,29.32500025
2002-10-31,2.80772727273,2.90363636364,2.72727272727,2.82454545455,1486.36363636,28.2454548182
2002-11-30,3.0485,3.203,2.915,3.0815,7805.0,30.8150003
2002-12-31,3.65476190476,3.81428571429,3.48,3.64523809524,4319.04761905,36.4523817143
2003-01-31,2.85952380952,2.92523809524,2.72619047619,2.81047619048,2504.76190476,28.1047622857
2003-02-28,2.49578947368,2.56210526316,2.39526315789,2.44789473684,1752.63157895,24.4789478421
2003-03-31,1.714,1.75,1.5825,1.628,7000.0,16.2800002
2003-04-30,1.56571428571,1.65285714286,1.40952380952,1.51047619048,112733.333333,15.1047621905
2003-05-31,2.64571428571,2.73,2.55428571429,2.65285714286,41957.1428571,26.5285717619
2003-06-30,2.74666666667,2.80142857143,2.59428571429,2.6680952381,28838.0952381,26.6809527619
2003-07-31,2.175,2.23318181818,2.09318181818,2.15818181818,12181.8181818,21.5818184545
2003-08-31,2.24047619048,2.28380952381,2.15666666667,2.21238095238,14257.1428571,22.1238098571
2003-09-30,2.84952380952,2.94142857143,2.74047619048,2.86523809524,26038.0952381,28.6523812857
2003-10-31,3.38772727273,3.50954545455,3.26409090909,3.39909090909,18018.1818182,33.9909095909
2003-11-30,3.83052631579,3.94,3.67947368421,3.78736842105,29015.7894737,37.8736846842
2003-12-31,3.29590909091,3.40636363636,3.16318181818,3.31,17186.3636364,33.1000001818
2004-01-31,3.4085,3.508,3.2935,3.4025,34120.0,34.02500035
2004-02-29,3.88611111111,3.99611111111,3.73833333333,3.87722222222,39866.6666667,38.7722229444
2004-03-31,3.62913043478,3.74739130435,3.53304347826,3.63130434783,17069.5652174,36.3130441304
2004-04-30,3.40571428571,3.54714285714,3.2980952381,3.42523809524,34047.6190476,34.2523812381
2004-05-31,3.271,3.3465,3.1405,3.2395,11850.0,32.3950003
2004-06-30,3.055,3.1285,2.9645,3.044,12595.0,30.4400005
2004-07-31,2.56285714286,2.66142857143,2.44904761905,2.53,8366.66666667,25.3000003333
2004-08-31,2.22545454545,2.29409090909,2.15454545455,2.22363636364,5881.81818182,22.236364
2004-09-30,2.49285714286,2.56333333333,2.40523809524,2.47476190476,11438.0952381,24.7476192381
2004-10-31,1.592,1.654,1.478,1.546,79385.0,15.4600004
2004-11-30,1.80952380952,1.87523809524,1.74952380952,1.81428571429,18223.8095238,18.142857381
2004-12-31,1.78227272727,1.83409090909,1.72772727273,1.76090909091,23763.6363636,17.6090910909
2005-01-31,1.8085,1.864,1.743,1.7875,18645.0,17.87500025
2005-02-28,2.05473684211,2.14789473684,1.96421052632,2.03684210526,34905.2631579,20.3684215263
2005-03-31,1.84545454545,1.91090909091,1.78363636364,1.83772727273,13918.1818182,18.3772730455
2005-04-30,1.86428571429,1.90285714286,1.7880952381,1.82857142857,23628.5714286,18.2857145238
2005-05-31,1.76857142857,1.80285714286,1.71523809524,1.76047619048,11352.3809524,17.6047619048
2005-06-30,1.79047619048,1.8419047619,1.75476190476,1.79714285714,16580.952381,17.9714288095
2005-07-31,1.9495,2.003,1.8995,1.9725,17120.0,19.7250005
2005-08-31,2.21565217391,2.30217391304,2.14608695652,2.23739130435,23404.3478261,22.3739135217
2005-09-30,2.46047619048,2.51380952381,2.3680952381,2.43904761905,57395.2380952,24.3904765238
2005-10-31,1.874,1.8985,1.8045,1.8425,29040.0,18.4250003
2005-11-30,1.67238095238,1.71952380952,1.61571428571,1.6680952381,15776.1904762,16.6809528095
2005-12-31,1.58428571429,1.63380952381,1.55428571429,1.5919047619,14704.7619048,15.9190479524
2006-01-31,1.7495,1.787,1.7035,1.7495,20975.0,17.49500005
2006-02-28,1.92736842105,1.97473684211,1.87210526316,1.92473684211,24763.1578947,19.2473689474
2006-03-31,2.19173913043,2.22739130435,2.13434782609,2.1852173913,21939.1304348,21.8521742174
2006-04-30,2.10526315789,2.15578947368,2.05105263158,2.09842105263,21047.3684211,20.9842110526
2006-05-31,1.96863636364,2.00909090909,1.91727272727,1.965,15581.8181818,19.6500004545
2006-06-30,1.75714285714,1.78952380952,1.69523809524,1.73761904762,28290.4761905,17.3761908571
2006-07-31,1.273,1.2975,1.233,1.2685,18505.0,12.68500005
2006-08-31,1.1552173913,1.19086956522,1.10739130435,1.14217391304,28560.8695652,11.4217393043
2006-09-30,1.129,1.159,1.1025,1.1285,14445.0,11.2850002
2006-10-31,1.51363636364,1.56636363636,1.44863636364,1.52818181818,47627.2727273,15.2818183636
2006-11-30,1.47476190476,1.51238095238,1.42857142857,1.45714285714,24514.2857143,14.5571431429
2006-12-31,1.834,1.922,1.768,1.8515,113455.0,18.5150001
2007-01-31,2.6415,2.708,2.5635,2.644,77505.0,26.4400002
2007-02-28,3.23631578947,3.32,3.11894736842,3.22526315789,70884.2105263,32.252632
2007-03-31,2.7119047619,2.79857142857,2.6219047619,2.70523809524,38485.7142857,27.0523814286
2007-04-30,3.7935,3.946,3.673,3.8245,71280.0,38.2450005
2007-05-31,4.07318181818,4.19954545455,3.96272727273,4.09,52354.5454545,40.9000008182
2007-06-30,2.963,3.054,2.7765,2.8625,134105.0,28.625
2007-07-31,2.29428571429,2.34666666667,2.21857142857,2.2719047619,42290.4761905,22.7190480952
2007-08-31,2.22826086957,2.32043478261,2.12956521739,2.23739130435,33486.9565217,22.3739134783
2007-09-30,2.37473684211,2.43,2.3,2.36578947368,30921.0526316,23.657895
2007-10-31,2.48863636364,2.555,2.39090909091,2.48181818182,42436.3636364,24.8181820909
2007-11-30,2.15095238095,2.21238095238,2.05285714286,2.1219047619,47238.0952381,21.2190480952
2007-12-31,1.604,1.6395,1.5255,1.5825,60105.0,15.8250002
2008-01-31,1.655,1.748,1.5705,1.657,68895.0,16.57000015
2008-02-29,1.3735,1.3975,1.322,1.3505,44345.0,13.5050003
2008-03-31,1.3285,1.3845,1.2765,1.3535,49100.0,13.53500025
2008-04-30,1.99272727273,2.07,1.91136363636,1.98681818182,51154.5454545,19.8681821818
2008-05-31,1.8605,1.9035,1.7865,1.826,46785.0,18.26000015
2008-06-30,1.49238095238,1.54238095238,1.44095238095,1.48761904762,76785.7142857,14.876190619
2008-07-31,1.43181818182,1.46681818182,1.38681818182,1.42772727273,30559.0909091,14.2772728636
2008-08-31,1.51095238095,1.54857142857,1.46,1.48952380952,28204.7619048,14.8952381429
2008-09-30,1.2835,1.3405,1.1965,1.267,48680.0,12.67000025
2008-10-31,1.03391304348,1.07347826087,0.987391304348,1.02086956522,23200.0,10.2086958261
2008-11-30,0.902105263158,0.937368421053,0.808947368421,0.858947368421,55794.7368421,8.58947368421
2008-12-31,0.418181818182,0.447272727273,0.379545454545,0.405909090909,39554.5454545,4.05909090909
2009-01-31,0.505263157895,0.546842105263,0.454210526316,0.493684210526,37721.0526316,4.93684210526
2009-02-28,0.409473684211,0.433684210526,0.387894736842,0.406842105263,15473.6842105,4.06842105263
2009-03-31,0.404090909091,0.425909090909,0.385,0.400454545455,14772.7272727,4.00454545455
2009-04-30,0.54380952381,0.58380952381,0.516666666667,0.557142857143,43257.1428571,5.57142857143
2009-05-31,0.685,0.7135,0.653,0.6795,60760.0,6.795
2009-06-30,0.82380952381,0.873333333333,0.768095238095,0.819047619048,365180.952381,8.19047628571
2009-07-31,0.763181818182,0.791363636364,0.722727272727,0.746363636364,83800.0,7.46363645455
2009-08-31,0.782857142857,0.806666666667,0.758571428571,0.776666666667,78200.0,7.76666671429
2009-09-30,0.792380952381,0.807619047619,0.760476190476,0.777619047619,213219.047619,7.77619052381
2009-10-31,0.843333333333,0.871904761905,0.803333333333,0.830476190476,223823.809524,8.30476204762
2009-11-30,0.8915,0.933,0.8565,0.8975,175400.0,8.9750001
2009-12-31,1.03636363636,1.07363636364,0.984545454545,1.03272727273,131772.727273,10.3272729545
2010-01-31,1.92684210526,2.07947368421,1.77473684211,1.93789473684,823326.315789,19.3789478421
2010-02-28,2.08388888889,2.16722222222,1.99555555556,2.09444444444,379066.666667,20.9444445556
2010-03-31,2.69,2.77086956522,2.57826086957,2.65565217391,838791.304348,26.5565221739
2010-04-30,0.721428571429,0.735238095238,0.69380952381,0.711428571429,488633.333333,7.11428571429
2010-05-31,0.57,0.585,0.542,0.565,153220.0,5.65
2010-06-30,0.515238095238,0.532857142857,0.493333333333,0.509047619048,79400.0,5.09047619048
2010-07-31,0.477142857143,0.492857142857,0.464285714286,0.480952380952,60390.4761905,4.80952380952
2010-08-31,0.513181818182,0.528181818182,0.495454545455,0.506818181818,61218.1818182,5.06818181818
2010-09-30,0.525238095238,0.542857142857,0.506666666667,0.526666666667,92085.7142857,5.26666666667
2010-10-31,0.591428571429,0.605238095238,0.571428571429,0.587619047619,52423.8095238,5.87619047619
2010-11-30,0.504,0.5145,0.4935,0.506,45650.0,5.06
2010-12-31,0.499090909091,0.518181818182,0.484545454545,0.503181818182,122786.363636,5.03181818182
2011-01-31,0.571,0.589,0.5555,0.5695,93385.0,5.695
2011-02-28,0.512105263158,0.522631578947,0.493684210526,0.507368421053,87631.5789474,5.07368421053
2011-03-31,0.402608695652,0.410869565217,0.39,0.400869565217,65095.6521739,4.00869565217
2011-04-30,1.82947368421,1.94263157895,1.80421052632,1.90210526316,128010.526316,3.82052631579
2011-05-31,4.17095238095,4.33714285714,3.96761904762,4.12714285714,288976.190476,4.12714285714
2011-06-30,3.02954545455,3.14,2.96409090909,3.04045454545,200127.272727,3.04045454545
2011-07-31,3.07684210526,3.14578947368,3.00052631579,3.07105263158,131889.473684,3.07105263158
2011-08-31,2.55869565217,2.66260869565,2.46391304348,2.57347826087,121430.434783,2.57347826087
2011-09-30,2.86047619048,2.91333333333,2.78952380952,2.86,50523.8095238,2.86
2011-10-31,3.03,3.0919047619,2.97238095238,3.05238095238,47371.4285714,3.05238095238
2011-11-30,2.839,2.903,2.7705,2.8345,39490.0,2.8345
2011-12-31,2.65285714286,2.69428571429,2.58619047619,2.64380952381,37719.047619,2.64380952381
2012-01-31,2.4055,2.479,2.361,2.4095,21035.0,2.4095
2012-02-29,2.578,2.635,2.5495,2.6095,24870.0,2.6095
2012-03-31,2.58181818182,2.64772727273,2.53909090909,2.59954545455,18959.0909091,2.59954545455
2012-04-30,2.64105263158,2.69,2.60368421053,2.65894736842,14800.0,2.65894736842
2012-05-31,2.60136363636,2.66818181818,2.55136363636,2.60136363636,20563.6363636,2.60136363636
2012-06-30,2.37047619048,2.41285714286,2.31047619048,2.36095238095,27509.5238095,2.36095238095
2012-07-31,2.20476190476,2.23095238095,2.14857142857,2.19857142857,13314.2857143,2.19857142857
2012-08-31,1.87409090909,1.93681818182,1.81090909091,1.87909090909,22050.0,1.87909090909
2012-09-30,1.57315789474,1.63473684211,1.53,1.59,31484.2105263,1.59
2012-10-31,1.58952380952,1.64,1.54095238095,1.58380952381,27890.4761905,1.58380952381
2012-11-30,1.3319047619,1.37666666667,1.27904761905,1.32285714286,16700.0,1.32285714286
2012-12-31,1.38105263158,1.45052631579,1.33,1.38894736842,121305.263158,1.38894736842
2013-01-31,1.56333333333,1.59904761905,1.51523809524,1.55904761905,32623.8095238,1.55904761905
2013-02-28,1.82315789474,1.87,1.73631578947,1.78631578947,58978.9473684,1.78631578947
2013-03-31,1.6135,1.652,1.5705,1.604,16490.0,1.604
2013-04-30,1.28142857143,1.31,1.22714285714,1.26047619048,32938.0952381,1.26047619048
2013-05-31,0.855,0.883636363636,0.796363636364,0.828636363636,297559.090909,0.828636363636
2013-06-30,0.4095,0.422,0.391,0.405,114010.0,0.405
2013-07-31,0.414090909091,0.427272727273,0.405909090909,0.415454545455,66504.5454545,0.415454545455
2013-08-31,0.341363636364,0.354090909091,0.321818181818,0.334090909091,135572.727273,0.334090909091
2013-09-30,0.881578947368,1.01368421053,0.804210526316,0.932105263158,1227173.68421,0.932105263158
2013-10-31,1.61826086957,1.72826086957,1.52695652174,1.62347826087,493373.913043,1.62347826087
2013-11-30,1.4965,1.611,1.4195,1.5125,248930.0,1.5125
2013-12-31,1.984,2.1325,1.919,1.997,456350.0,1.997
2014-01-31,3.11761904762,3.29619047619,2.98714285714,3.17904761905,331638.095238,3.17904761905
2014-02-28,3.60736842105,3.74315789474,3.44210526316,3.58263157895,189073.684211,3.58263157895
2014-03-31,3.10666666667,3.18238095238,2.92047619048,3.04857142857,164585.714286,3.04857142857
2014-04-30,2.63571428571,2.7219047619,2.52380952381,2.61761904762,56585.7142857,2.61523809524
2014-05-31,2.30047619048,2.4019047619,2.24571428571,2.32333333333,35785.7142857,2.32333333333
2014-06-30,2.40476190476,2.47285714286,2.34952380952,2.4180952381,26852.3809524,2.4180952381
2014-07-31,2.315,2.365,2.25909090909,2.29636363636,32072.7272727,2.29636363636
2014-08-31,2.0855,2.155,2.036,2.113,27585.0,2.113
2014-09-30,2.1719047619,2.22666666667,2.11619047619,2.17428571429,49757.1428571,2.17428571429
2014-10-31,1.83652173913,1.87043478261,1.79086956522,1.82434782609,38639.1304348,1.82434782609
2014-11-30,1.96157894737,2.05,1.89315789474,1.97315789474,59036.8421053,1.97315789474
2014-12-31,2.02047619048,2.08476190476,1.96666666667,2.00142857143,44666.6666667,2.00142857143
2015-01-31,3.0615,3.288,2.913,3.0995,152595.0,3.0995
2015-02-28,3.69578947368,3.84105263158,3.58052631579,3.70052631579,132126.315789,3.70052631579
2015-03-31,3.12409090909,3.23727272727,2.99045454545,3.09545454545,126263.636364,3.09545454545
2015-04-30,2.8895,2.934,2.804,2.863,34310.0,2.863
2015-05-31,2.3445,2.4135,2.267,2.314,36610.0,2.314
2015-06-30,2.15636363636,2.22409090909,2.10090909091,2.14909090909,31300.0,2.14909090909
2015-07-31,2.31772727273,2.41954545455,2.24818181818,2.32454545455,30900.0,2.32454545455
2015-08-31,2.4435,2.502,2.2855,2.3545,22800.0,2.3545
2015-09-30,2.45142857143,2.58,2.37619047619,2.49238095238,32271.4285714,2.49238095238
2015-10-31,1.97181818182,2.05090909091,1.85954545455,1.90363636364,24604.5454545,1.90363636364
2015-11-30,1.8405,1.92,1.778,1.875,13770.0,1.875
2015-12-31,1.9219047619,2.00666666667,1.86523809524,1.93285714286,52890.4761905,1.93285714286
2016-01-31,0.893157894737,0.916315789474,0.822631578947,0.854210526316,274621.052632,0.854210526316
2016-02-29,0.4825,0.5025,0.4475,0.469,98220.0,0.469
2016-03-31,0.700909090909,0.757727272727,0.646363636364,0.695,198386.363636,0.695
2016-04-30,0.7985,0.8385,0.7545,0.798,75980.0,0.798
2016-05-31,0.707619047619,0.765238095238,0.664761904762,0.69,196633.333333,0.69
2016-06-30,0.620909090909,0.647727272727,0.604090909091,0.616363636364,91627.2727273,0.616363636364
2016-07-31,0.592,0.627,0.5655,0.5935,105585.0,0.5935
2016-08-31,0.592,0.62,0.57,0.594,195040.0,0.594
