Date,Open,High,Low,Close,Volume,Adj Close
2004-06-30,17.862,17.96,17.3740004,17.524,378060.0,79.9978172
2004-07-31,17.02750015,17.1950002,16.86250005,17.0310002,62060.0,77.74725115
2004-08-31,17.5404546364,17.7463638636,17.4409093636,17.5777275455,19340.9090909,80.2430844091
2004-09-30,19.826667,20.1819049048,19.6966669048,19.9752383333,40766.6666667,91.1878252381
2004-10-31,19.69850015,19.9375003,19.5125003,19.7520002,30750.0,90.16873315
2004-11-30,22.4390478095,22.7038098095,22.2090479048,22.4895241429,26161.9047619,102.665648429
2004-12-31,28.8776193333,29.4961907143,28.5700004762,29.1590477143,44904.7619048,133.11231181
2005-01-31,28.68100015,29.131,28.1880001,28.45900015,42590.0,129.91656475
2005-02-28,30.9747368947,31.524737,30.3968424211,30.9273685789,37073.6842105,141.184773053
2005-03-31,28.7219048571,29.0614288095,27.9495244762,28.4252382381,64400.0,129.762439905
2005-04-30,26.9233334286,27.5276192381,26.3695239048,26.9057147143,76333.3333333,123.587057952
2005-05-31,30.8519999,31.3855001,30.39999975,30.94600055,45130.0,142.5463692
2005-06-30,29.8850001364,30.3190912273,29.2986366818,29.7718187273,58918.1818182,137.137742727
2005-07-31,29.39400025,29.8285001,28.9865004,29.33700035,36565.0,135.13484125
2005-08-31,33.7372733636,34.3068186818,33.2336370909,33.7863641818,39609.0909091,155.629917545
2005-09-30,32.0590480952,32.5019052381,31.3757148095,31.8166670952,72004.7619048,146.556915286
2005-10-31,33.21100055,33.8990003,32.58600025,33.3215007,56440.0,153.48862015
2005-11-30,41.3928584286,42.315238619,40.8061914286,41.6447622381,69671.4285714,191.828008048
2005-12-31,34.6566670952,35.418095381,34.0033339524,34.7552385714,62357.1428571,236.138361
2006-01-31,27.3045001,28.0125003,26.6870002,27.4159998,88360.0,241.6116827
2006-02-28,31.4957897895,32.1189476842,30.8852633684,31.4315791053,58194.7368421,289.566173421
2006-03-31,28.4931820455,29.2577276364,27.5554547727,28.3895456364,132072.727273,261.541173318
2006-04-30,31.9957901053,32.9068424211,31.2021057368,32.2168427368,111163.157895,296.847723053
2006-05-31,35.1736369545,35.7818187273,33.9686365909,34.8650007273,89709.0909091,321.294665318
2006-06-30,32.7142857619,33.535715,31.8142862381,32.6300004286,75585.7142857,300.698260333
2006-07-31,31.8905004,32.3710001,30.88300045,31.61900045,84280.0,291.3814998
2006-08-31,32.5373913043,33.2060877391,31.9708697391,32.6217394348,47234.7826087,300.622132435
2006-09-30,35.17200085,35.72100095,34.4045009,35.08300065,61420.0,323.3036192
2006-10-31,33.681905381,34.1728579524,32.9642859048,33.5309528571,112590.47619,309.000890714
2006-11-30,29.8519050476,30.1633338571,29.1719052857,29.5276191905,134809.52381,272.520731429
2006-12-31,29.214,29.65349995,28.7685006,29.2235006,131985.0,270.0350992
2007-01-31,29.1689473684,29.6326320526,28.6357895789,29.1773687895,122489.473684,269.608826211
2007-02-28,30.8978949474,31.2431578947,30.424211,30.8784211053,91647.3684211,285.479469737
2007-03-31,27.0652385238,27.3919050476,26.5523814762,26.9671432381,178371.428571,250.073712619
2007-04-30,29.1400004,29.4695002,28.66650055,29.03750045,148215.0,270.48906395
2007-05-31,29.4190913636,29.8936369545,29.1700001818,29.5786366818,130000.0,275.529838545
2007-06-30,32.7365005,33.1010006,32.29400085,32.75950025,93370.0,305.52946635
2007-07-31,29.3142858571,29.6323812857,28.6966668095,29.1347623333,154452.380952,273.026944143
2007-08-31,23.2556524348,23.8539134783,22.6521743913,23.3200003913,135478.26087,218.502743261
2007-09-30,21.9347370526,22.2894741053,21.3421055263,21.7726318947,169200.0,204.133299368
2007-10-31,25.4663639091,25.9713643636,24.9436365,25.4681824545,121927.272727,240.646040545
2007-11-30,25.6900004286,26.2828574286,25.0166669524,25.5342860952,122176.190476,241.270648143
2007-12-31,25.25000055,25.72700025,24.7935003,25.3265004,91945.0,239.70967715
2008-01-31,20.3715004,20.9890004,19.84650035,20.39700045,123230.0,194.3479393
2008-02-29,18.6515003,19.05000035,18.18150015,18.60900045,112625.0,177.31140935
2008-03-31,16.0921056316,16.4800002632,15.6305265789,16.0531582105,74594.7368421,152.958677368
2008-04-30,15.4140911364,15.7686367273,15.137273,15.4831821364,71268.1818182,147.527797182
2008-05-31,15.9752385714,16.3590479524,15.6119051429,15.9790479524,90471.4285714,153.131077762
2008-06-30,13.11500015,13.34150015,12.7485002,12.9880002,92500.0,124.50721865
2008-07-31,9.62727272727,9.95863636364,9.26636363636,9.56863636364,179940.909091,91.7280791818
2008-08-31,9.7385,9.968,9.397,9.6485,129435.0,92.4936776
2008-09-30,8.06952380952,8.31095238095,7.60714285714,7.92666666667,136942.857143,75.9876204762
2008-10-31,4.47434782609,4.83956521739,4.0747826087,4.4252173913,97717.3913043,42.4215816087
2008-11-30,3.79166666667,4.02944444444,3.55833333333,3.79,85366.6666667,36.3321806111
2008-12-31,4.20363636364,4.37363636364,4.06636363636,4.18409090909,75990.9090909,40.1100644091
2009-01-31,4.71,4.893,4.545,4.7105,91185.0,45.1563938
2009-02-28,4.19444444444,4.33944444444,4.05611111111,4.17611111111,46694.4444444,40.0335677222
2009-03-31,3.50454545455,3.59772727273,3.37318181818,3.455,62063.6363636,33.1207603636
2009-04-30,3.28714285714,3.37285714286,3.21619047619,3.31142857143,38852.3809524,31.7525737143
2009-05-31,4.19,4.30315789474,4.06210526316,4.21052631579,51694.7368421,40.3988164737
2009-06-30,5.29954545455,5.48318181818,5.14909090909,5.34136363636,73095.4545455,51.2488829545
2009-07-31,6.80142857143,6.98523809524,6.62,6.84142857143,84280.952381,65.641584381
2009-08-31,9.51904761905,9.77095238095,9.26619047619,9.52714285714,115266.666667,91.4102587619
2009-09-30,10.0885714286,10.22,9.90571428571,10.0642857143,60661.9047619,96.5639921905
2009-10-31,10.5976190476,10.8319047619,10.2980952381,10.5366666667,226985.714286,101.096354238
2009-11-30,12.28500005,12.64500015,12.07950005,12.4440002,139255.0,119.39668245
2009-12-31,15.0686368182,15.2822730909,14.751364,15.0272731364,109359.090909,144.182459227
2010-01-31,14.7022226111,14.9288892778,14.2705558333,14.5711115,112555.555556,139.805715722
2010-02-28,13.2568424211,13.4926319474,12.9563159474,13.2505265263,72600.0,127.135075632
2010-03-31,13.1709092727,13.3277274545,12.8795455455,13.0568184545,78604.5454545,125.449905273
2010-04-30,13.0923811905,13.2457145238,12.8466668571,13.076191,106100.0,129.602158381
2010-05-31,12.053,12.35900005,11.7365,12.035,187705.0,119.282597
2010-06-30,12.3172727273,12.5768184091,12.0481818182,12.2763636818,112431.818182,121.674825909
2010-07-31,13.1495240476,13.3804765714,12.8957145714,13.2190480952,112628.571429,131.01805919
2010-08-31,13.6159093636,13.8268185,13.3454548182,13.5486367273,104736.363636,134.284714727
2010-09-30,14.7619051429,15.0580955714,14.5290481905,14.8300003333,91809.5238095,140.113285095
2010-10-31,17.3400001905,17.625238381,17.0547622857,17.3819051905,97276.1904762,172.277419143
2010-11-30,17.0755004,17.2635004,16.7620004,17.02950025,80585.0,168.784626
2010-12-31,15.6059095909,15.7354547727,15.3554548636,15.5100004091,81372.7272727,153.724393682
2011-01-31,15.7880003,15.9155005,15.5140005,15.73750055,104750.0,155.97921725
2011-02-28,13.9272225,14.1355561111,13.7322225,13.9744448889,164555.555556,138.505030556
2011-03-31,13.292609,13.4486960435,13.0839134348,13.2726089565,117391.304348,131.548918478
2011-04-30,13.73350035,13.82300055,13.5590004,13.68950045,99930.0,135.6808573
2011-05-31,13.1619049524,13.2952384286,12.9723810952,13.1004765714,125314.285714,130.830296238
2011-06-30,12.1427273182,12.3136363636,11.9381819091,12.1004545909,106959.090909,121.004546545
2011-07-31,11.5010527368,11.6736843684,11.1942105263,11.371579,189152.631579,113.715790684
2011-08-31,6.85739130435,7.03130434783,6.64695652174,6.84652173913,276726.086957,68.4652186522
2011-09-30,6.97047619048,7.11142857143,6.78142857143,6.91523809524,191928.571429,69.1523823333
2011-10-31,6.938,7.1685,6.774,7.03,221430.0,70.30000145
2011-11-30,7.7280952381,7.87380952381,7.5580952381,7.68428571429,131595.238095,76.8428585714
2011-12-31,7.67952380952,7.80285714286,7.46047619048,7.59333333333,151609.52381,75.933335
2012-01-31,6.937,7.0285,6.8405,6.928,109100.0,69.28000105
2012-02-29,8.02421052632,8.26315789474,7.89631578947,8.11526315789,166336.842105,81.1526336316
2012-03-31,7.92590909091,8.01636363636,7.73227272727,7.83727272727,154631.818182,78.3727286364
2012-04-30,5.872,5.9375,5.727,5.7915,161110.0,57.9150006
2012-05-31,4.89636363636,4.97136363636,4.75363636364,4.84818181818,179454.545455,48.4772736364
2012-06-30,4.31857142857,4.44238095238,4.23,4.32714285714,156752.380952,43.2714292381
2012-07-31,4.31238095238,4.41285714286,4.2119047619,4.31142857143,110057.142857,43.114286
2012-08-31,4.9052173913,5.03782608696,4.7847826087,4.91913043478,163356.521739,49.1695654783
2012-09-30,5.34263157895,5.45736842105,5.20789473684,5.35842105263,171347.368421,53.5842114737
2012-10-31,5.4,5.51666666667,5.27761904762,5.39238095238,112233.333333,53.9238101905
2012-11-30,4.85523809524,4.95952380952,4.76904761905,4.85666666667,80609.5238095,48.5666674286
2012-12-31,5.36105263158,5.48842105263,5.28526315789,5.40263157895,115978.947368,54.0263162105
2013-01-31,6.9219047619,7.07333333333,6.83238095238,6.9719047619,160690.47619,69.7190489524
2013-02-28,6.88421052632,6.96052631579,6.74631578947,6.82157894737,139157.894737,68.2157906842
2013-03-31,6.7725,6.991,6.623,6.7885,308435.0,67.88000105
2013-04-30,6.08227272727,6.21409090909,5.91227272727,6.04954545455,282063.636364,60.4954552727
2013-05-31,5.72363636364,5.80954545455,5.56,5.62818181818,212840.909091,56.2818189545
2013-06-30,3.8135,3.8825,3.6775,3.7605,266895.0,37.60500075
2013-07-31,3.41285714286,3.50571428571,3.34095238095,3.43476190476,187466.666667,34.3476190952
2013-08-31,3.52409090909,3.63090909091,3.44090909091,3.52818181818,198959.090909,35.2818187273
2013-09-30,4.655,4.7675,4.5445,4.677,237875.0,46.77000075
2013-10-31,5.10045454545,5.21272727273,4.98363636364,5.09681818182,152227.272727,50.9681826364
2013-11-30,4.6185,4.7205,4.52,4.6215,193280.0,46.21500085
2013-12-31,4.26619047619,4.33333333333,4.21619047619,4.28238095238,107209.52381,42.8238098571
2014-01-31,4.495,4.5735,4.415,4.4875,166230.0,44.87500075
2014-02-28,4.51315789474,4.61157894737,4.45263157895,4.55315789474,121005.263158,45.5315791053
2014-03-31,4.55666666667,4.62047619048,4.44904761905,4.52619047619,134371.428571,45.2619052381
2014-04-30,5.57571428571,5.71571428571,5.5080952381,5.6419047619,214747.619048,56.419048381
2014-05-31,6.374,6.4855,6.223,6.3165,182100.0,63.165001
2014-06-30,5.64,5.72523809524,5.52857142857,5.61571428571,141000.0,56.1571436667
2014-07-31,5.97681818182,6.10863636364,5.84681818182,5.99181818182,175454.545455,59.9181824091
2014-08-31,6.07142857143,6.16952380952,5.96476190476,6.04571428571,160619.047619,60.4571434286
2014-09-30,5.97095238095,6.06714285714,5.83333333333,5.91714285714,205928.571429,59.1714293333
2014-10-31,4.90739130435,5.07217391304,4.77086956522,4.93,243030.434783,49.3000006957
2014-11-30,5.1,5.21444444444,4.995,5.11111111111,174827.777778,51.1111118889
2014-12-31,5.35045454545,5.47363636364,5.22772727273,5.33181818182,170245.454545,53.3181828182
2015-01-31,5.1515,5.2455,5.016,5.1055,211595.0,51.05500075
2015-02-28,3.88894736842,3.95894736842,3.79578947368,3.86947368421,187300.0,38.6947375263
2015-03-31,2.81,2.87238095238,2.71142857143,2.76904761905,227585.714286,27.690476381
2015-04-30,2.66761904762,2.72619047619,2.6,2.65095238095,141200.0,26.5095241905
2015-05-31,2.5755,2.62,2.526,2.576,119725.0,25.7600004
2015-06-30,2.48238095238,2.52047619048,2.45476190476,2.48,107466.666667,24.8000005238
2015-07-31,1.975,2.01545454545,1.89,1.93727272727,176168.181818,19.3727276364
2015-08-31,1.40714285714,1.44238095238,1.36,1.39476190476,90733.3333333,13.9476192381
2015-09-30,1.05761904762,1.09761904762,1.01619047619,1.05,72542.8571429,10.5000001429
2015-10-31,0.958571428571,0.989523809524,0.922380952381,0.948571428571,62752.3809524,9.48571442857
2015-11-30,0.887,0.904,0.86,0.877,58965.0,8.7700003
2015-12-31,0.748636363636,0.765454545455,0.725,0.739090909091,43295.4545455,7.39090913636
2016-01-31,0.370526315789,0.394736842105,0.333684210526,0.359473684211,146963.157895,3.59473684211
2016-02-29,1.04842105263,1.10842105263,0.955263157895,1.02315789474,115768.421053,4.95
2016-03-31,8.29318181818,8.79454545455,7.815,8.33136363636,351490.909091,8.33136363636
2016-04-30,7.01476190476,7.23714285714,6.77380952381,6.98904761905,227742.857143,6.98904761905
2016-05-31,7.5535,7.931,7.2485,7.613,242920.0,7.613
2016-06-30,8.09363636364,8.45181818182,7.73090909091,8.14909090909,342059.090909,8.14909090909
2016-07-31,13.5855001,14.20200005,13.28000005,13.81100005,304755.0,13.81100005
2016-08-31,16.686,17.4200006,16.152,16.8400004,244580.0,16.8400004
