Date,Open,High,Low,Close,Volume,Adj Close
1982-01-31,43.075,43.475,42.61875,43.00625,135100.0,2.7145126
1982-02-28,41.3333333333,41.7222222222,40.8819444444,41.1597222222,83266.6666667,2.63360494444
1982-03-31,35.9565217391,36.3043478261,35.5434782609,35.8423913043,114200.0,2.29337556522
1982-04-30,38.244047619,38.5833333333,37.8392857143,38.2261904762,173133.333333,2.4478977619
1982-05-31,38.8875,39.15625,38.575,38.7375,113230.0,2.5210445
1982-06-30,34.8333333333,35.2261904762,34.3928571429,34.8333333333,74038.0952381,2.26696071429
1982-07-31,32.5892857143,32.869047619,32.255952381,32.5773809524,128685.714286,2.12227352381
1982-08-31,31.8125,32.2102272727,31.3579545455,31.8920454545,145172.727273,2.1227125
1982-09-30,36.40625,36.66875,36.0625,36.3875,94570.0,2.4219268
1982-10-31,38.8392857143,39.369047619,38.244047619,38.9880952381,227542.857143,2.59938995238
1982-11-30,40.0535714286,40.5476190476,39.505952381,39.9523809524,141495.238095,2.70568080952
1982-12-31,37.9886363636,38.4602272727,37.4545454545,37.8579545455,125454.545455,2.56384063636
1983-01-31,41.30625,41.7,40.85625,41.3125,231060.0,2.80246805
1983-02-28,40.9802631579,41.3092105263,40.5855263158,40.9407894737,157800.0,2.82033405263
1983-03-31,41.9619565217,42.3152173913,41.5326086957,41.8641304348,138008.695652,2.88394121739
1983-04-30,43.0263157895,43.4144736842,42.5657894737,43.0723684211,282105.263158,2.96972378947
1983-05-31,47.005952381,47.4404761905,46.6488095238,47.1547619048,145695.238095,3.29973190476
1983-06-30,48.9431818182,49.2613636364,48.625,49.0056818182,122009.090909,3.42925309091
1983-07-31,46.2125,46.58125,45.6875,46.13125,375970.0,3.2304808
1983-08-31,44.4034090909,44.7840909091,44.1363636364,44.4943181818,119554.545455,3.16248522727
1983-09-30,48.0238095238,48.5416666667,47.7380952381,48.1547619048,170114.285714,3.42265566667
1983-10-31,47.7083333333,48.0357142857,47.2619047619,47.6488095238,243323.809524,3.39149257143
1983-11-30,45.50625,45.7875,45.2625,45.56875,100020.0,3.28862565
1983-12-31,45.4107142857,45.6785714286,45.0892857143,45.3988095238,55028.5714286,3.2763612381
1984-01-31,45.6488095238,45.8988095238,45.3452380952,45.630952381,197161.904762,3.30025552381
1984-02-29,40.3875,40.6375,39.9875,40.2625,112110.0,2.95146625
1984-03-31,40.1904761905,40.5357142857,39.9226190476,40.2678571429,84095.2380952,2.951859
1984-04-30,41.39375,41.7,41.19375,41.4875,240160.0,3.04633725
1984-05-31,39.3920454545,39.5738636364,39.0227272727,39.2443181818,76881.8181818,2.92500440909
1984-06-30,40.3154761905,40.8333333333,40.1488095238,40.6785714286,148447.619048,3.03190380952
1984-07-31,43.2083333333,43.5535714286,42.869047619,43.2380952381,240295.238095,3.23002357143
1984-08-31,42.3097826087,42.722826087,41.9402173913,42.3586956522,163426.086957,3.20906765217
1984-09-30,42.0592105263,42.4802631579,41.7894736842,42.1052631579,104463.157895,3.18986794737
1984-10-31,42.5543478261,42.8858695652,42.3532608696,42.6086956522,149800.0,3.23733408696
1984-11-30,42.875,43.0952380952,42.630952381,42.8452380952,87790.4761905,3.29899490476
1984-12-31,39.90625,40.175,39.59375,39.8375,131840.0,3.0674243
1985-01-31,40.8352272727,41.1988636364,40.5909090909,40.9488636364,265618.181818,3.16279286364
1985-02-28,41.0592105263,41.2763157895,40.8881578947,41.0657894737,204610.526316,3.214638
1985-03-31,40.89375,41.1625,40.7625,40.9875,148800.0,3.2085095
1985-04-30,40.7916666667,41.0595238095,40.5297619048,40.7202380952,233523.809524,3.19533238095
1985-05-31,40.4034090909,40.7840909091,40.2329545455,40.5909090909,163000.0,3.23352554545
1985-06-30,41.7631578947,41.9605263158,41.4407894737,41.6776315789,205168.421053,3.32009531579
1985-07-31,41.5568181818,41.8352272727,41.3693181818,41.6590909091,202690.909091,3.3289345
1985-08-31,43.2727272727,43.6193181818,42.9943181818,43.2897727273,167272.727273,3.50627095455
1985-09-30,41.3947368421,41.6118421053,41.0526315789,41.2368421053,110136.842105,3.33999310526
1985-10-31,38.3977272727,38.6363636364,37.8977272727,38.3181818182,229090.909091,3.11433022727
1985-11-30,39.40625,39.73125,39.1125,39.5125,203680.0,3.2629054
1985-12-31,45.5773809524,46.4523809524,45.2023809524,45.9821428571,844752.380952,3.79716247619
1986-01-31,50.744047619,51.7202380952,50.0416666667,51.0595238095,990904.761905,4.21919795238
1986-02-28,51.7434210526,52.3157894737,51.0328947368,51.5526315789,587884.210526,4.31554294737
1986-03-31,50.51875,51.01875,49.88125,50.4375,580870.0,4.2221937
1986-04-30,52.6988636364,53.3522727273,52.0227272727,52.7556818182,958700.0,4.4267275
1986-05-31,56.83125,57.60625,56.3375,57.0875,555510.0,4.83751075
1986-06-30,55.6726190476,55.9761904762,55.0,55.4464285714,345114.285714,4.69844885714
1986-07-31,51.0738636364,51.5681818182,50.5625,51.0,478536.363636,4.33197445455
1986-08-31,49.20625,49.5875,48.75,49.18125,312020.0,4.2258342
1986-09-30,48.0714285714,48.5416666667,47.3154761905,47.8511904762,249828.571429,4.1115507619
1986-10-31,50.9402173913,52.0108695652,50.4347826087,51.3804347826,715678.26087,4.41740347826
1986-11-30,53.9722222222,54.7083333333,53.4166666667,54.0625,663911.111111,4.70212172222
1986-12-31,52.1647727273,52.6988636364,51.4375,51.9602272727,392418.181818,4.51927531818
1987-01-31,52.7797619048,53.3988095238,52.4107142857,52.9523809524,587495.238095,4.608437
1987-02-28,54.2708333333,54.8541666667,53.7430555556,54.2569444444,417944.444444,4.78249788889
1987-03-31,59.8238636364,60.6988636364,59.3352272727,60.125,777645.454545,5.29973977273
1987-04-30,65.25,66.2023809524,64.4642857143,65.369047619,674352.380952,5.76197819048
1987-05-31,65.41875,65.925,64.88125,65.275,403260.0,5.8136448
1987-06-30,63.1477272727,63.5340909091,62.5227272727,62.9829545455,309300.0,5.57667227273
1987-07-31,65.5,66.1079545455,64.9375,65.7386363636,424409.090909,5.85798772727
1987-08-31,71.5892857143,72.0833333333,70.8452380952,71.4107142857,330876.190476,6.42529980952
1987-09-30,67.3125,67.9625,66.44375,67.075,310870.0,6.03518645
1987-10-31,56.0056818182,56.8693181818,54.4147727273,55.0340909091,708927.272727,4.95484586364
1987-11-30,44.45625,45.28125,43.85625,44.59375,296630.0,4.08102815
1987-12-31,29.3214285714,30.0476190476,28.869047619,29.5297619048,264847.619048,4.13727209524
1988-01-31,25.475,26.05,24.99375,25.5625,283635.0,4.68208315
1988-02-29,26.39375,26.89375,26.075,26.54375,224345.0,4.92595025
1988-03-31,26.8522727273,27.1534090909,26.4034090909,26.7443181818,135800.0,4.96317145455
1988-04-30,26.74375,27.275,26.31875,26.84375,211555.0,4.98482405
1988-05-31,25.2202380952,25.4226190476,24.8035714286,25.0654761905,215238.095238,4.71103309524
1988-06-30,26.6079545455,26.9034090909,26.3409090909,26.6818181818,195004.545455,5.01482309091
1988-07-31,26.0375,26.25,25.70625,25.98125,229605.0,4.8374214
1988-08-31,25.1630434783,25.3695652174,24.8043478261,25.027173913,194321.73913,4.76865082609
1988-09-30,25.1488095238,25.4285714286,24.9464285714,25.1666666667,158533.333333,4.79522966667
1988-10-31,26.1625,26.56875,25.94375,26.30625,274095.0,5.0189663
1988-11-30,26.0178571429,26.2797619048,25.6607142857,25.9523809524,193857.142857,5.00839328571
1988-12-31,25.5238095238,25.7916666667,25.3273809524,25.5714285714,238438.095238,4.93487557143
1989-01-31,27.2857142857,27.6964285714,27.0297619048,27.3988095238,231933.333333,5.29734661905
1989-02-28,27.7013888889,27.9722222222,27.3680555556,27.6388888889,216738.888889,5.40168616667
1989-03-31,29.0170454545,29.6022727273,28.6363636364,29.2386363636,596036.363636,5.71433745455
1989-04-30,32.0875,32.5875,31.69375,32.15,454270.0,6.28673235
1989-05-31,32.5056818182,32.9034090909,32.1931818182,32.5340909091,421840.909091,6.42870827273
1989-06-30,32.744047619,33.0595238095,32.4523809524,32.6547619048,334990.47619,6.45255290476
1989-07-31,32.025,32.475,31.76875,32.0875,301220.0,6.34723535
1989-08-31,35.1902173913,35.625,34.7989130435,35.2119565217,497230.434783,7.0286443913
1989-09-30,36.20625,36.575,35.65,36.05625,420535.0,7.1971734
1989-10-31,33.4375,33.8181818182,32.6761363636,33.2613636364,418436.363636,6.64884622727
1989-11-30,29.5119047619,29.8571428571,29.1011904762,29.4226190476,210014.285714,5.9420737619
1989-12-31,30.34375,30.675,29.98125,30.35,303765.0,6.12936375
1990-01-31,30.869047619,31.125,30.4464285714,30.7797619048,230561.904762,6.22972728571
1990-02-28,29.8881578947,30.2697368421,29.6184210526,29.9078947368,268405.263158,6.11451578947
1990-03-31,30.0,30.2443181818,29.7102272727,29.9829545455,436450.0,6.12986127273
1990-04-30,28.3375,28.63125,27.95625,28.2125,227490.0,5.7750329
1990-05-31,27.7023809524,28.0119047619,27.4642857143,27.744047619,175361.904762,5.74697233333
1990-06-30,29.3273809524,29.6488095238,29.0654761905,29.4047619048,197890.47619,6.09097680952
1990-07-31,29.3928571429,29.6369047619,29.1607142857,29.4404761905,160352.380952,6.10867885714
1990-08-31,25.7173913043,26.1413043478,25.2119565217,25.6576086957,202130.434783,5.37803304348
1990-09-30,23.4013157895,23.6381578947,22.9868421053,23.3223684211,130589.473684,4.88881257895
1990-10-31,20.1086956522,20.5217391304,19.5543478261,19.9619565217,226800.0,4.19664508696
1990-11-30,21.2142857143,21.6428571429,20.9226190476,21.380952381,205919.047619,4.55828128571
1990-12-31,24.1513157895,24.4671052632,23.8947368421,24.2105263158,174010.526316,5.16152805263
1991-01-31,24.8522727273,25.3181818182,24.6761363636,25.0852272727,177868.181818,5.34800872727
1991-02-28,28.4736842105,28.9276315789,28.1052631579,28.5526315789,229578.947368,6.16360015789
1991-03-31,30.1578947368,30.6644736842,29.8157894737,30.2434210526,312726.315789,6.52858763158
1991-04-30,30.6931818182,31.2159090909,30.4034090909,30.9602272727,243790.909091,6.69404981818
1991-05-31,30.6931818182,31.0397727273,30.4659090909,30.8352272727,292290.909091,6.73204086364
1991-06-30,33.2375,33.6125,32.94375,33.3,242210.0,7.27015775
1991-07-31,33.8409090909,34.3522727273,33.6136363636,34.1136363636,247213.636364,7.4528785
1991-08-31,37.25,37.6420454545,36.9375,37.2840909091,271240.909091,8.22074168182
1991-09-30,37.06875,37.325,36.6875,36.9875,314665.0,8.1553467
1991-10-31,37.3315217391,37.75,36.875,37.3152173913,408286.956522,8.22569347826
1991-11-30,39.1375,39.61875,38.7375,39.2625,303820.0,8.73361855
1991-12-31,37.5476190476,37.9761904762,37.0297619048,37.505952381,303990.47619,8.34288904762
1992-01-31,40.5795454545,41.2443181818,40.3693181818,40.9602272727,276009.090909,9.11481136364
1992-02-29,42.1875,42.7777777778,41.9652777778,42.4652777778,369527.777778,9.52614983333
1992-03-31,42.9147727273,43.1306818182,42.4715909091,42.75,363563.636364,9.590021
1992-04-30,36.9226190476,37.380952381,36.3571428571,36.7916666667,626519.047619,8.2534
1992-05-31,34.90625,35.15,34.48125,34.78125,365680.0,7.8759591
1992-06-30,34.7784090909,35.1306818182,34.5340909091,34.7840909091,275950.0,7.88101945455
1992-07-31,34.3181818182,34.8238636364,33.9829545455,34.5511363636,336972.727273,7.83185331818
1992-08-31,36.494047619,36.7797619048,36.1011904762,36.4583333333,176404.761905,8.33843795238
1992-09-30,36.83125,37.28125,36.58125,37.0,210430.0,8.4623233
1992-10-31,35.7272727273,35.9602272727,35.3181818182,35.6761363636,184472.727273,8.16316377273
1992-11-30,35.79375,36.125,35.51875,35.875,247530.0,8.2858604
1992-12-31,38.2023809524,38.6488095238,37.9642857143,38.4047619048,237690.47619,8.8701462381
1993-01-31,38.825,39.15,38.5,38.825,180815.0,8.97121935
1993-02-28,38.3289473684,38.6644736842,37.9407894737,38.2894736842,273010.526316,8.92412357895
1993-03-31,38.3641304348,38.7445652174,38.0923913043,38.4945652174,203613.043478,8.97192434783
1993-04-30,39.3625,39.69375,39.1375,39.40625,227435.0,9.18852595
1993-05-31,39.63125,39.85625,39.48125,39.71875,216820.0,9.34053625
1993-06-30,39.7727272727,40.0454545455,39.6363636364,39.8863636364,173154.545455,9.37995336364
1993-07-31,40.5357142857,40.7261904762,40.4047619048,40.5892857143,213080.952381,9.54911457143
1993-08-31,38.9886363636,39.3693181818,38.6988636364,38.9886363636,342640.909091,9.24753981818
1993-09-30,36.3214285714,36.6964285714,35.8988095238,36.25,362990.47619,8.59797519048
1993-10-31,35.6011904762,35.9821428571,35.4345238095,35.75,217761.904762,8.48337247619
1993-11-30,37.725,38.05,37.39375,37.75,166970.0,9.03754515
1993-12-31,39.7613636364,40.1534090909,39.5681818182,39.9318181818,140418.181818,9.55988368182
1994-01-31,42.1011904762,42.7142857143,41.9226190476,42.5238095238,209738.095238,10.1885188571
1994-02-28,44.6907894737,45.2039473684,44.3092105263,44.8289473684,209752.631579,10.816646
1994-03-31,43.6032608696,43.9456521739,43.125,43.5380434783,113947.826087,10.5044444348
1994-04-30,40.9539473684,41.4210526316,40.6052631579,41.0789473684,141278.947368,9.91624784211
1994-05-31,40.8511904762,41.2321428571,40.5178571429,40.9166666667,166880.952381,9.95714847619
1994-06-30,41.0238095238,41.3392857143,40.6785714286,40.9702380952,172623.809524,9.97018504762
1994-07-31,39.64375,40.00625,39.33125,39.71875,105690.0,9.6699809
1994-08-31,39.7336956522,40.0054347826,39.4673913043,39.7391304348,208852.173913,9.7538566087
1994-09-30,41.2321428571,41.5476190476,40.9404761905,41.2976190476,156461.904762,10.136383381
1994-10-31,39.71875,39.9375,39.4125,39.68125,163725.0,9.74844555
1994-11-30,39.130952381,39.369047619,38.8333333333,39.0297619048,162023.809524,9.66734480952
1994-12-31,37.5357142857,37.9404761905,37.2321428571,37.6726190476,165109.52381,9.33119185714
1995-01-31,39.875,40.20625,39.6,39.94375,151745.0,9.9022465
1995-02-28,43.125,43.75,42.9473684211,43.5131578947,297136.842105,10.8723871579
1995-03-31,48.1902173913,49.3043478261,47.8586956522,48.7065217391,1015626.08696,12.1700236087
1995-04-30,53.0,53.5592105263,52.4078947368,53.0526315789,645010.526316,13.2605946316
1995-05-31,60.3988095238,61.0654761905,59.8630952381,60.7083333333,1161914.28571,15.2685029048
1995-06-30,62.5909090909,62.9886363636,61.9545454545,62.5056818182,448750.0,15.7205465455
1995-07-31,63.1,63.675,62.73125,63.246875,402500.0,15.90696095
1995-08-31,64.8315217391,65.4239130435,64.5788043478,65.1304347826,536334.782609,16.4738727391
1995-09-30,68.89375,69.44375,68.29375,68.88125,377645.0,17.4225914
1995-10-31,61.3352272727,62.0,60.375,61.0511363636,978350.0,15.4434869545
1995-11-30,58.525,59.18125,58.05625,58.675,875840.0,14.87389135
1995-12-31,60.525,61.05625,59.85,60.40625,497685.0,15.31275665
1996-01-31,57.7613636364,58.4147727273,57.2159090909,57.8465909091,389177.272727,14.6638926818
1996-02-29,67.9539473684,68.7302631579,67.3881578947,68.0921052632,818557.894737,17.2678904211
1996-03-31,77.380952381,78.3988095238,76.6726190476,77.6964285714,879390.47619,19.7324297143
1996-04-30,78.380952381,79.2678571429,77.5892857143,78.5357142857,652509.52381,19.945581619
1996-05-31,75.4583333333,75.8988095238,74.8154761905,75.2202380952,629471.428571,19.1111017143
1996-06-30,76.075,76.7,75.44375,75.9375,497425.0,19.31807565
1996-07-31,66.2215909091,66.7556818182,65.1818181818,65.9488636364,517918.181818,16.7770225
1996-08-31,65.9523809524,66.5833333333,65.4345238095,65.9702380952,456966.666667,16.806077619
1996-09-30,69.7625,70.85625,69.38125,70.30625,1175940.0,17.9417214
1996-10-31,53.0652173913,53.6630434783,52.7336956522,53.2336956522,591104.347826,14.0056535217
1996-11-30,53.9875,54.375,53.71875,54.025,423800.0,14.21361425
1996-12-31,49.369047619,49.9226190476,48.875,49.3630952381,387442.857143,12.9873081429
1997-01-31,52.4147727273,52.9204545455,51.9090909091,52.3125,356945.454545,13.7632892273
1997-02-28,54.3125,55.0069444444,53.9791666667,54.4722222222,419716.666667,14.3315069444
1997-03-31,53.525,53.975,52.85625,53.23125,345245.0,14.0050101
1997-04-30,47.5511363636,48.1875,47.2045454545,47.7045454545,284800.0,12.5509477273
1997-05-31,52.0595238095,52.4880952381,51.7261904762,52.1785714286,208533.333333,13.7353310952
1997-06-30,55.41875,56.215625,54.95,55.50625,322890.0,14.64439295
1997-07-31,58.4176136364,58.9943181818,58.0568181818,58.5056818182,290540.909091,15.4357426364
1997-08-31,66.7113095238,67.6220238095,66.0952380952,67.0386904762,885876.190476,17.6901760476
1997-09-30,70.1666666667,70.8571428571,69.880952381,70.4672619048,489171.428571,18.6302297143
1997-10-31,71.9130434783,72.8451086957,71.2173913043,72.0135869565,380200.0,19.0390493043
1997-11-30,70.7291666667,71.3854166667,70.2777777778,70.9513888889,246483.333333,18.7666620556
1997-12-31,76.6818181818,77.4147727273,76.2599431818,77.0625,286409.090909,20.4140926364
1998-01-31,75.953125,76.928125,75.140625,75.925,374370.0,20.1127655
1998-02-28,78.5555555556,79.4895833333,78.0763888889,78.9409722222,444772.222222,20.9117057222
1998-03-31,84.1647727273,84.78125,83.6505681818,84.2528409091,341845.454545,22.3188361364
1998-04-30,20.4107142857,20.7410714286,20.0595238095,20.4375,698661.904762,20.392956381
1998-05-31,19.4671052632,19.6085526316,19.2467105263,19.3815789474,953321.052632,19.3393366842
1998-06-30,17.1960227273,17.3579545455,16.9446022727,17.1278409091,419195.454545,17.0905107273
1998-07-31,17.3181818182,17.5852272727,17.0340909091,17.3210227273,301831.818182,17.2832714545
1998-08-31,15.8839285714,16.1443452381,15.5907738095,15.7708333333,313657.142857,15.0683811429
1998-09-30,12.8660714286,13.1071428571,12.6011904762,12.8869047619,402428.571429,12.8588174762
1998-10-31,12.9630681818,13.4971590909,12.5028409091,13.1477272727,404400.0,13.1190718636
1998-11-30,17.165625,17.4234375,16.8875,17.13125,290990.0,17.09391235
1998-12-31,15.8303571429,16.1130952381,15.5148809524,15.8125,209671.428571,15.778036619
1999-01-31,15.5789473684,15.8355263158,15.2335526316,15.5296052632,290568.421053,15.4957584211
1999-02-28,14.0427631579,14.4440789474,13.7532894737,14.0625,246826.315789,14.0318506842
1999-03-31,12.8125,13.0710227273,12.5170454545,12.7528409091,241590.909091,12.7250460909
1999-04-30,13.8095238095,14.3035714286,13.5238095238,13.9970238095,445466.666667,13.9665171905
1999-05-31,16.6,17.003125,16.275,16.7125,496905.0,16.67607505
1999-06-30,17.9715909091,18.2840909091,17.6278409091,18.0198863636,396500.0,17.9806119091
1999-07-31,18.7648809524,19.087797619,18.505952381,18.8482142857,221142.857143,17.9460241905
1999-08-31,19.4630681818,19.7727272727,19.2045454545,19.5198863636,246863.636364,19.4773427273
1999-09-30,17.931547619,18.1011904762,17.5744047619,17.8303571429,246966.666667,17.7914958095
1999-10-31,16.18125,16.4765625,15.73125,16.04375,233995.0,16.0087827
1999-11-30,14.6369047619,14.8095238095,14.369047619,14.5654761905,268952.380952,14.5337307143
1999-12-31,13.5198863636,13.7784090909,13.3380681818,13.5227272727,236790.909091,13.4932544545
2000-01-31,13.375,13.7796052632,12.9375,13.2368421053,290678.947368,13.2079924737
2000-02-29,11.5875,11.853125,11.303125,11.528125,279340.0,11.5029993
2000-03-31,11.027173913,11.472826087,10.7690217391,11.1005434783,356891.304348,11.0763499565
2000-04-30,12.8289473684,13.1085526316,12.5526315789,12.7861842105,249600.0,12.7583166316
2000-05-31,13.6428571429,13.900297619,13.369047619,13.6279761905,250871.428571,13.5982739048
2000-06-30,12.3352272727,12.5653409091,12.125,12.3181818182,292327.272727,12.2913344091
2000-07-31,11.646875,11.81875,11.346875,11.509375,231510.0,11.4842903
2000-08-31,9.51136363636,9.60511363636,9.3125,9.40056818182,470531.818182,9.3800795
2000-09-30,7.278125,7.440625,7.0875,7.209375,797440.0,7.1936622
2000-10-31,4.54545454545,4.78125,4.14204545455,4.40056818182,1184622.72727,4.39097718182
2000-11-30,3.29375,3.378125,3.084375,3.2,508060.0,3.19302555
2000-12-31,2.09375,2.315625,1.934375,2.11875,1430095.0,2.1141321
2001-01-31,3.33202380952,3.50869047619,3.1544047619,3.3194047619,1030085.71429,3.31217019048
2001-02-28,2.02555555556,2.135,1.91,2.01055555556,424616.666667,2.0061735
2001-03-31,2.24636363636,2.34136363636,2.13727272727,2.24590909091,241336.363636,2.24101413636
2001-04-30,1.497,1.553,1.44,1.4835,554240.0,1.48026675
2001-05-31,2.05818181818,2.16363636364,1.97681818182,2.05863636364,517872.727273,2.0541495
2001-06-30,1.9085,1.9535,1.859,1.899,273055.0,1.8948613
2001-07-31,1.73857142857,1.77,1.68142857143,1.70952380952,184447.619048,1.70579785714
2001-08-31,1.61391304348,1.64173913043,1.58695652174,1.61304347826,88147.826087,1.60952782609
2001-09-30,1.59466666667,1.642,1.546,1.594,112160.0,1.59052586667
2001-10-31,1.49772727273,1.54727272727,1.45318181818,1.495,121118.181818,1.49174159091
2001-11-30,1.61238095238,1.65142857143,1.58571428571,1.60761904762,84661.9047619,1.60411519048
2001-12-31,1.5675,1.62,1.537,1.577,155310.0,1.57356295
2002-01-31,1.898,2.009,1.8235,1.902,311915.0,1.8978546
2002-02-28,2.34421052632,2.40315789474,2.25631578947,2.31842105263,243736.842105,2.31336794737
2002-03-31,2.225,2.2695,2.1645,2.221,160440.0,2.2161593
2002-04-30,2.84590909091,2.99,2.73090909091,2.89181818182,471131.818182,2.88551554545
2002-05-31,2.95047619048,3.01238095238,2.76952380952,2.88904761905,240838.095238,2.882751
2002-06-30,2.8285,3.0105,2.723,2.8595,338955.0,2.85326765
2002-07-31,2.70090909091,2.79681818182,2.58772727273,2.69045454545,193636.363636,2.68459063636
2002-08-31,2.29909090909,2.38727272727,2.23090909091,2.295,109795.454545,2.28999809091
2002-09-30,1.87789473684,1.93578947368,1.79473684211,1.85368421053,172189.473684,1.84964410526
2002-10-31,1.29739130435,1.37608695652,1.19913043478,1.29043478261,247969.565217,1.28762221739
2002-11-30,1.615,1.714,1.54,1.639,142240.0,1.63542785
2002-12-31,2.1965,2.276,2.107,2.1875,438155.0,2.1827323
2003-01-31,2.46428571429,2.57666666667,2.40476190476,2.50619047619,199523.809524,2.50072814286
2003-02-28,2.57631578947,2.67526315789,2.50315789474,2.58473684211,150200.0,2.57910336842
2003-03-31,2.0235,2.1,1.928,2.0055,194045.0,2.00112895
2003-04-30,2.08666666667,2.19857142857,2.01904761905,2.13333333333,209171.428571,2.12868366667
2003-05-31,3.13761904762,3.33428571429,2.99571428571,3.15714285714,898347.619048,3.1502617619
2003-06-30,3.3905,3.5645,3.2145,3.433,893915.0,3.4255178
2003-07-31,3.65681818182,3.89863636364,3.36045454545,3.57863636364,1394013.63636,3.57083681818
2003-08-31,3.08285714286,3.19047619048,2.98666666667,3.07285714286,251633.333333,3.06615990476
2003-09-30,3.402,3.506,3.2745,3.392,521060.0,3.3846072
2003-10-31,3.41695652174,3.58434782609,3.2847826087,3.41347826087,582286.956522,3.40603869565
2003-11-30,2.98736842105,3.04789473684,2.88105263158,2.94526315789,384910.526316,2.93884410526
2003-12-31,2.63272727273,2.73136363636,2.55545454545,2.62272727273,342418.181818,2.61701095455
2004-01-31,3.31526315789,3.42368421053,3.18315789474,3.31842105263,451410.526316,3.31118857895
2004-02-29,3.27789473684,3.35263157895,3.12842105263,3.23684210526,504057.894737,3.22978752632
2004-03-31,2.82913043478,2.9352173913,2.74608695652,2.84086956522,282073.913043,2.83467795652
2004-04-30,2.9845,3.091,2.903,2.974,715900.0,2.96751825
2004-05-31,2.8415,2.9405,2.7695,2.8505,369875.0,2.8442873
2004-06-30,4.9980952381,5.35523809524,4.87952380952,5.16047619048,1654704.7619,5.14922880952
2004-07-31,5.82523809524,5.99476190476,5.59285714286,5.82333333333,599961.904762,5.80651266667
2004-08-31,6.13545454545,6.39181818182,5.97227272727,6.22272727273,968590.909091,6.20916481818
2004-09-30,8.77904761905,9.14904761905,8.59333333333,8.91,1465761.90476,8.89058071429
2004-10-31,10.6725,11.024,10.368,10.6855,1750285.0,10.6622109
2004-11-30,12.879047619,13.5533333333,12.5047619048,13.0595238095,2414447.61905,13.031060381
2004-12-31,13.5385714286,13.9104761905,13.2938095238,13.529047619,947690.47619,13.4995609524
2005-01-31,12.707,12.9215,12.3495,12.6065,1034500.0,12.57902405
2005-02-28,10.5205263158,10.8847368421,10.2094736842,10.5826315789,1340136.84211,10.5595664737
2005-03-31,9.485,9.68272727273,9.29954545455,9.43636363636,554022.727273,9.41579681818
2005-04-30,9.53428571429,10.0785714286,9.04523809524,9.53476190476,3010995.2381,9.51398090476
2005-05-31,9.71523809524,10.0780952381,9.40619047619,9.70333333333,1605585.71429,9.68218466667
2005-06-30,9.22476190476,9.35428571429,8.97952380952,9.10714285714,781219.047619,9.08729390476
2005-07-31,8.1205,8.3405,7.914,8.122,607310.0,8.1042981
2005-08-31,9.22652173913,9.44956521739,9.04304347826,9.27826086957,685813.043478,9.25803891304
2005-09-30,9.8725,10.0995,9.6035,9.815,649925.0,9.793608
2005-10-31,7.57285714286,7.79285714286,7.33761904762,7.4919047619,667319.047619,7.47557614286
2005-11-30,7.94952380952,8.16285714286,7.83476190476,7.97666666667,432966.666667,7.95928147619
2005-12-31,9.37857142857,9.59047619048,9.1780952381,9.38666666667,600580.952381,9.32475009524
2006-01-31,10.4985,10.7985,10.257,10.585,1113990.0,10.56192985
2006-02-28,10.7073684211,11.1052631579,10.3263157895,10.6505263158,2215368.42105,10.6273134737
2006-03-31,11.8145454545,12.1618181818,11.6709090909,11.9713636364,1136063.63636,11.9452720455
2006-04-30,14.6126314737,15.0473685263,14.3742104737,14.8078947368,1214500.0,14.7756209474
2006-05-31,15.8014284286,16.1504761429,15.4161904286,15.7271429048,1113352.38095,15.6928655714
2006-06-30,12.06,12.3745454545,11.6740909091,11.9440909091,1034618.18182,11.9180586818
2006-07-31,10.3095,10.499,10.0345,10.2045,683705.0,10.18225925
2006-08-31,9.07590909091,9.32,8.87545454545,9.09636363636,544550.0,9.07653813636
2006-09-30,11.945,12.273,11.718,12.0525,754050.0,12.0262316
2006-10-31,13.1014285714,13.2704761905,12.8447619048,13.0804761905,504695.238095,13.0519670476
2006-11-30,14.646666619,15.1128571429,14.4633333333,14.8938095714,819566.666667,14.8613484286
2006-12-31,18.9935001,19.41500015,18.68700015,19.0845002,1090760.0,19.0429054
2007-01-31,20.6157896316,20.9105263684,20.3847371579,20.7300000526,588768.421053,20.6848189474
2007-02-28,23.7889474211,24.4273681579,23.3257893684,24.0115788947,823257.894737,23.9592456316
2007-03-31,24.2531818182,24.7786360909,23.7531817727,24.3090911364,894250.0,24.2561093182
2007-04-30,28.508421,28.9626314211,28.0373682632,28.5152630526,827673.684211,28.4531140526
2007-05-31,26.8477273182,27.2772725,26.3440909545,26.8709092273,646872.727273,26.8123440455
2007-06-30,25.8505001,26.2914998,25.34,25.7755,736545.0,25.71932215
2007-07-31,23.4242855714,23.7919047143,22.6847619524,23.2823808571,1082371.42857,23.2316367619
2007-08-31,21.0427271818,21.5754546818,20.3131818182,20.9581821818,836795.454545,20.9125035455
2007-09-30,25.4436841053,26.1089473684,24.985263,25.6373683684,863126.315789,25.5814916842
2007-10-31,29.2221741304,29.8260867826,28.7113043043,29.3130434783,830104.347826,29.2491555652
2007-11-30,26.9357140952,27.4771427143,26.2014288095,26.9138091905,1066685.71429,26.8289684286
2007-12-31,26.02499995,26.5275001,25.3435002,25.9234998,684635.0,25.86699965
2008-01-31,20.7999999048,21.6804762857,19.9409521429,20.7471428571,1483885.71429,20.7019244762
2008-02-29,22.1252633158,22.7821053684,21.5084209474,22.1105265263,945510.526316,22.0623364211
2008-03-31,21.2169999,21.83999985,20.4464999,21.24499995,912265.0,21.19869655
2008-04-30,25.4700001429,25.8700002381,24.8399995714,25.3819047619,913904.761905,25.3265848095
2008-05-31,25.8680953333,26.3276186667,25.5276188095,25.9552380952,526571.428571,25.8986685714
2008-06-30,26.6485711429,27.0257142381,26.1428571905,26.539523619,657223.809524,26.4816806667
2008-07-31,23.1714285238,23.7233334762,22.6304763333,23.1895238571,685538.095238,23.1389823333
2008-08-31,26.1280953333,26.4795239048,25.713333381,26.1319047619,480352.380952,26.0749502857
2008-09-30,19.55749995,20.2245,18.4344999,19.09449995,1295875.0,19.0528836
2008-10-31,9.61391304348,10.2230434783,8.80217391304,9.4247826087,1294613.04348,9.40424126087
2008-11-30,5.65947368421,5.95842105263,5.2,5.47,1141815.78947,5.45807805263
2008-12-31,5.47954545455,5.88,5.10909090909,5.51590909091,1356804.54545,5.50388109091
2009-01-31,6.536,6.85,6.2305,6.5565,943065.0,6.5422102
2009-02-28,6.33631578947,6.65842105263,6.08,6.34421052632,667447.368421,6.32789763158
2009-03-31,5.36636363636,5.64,5.10636363636,5.375,664545.454545,5.36328522727
2009-04-30,7.42666666667,7.80952380952,7.2180952381,7.56333333333,609957.142857,7.54684904762
2009-05-31,11.9321052632,12.3421052632,11.4968421053,11.96,835073.684211,11.9339332105
2009-06-30,13.3354545455,13.6572727273,12.9454545455,13.2845454545,473059.090909,13.2555917727
2009-07-31,13.5452381905,13.9571428571,13.2647619048,13.6947618571,532728.571429,13.6649140952
2009-08-31,17.3528569524,17.711904619,16.9909524762,17.3442856667,496366.666667,17.3064837619
2009-09-30,19.7214285238,20.3585712857,19.3704761429,19.9323809524,653942.857143,19.8889382381
2009-10-31,22.9857142857,23.6585711905,22.496666619,23.0685715714,808104.761905,23.0182934762
2009-11-30,23.4675,23.91550005,23.02299995,23.52649995,603120.0,23.4752238
2009-12-31,24.5418183636,24.98,24.2322726364,24.5936364091,462786.363636,24.5400345909
2010-01-31,26.127368,26.5942102632,25.6478946842,26.0557892105,400631.578947,25.9990005789
2010-02-28,27.5368421579,28.2210527368,27.1405263158,27.7742105263,571721.052632,27.7136764737
2010-03-31,29.0690908182,29.4622728636,28.6190908636,29.0218184091,486600.0,28.9585651818
2010-04-30,28.5680954286,28.9400001429,28.1738094286,28.6204761429,695514.285714,28.5580977619
2010-05-31,26.6315791053,27.2099998421,25.8168420526,26.4921054211,916278.947368,26.4343656842
2010-06-30,23.3704544545,23.7954542727,22.7463636818,23.1431818182,776350.0,23.0927410909
2010-07-31,22.9533332857,23.5319048571,22.4642855714,23.0895236667,720666.666667,23.0391999048
2010-08-31,25.7419048571,26.2238094762,25.4161900952,25.8147619048,508304.761905,25.7584985238
2010-09-30,27.3723809524,27.7190474762,26.9642857143,27.4104760952,545095.238095,27.3507349048
2010-10-31,29.9649998,30.4390001,29.6139998,30.10700005,620135.0,30.04138175
2010-11-30,33.1757140952,33.5557145714,32.817618619,33.2785709048,414552.380952,33.2060401429
2010-12-31,35.3138098571,35.562380619,34.9600001429,35.3085711429,279261.904762,35.2316160476
2011-01-31,36.0585003,36.37149995,35.52750035,36.0120001,427975.0,35.93351185
2011-02-28,37.2573683684,37.7705265263,36.7805259474,37.4036845263,575121.052632,37.3221630526
2011-03-31,36.9404545455,37.4431822727,36.4077273182,36.9518181818,365686.363636,36.8712815909
2011-04-30,39.70500005,40.36600015,39.2309999,39.974,624960.0,39.8868764
2011-05-31,44.201428381,44.8523807143,43.7028572857,44.2957141905,661738.095238,44.1991715714
2011-06-30,43.2577271818,43.9172725909,42.6390913182,43.1940906364,937413.636364,43.0790078182
2011-07-31,47.37500005,48.1070002,46.89800005,47.5175004,802400.0,47.41393565
2011-08-31,40.1249996364,40.8954543182,38.6481815,39.5372725,1219481.81818,39.4511008636
2011-09-30,36.5700001905,37.4304760476,35.6038096667,36.4119045714,1065933.33333,36.3325448095
2011-10-31,37.90750005,38.9665,37.1475003,38.2195001,969335.0,38.13620065
2011-11-30,40.210000381,40.819047381,39.5561907619,40.184762,610561.904762,40.0971790952
2011-12-31,42.98849995,43.50649985,42.3804996,43.0564998,752950.0,42.962658
2012-01-31,48.68999995,49.40799955,48.2909997,48.98849995,783875.0,48.8817294
2012-02-29,55.40650015,56.02400015,55.00749985,55.5645003,702195.0,55.4433972
2012-03-31,56.9938096667,57.5566665714,56.3485712381,57.0399998095,533471.428571,56.915681
2012-04-30,56.79650015,57.41099985,56.13699985,56.80699975,750555.0,56.68318875
2012-05-31,55.7571428095,56.4933336667,55.0071430952,55.7533336667,1124880.95238,55.6318191429
2012-06-30,49.8899999048,50.4728569048,49.0523815238,49.755714619,911595.238095,49.6472718571
2012-07-31,52.15000015,52.84850005,51.47149995,52.23900035,674045.0,52.1251452
2012-08-31,57.8773913043,58.3191304348,57.4295653913,57.9265217826,425800.0,57.8002708261
2012-09-30,59.1142104211,59.9010523158,58.4657892105,59.3368420526,905257.894737,59.2075171053
2012-10-31,60.7340003,61.45450025,60.12950045,60.8985003,677015.0,60.76577175
2012-11-30,64.4919047143,64.9571426667,63.7866672857,64.4623810952,650838.095238,64.3218851905
2012-12-31,67.016842,67.5189474737,66.3663156316,67.0084203684,602652.631579,66.8623753684
2013-01-31,70.6909525714,71.2157143333,70.2271426667,70.8271434286,389600.0,70.672775381
2013-02-28,71.9127786667,72.7383342222,71.3044453889,72.0461098889,632588.888889,71.8890852778
2013-03-31,76.21050075,77.04300055,75.72500035,76.59150015,634870.0,76.4245686
2013-04-30,75.4872728182,76.2172734091,74.7031822727,75.5672733182,583454.545455,75.4025740909
2013-05-31,79.7686369545,80.5840918182,79.1749995909,80.1486361818,497045.454545,79.9739475455
2013-06-30,83.01700025,83.67199975,81.9884994,82.92150005,612880.0,82.7407724
2013-07-31,83.7745447727,84.3663636364,82.6754546364,83.4599998182,889945.454545,83.2757230909
2013-08-31,79.2150005909,80.0049996818,78.7409092727,79.5004542273,909618.181818,79.3271827273
2013-09-30,85.708421,86.5584203158,85.1268418947,85.9547372632,688468.421053,85.7673984737
2013-10-31,90.1604335652,91.0026085217,89.3269564348,90.1804351304,624513.043478,89.9838865652
2013-11-30,93.4875004,94.4355,92.85199925,93.66099965,501695.0,93.4568652
2013-12-31,95.473809381,96.7028564286,94.7471433333,95.6314291429,584723.809524,95.4230000476
2014-01-31,96.0676196667,96.8200000476,95.2542855714,95.8785712857,566761.904762,95.6696035238
2014-02-28,97.4844441667,99.0477778889,96.8916658889,98.1066661667,760938.888889,97.8928423333
2014-03-31,101.710000238,102.492381048,100.822857143,101.46238081,558342.857143,101.24124319
2014-04-30,97.4349994,98.3169998,96.0585003,96.86549945,743365.0,96.65438085
2014-05-31,92.5238099524,93.3109521905,91.8238097143,92.4747627143,572695.238095,92.2732137143
2014-06-30,93.0804763333,93.8547616667,92.4600001905,93.2414281905,621647.619048,93.0382081429
2014-07-31,95.3090478571,96.0580952857,94.3223808571,95.1123798095,808647.619048,94.9050820952
2014-08-31,96.488095619,97.2138094286,95.8938104286,96.7819047619,493442.857143,96.5709680952
2014-09-30,95.782,96.30750085,95.0815003,95.54449915,499740.0,95.3362596
2014-10-31,88.3156516087,89.4891304348,87.1182603478,88.4278258696,815169.565217,88.235097087
2014-11-30,95.5677782222,96.1833335,94.9399994444,95.5833329444,606161.111111,95.3750086111
2014-12-31,95.7954545455,96.5718177727,95.1136374091,95.8099999545,610209.090909,95.6011818182
2015-01-31,90.58650015,91.36400005,89.35049895,90.1674999,644660.0,89.9709796
2015-02-28,98.764999,99.7705552778,97.8105553333,98.8438895556,900494.444444,98.6284587222
2015-03-31,97.4640915909,98.2422732273,96.7281823182,97.5618185909,471118.181818,97.3491821818
2015-04-30,98.2245006,98.9094997,97.54700055,98.1080002,681285.0,97.89417335
2015-05-31,96.95300065,97.52099955,96.3995,96.9590001,429480.0,96.74767765
2015-06-30,100.237619333,100.957142429,99.7266671429,100.443809667,384838.095238,100.224891905
2015-07-31,100.974545,101.878636773,100.102728091,100.880908955,453450.0,100.661038636
2015-08-31,100.106190286,101.173333333,99.0047618571,100.116666571,627690.47619,99.8984618571
2015-09-30,96.71449965,97.4464992,95.64700005,96.48150025,459435.0,96.27121855
2015-10-31,98.1604547727,99.4677263182,97.2509093182,98.4359095909,592977.272727,98.2213682727
2015-11-30,98.2105253684,99.1073688947,97.3731584737,98.3015786842,417526.315789,98.08733
2015-12-31,96.8636370455,97.8836363636,96.2340907273,97.0231818182,474254.545455,96.8117195
2016-01-31,90.2194446111,91.0377774444,88.3383327222,89.2983331111,1049088.88889,89.1037070556
2016-02-29,70.2304999,71.3355003,69.0770002,70.4249992,1373315.0,70.27150775
2016-03-31,70.6295227619,71.378572,70.0614297143,70.7695233333,809971.428571,70.6152808095
2016-04-30,75.6861895714,76.7704769524,75.1119046667,76.0319045714,703290.47619,75.8661928571
2016-05-31,77.133809,77.9176195714,76.5176187143,77.1161902857,614842.857143,77.0279971905
2016-06-30,76.3128575238,76.8885712381,75.6223809524,76.2357149048,500766.666667,76.2357149048
2016-07-31,75.0750003,75.6855003,74.37850035,75.0839997,445025.0,75.0839997
2016-08-31,75.9489982,76.6940001,75.1110007,75.7189995,646680.0,75.7189995
