Date,Open,High,Low,Close,Volume,Adj Close
2011-06-30,7.16095228571,7.30523795238,7.0895237619,7.19285704762,2815619.04762,6.46995885714
2011-07-31,7.7069998,7.8049998,7.60699975,7.7564998,1972100.0,6.97695425
2011-08-31,7.07545445455,7.17909077273,6.86318168182,7.035909,742872.727273,6.32878440909
2011-09-30,6.34904761905,6.45333328571,6.20476180952,6.34619042857,1953076.19048,5.7083842381
2011-10-31,6.38666666667,6.45190471429,6.25761895238,6.37333328571,844438.095238,5.732799
2011-11-30,5.57049995,5.6259999,5.4145,5.53049995,984490.0,4.97467235
2011-12-31,5.31476190476,5.40571428571,5.1980952381,5.34523809524,1429466.66667,4.80802961905
2012-01-31,5.8685,5.9735,5.7605,5.9025,1312900.0,5.3092855
2012-02-29,6.78736836842,6.89631552632,6.70421047368,6.81473684211,1626810.52632,6.12984031579
2012-03-31,7.26136340909,7.37454531818,7.18999995455,7.30545436364,1633772.72727,6.57123981818
2012-04-30,8.26599965,8.3954997,8.15499975,8.34949955,2791400.0,7.5103563
2012-05-31,9.10476161905,9.19142814286,8.940952,9.06761857143,1616257.14286,8.15630290476
2012-06-30,8.83618995238,9.00809485714,8.68142814286,8.86809495238,1174038.09524,7.97683166667
2012-07-31,13.6666660952,13.9628567619,13.5280944762,13.8295232857,1465361.90476,9.21331195238
2012-08-31,20.6234773913,20.9373904783,20.3691297391,20.590433913,682773.913043,9.26052478261
2012-09-30,21.5415781053,21.8821040526,21.3721042632,21.6652622105,949463.157895,9.74392757895
2012-10-31,24.1247609524,24.5414273333,23.852856,24.235713381,805876.190476,10.899985
2012-11-30,24.633808381,24.9466655238,24.1638084286,24.4652369524,656009.52381,11.0032131905
2012-12-31,24.0599994737,24.4542102105,23.6652627895,24.0789471579,1840747.36842,11.1964866316
2013-01-31,25.2219045714,25.4804761429,24.8647619048,25.1961905238,709533.333333,11.8985566667
2013-02-28,27.286842,27.7210526316,27.0257895263,27.4826313158,636284.210526,12.9782971579
2013-03-31,29.3810528947,29.6378944211,28.8505263158,29.2563158947,718378.947368,13.8158954211
2013-04-30,29.5777270455,29.8604544545,29.1554545,29.627727,635609.090909,13.9912893636
2013-05-31,28.0068181818,28.3131817273,27.4627275455,27.7745454545,1829100.0,13.1169753636
2013-06-30,26.7521052105,27.2047371579,26.3384207895,26.7773684737,1205757.89474,12.759768
2013-07-31,30.3731818636,30.8195455909,30.1072727727,30.4954544545,626990.909091,14.5461563636
2013-08-31,31.6509526667,32.0423809524,31.1833333333,31.6204762857,429657.142857,15.0827852381
2013-09-30,31.30599995,31.56700025,30.74849975,31.1780001,384150.0,14.8717266
2013-10-31,29.9843476522,30.290000087,29.5695652609,29.8626089565,928817.391304,14.2442926087
2013-11-30,31.9726313684,32.3784208947,31.6057893684,31.9768422632,1869747.36842,15.2527696316
2013-12-31,34.601428,34.9285712381,34.2419048095,34.6366667143,559733.333333,16.5214907619
2014-01-31,38.25950035,38.69749995,37.70650025,38.25250025,1036240.0,18.2462224
2014-02-28,39.7615786842,40.1842104737,39.2031580526,39.6357894211,1350378.94737,18.9060435263
2014-03-31,41.759999619,42.1900001429,41.0757144286,41.5490478095,1079714.28571,19.8186566667
2014-04-30,39.872857381,40.4404762857,39.123333,39.8595238571,1234142.85714,19.0127610476
2014-05-31,41.318095619,41.8361904762,40.836666619,41.3376187143,1175219.04762,19.7178062857
2014-06-30,44.16299985,44.7355001,43.5020001,44.30849955,1697040.0,21.2580657
2014-07-31,41.9127271364,42.3409090455,41.2336361364,41.7722725909,1270163.63636,20.0604095
2014-08-31,36.937,37.3670004,36.50949985,37.01749995,1564020.0,17.7770124
2014-09-30,37.619524,37.8752379524,37.081904619,37.4500000476,1271771.42857,17.9847130952
2014-10-31,33.1221737826,33.7317392174,32.6156521739,33.1508693913,2027921.73913,15.92013
2014-11-30,36.2761108333,36.7105557778,35.9561108333,36.3083335556,1194866.66667,17.4364475
2014-12-31,34.2890910909,34.7018179091,33.7136359545,34.1290909545,751536.363636,16.5174452273
2015-01-31,33.4557891053,33.9800000526,33.0494736316,33.5099998421,857536.842105,16.2387354737
2015-02-28,34.4536845789,34.8852626842,34.0168419474,34.4089473158,1242315.78947,16.6743596842
2015-03-31,32.7918182727,33.1336365,32.3490909545,32.6027278182,1518409.09091,15.7990770455
2015-04-30,33.7355002,34.02750015,33.33949975,33.5525002,1141480.0,16.25933085
2015-05-31,32.33200045,32.60199955,32.03399985,32.2755003,711210.0,15.6405047
2015-06-30,31.5277271818,31.8327274545,31.1649998636,31.4231813636,729863.636364,15.3543527727
2015-07-31,31.8533337143,32.0895236667,31.4795237143,31.6695239524,819847.619048,15.5133687143
2015-08-31,31.8680952381,32.2990475238,31.4999999524,31.8033332381,608942.857143,15.5789152857
2015-09-30,31.90500005,32.1829997,31.4809994,31.74000025,1142860.0,15.54789155
2015-10-31,33.0477269545,33.4768180455,32.8109091364,33.2249998182,904263.636364,16.2753210909
2015-11-30,34.91050025,35.2525003,34.6154999,34.9594998,1513100.0,17.1249689
2015-12-31,33.2619047619,33.5085714762,32.9666670952,33.1395239524,830390.47619,16.3605897143
2016-01-31,15.1978947368,15.3705263158,14.9142105263,15.1173684737,992247.368421,14.9756433684
2016-02-29,14.9252631579,15.1715789474,14.6910526316,14.9773684211,1201647.36842,14.836956
2016-03-31,15.2872727273,15.4468181818,15.1422727273,15.2636363636,1108236.36364,15.1205400909
2016-04-30,15.5771428571,15.7214285714,15.4495238095,15.6047618571,1910300.0,15.4584677143
2016-05-31,15.25750005,15.41450005,15.12650005,15.29050005,1382135.0,15.1471519
2016-06-30,16.2972727727,16.4549999091,16.1059091364,16.2777271818,1287368.18182,16.2704999091
2016-07-31,16.83350035,16.93799985,16.74049995,16.8580002,957455.0,16.8580002
2016-08-31,16.632,16.6920002,16.4580004,16.5600004,723580.0,16.5600004
