Date,Open,High,Low,Close,Volume,Adj Close
2008-06-30,0.416,0.416,0.416,0.416,6180.0,0.416
2008-07-31,0.436363636364,0.436363636364,0.435909090909,0.436363636364,3304.54545455,0.436363636364
2008-08-31,0.527619047619,0.531904761905,0.523333333333,0.527619047619,33190.4761905,0.527619047619
2008-09-30,0.5145,0.5145,0.5095,0.5145,4380.0,0.5145
2008-10-31,0.412608695652,0.413913043478,0.410434782609,0.412608695652,8317.39130435,0.412608695652
2008-11-30,0.342105263158,0.342105263158,0.338947368421,0.338947368421,1105.26315789,0.338947368421
2008-12-31,0.37,0.370909090909,0.37,0.370909090909,1859.09090909,0.370909090909
2009-01-31,0.37,0.37,0.37,0.37,0.0,0.37
2009-02-28,4.73000005263,4.73263157895,4.70631578947,4.73263157895,47.3684210526,4.73263157895
2009-03-31,24.3481819091,24.5200001364,24.3345455909,24.5063638182,186.363636364,24.5063638182
2009-04-30,25.511904619,25.7680951905,25.4023809524,25.6457142857,1157.14285714,25.6457142857
2009-05-31,27.5036843158,27.681579,26.8136842105,27.0131581053,2836.84210526,27.0131581053
2009-06-30,25.6245452727,26.2577270909,25.0731816364,25.8540910455,35054.5454545,25.8540910455
2009-07-31,24.225909,24.6340907727,23.2699999091,24.0236361818,17095.4545455,24.0236361818
2009-08-31,24.71700005,25.27300005,24.02349985,24.806,14360.0,24.806
2009-09-30,28.4290475714,28.901428619,28.0966667143,28.6890475714,10385.7142857,28.6890475714
2009-10-31,32.6486360455,33.2254543182,32.228182,32.7390910909,43359.0909091,32.7390910909
2009-11-30,32.3557892105,32.8631581053,31.8626315263,32.3794740526,14700.0,32.3794740526
2009-12-31,33.5118178636,34.0672727727,33.0240909545,33.5527274091,18577.2727273,33.5527274091
2010-01-31,35.6026313158,36.3821056316,35.0463155789,35.7410522632,57694.7368421,35.7410522632
2010-02-28,38.377778,39.0133335,37.9566673333,38.4711114444,50311.1111111,38.4711114444
2010-03-31,41.0960867391,41.9052173478,40.7291303478,41.4995654348,38543.4782609,41.4995654348
2010-04-30,47.79749985,48.92200035,47.04950055,48.31249995,52705.0,48.31249995
2010-05-31,55.193,56.47049995,53.51350035,55.29499985,98585.0,55.29499985
2010-06-30,66.1618185455,67.7686362727,65.2527269545,66.7000002727,137572.727273,66.7000002727
2010-07-31,65.34649975,66.2720008,63.7539999,64.9965002,71640.0,64.9965002
2010-08-31,65.0531823182,66.4663642273,63.6072723636,65.1831816818,63931.8181818,65.1831816818
2010-09-30,71.4928580952,72.8857137619,70.1776188095,71.5357145238,53500.0,71.5357145238
2010-10-31,65.60300005,66.6625,64.17649955,65.39450075,74440.0,65.39450075
2010-11-30,80.0266657619,81.759523619,78.7390478095,80.4499994286,176095.238095,80.4499994286
2010-12-31,88.4042862857,89.5757139524,87.0490482857,88.2747621905,159000.0,88.2747621905
2011-01-31,92.50299945,93.79899935,90.51499945,92.4869999,125410.0,92.4869999
2011-02-28,88.2136841579,89.6468417895,86.8352629474,87.902106,127163.157895,87.902106
2011-03-31,85.896364,87.4036365909,84.6081816818,85.9959085909,104527.272727,85.9959085909
2011-04-30,76.64199945,78.3265003,75.46800005,77.0010011,232610.0,77.0010011
2011-05-31,75.1419052857,76.5128573333,73.7957138571,75.1909526667,149947.619048,75.1909526667
2011-06-30,70.9542850952,72.4909519048,69.8833327143,70.9304759048,142314.285714,70.9304759048
2011-07-31,70.59000005,71.61050075,69.37349995,70.29949985,169220.0,70.29949985
2011-08-31,61.8190911818,63.4431817273,60.4322725,61.6750003182,197954.545455,61.6750003182
2011-09-30,59.5519045714,61.005237381,58.265715,59.877619,174847.619048,59.877619
2011-10-31,64.7323804762,66.0733330476,63.1842853333,64.7309524762,207347.619048,64.7309524762
2011-11-30,63.9545002,65.38950025,62.76999985,64.13849965,85420.0,64.13849965
2011-12-31,68.0323809524,69.123333381,66.7728566667,68.0780957143,61147.6190476,68.0780957143
2012-01-31,69.4847367368,70.4242100526,68.6463163158,69.4905258947,85678.9473684,69.4905258947
2012-02-29,72.15800015,73.0935001,70.7650005,72.0675006,93445.0,72.0675006
2012-03-31,68.7440910909,69.3218185455,67.7904555909,68.4495457727,113595.454545,68.4495457727
2012-04-30,67.5599998947,68.8657894211,66.3436840526,67.5557888421,291068.421053,67.5557888421
2012-05-31,79.1231820909,80.1813636364,78.3722728182,79.3631810455,148236.363636,79.3631810455
2012-06-30,84.722857619,85.8147615714,84.0766667143,85.115238,170890.47619,85.115238
2012-07-31,89.8359997,90.69749925,88.87799995,89.96749955,103070.0,89.96749955
2012-08-31,88.8895648696,90.035217,87.8404352609,88.9752177826,124356.521739,88.9752177826
2012-09-30,92.6852633158,93.7963147895,91.9836839474,93.0647371579,143268.421053,93.0647371579
2012-10-31,89.577142619,90.2619054762,88.1785714286,89.0404764762,119338.095238,89.0404764762
2012-11-30,82.0771422857,83.9419051429,80.4161900476,82.253332619,309661.904762,82.253332619
2012-12-31,81.4325008,82.4730003,80.6705006,81.6655006,196695.0,81.66300045
2013-01-31,90.2419048095,91.2523814762,89.1304760476,90.4600001429,232923.809524,90.4600001429
2013-02-28,88.4426317895,89.4999992632,87.2047368421,88.1794735263,171447.368421,88.1794735263
2013-03-31,88.3015791579,89.3310514211,87.3784216842,88.6742112105,264363.157895,88.6742112105
2013-04-30,85.759091,86.7954535,84.7059094545,85.7677275455,259327.272727,85.7677275455
2013-05-31,95.124285381,96.15619,93.6047614762,94.9338090476,223580.952381,94.9338090476
2013-06-30,92.13349985,93.34150015,91.12700125,92.5290009,181920.0,92.5290009
2013-07-31,94.9290910455,95.7768176364,93.7136348182,94.7163641364,142313.636364,94.7163641364
2013-08-31,84.1928572857,85.1828570476,82.719523381,83.7633336667,272157.142857,83.7633336667
2013-09-30,77.0820003,77.7470005,76.09149975,76.68550035,188415.0,76.68550035
2013-10-31,73.8595456364,74.6454544545,73.0986359091,73.9672719091,190586.363636,73.9672719091
2013-11-30,86.8645001,88.1310002,85.3479991,87.37400055,189575.0,87.37400055
2013-12-31,93.660476,94.7266664286,92.1471429524,93.5671426667,157138.095238,93.5671426667
2014-01-31,99.76099935,101.6334996,98.6039996,100.28949965,228775.0,100.28949965
2014-02-28,98.0052634737,99.5136835263,96.6915793158,97.8884213158,238489.473684,97.8884213158
2014-03-31,94.0423805714,95.3276192381,92.666190381,93.7657143333,186847.619048,93.7657143333
2014-04-30,86.5230003,87.8890007,84.7220001,86.1909997,248490.0,86.1909997
2014-05-31,92.8942857143,94.4966667143,91.3423810476,93.0995239524,183942.857143,93.0995239524
2014-06-30,89.69000025,90.5189999,88.4870001,89.60999985,136345.0,89.60999985
2014-07-31,87.4518183636,88.8113642727,86.1604538636,87.6986361818,159713.636364,87.6986361818
2014-08-31,81.6300001429,82.4976189524,80.6509520476,81.4347621429,140609.52381,81.4347621429
2014-09-30,79.2760006,80.27000045,78.27249945,79.20299985,167630.0,79.20299985
2014-10-31,78.9817391304,80.3086949565,77.7939124783,78.9652173043,163569.565217,78.9652173043
2014-11-30,76.6484218947,77.4926324737,75.6405257895,76.4784213158,158705.263158,76.4784213158
2014-12-31,72.3366678095,73.3038090952,71.4400001429,72.3357145238,153461.904762,72.3357145238
2015-01-31,80.20250015,81.48099935,79.1654995,80.6485,162355.0,80.6485
2015-02-28,87.6277783333,88.5455555,86.5416662778,87.7172220556,186572.222222,87.7172220556
2015-03-31,86.2204548182,87.4136362727,85.4290916818,86.4459089545,159922.727273,86.4459089545
2015-04-30,84.1038102381,85.485714,82.3419035714,83.7761905714,334057.142857,83.7761905714
2015-05-31,74.7926305789,75.7121055263,73.5489477895,74.5284211579,216968.421053,74.5284211579
2015-06-30,75.7690907273,76.8400001364,74.7409088636,75.7127268636,135086.363636,75.7127268636
2015-07-31,77.3938093333,79.5838092381,76.1019051905,78.0880958095,391985.714286,78.0880958095
2015-08-31,86.3271433333,87.7380941905,84.6009524762,86.1652384286,274866.666667,86.1652384286
2015-09-30,63.9214291429,65.2409524286,61.878571,63.163809381,678461.904762,63.163809381
2015-10-31,45.2061905714,46.8642860476,43.534761619,45.1500000476,1053842.85714,45.1500000476
2015-11-30,47.1980002,48.4605006,46.1449999,47.3470001,271685.0,47.3470001
2015-12-31,48.0580951429,49.2961903333,47.060476,48.1471426667,282757.142857,48.1471426667
2016-01-31,36.643158,37.7268421579,34.8694735789,36.2468417368,974310.526316,36.2468417368
2016-02-29,35.3465001,36.1414998,33.8550002,35.0334996,454840.0,35.0334996
2016-03-31,30.7738096667,31.7076187619,29.861428619,30.6842857619,465957.142857,30.6842857619
2016-04-30,32.8223810476,33.6004760476,32.1466666667,32.890952381,264809.52381,32.890952381
2016-05-31,28.9147613333,29.6461905714,28.1909521429,28.843809381,414109.52381,28.843809381
2016-06-30,36.0627270909,36.8131820455,35.5877274545,36.2068182727,965059.090909,36.2068182727
2016-07-31,57.69100015,57.82050045,57.6215003,57.6939994,472145.0,57.6939994
2016-08-31,57.9119996,57.9500002,57.858,57.923999,162020.0,57.923999
