Date,Open,High,Low,Close,Volume,Adj Close
1985-07-31,19.6647727273,19.7556818182,19.5284090909,19.6704545455,5286.36363636,1.85234027273
1985-08-31,19.2045454545,19.3125,19.1022727273,19.1988636364,4554.54545455,1.82465268182
1985-09-30,18.9539473684,19.0592105263,18.875,18.9342105263,3542.10526316,1.81671921053
1985-10-31,19.0760869565,19.1684782609,19.0054347826,19.0706521739,3517.39130435,1.85235430435
1985-11-30,19.55625,19.6875,19.43125,19.59375,5845.0,1.92333225
1985-12-31,19.9,20.0375,19.775,19.9125,4515.0,1.9735774
1986-01-31,20.3920454545,20.5852272727,20.2954545455,20.4204545455,5431.81818182,2.03927922727
1986-02-28,21.1973684211,21.3618421053,21.0197368421,21.2039473684,6326.31578947,2.13608768421
1986-03-31,21.80625,21.9875,21.6875,21.85,6740.0,2.21981025
1986-04-30,22.4431818182,22.625,22.1988636364,22.4545454545,6445.45454545,2.30040945455
1986-05-31,22.1125,22.23125,21.96875,22.075,6100.0,2.27708375
1986-06-30,22.375,22.494047619,22.2321428571,22.4107142857,5066.66666667,2.33058809524
1986-07-31,23.5170454545,23.7159090909,23.3409090909,23.5397727273,7259.09090909,2.46917404545
1986-08-31,23.9523809524,24.0773809524,23.8273809524,23.9464285714,6019.04761905,2.52704495238
1986-09-30,23.4642857143,23.6607142857,23.2976190476,23.4523809524,6757.14285714,2.49479928571
1986-10-31,23.4602272727,23.6136363636,23.3465909091,23.4943181818,5754.54545455,2.51739913636
1986-11-30,23.2171052632,23.4473684211,23.0657894737,23.2828947368,6557.89473684,2.51839073684
1986-12-31,23.5056818182,23.7272727273,23.3636363636,23.4943181818,6631.81818182,2.56210781818
1987-01-31,23.9523809524,24.1904761905,23.7857142857,24.005952381,4900.0,2.6349747619
1987-02-28,23.7638888889,23.9444444444,23.6319444444,23.7708333333,6222.22222222,2.62820822222
1987-03-31,23.4090909091,23.5965909091,23.2556818182,23.3920454545,5495.45454545,2.60706986364
1987-04-30,21.4523809524,21.6666666667,21.2083333333,21.4285714286,7790.47619048,2.40884747619
1987-05-31,21.00625,21.1375,20.875,21.01875,5960.0,2.37906635
1987-06-30,21.8068181818,21.9318181818,21.6193181818,21.7897727273,4650.0,2.48808604545
1987-07-31,22.0909090909,22.2727272727,21.9375,22.1079545455,2995.45454545,2.54227704545
1987-08-31,22.0773809524,22.25,21.8928571429,22.0952380952,4200.0,2.56204128571
1987-09-30,21.0238095238,21.2321428571,20.8511904762,21.0297619048,4757.14285714,2.46003709524
1987-10-31,19.9090909091,20.2613636364,19.5965909091,19.8579545455,7018.18181818,2.33845045455
1987-11-30,20.2565789474,20.4736842105,20.0789473684,20.3486842105,4884.21052632,2.41965926316
1987-12-31,20.3352272727,20.4943181818,20.0625,20.3295454545,4595.45454545,2.44113222727
1988-01-31,21.06875,21.29375,20.89375,21.15625,4160.0,2.5588702
1988-02-29,21.8375,22.05,21.69375,21.85625,3945.0,2.66591315
1988-03-31,21.6793478261,21.8043478261,21.5326086957,21.6956521739,2513.04347826,2.66948986957
1988-04-30,21.4276315789,21.5789473684,21.2828947368,21.4407894737,4400.0,2.65570031579
1988-05-31,20.8273809524,21.005952381,20.7023809524,20.8869047619,4457.14285714,2.61034247619
1988-06-30,21.5,21.625,21.3977272727,21.5227272727,3490.90909091,2.71477390909
1988-07-31,21.5375,21.65,21.39375,21.525,3280.0,2.7445655
1988-08-31,21.1630434783,21.2989130435,21.1032608696,21.2065217391,3265.2173913,2.77848821739
1988-09-30,21.2380952381,21.369047619,21.1071428571,21.2678571429,3452.38095238,2.84969909524
1988-10-31,21.45,21.65,21.30625,21.45625,3070.0,2.95159365
1988-11-30,21.125,21.2738095238,20.9345238095,21.1369047619,3723.80952381,2.98698080952
1988-12-31,20.2916666667,20.4821428571,20.1071428571,20.2380952381,4080.95238095,2.92337419048
1989-01-31,20.5714285714,20.6845238095,20.4166666667,20.5773809524,4214.28571429,3.04077304762
1989-02-28,20.75,20.8421052632,20.6513157895,20.7631578947,3563.15789474,3.09520010526
1989-03-31,20.1931818182,20.3465909091,20.0625,20.1931818182,3618.18181818,3.032458
1989-04-30,19.93125,20.08125,19.80625,19.94375,4585.0,3.02206555
1989-05-31,20.2215909091,20.3522727273,20.1136363636,20.2613636364,6400.0,3.09885381818
1989-06-30,21.2159090909,21.3863636364,21.0511363636,21.2443181818,4713.63636364,3.274491
1989-07-31,21.7875,22.05,21.6625,21.89375,5205.0,3.40425985
1989-08-31,21.8636363636,22.0511363636,21.6818181818,21.8409090909,5454.54545455,3.42586595455
1989-09-30,21.44375,21.63125,21.21875,21.45,5930.0,3.38731415
1989-10-31,21.6761363636,21.8125,21.5227272727,21.6875,4440.90909091,3.45471840909
1989-11-30,21.630952381,21.8035714286,21.4761904762,21.6428571429,5695.23809524,3.47829433333
1989-12-31,21.40625,21.55,21.21875,21.39375,6715.0,3.46111015
1990-01-31,21.4166666667,21.6071428571,21.2738095238,21.4226190476,6838.0952381,3.49816990476
1990-02-28,21.5394736842,21.6907894737,21.3289473684,21.5065789474,6252.63157895,3.54147394737
1990-03-31,20.5340909091,20.6590909091,20.4090909091,20.5511363636,6059.09090909,3.406846
1990-04-30,20.7125,20.8375,20.5125,20.75,5770.0,3.4712467
1990-05-31,20.7613636364,20.9034090909,20.6590909091,20.8181818182,5054.54545455,3.51392968182
1990-06-30,20.725,20.9,20.625,20.775,6515.0,3.53268335
1990-07-31,20.7797619048,20.9345238095,20.6547619048,20.8035714286,5823.80952381,3.56966390476
1990-08-31,20.2173913043,20.3695652174,20.0489130435,20.2010869565,6030.43478261,3.49213286957
1990-09-30,20.1973684211,20.3026315789,20.0394736842,20.1710526316,6663.15789474,3.51902831579
1990-10-31,18.6193181818,18.7556818182,18.3579545455,18.5511363636,6922.72727273,3.25753131818
1990-11-30,17.9226190476,18.1547619048,17.7023809524,17.9404761905,7571.42857143,3.17870347619
1990-12-31,17.69375,17.89375,17.49375,17.70625,7840.0,3.17973
1991-01-31,17.3465909091,17.4943181818,17.1988636364,17.3352272727,5186.36363636,3.13323531818
1991-02-28,18.0789473684,18.2565789474,17.8815789474,18.1710526316,7378.94736842,3.31420910526
1991-03-31,19.1513157895,19.3157894737,19.0263157895,19.1842105263,4947.36842105,3.52994431579
1991-04-30,19.7159090909,19.8920454545,19.5,19.6931818182,4909.09090909,3.65577963636
1991-05-31,19.9431818182,20.1931818182,19.7897727273,20.0397727273,6036.36363636,3.74690690909
1991-06-30,19.875,20.075,19.70625,19.83125,5750.0,3.74197015
1991-07-31,19.625,19.8693181818,19.4715909091,19.6818181818,7404.54545455,3.73883704545
1991-08-31,19.9166666667,20.0773809524,19.7738095238,19.9702380952,5980.95238095,3.82796480952
1991-09-30,20.35625,20.575,20.24375,20.4,6285.0,3.9385814
1991-10-31,20.6304347826,20.8097826087,20.4836956522,20.6576086957,6547.82608696,4.02158091304
1991-11-30,20.50625,20.675,20.3875,20.5125,6450.0,4.0297207
1991-12-31,20.619047619,20.8154761905,20.4880952381,20.6845238095,6033.33333333,4.09793390476
1992-01-31,20.9285714286,21.119047619,20.755952381,20.9285714286,8319.04761905,4.17415947619
1992-02-29,20.8421052632,21.0,20.6973684211,20.8157894737,7615.78947368,4.18568384211
1992-03-31,21.2045454545,21.4090909091,21.0738636364,21.2329545455,6818.18181818,4.30131595455
1992-04-30,21.6785714286,21.8035714286,21.5476190476,21.6488095238,6242.85714286,4.41268466667
1992-05-31,21.70625,21.875,21.6,21.7125,6580.0,4.46079315
1992-06-30,21.5952380952,21.744047619,21.4880952381,21.5892857143,5890.47619048,4.46909538095
1992-07-31,21.7670454545,21.9545454545,21.6704545455,21.8352272727,8581.81818182,4.54970872727
1992-08-31,22.244047619,22.3988095238,22.119047619,22.2678571429,6500.0,4.67578466667
1992-09-30,22.4821428571,22.6547619048,22.3035714286,22.4880952381,6771.42857143,4.75027838095
1992-10-31,20.8630952381,21.005952381,20.7023809524,20.7738095238,8904.76190476,4.41823766667
1992-11-30,19.53125,19.68125,19.45625,19.575,8150.0,4.19553735
1992-12-31,19.5113636364,19.6647727273,19.3522727273,19.5284090909,6022.72727273,4.21029727273
1993-01-31,19.675,19.85,19.55,19.71875,5745.0,4.2878934
1993-02-28,20.3355263158,20.5657894737,20.25,20.4078947368,6294.73684211,4.46923094737
1993-03-31,20.875,21.0170454545,20.7443181818,20.8579545455,6436.36363636,4.59844831818
1993-04-30,20.119047619,20.2916666667,20.0238095238,20.1428571429,6700.0,4.46285761905
1993-05-31,20.23125,20.38125,20.15,20.25,6135.0,4.52659895
1993-06-30,20.4375,20.5852272727,20.3522727273,20.5056818182,5672.72727273,4.61015109091
1993-07-31,20.875,21.0595238095,20.7857142857,20.9047619048,7190.47619048,4.73634533333
1993-08-31,21.1428571429,21.3154761905,21.0119047619,21.1845238095,6376.19047619,4.83329347619
1993-09-30,21.3869047619,21.5476190476,21.3035714286,21.4345238095,5342.85714286,4.91951985714
1993-10-31,21.3988095238,21.5416666667,21.375,21.4345238095,5742.85714286,4.922573
1993-11-30,20.3452380952,20.5416666667,20.1547619048,20.3214285714,8376.19047619,4.66694314286
1993-12-31,19.4034090909,19.5454545455,19.1477272727,19.3409090909,6690.90909091,4.46882736364
1994-01-31,19.58125,19.83125,19.46875,19.75,5095.0,4.6013518
1994-02-28,19.7828947368,19.9473684211,19.6710526316,19.8355263158,6063.15789474,4.64701510526
1994-03-31,19.5434782609,19.7391304348,19.375,19.5652173913,5882.60869565,4.61765386957
1994-04-30,18.6973684211,18.8815789474,18.6184210526,18.7697368421,6178.94736842,4.46579389474
1994-05-31,17.9702380952,18.1369047619,17.7797619048,17.8720238095,7961.9047619,4.2816952381
1994-06-30,18.1022727273,18.2329545455,17.9943181818,18.1136363636,5190.90909091,4.36624827273
1994-07-31,17.975,18.1,17.8875,18.00625,5175.0,4.37597595
1994-08-31,17.7717391304,17.8913043478,17.6086956522,17.7336956522,6486.95652174,4.34087278261
1994-09-30,17.1071428571,17.2142857143,16.9553571429,17.0535714286,7014.28571429,4.20410647619
1994-10-31,16.0476190476,16.2083333333,15.8392857143,16.0416666667,8647.61904762,3.98679733333
1994-11-30,15.775,15.9875,15.625,15.78125,10995.0,3.9496247
1994-12-31,16.1488095238,16.3571428571,16.0297619048,16.1428571429,8628.57142857,4.07385928571
1995-01-31,16.5357142857,16.75,16.4226190476,16.5892857143,7695.23809524,4.21727890476
1995-02-28,17.3157894737,17.4671052632,17.1644736842,17.2960526316,6552.63157895,4.43090357895
1995-03-31,17.4891304348,17.652173913,17.3369565217,17.4891304348,5552.17391304,4.51558365217
1995-04-30,17.4513888889,17.5902777778,17.3333333333,17.4236111111,5872.22222222,4.53413511111
1995-05-31,16.8522727273,17.0,16.8068181818,16.8920454545,7045.45454545,4.42728922727
1995-06-30,17.0625,17.1704545455,16.9602272727,17.0681818182,6850.0,4.49195886364
1995-07-31,16.725,16.8625,16.65,16.75,7990.0,4.4431212
1995-08-31,16.3858695652,16.5,16.3097826087,16.3858695652,8026.08695652,4.37949730435
1995-09-30,16.425,16.51875,16.3375,16.4125,11810.0,4.42365855
1995-10-31,16.2727272727,16.3409090909,16.2045454545,16.2727272727,9731.81818182,4.41888959091
1995-11-30,16.2797619048,16.3571428571,16.2083333333,16.2738095238,11214.2857143,4.4470327619
1995-12-31,16.375,16.475,16.31875,16.39375,15655.0,4.51553985
1996-01-31,16.75,16.8920454545,16.6988636364,16.8125,14413.6363636,4.66067872727
1996-02-29,17.5,17.575,17.41875,17.49375,13200.0,4.8588951
1996-03-31,16.75625,16.8375,16.675,16.725,12620.0,4.67310875
1996-04-30,15.8571428571,15.9464285714,15.7857142857,15.8392857143,10938.0952381,4.45867152381
1996-05-31,15.1647727273,15.2215909091,15.0625,15.1022727273,15009.0909091,4.28276290909
1996-06-30,14.975,15.06875,14.90625,14.99375,13785.0,4.28000885
1996-07-31,15.125,15.2159090909,15.0681818182,15.1420454545,9695.45454545,4.35523172727
1996-08-31,15.3928571429,15.4583333333,15.3392857143,15.3928571429,13114.2857143,4.45471304762
1996-09-30,15.5875,15.66875,15.53125,15.575,9130.0,4.5441866
1996-10-31,15.652173913,15.7445652174,15.6086956522,15.652173913,7913.04347826,4.59904091304
1996-11-30,15.73125,15.84375,15.7,15.7875,15700.0,4.6682622
1996-12-31,15.8095238095,15.9285714286,15.7261904762,15.7976190476,12742.8571429,4.70511109524
1997-01-31,15.6931818182,15.7670454545,15.5909090909,15.6761363636,11722.7272727,4.69891995455
1997-02-28,15.8541666667,15.9722222222,15.7986111111,15.8958333333,12894.4444444,4.80067044444
1997-03-31,15.9625,16.05625,15.875,15.94375,12260.0,4.849111
1997-04-30,15.6477272727,15.7386363636,15.6022727273,15.6306818182,10259.0909091,4.78912886364
1997-05-31,15.7321428571,15.8035714286,15.6607142857,15.7261904762,10085.7142857,4.84712395238
1997-06-30,16.0773809524,16.1964285714,16.0119047619,16.1101190476,10652.3809524,5.00324566667
1997-07-31,16.5454545455,16.6505681818,16.4914772727,16.5482954545,12018.1818182,5.16923222727
1997-08-31,16.4791666667,16.5535714286,16.3958333333,16.4404761905,12728.5714286,5.1727927619
1997-09-30,16.5476190476,16.6160714286,16.505952381,16.5505952381,10304.7619048,5.2458217619
1997-10-31,16.6902173913,16.7527173913,16.6195652174,16.6875,9673.91304348,5.32599678261
1997-11-30,16.8092105263,16.8782894737,16.7598684211,16.8059210526,8894.73684211,5.39540389474
1997-12-31,17.0178571429,17.1041666667,16.9494047619,17.0327380952,11538.0952381,5.50373380952
1998-01-31,17.603125,17.715625,17.54375,17.64375,13215.0,5.73579285
1998-02-28,17.7006578947,17.7565789474,17.6611842105,17.7006578947,10278.9473684,5.79165836842
1998-03-31,17.5198863636,17.5767045455,17.4715909091,17.5198863636,9686.36363636,5.76898645455
1998-04-30,17.244047619,17.3125,17.1577380952,17.2261904762,11585.7142857,5.7116772381
1998-05-31,16.6348684211,16.7171052632,16.5822368421,16.6578947368,9294.73684211,5.55423910526
1998-06-30,17.1931818182,17.2698863636,17.1392045455,17.21875,14159.0909091,5.78159259091
1998-07-31,17.4460227273,17.5113636364,17.3863636364,17.4346590909,14222.7272727,5.88754036364
1998-08-31,17.3601190476,17.4226190476,17.3244047619,17.375,11928.5714286,5.90796395238
1998-09-30,17.3541666667,17.431547619,17.3005952381,17.3839285714,11385.7142857,5.95059228571
1998-10-31,18.09375,18.1931818182,18.0284090909,18.1221590909,11536.3636364,6.235816
1998-11-30,17.89375,17.965625,17.821875,17.89375,10420.0,6.19767325
1998-12-31,18.0681818182,18.1448863636,18.0028409091,18.0965909091,11868.1818182,6.30887604545
1999-01-31,18.4605263158,18.5394736842,18.3914473684,18.4769736842,13568.4210526,6.47813478947
1999-02-28,18.5328947368,18.6118421053,18.4506578947,18.5230263158,13742.1052632,6.53265
1999-03-31,18.2443181818,18.3238636364,18.1846590909,18.2556818182,11836.3636364,6.4802005
1999-04-30,18.0833333333,18.1517857143,18.0089285714,18.0416666667,10014.2857143,6.43882114286
1999-05-31,17.59375,17.659375,17.521875,17.571875,9500.0,6.3118123
1999-06-30,17.1420454545,17.2272727273,17.0795454545,17.1335227273,8777.27272727,6.19535654545
1999-07-31,17.046875,17.134375,16.996875,17.071875,8740.0,6.2093888
1999-08-31,16.6335227273,16.7102272727,16.5539772727,16.6448863636,10036.3636364,6.09608422727
1999-09-30,16.5863095238,16.6517857143,16.5446428571,16.5803571429,8171.42857143,6.11597538095
1999-10-31,16.1845238095,16.2470238095,16.1339285714,16.193452381,9904.76190476,6.00766509524
1999-11-30,16.325,16.40625,16.246875,16.334375,12920.0,6.1030767
1999-12-31,15.3579545455,15.4545454545,15.2897727273,15.3551136364,17654.5454545,5.78624795455
2000-01-31,14.875,14.975,14.8,14.90625,15455.0,5.65514055
2000-02-29,15.440625,15.53125,15.403125,15.465625,14280.0,5.9117164
2000-03-31,15.0163043478,15.0706521739,14.972826087,15.0054347826,11678.2608696,5.77902834783
2000-04-30,15.25,15.3402777778,15.2048611111,15.2743055556,13272.2222222,5.92111216667
2000-05-31,15.3011363636,15.3892045455,15.2357954545,15.3096590909,10186.3636364,5.97747613636
2000-06-30,15.7073863636,15.7982954545,15.6590909091,15.7528409091,10577.2727273,6.19060281818
2000-07-31,16.390625,16.48125,16.35625,16.415625,8805.0,6.5014621
2000-08-31,16.15625,16.2073863636,16.1022727273,16.15625,9250.0,6.44200922727
2000-09-30,16.046875,16.121875,15.98125,16.046875,12265.0,6.4400949
2000-10-31,15.7585227273,15.8153409091,15.6875,15.7215909091,11759.0909091,6.35369813636
2000-11-30,15.6607142857,15.7767857143,15.5982142857,15.6875,10861.9047619,6.38876928571
2000-12-31,16.7993421053,16.9671052632,16.7105263158,16.8947368421,13536.8421053,6.91990257895
2001-01-31,17.8413094762,17.9797619524,17.7617856667,17.9051190476,14361.9047619,7.38651328571
2001-02-28,17.9489473684,18.08,17.8221050526,17.9389476316,14552.6315789,7.43888757895
2001-03-31,17.9095454545,17.99,17.8090907273,17.9022726818,9786.36363636,7.46984154545
2001-04-30,17.7473684737,17.8389474211,17.6557892632,17.7663157895,9147.36842105,7.46522089474
2001-05-31,17.806818,17.8645450909,17.7468180455,17.8036363182,8522.72727273,7.52725531818
2001-06-30,17.661905,17.7533333333,17.6176191429,17.6885714286,8214.28571429,7.52148152381
2001-07-31,17.94400005,18.013,17.9009999,17.9429998,6755.0,7.68078475
2001-08-31,18.1247826522,18.1934782174,18.065652087,18.1486954783,8865.2173913,7.81926917391
2001-09-30,17.4326668,17.508,17.2860000667,17.384,11020.0,7.53249846667
2001-10-31,16.7240910455,16.7963636818,16.6359092727,16.7063635909,9818.18181818,7.28013668182
2001-11-30,16.3476190952,16.4366665238,16.2652380476,16.3861904762,10185.7142857,7.17853842857
2001-12-31,15.9905001,16.1085001,15.9155,16.0105002,14060.0,7.05997955
2002-01-31,16.6238095238,16.7357145238,16.5833332857,16.6861904762,8814.28571429,7.40727366667
2002-02-28,16.6326318421,16.7163156842,16.5268423158,16.6436844211,9015.78947368,7.42478136842
2002-03-31,16.2900001,16.3840003,16.19350015,16.2830001,7810.0,7.30753555
2002-04-30,15.9077274091,15.9813637273,15.8345454091,15.9231818182,8404.54545455,7.19251236364
2002-05-31,15.9700000952,16.0357143333,15.9190475714,15.9928571905,8719.04761905,7.27277380952
2002-06-30,16.28800015,16.35850005,16.20200005,16.28950015,12425.0,7.44787835
2002-07-31,15.5418182727,15.6077272727,15.4418181818,15.4713636364,9118.18181818,7.11456577273
2002-08-31,15.1372727273,15.1977272727,15.0640909091,15.1236363636,7118.18181818,6.98919345455
2002-09-30,15.25,15.3136842105,15.1836842105,15.2515789474,10063.1578947,7.09413415789
2002-10-31,14.6295652174,14.6856521739,14.5195652174,14.5808695652,12543.4782609,6.81602604348
2002-11-30,14.5515,14.6235,14.46,14.569,11295.0,6.84248465
2002-12-31,14.7955,14.8645,14.751,14.822,10765.0,6.99879405
2003-01-31,15.3323809524,15.399047619,15.2452380952,15.320952381,10252.3809524,7.26723114286
2003-02-28,15.4194736842,15.4794736842,15.3531578947,15.4221052632,9410.52631579,7.353778
2003-03-31,15.4828571429,15.5704761905,15.4185714286,15.4747619048,9161.9047619,7.41522285714
2003-04-30,15.6523809524,15.7347619048,15.6147619048,15.67,7357.14285714,7.54744671429
2003-05-31,16.1623808571,16.2142858571,16.110952381,16.1580951905,10719.047619,7.81424366667
2003-06-30,16.4223806667,16.5133333333,16.3552382381,16.4119051429,12023.8095238,7.979517
2003-07-31,15.9414286667,15.9966668095,15.8247619524,15.8857141429,13938.0952381,7.75618409524
2003-08-31,15.2714285714,15.3128571429,15.2066666667,15.2576190476,9900.0,7.49228142857
2003-09-30,15.579047619,15.6514285714,15.5428571429,15.6057142857,8900.0,7.70683252381
2003-10-31,15.9904347826,16.0443478261,15.9060870435,15.9752174783,7817.39130435,7.93121765217
2003-11-30,16.0038888333,16.0627775556,15.9127777222,15.9866667222,10216.6666667,7.97232961111
2003-12-31,15.9795456818,16.0622728182,15.9309091364,16.0081816818,11250.0,8.02423340909
2004-01-31,16.24700005,16.3204999,16.226,16.2769998,10380.0,8.1974672
2004-02-29,16.4322222222,16.5172222778,16.3744445,16.4355556667,12683.3333333,8.31955672222
2004-03-31,16.5304346087,16.5969566087,16.4739132174,16.5291304348,7126.08695652,8.40901221739
2004-04-30,15.6819047143,15.7619047619,15.5985714286,15.6590476667,11361.9047619,7.99419952381
2004-05-31,15.207,15.2795,15.131,15.2265,11005.0,7.825466
2004-06-30,14.932,14.974,14.869,14.9265,14320.0,7.7141289
2004-07-31,15.2366666667,15.3423809524,15.1766666667,15.2533333333,9928.57142857,7.92163228571
2004-08-31,15.6463636364,15.7236363636,15.6168181818,15.6877272727,6877.27272727,8.19230881818
2004-09-30,15.789047619,15.899047619,15.7504761905,15.8366667143,10152.3809524,8.31327738095
2004-10-31,15.9661903333,16.0595238095,15.8904761429,15.9766667619,9100.0,8.42757561905
2004-11-30,16.0104763333,16.1147619524,15.9276190952,16.0314287143,8200.0,8.50107980952
2004-12-31,15.7349999545,15.7918182727,15.6718181818,15.7395455,13577.2727273,8.38902790909
2005-01-31,15.9542104737,16.0315788947,15.905263,15.9689473158,11289.4736842,8.55944931579
2005-02-28,16.3278947895,16.4194738421,16.2642104211,16.3210525789,11573.6842105,8.78957215789
2005-03-31,15.7409091818,15.8359090909,15.6781818636,15.7404544545,16077.2727273,8.51951572727
2005-04-30,15.4804761905,15.590952381,15.4233333333,15.5057142857,10852.3809524,8.43187138095
2005-05-31,15.7647619048,15.8304761429,15.6728571905,15.7780952857,8185.71428571,8.62636847619
2005-06-30,15.9813635909,16.0977271364,15.9145453636,16.0068181818,9122.72727273,8.80012468182
2005-07-31,15.94049995,15.99499995,15.8785,15.9325,8895.0,8.7994455
2005-08-31,15.7963636364,15.845,15.7431818182,15.7918181818,9031.81818182,8.76671422727
2005-09-30,15.9519047143,16.0157141905,15.8909524286,15.9400000476,9128.57142857,8.89197390476
2005-10-31,15.6428571429,15.7385714286,15.59,15.6771428571,9761.9047619,8.79227338095
2005-11-30,15.4995238095,15.5595238095,15.3657142857,15.4866666667,14157.1428571,8.73258171429
2005-12-31,15.1275,15.2425,15.0665,15.171,16745.0,8.59306505
2006-01-31,15.64499995,15.75499995,15.539,15.63550005,11320.0,8.9093647
2006-02-28,15.4057894737,15.4926315789,15.3247368421,15.4231578947,16868.4210526,8.83724910526
2006-03-31,15.3704545455,15.4495454545,15.2513636364,15.3240909091,18322.7272727,8.82685140909
2006-04-30,15.4721052632,15.5252631579,15.3236842105,15.4526315789,17763.1578947,8.94161915789
2006-05-31,15.0886363636,15.1413636364,14.9327272727,15.0181818182,14354.5454545,8.73547922727
2006-06-30,14.895,14.9768181818,14.7877272727,14.8745454545,13413.6363636,8.69334913636
2006-07-31,15.0336842105,15.1436842105,14.9331578947,15.0563157895,17752.6315789,8.85235594737
2006-08-31,15.4986956522,15.5547826087,15.387826087,15.4713043478,22300.0,9.09882921739
2006-09-30,15.939,16.03750005,15.87400005,15.9674999,16955.0,9.4327012
2006-10-31,15.8195239048,15.8895238095,15.7533333333,15.8104761905,16314.2857143,9.38583366667
2006-11-30,15.9119048095,15.9752379048,15.8890476667,15.9433332857,9533.33333333,9.51609271429
2006-12-31,16.0530001,16.1249999,15.98750005,16.0424999,12405.0,9.614706
2007-01-31,15.9165,16.012,15.8755,15.94150015,7785.0,9.60822325
2007-02-28,16.0478947895,16.1568422632,16.0131578947,16.0947365789,9168.42105263,9.73559257895
2007-03-31,16.2204545909,16.3104544545,16.1400000909,16.2363635909,8431.81818182,9.87246195455
2007-04-30,16.1354999,16.20400015,16.10949985,16.1670002,10100.0,9.88410605
2007-05-31,15.9833331429,16.0695236667,15.9485713333,16.004762,11723.8095238,9.83252433333
2007-06-30,15.6419047619,15.8052380952,15.6033333333,15.6704761905,22190.4761905,9.67037428571
2007-07-31,15.5238095238,15.6585714286,15.4728571429,15.55,10800.0,9.64868161905
2007-08-31,15.0139130435,15.1639130435,14.8956521739,15.052173913,16117.3913043,9.38985352174
2007-09-30,15.5255555556,15.6961111111,15.445,15.5611111111,13750.0,9.75312177778
2007-10-31,15.3930434783,15.571739087,15.2952173913,15.41,14513.0434783,9.70578321739
2007-11-30,15.2152380952,15.3347619048,15.1471428571,15.2266666667,12957.1428571,9.63437952381
2007-12-31,15.2057894737,15.3342105263,15.1584210526,15.2378947368,12252.6315789,9.69488131579
2008-01-31,15.7195239048,15.885714381,15.6257142857,15.7847618571,13890.4761905,10.0866139048
2008-02-29,15.433,15.5215,15.374,15.4255,11645.0,9.91011455
2008-03-31,14.919,15.0415,14.834,14.9225,10040.0,9.6384915
2008-04-30,15.0580952381,15.1695238095,14.9785714286,15.0876190476,11719.047619,9.77661685714
2008-05-31,15.0857142857,15.1923809524,15.0228571429,15.0957142857,13880.952381,9.82302714286
2008-06-30,14.9104761905,15.0452380952,14.7919047619,14.9133333333,11104.7619048,9.75987685714
2008-07-31,14.2752380952,14.3776190476,14.1642857143,14.2719047619,13800.0,9.39632819048
2008-08-31,14.1471428571,14.2761904762,14.09,14.2095238095,11104.7619048,9.39450842857
2008-09-30,13.52,13.7171428571,13.3319047619,13.5152380952,25009.5238095,8.98585504762
2008-10-31,11.462173913,11.9208695652,11.1382608696,11.6347826087,28608.6956522,7.76247073913
2008-11-30,11.8663157895,12.28,11.5994736842,11.8189473684,21421.0526316,7.94778405263
2008-12-31,12.8990909091,13.1859090909,12.6240909091,12.9604545455,34522.7272727,8.77838795455
2009-01-31,14.0347368421,14.1889473684,13.7373684211,13.92,27168.4210526,9.48116831579
2009-02-28,14.2663157895,14.4642105263,14.0421052632,14.32,21831.5789474,9.80391094737
2009-03-31,13.1377272727,13.405,12.9390909091,13.1004545455,19804.5454545,9.01877986364
2009-04-30,13.424,13.6335,13.288,13.475,17300.0,9.3339638
2009-05-31,14.3305,14.491,14.1515,14.305,17270.0,9.95143515
2009-06-30,14.9695454545,15.0827272727,14.765,14.9195454545,15963.6363636,10.4363409545
2009-07-31,15.2666666667,15.459047619,15.1028571429,15.2385714286,17252.3809524,10.706963381
2009-08-31,15.9233333333,16.0085715238,15.7438095238,15.8757141905,17823.8095238,11.2099828571
2009-09-30,16.002857,16.0876190476,15.9323809048,16.02,19033.3333333,11.369081381
2009-10-31,16.2533335238,16.3100000476,16.1023808095,16.1776190952,16157.1428571,11.5245519524
2009-11-30,15.82749995,15.89499995,15.703,15.8055,18900.0,11.3196295
2009-12-31,15.9681818182,16.0131818182,15.8263636818,15.944091,23768.1818182,11.5107828182
2010-01-31,16.2247367368,16.2726312105,16.1205266842,16.1789472632,14847.3684211,11.7621321053
2010-02-28,16.1744444444,16.2599998889,16.0405556111,16.1338889444,24438.8888889,11.7889073889
2010-03-31,16.8708697826,16.9769567391,16.6682607391,16.8291304783,28591.3043478,12.358568913
2010-04-30,16.9280953333,16.9652381905,16.7557142857,16.8347620476,18923.8095238,12.4155152381
2010-05-31,16.66150015,16.756,16.42550005,16.56799985,17735.0,12.2811757
2010-06-30,16.7363635909,16.8354544545,16.6227273182,16.7327274545,12077.2727273,12.4724542273
2010-07-31,17.1457142857,17.2180952857,16.9733331905,17.0647615714,17485.7142857,12.7753737619
2010-08-31,17.4161904286,17.4785712381,17.3042857143,17.4061902381,15419.047619,13.0976562857
2010-09-30,17.369524,17.461428619,17.2471429048,17.3747619048,24185.7142857,13.1455904286
2010-10-31,17.8319047619,17.983809619,17.6809521429,17.8195238095,22738.0952381,13.5337029048
2010-11-30,17.4645,17.57600005,17.30350015,17.4209999,22035.0,13.2946392
2010-12-31,16.5963635,16.6754544545,16.4022725909,16.5563635909,33954.5454545,12.7083261818
2011-01-31,16.54849975,16.62299985,16.4639998,16.555,17230.0,12.76307435
2011-02-28,16.3552629474,16.4199999474,16.2842106842,16.3600000526,20173.6842105,12.6690974211
2011-03-31,16.4534782174,16.5026084783,16.3639128696,16.4330434348,15600.0,12.7899174783
2011-04-30,16.2839999,16.3604999,16.2524999,16.3189998,18055.0,12.7528365
2011-05-31,16.7338096667,16.8023810952,16.6423809524,16.7542858571,16433.3333333,13.154013381
2011-06-30,17.1252380952,17.2314285238,16.971428619,17.145238,19704.7619048,13.527977381
2011-07-31,17.069,17.17450005,16.99599995,17.1059999,14145.0,13.5447991
2011-08-31,16.9804347826,17.0669566087,16.7939131304,16.9552172174,17473.9130435,13.4879053478
2011-09-30,17.25999985,17.4115,17.08149965,17.2409999,12980.0,13.76927555
2011-10-31,17.0919046667,17.1757142857,16.8785713333,17.0380952857,14666.6666667,13.6669418095
2011-11-30,17.4219047619,17.5661907619,17.2747618095,17.468095,11147.6190476,14.0732590952
2011-12-31,17.4771428571,17.5961901429,17.356190381,17.485238,15709.5238095,14.1225975714
2012-01-31,17.5195,17.62749995,17.4384998,17.5710002,14680.0,14.27409605
2012-02-29,17.9105001,17.99449995,17.83899985,17.94750005,15315.0,14.6375223
2012-03-31,17.7047617143,17.7838097619,17.6033331905,17.6833332857,17166.6666667,14.4696498095
2012-04-30,17.59849995,17.70200005,17.55299985,17.663,15760.0,14.5183612
2012-05-31,17.6018180909,17.693182,17.5413635909,17.6440911364,20250.0,14.5629620909
2012-06-30,17.8495003,17.88950015,17.75100025,17.8575,18675.0,14.7889765
2012-07-31,18.4261905238,18.5333332857,18.324762,18.4814285714,12876.1904762,15.3705648571
2012-08-31,18.6521740435,18.7282607826,18.5300001739,18.68,14069.5652174,15.5832823913
2012-09-30,18.748421,18.8615790526,18.658421,18.811579,22368.4210526,15.7521524737
2012-10-31,18.9380001,19.0080002,18.80899995,18.9200001,22530.0,15.89637215
2012-11-30,19.1438097143,19.2228572381,18.9338097619,19.0942856667,20500.0,16.0886148095
2012-12-31,18.3985003,18.4865001,18.3250001,18.39899985,21180.0,15.55207645
2013-01-31,18.53550015,18.5950002,18.4945001,18.5615,24640.0,15.74652675
2013-02-28,18.1526318421,18.2531581053,18.1363159474,18.191579,20794.7368421,15.48282
2013-03-31,18.01000005,18.1015001,17.97449995,18.045,18430.0,15.39612875
2013-04-30,18.1890477143,18.3114288095,18.1790479048,18.2680950476,24090.4761905,15.6429817143
2013-05-31,18.1527273182,18.2381814545,18.1,18.1681818636,18640.9090909,15.5988239091
2013-06-30,17.08250015,17.20050025,17.01350005,17.1200003,31585.0,14.7504861
2013-07-31,16.7433332857,16.8628574286,16.7219048571,16.8042856667,21109.5238095,14.531984381
2013-08-31,16.3977272273,16.4531817727,16.3686365,16.4072725909,19136.3636364,14.2325417273
2013-09-30,16.3764999,16.47849995,16.34899985,16.42149965,22720.0,14.30018235
2013-10-31,16.6477270909,16.6968181364,16.6181817273,16.6604544545,17700.0,14.5617753182
2013-11-30,16.84100025,16.90600025,16.79600005,16.8645001,23740.0,14.78341155
2013-12-31,16.6404760476,16.7480952857,16.5933333333,16.6847617619,32804.7619048,14.6976463333
2014-01-31,17.0090478571,17.0790478095,16.9814286667,17.0295237619,17695.2380952,15.0735371905
2014-02-28,17.1505557778,17.2166666111,17.1361112778,17.1794445,21005.5555556,15.2611214444
2014-03-31,17.508571381,17.5485715714,17.4728572381,17.5019048571,14866.6666667,15.5987934762
2014-04-30,17.5971428571,17.6600001429,17.5699999524,17.6219048095,20628.5714286,15.7603442381
2014-05-31,17.8849999,17.9460001,17.86499995,17.89749985,20045.0,16.04641095
2014-06-30,17.9266667619,17.997143,17.9114285714,17.9447622381,22485.7142857,16.1403097143
2014-07-31,17.9881817727,18.0459093182,17.9540905,17.9718182273,15318.1818182,16.2177059545
2014-08-31,17.7804759524,17.887619,17.770476,17.8304760476,17233.3333333,16.1300620476
2014-09-30,17.83149995,17.90299985,17.794,17.8395,21105.0,16.19177645
2014-10-31,17.6334782174,17.710000087,17.6034781739,17.661304087,16843.4782609,16.070898087
2014-11-30,17.7363159474,17.7973685263,17.7184208947,17.7657894211,12584.2105263,16.2157688947
2014-12-31,17.7176188095,17.771428619,17.6680951905,17.7128569048,11719.047619,16.2482839524
2015-01-31,18.08700005,18.16399995,18.0415001,18.10300005,11715.0,16.69084145
2015-02-28,17.9910526316,18.0610525789,17.958947,18.004737,13905.2631579,16.642325
2015-03-31,17.9345454545,17.9918183636,17.9013635,17.9404545455,9081.81818182,16.6262139091
2015-04-30,18.0871429524,18.1376190476,18.0547621905,18.106190619,8557.14285714,16.8266225714
2015-05-31,17.85199975,17.8804999,17.80749985,17.8315003,15015.0,16.6038354
2015-06-30,17.5436363182,17.6190909091,17.4904547727,17.5354546364,12622.7272727,16.3739572273
2015-07-31,17.4104761429,17.4785715238,17.3576191429,17.413809381,7785.71428571,16.2990457619
2015-08-31,17.2361905714,17.2757142381,17.1623809048,17.208571619,13514.2857143,16.1504948095
2015-09-30,17.4428569524,17.5804765238,17.3509520952,17.4466665714,28166.6666667,16.4210839048
2015-10-31,17.5676189524,17.6219049048,17.5133332381,17.5680953333,7566.66666667,16.5718224762
2015-11-30,17.5305,17.57750015,17.4770001,17.5184999,7805.0,16.56791495
2015-12-31,17.2472724545,17.3027274545,17.1790907727,17.2263636818,8827.27272727,16.6074719091
2016-01-31,16.7433331667,16.7988888333,16.6788888889,16.7238890556,6494.44444444,16.4308118889
2016-02-29,16.5920001,16.6485,16.55899985,16.6090002,11125.0,16.3654623
2016-03-31,17.1722727727,17.2631817273,17.1459091818,17.2045455455,6681.81818182,17.0000799545
2016-04-30,17.7838096667,17.8466669524,17.7438096667,17.8052381429,31166.6666667,17.6332210476
2016-05-31,18.1944998,18.27650005,18.138,18.21300005,15930.0,18.0874051
2016-06-30,18.3468183182,18.4045455455,18.3154543636,18.3545457727,12804.5454545,18.2824769091
2016-07-31,18.5390001,18.6014999,18.5040002,18.5490001,5985.0,18.5190875
2016-08-31,18.6160004,18.658,18.5260002,18.568,9800.0,18.568
