Date,Open,High,Low,Close,Volume,Adj Close
1987-07-31,16.1249348,16.2499342,15.7249364,15.874936,35000.0,4.5603916
1987-08-31,16.3094579524,16.5296950952,16.1070777619,16.3927909524,19257.1428571,4.70915590476
1987-09-30,16.1725536667,16.3094578571,16.0356494762,16.1666012857,11942.8571429,4.64417861905
1987-10-31,14.539714,14.7783495909,14.3124420455,14.5056231364,20177.2727273,4.16702931818
1987-11-30,16.12493475,16.27493435,15.93743555,16.15618465,13700.0,4.64118615
1987-12-31,15.4285091429,15.5892226667,15.2082719524,15.4106521429,12204.7619048,4.427017
1988-01-31,15.18118885,15.33118815,15.0436893,15.16868875,8855.0,4.3575081
1988-02-29,15.6186868,15.7436863,15.5124372,15.6436867,8845.0,4.493961
1988-03-31,15.5977630435,15.7227623913,15.4836331304,15.5923283478,8582.60869565,4.51058626087
1988-04-30,15.03743915,15.21868865,14.96243945,15.04368915,10665.0,4.4632938
1988-05-31,14.9936893,15.1436889,14.9436896,15.0561891,7145.0,4.46700255
1988-06-30,15.8578903182,15.9999352727,15.7953906818,15.8862993182,8186.36363636,4.74721572727
1988-07-31,16.1311846,16.23743425,16.0186851,16.1186848,5805.0,4.93405255
1988-08-31,16.2390648261,16.4184117826,16.1738477391,16.2934124783,9660.86956522,4.98753778261
1988-09-30,16.3808861905,16.5892184762,16.1904106667,16.3868384286,6485.71428571,5.05257790476
1988-10-31,15.98118525,16.1686845,15.88118575,16.056185,7070.0,5.06732345
1988-11-30,15.9344592857,16.0773158571,15.8154121429,15.922554619,8457.14285714,5.02514966667
1988-12-31,15.6011273333,15.8273169524,15.4999371905,15.6427939048,9123.80952381,4.97430590476
1989-01-31,15.3094618571,15.517794381,15.2380336667,15.3927949048,8114.28571429,5.01723790476
1989-02-28,15.6315157368,15.7959887895,15.5262531579,15.6512524737,6410.52631579,5.10148136842
1989-03-31,15.3927949524,15.5237467619,15.2916049524,15.351128381,6852.38095238,5.04200766667
1989-04-30,14.5436914,14.69994045,14.3686921,14.48119165,11775.0,4.8774422
1989-05-31,14.5681229091,14.6874405909,14.4431236364,14.5567594091,10568.1818182,4.90289422727
1989-06-30,14.2840329545,14.4885777727,14.1306248636,14.3067603182,16422.7272727,4.85487254545
1989-07-31,13.64369475,13.75619415,13.42494565,13.60619485,11095.0,4.7394097
1989-08-31,13.782552913,13.9455957391,13.6955968696,13.8532048696,9669.56521739,4.79301786957
1989-09-30,13.4561955,13.587445,13.27494615,13.38744585,17990.0,4.70508025
1989-10-31,12.5851762273,12.7669935909,12.4885855909,12.6079033636,11750.0,4.56059090909
1989-11-30,12.0773319048,12.2678073333,11.8570948095,12.0773319048,12028.5714286,4.36867009524
1989-12-31,11.3157436842,11.5131112105,11.1315340526,11.3091648421,21684.2105263,4.13594089474
1990-01-31,11.6590435909,11.8351792273,11.5738167273,11.7101798636,10531.8181818,4.42624077273
1990-02-28,11.8815307895,12.0591615789,11.7631101579,11.8881097368,8657.89473684,4.49349510526
1990-03-31,12.0510874091,12.2101778182,11.8976789545,12.0454056818,7800.0,4.59315768182
1990-04-30,11.0437056,11.26870465,10.931206,11.04995555,9215.0,4.33492275
1990-05-31,11.2499547727,11.4317720455,11.1420006364,11.2840455,8154.54545455,4.44105554545
1990-06-30,11.2856689524,11.4106682381,11.1725740952,11.3094782857,11185.7142857,4.49845757143
1990-07-31,10.3451965238,10.4642436667,10.1547210476,10.2618635238,14014.2857143,4.22444847619
1990-08-31,9.16844126087,9.31517995652,9.05974604348,9.16844126087,15943.4782609,3.77432530435
1990-09-30,9.77773838889,9.93051555556,9.61801688889,9.74996077778,11255.5555556,4.06825372222
1990-10-31,8.98909426087,9.108659,8.90757291304,8.994529,19378.2608696,3.8926183913
1990-11-30,8.89877361905,9.00591614286,8.77972657143,8.91663071429,11185.7142857,3.858906
1990-12-31,8.66871515,8.80621455,8.5499657,8.693715,17105.0,3.81453335
1991-01-31,7.98860409091,8.10224004545,7.90905904545,7.99996772727,6059.09090909,3.67525704545
1991-02-28,8.98607494444,9.16662966667,8.90274194444,9.04857466667,20522.2222222,4.15699666667
1991-03-31,9.42496215,9.5124618,9.33121245,9.4187121,17045.0,4.38416565
1991-04-30,9.20450827273,9.26132636364,9.08519072727,9.13064509091,10413.6363636,4.41547795455
1991-05-31,9.26132631818,9.40337131818,9.14200863636,9.32382613636,11859.0909091,4.50889822727
1991-06-30,10.78745655,10.943706,10.60620735,10.78120655,13975.0,5.2723726
1991-07-31,9.91473277273,10.0056414545,9.80677881818,9.89200563636,6172.72727273,5.00243190909
1991-08-31,10.0510959545,10.1647317727,9.96018704545,10.0965502727,8413.63636364,5.11788772727
1991-09-30,10.58745745,10.69370695,10.449958,10.56245755,6815.0,5.41694685
1991-10-31,10.0814812609,10.1901763913,10.0053944783,10.0977856087,5926.08695652,5.37128395652
1991-11-30,10.5249576,10.63120715,10.4124582,10.55620745,7450.0,5.615131
1991-12-31,10.3437084,10.46870785,10.20620895,10.3437084,14050.0,5.56775745
1992-01-31,9.84086954545,9.99427790909,9.72723363636,9.86359663636,10431.8181818,5.50905240909
1992-02-29,10.1118012632,10.2302219474,10.0196964211,10.1381171053,9273.68421053,5.66237873684
1992-03-31,9.54541613636,9.64200654545,9.30678068182,9.46018922727,26804.5454545,5.31516731818
1992-04-30,7.7874687,7.90621825,7.693719,7.79371865,12935.0,4.49339685
1992-05-31,7.6999691,7.81246865,7.6124695,7.70621915,15075.0,4.44294975
1992-06-30,7.54542454545,7.65337881818,7.49428818182,7.56815168182,13313.6363636,4.36334822727
1992-07-31,7.80678677273,7.90905922727,7.73860522727,7.84655936364,12190.9090909,4.52386186364
1992-08-31,7.71425485714,7.80949242857,7.6606837619,7.71425485714,14780.952381,4.44758266667
1992-09-30,7.79163547619,7.86306357143,7.70830257143,7.77377838095,9642.85714286,4.51644371429
1992-10-31,6.89282947619,6.97021014286,6.76187761905,6.83925828571,18976.1904762,4.19815919048
1992-11-30,6.8562225,7.0562217,6.7749729,6.92497235,12010.0,4.2656233
1992-12-31,7.46587909091,7.63065127273,7.39769754545,7.52269713636,17359.0909091,4.6695315
1993-01-31,8.3687163,8.51246565,8.2874666,8.4124661,14235.0,5.3605741
1993-02-28,8.87496431579,8.98680584211,8.80259626316,8.90127994737,13900.0,5.67205484211
1993-03-31,8.26133040909,8.44882963636,8.136331,8.24996690909,44136.3636364,5.27586413636
1993-04-30,7.79758771429,7.87496838095,7.74996890476,7.79163542857,21276.1904762,5.04911566667
1993-05-31,7.70621935,7.80621875,7.66246945,7.7312192,21100.0,5.0099647
1993-06-30,7.76701436364,7.87496827273,7.72156018182,7.82383218182,19722.7272727,5.08905195455
1993-07-31,8.47020409524,8.6011557619,8.41663290476,8.48806114286,18147.6190476,5.59057619048
1993-08-31,8.5832987619,8.67258414286,8.49401347619,8.56544171429,17619.047619,5.64154228571
1993-09-30,8.55948933333,8.64877457143,8.49996580952,8.54163228571,14809.5238095,5.64551895238
1993-10-31,8.64877471429,8.7499647619,8.56544171429,8.654727,15166.6666667,5.7841717619
1993-11-30,8.82734538095,8.92853547619,8.74401238095,8.83329771429,38023.8095238,5.903515
1993-12-31,8.26701227273,8.39201159091,8.13633113636,8.23860336364,28418.1818182,5.52517540909
1994-01-31,7.86306371429,7.96425357143,7.78568314286,7.88092066667,12695.2380952,5.35335633333
1994-02-28,7.937468,8.04163422222,7.91663472222,7.98607877778,11655.5555556,5.4247885
1994-03-31,7.86953352174,7.94018556522,7.78801195652,7.85322921739,17582.6086957,5.33454621739
1994-04-30,7.55918021053,7.67102189474,7.52628557895,7.57233810526,11731.5789474,5.14374210526
1994-05-31,7.67258861905,7.73806433333,7.64877928571,7.67258866667,11480.952381,5.21184033333
1994-06-30,8.00564954545,8.10792181818,7.94314981818,8.02837677273,17390.9090909,5.4535205
1994-07-31,7.98746775,8.09371735,7.9562178,8.02496765,12450.0,5.4512048
1994-08-31,8.32383013636,8.42042063636,8.27837577273,8.34087559091,18409.0909091,5.66579481818
1994-09-30,7.77377833333,7.82139719048,7.69639761905,7.77377828571,17252.3809524,5.28057671429
1994-10-31,7.78568304762,7.8392542381,7.75592133333,7.79163542857,14885.7142857,5.29270652381
1994-11-30,7.6130647619,7.66663590476,7.55949361905,7.60711233333,14419.047619,5.16736352381
1994-12-31,7.39282714286,7.43449380952,7.37497004762,7.38687480952,19247.6190476,5.01776071429
1995-01-31,7.565446,7.64877909524,7.54758885714,7.58330309524,8542.85714286,5.15119052381
1995-02-28,8.09024527778,8.20135583333,8.04163433333,8.11802294444,29944.4444444,5.51441538889
1995-03-31,7.47823082609,7.57062186957,7.40757891304,7.45105704348,99473.9130435,5.06135847826
1995-04-30,7.94733636842,8.00654673684,7.92759957895,7.95391526316,26642.1052632,5.40294036842
1995-05-31,7.97155886364,8.01133136364,7.90905913636,7.96019531818,23186.3636364,5.40720618182
1995-06-30,7.94314981818,7.99996781818,7.93178618182,7.94314977273,13850.0,5.39562754545
1995-07-31,7.48023305263,7.53615415789,7.40786489474,7.46049621053,34336.8421053,5.06777031579
1995-08-31,6.92931978261,7.02171078261,6.89127652174,6.96736321739,31582.6086957,4.73279469565
1995-09-30,8.27496685,8.3687164,8.237467,8.3312165,38430.0,5.6592339
1995-10-31,8.78405563636,8.83519172727,8.71587404545,8.76701031818,12513.6363636,5.95525977273
1995-11-30,8.59520347619,8.67853647619,8.571394,8.62496528571,13247.6190476,5.85877142857
1995-12-31,8.48746585,8.5624655,8.44996605,8.48746585,19905.0,5.76537095
1996-01-31,9.04758266667,9.11305857143,9.0059162381,9.04163028571,18609.5238095,6.14180433333
1996-02-29,9.13433835,9.1780882,9.11871315,9.15621295,19170.0,6.2196383
1996-03-31,8.970202,9.03567780952,8.95829728571,8.99401133333,11961.9047619,6.10945766667
1996-04-30,9.01186866667,9.02972566667,8.999964,8.999964,11090.4761905,6.113501
1996-05-31,8.92041854545,8.97155490909,8.89200945455,8.90905490909,14400.0,6.05174827273
1996-06-30,8.887464,8.949964,8.887464,8.924964,7190.0,6.062555
1996-07-31,8.91067833333,8.92853542857,8.86305933333,8.88091642857,22342.8571429,6.03263438095
1996-08-31,8.73291945455,8.78405559091,8.71587404545,8.74428304545,9250.0,5.93982168182
1996-09-30,8.99996395,9.0374637,8.96246405,9.01871385,26295.0,6.1262375
1996-10-31,8.97822482609,9.0325723913,8.94561617391,9.00539865217,13560.8695652,6.11719269565
1996-11-30,9.02496365,9.07496355,8.98121375,9.02496365,23540.0,6.13048285
1996-12-31,8.97020204762,9.02972561905,8.95234495238,8.98805904762,42247.6190476,6.10541433333
1997-01-31,9.47615233333,9.52972357143,9.40472395238,9.44639057143,8328.57142857,6.41674995238
1997-02-28,9.32890984211,9.40127789474,9.28285742105,9.34206768421,14484.2105263,6.34588526316
1997-03-31,10.63120725,10.76870675,10.5187076,10.6624572,13295.0,7.2428003
1997-04-30,10.1931408636,10.2385951818,10.0908685909,10.1420047273,7486.36363636,6.88926709091
1997-05-31,10.6368619524,10.7797185238,10.5594812857,10.6785284762,16800.0,7.2537172381
1997-06-30,13.68744445,13.77494415,13.51244525,13.6311947,97905.0,9.2594064
1997-07-31,12.5993823636,12.7158580455,12.3976790455,12.5027919545,40918.1818182,8.49290409091
1997-08-31,11.2797189524,11.3838851905,11.1547202857,11.2559084762,35809.5238095,7.64592042857
1997-09-30,11.0684099048,11.1755524286,10.9910282857,11.068410381,31095.2380952,7.51855647619
1997-10-31,10.5461552174,10.657568,10.3939824348,10.4945248696,33134.7826087,7.12112386957
1997-11-30,9.944041,10.0032508947,9.82890994737,9.89469942105,21847.3684211,6.72127752632
1997-12-31,9.68462159091,9.79541731818,9.60791809091,9.73007672727,28018.1818182,6.60945222727
1998-01-31,10.29058545,10.39058505,10.2405862,10.32496115,19640.0,7.01354585
1998-02-28,11.1041235556,11.2082911111,11.0277350556,11.1180135556,24427.7777778,7.552251
1998-03-31,10.8806402273,10.9971168182,10.7954133636,10.8749576364,18304.5454545,7.38714790909
1998-04-30,10.1696049524,10.2172233333,10.0773423333,10.1309145238,14252.3809524,6.88173385714
1998-05-31,10.10933645,10.1874616,10.07496145,10.14058685,19610.0,6.888304
1998-06-30,10.1391652273,10.1959842273,10.1164370909,10.1533704545,16754.5454545,6.89698759091
1998-07-31,10.154722381,10.1904370952,10.107102,10.14877,14071.4285714,6.89386247619
1998-08-31,9.71424752381,9.78270052381,9.63984328571,9.67853338095,22671.4285714,6.57443995238
1998-09-30,8.33627771429,8.39282533333,8.26485042857,8.32735095238,12771.4285714,5.656608
1998-10-31,7.84372054545,7.93178813636,7.73008422727,7.81531113636,40695.4545455,5.30878913636
1998-11-30,8.7530911,8.8218414,8.69059225,8.7655924,41605.0,5.9167806
1998-12-31,10.1334839545,10.1846215,10.1164385909,10.1448475,13427.2727273,6.89119804545
1999-01-31,9.74009473684,9.76640989474,9.69404178947,9.71048936842,5484.21052632,6.59614689474
1999-02-28,9.26312268421,9.30259726316,9.21378252632,9.25983447368,5652.63157895,6.29002615789
1999-03-31,8.64942408696,8.70105408696,8.58964178261,8.65485921739,12178.2608696,5.87907786957
1999-04-30,7.96246955,8.01559505,7.89371985,7.9343454,5725.0,5.3896468
1999-05-31,8.12496995,8.1968433,8.0530945,8.12809425,8825.0,5.52125655
1999-06-30,8.06246954545,8.11644668182,8.01985677273,8.05394709091,18140.9090909,5.47088990909
1999-07-31,8.10413590476,8.15770652381,8.0684212381,8.10711128571,4133.33333333,5.50700333333
1999-08-31,8.02838063636,8.07667572727,8.01417636364,8.05679068182,5163.63636364,5.47282122727
1999-09-30,7.98211309524,8.06544657143,7.95830461905,8.02675595238,5457.14285714,5.45241990476
1999-10-31,7.98508852381,8.04163571429,7.8987787619,7.96127919048,60152.3809524,5.37715685714
1999-11-30,7.82437661905,7.86901842857,7.79759080952,7.82140014286,7366.66666667,5.31292528571
1999-12-31,7.64201677273,7.66474445455,7.585199,7.61360772727,16590.9090909,5.17177590909
2000-01-31,7.7187213,7.7655958,7.68747125,7.7249708,4175.0,5.2474226
2000-02-29,7.72497105,7.74684565,7.6999712,7.7155959,22770.0,5.2410543
2000-03-31,7.70167668182,7.76133481818,7.68463095455,7.74713059091,5172.72727273,5.26247536364
2000-04-30,7.89799589474,7.96707542105,7.83220673684,7.89470731579,6542.10526316,5.36272147368
2000-05-31,8.42326313636,8.53405745455,8.34655913636,8.46871704545,22304.5454545,5.75263527273
2000-06-30,9.36928186364,9.4658725,9.26700995455,9.36644209091,9359.09090909,6.36244259091
2000-07-31,9.4093395,9.50308805,9.34683925,9.42183845,7885.0,6.40007215
2000-08-31,8.95377095652,9.0352923913,8.893989,8.95648817391,5926.08695652,6.08393495652
2000-09-30,8.9687159,9.0374661,8.91559125,8.971842,8075.0,6.09439845
2000-10-31,9.03973845455,9.10223859091,8.96871545455,9.03121559091,9013.63636364,6.13472977273
2000-11-30,8.99698919048,9.0327037619,8.964251,8.99103728571,4195.23809524,6.10743738095
2000-12-31,8.85522984211,8.92430889474,8.80917742105,8.88154610526,10073.6842105,6.03306210526
2001-01-31,9.53912995238,9.62853457143,9.51496342857,9.5984152381,4219.04761905,6.52001728571
2001-02-28,9.95206552632,10.0046972632,9.910487,9.96469752632,3105.26315789,6.76882589474
2001-03-31,9.45723563636,9.50996286364,9.404509,9.44405418182,5550.0,6.41516277273
2001-04-30,9.25364826316,9.30206889474,9.20154268421,9.25364815789,7278.94736842,6.28582368421
2001-05-31,9.63087095455,9.70041690909,9.51996190909,9.63996277273,11204.5454545,6.54823986364
2001-06-30,10.2523395238,10.312339381,10.1875778095,10.2442447143,5700.0,6.95871666667
2001-07-31,9.73853228571,9.78472280952,9.714247,9.76091419048,8433.33333333,6.63039957143
2001-08-31,9.76039595652,9.80213495652,9.67822343478,9.72344,6434.7826087,6.60490826087
2001-09-30,9.15262973333,9.20863013333,9.07529646667,9.1126298,5920.0,6.1900328
2001-10-31,9.09996365217,9.19604982609,9.05865943478,9.13909395652,4100.0,6.20800930435
2001-11-30,9.16472547619,9.254725,9.1194877619,9.20520095238,5357.14285714,6.25291447619
2001-12-31,9.24785826316,9.32838463158,9.18048978947,9.25101631579,7289.47368421,6.28403584211
2002-01-31,9.1252027619,9.1732977619,9.114727,9.15044104762,5128.57142857,6.21571719048
2002-02-28,9.10628068421,9.13838547368,9.06259636842,9.10470157895,8842.10526316,6.18464705263
2002-03-31,8.9934642,9.0304633,8.9629634,8.98796255,3135.0,6.1053486
2002-04-30,9.3952007619,9.52615219048,9.32282085714,9.48472404762,9485.71428571,6.44278919048
2002-05-31,9.74223386364,9.81814227273,9.68587068182,9.76041572727,5140.90909091,6.63006095455
2002-06-30,10.04846005,10.09595995,9.98146045,10.0324605,4030.0,6.81485585
2002-07-31,9.31314568182,9.33996368182,9.25905495455,9.29360040909,4500.0,6.31296245455
2002-08-31,8.9642492381,8.99234428571,8.91615509524,8.94520280952,4814.28571429,6.0763027619
2002-09-30,9.02096375,9.052964,9.00496345,9.0294633,2325.0,6.1335394
2002-10-31,8.80213904348,8.84952956522,8.754748,8.79735656522,5017.39130435,5.97587369565
2002-11-30,8.644966,8.6854654,8.6014665,8.6444664,6720.0,5.8720186
2002-12-31,8.95396465,9.03796415,8.9084643,8.99896395,5925.0,6.1128217
2003-01-31,10.0875791905,10.2013886667,10.0137703333,10.1437703333,7500.0,6.89046638095
2003-02-28,10.5041696316,10.5589067895,10.4404855789,10.5220647368,4036.84210526,7.14743468421
2003-03-31,10.2209604,10.29146055,10.15746005,10.22946065,5355.0,6.94867435
2003-04-30,10.432816381,10.5190060952,10.4066264762,10.4961502857,4157.14285714,7.12983133333
2003-05-31,11.6370971429,11.7399535238,11.5732875238,11.7099546667,7557.14285714,7.95434519048
2003-06-30,12.11695255,12.18545185,12.07595255,12.13045155,3640.0,8.23998055
2003-07-31,12.1204067727,12.2108599091,12.0194979545,12.1135882273,5459.09090909,8.22852577273
2003-08-31,11.6185258095,11.7213823333,11.4494778095,11.6247162857,18833.3333333,7.89644447619
2003-09-30,11.6399541,11.72045375,11.5174545,11.6584543,11785.0,7.91936195
2003-10-31,11.6882149565,11.7425625217,11.6295200435,11.6895186522,4869.56521739,7.94046343478
2003-11-30,12.5536347895,12.8641593684,12.4573191053,12.7488972632,43678.9473684,8.66007868421
2003-12-31,16.8294783636,16.979022,16.6503880455,16.8517512273,34013.6363636,11.4457388182
2004-01-31,16.88193365,16.9814331,16.7444332,16.8539333,12765.0,11.44855025
2004-02-29,16.2957246842,16.397829,16.1283571579,16.2651985263,12300.0,11.0486339474
2004-03-31,15.1525484348,15.2895053478,15.0203745217,15.128636,6882.60869565,9.87706008696
2004-04-30,16.3446960476,16.7365993333,16.1799352381,16.4094576667,11861.9047619,11.1466264762
2004-05-31,17.1284323,17.42993015,16.97843355,17.24043095,7770.0,11.71109055
2004-06-30,19.7551591429,20.024682,19.584683381,19.8365877143,14104.7619048,13.4746094762
2004-07-31,20.4032510952,20.4784896667,20.1032532857,20.2137283333,10123.8095238,13.730793619
2004-08-31,20.3527764762,20.6042034762,20.2651569048,20.4403951905,7180.95238095,13.8847640952
2004-09-30,21.876102619,22.1289589524,21.7427696667,21.9027700952,6228.57142857,14.8781270952
2004-10-31,21.2289624286,21.412771,21.0794389524,21.2651525714,7066.66666667,14.4450059048
2004-11-30,22.65790925,22.96190815,22.5434103,22.7749086,8865.0,15.47055365
2004-12-31,27.277619,27.6357983636,26.7717114545,27.2262548636,69740.9090909,18.494267
2005-01-31,28.04888755,28.39588725,27.56938965,28.0668878,24510.0,19.0652926
2005-02-28,29.2232155556,29.5726607778,29.0682165,29.3515505,19227.7777778,19.9379391667
2005-03-31,28.8557934091,29.2003390455,28.5717045,28.8389755455,19045.4545455,19.5897567727
2005-04-30,27.48088975,27.78288985,27.22839055,27.52839095,14670.0,18.6995022
2005-05-31,28.0503638571,28.4036972857,27.713223381,28.1579834286,10895.2380952,19.1271720952
2005-06-30,28.1648871818,28.7553409545,27.9367070455,28.4117045909,9995.45454545,19.2995200909
2005-07-31,33.6209180526,34.4035485789,33.3477609474,34.0030206316,46115.7894737,23.0975925789
2005-08-31,37.5646323043,38.1898477826,37.0663746957,37.6033283913,27869.5652174,25.5575626522
2005-09-30,37.9931800952,38.3936562381,37.6441348095,38.0650847143,10747.6190476,25.9207785714
2005-10-31,33.6551027143,34.2398630476,33.082248381,33.6960559524,17595.2380952,22.9479958571
2005-11-30,31.4579693333,31.9774922857,31.0584468571,31.5841594286,14176.1904762,21.5280162857
2005-12-31,34.19936295,34.73936215,34.0378628,34.50536285,7700.0,23.57994155
2006-01-31,37.07935245,37.37085115,36.51135325,37.01735215,7495.0,25.29656055
2006-02-28,38.839288,39.6981755,38.4848460556,39.1992879444,24077.7777778,26.7876307222
2006-03-31,43.7206943913,44.6872135652,43.1589570435,43.9385194783,20095.6521739,30.0468677826
2006-04-30,44.8740337368,45.7003487368,44.3024556316,45.0392948947,13921.0526316,30.8481543158
2006-05-31,43.9788728095,44.9364891429,43.3836358571,44.0602993333,12923.8095238,30.2066857143
2006-06-30,39.7393868182,40.665746,39.0825723636,39.7734774545,16404.5454545,27.3046429091
2006-07-31,42.4977230526,43.4377207895,41.9329890526,42.9029841579,13531.5789474,29.453061
2006-08-31,45.965907,47.0085141739,45.4606918261,46.2737321739,20121.7391304,31.8007467826
2006-09-30,50.3161203158,51.3924319474,49.8145437368,50.6124351053,15215.7894737,34.8211645789
2006-10-31,60.0884025455,61.2547615909,59.6611302273,60.5674917273,20004.5454545,41.6702061364
2006-11-30,66.9783105714,68.511636381,66.508788619,67.8549727143,24595.2380952,46.700849381
2006-12-31,80.0871869,81.9441792,78.8366926,80.69618405,31650.0,55.5980557
2007-01-31,99.1717150526,102.322756263,97.2633025789,99.8780277368,38473.6842105,68.8139622105
2007-02-28,113.060079684,115.166914158,110.817457316,112.712187789,35784.2105263,77.6564414737
2007-03-31,121.819519318,125.114506818,119.376349,122.350883273,35604.5454545,84.3440175909
2007-04-30,110.59556355,112.3660568,107.7405755,109.64056785,42715.0,75.6006895
2007-05-31,87.8382921364,89.2069218182,86.4051165,88.0114736364,44604.5454545,60.7296474545
2007-06-30,95.8681946667,97.2139032381,93.6362995714,96.0634318571,49176.1904762,66.3540574286
2007-07-31,98.83211105,100.29010665,96.505621,98.4746142,48065.0,68.01953755
2007-08-31,105.920885739,109.802175783,103.265246217,106.93566613,84856.5217391,73.8949159565
2007-09-30,113.802884722,115.589545333,110.969563,113.448996333,29050.0,78.4608908889
2007-10-31,125.032984043,127.318195913,123.528644,125.196030217,30517.3913043,86.5850945652
2007-11-30,125.92200685,128.6989944,122.421518,125.4530059,24710.0,86.81380165
2007-12-31,126.8165003,129.92398955,123.52751445,126.9864996,31345.0,87.92905945
2008-01-31,123.3790129,125.1340063,118.97353295,121.99152055,38850.0,84.47039405
2008-02-29,106.3655815,108.54357555,103.29959515,104.47909,31080.0,72.3442897
2008-03-31,87.3949196842,90.6059602632,85.5880855789,86.5922928947,31815.7894737,60.041719
2008-04-30,83.1524014091,85.9910262727,82.2842235909,82.9001285455,17372.7272727,57.5609796818
2008-05-31,92.53013715,94.71512865,91.28864235,92.56863755,19200.0,64.3420954
2008-06-30,79.708736,81.0144441905,77.8930277143,78.8982623333,21809.5238095,54.9296632857
2008-07-31,61.4130942857,62.8026113333,60.0007171905,61.1883315714,17723.8095238,42.5998537143
2008-08-31,63.7921318095,65.1959359048,62.4892798571,63.7697510476,19119.047619,44.4607674286
2008-09-30,50.03480435,51.08880025,47.24781365,49.1678055,28330.0,34.36363415
2008-10-31,29.8077066522,31.3824833478,27.4303256522,28.8751028696,38513.0434783,20.1809591304
2008-11-30,29.2893275,31.4982091111,27.4587792778,29.4971058333,38716.6666667,20.7003777222
2008-12-31,34.1075912727,36.6130368182,32.2862340455,34.0175916818,48136.3636364,24.0152278182
2009-01-31,35.5109110526,37.1309046842,33.9856545789,35.7572256842,27394.7368421,25.2433485263
2009-02-28,33.6109175789,35.8330147368,31.7872419474,33.3872370526,28068.4210526,23.5702195263
2009-03-31,25.3303540909,26.3662585909,24.2830868182,25.2008090455,28672.7272727,17.9142981818
2009-04-30,28.9136965714,29.921311,28.119889381,28.9456004762,24138.0952381,20.6487810952
2009-05-31,28.1288901,29.2983849,27.4203923,28.13288905,29930.0,20.12597105
2009-06-30,32.3941574762,33.7051044286,31.476541619,32.6689173333,27580.952381,23.4870528571
2009-07-31,36.1380381818,37.0593984545,35.3066790909,36.3466744091,20150.0,26.1311465909
2009-08-31,37.29735275,38.0933485,36.57935465,37.6288515,18535.0,27.151098
2009-09-30,40.394601381,41.2341226667,39.4355591429,40.4498405238,24866.6666667,29.2903621905
2009-10-31,39.5488913333,40.26127,38.4808009524,39.3488924286,19814.2857143,28.493148381
2009-11-30,39.4193439,40.17234095,38.8173465,39.733343,16540.0,28.84381875
2009-12-31,39.6246048095,40.0769839048,38.8031794762,39.4612718571,26714.2857143,28.7537466667
2010-01-31,43.6940402632,44.4414057895,43.0724627368,43.9956174211,28073.6842105,32.0577308421
2010-02-28,45.4703484737,46.7608706842,44.8708761053,46.3713966842,18268.4210526,33.7888600526
2010-03-31,47.2179989545,47.8034512273,46.1552725,46.9579975909,18545.4545455,34.3316733182
2010-04-30,44.5550620476,44.9145864762,43.938397619,44.5131570952,12623.8095238,32.6085501905
2010-05-31,36.734591,37.2840611053,35.2551243158,36.2324881053,23021.0526316,26.6126048421
2010-06-30,39.2393906818,39.901206,38.4248483182,39.2448463182,27200.0,28.9498501818
2010-07-31,37.2555673333,37.9460419048,36.7379512857,37.6250902857,20485.7142857,27.7550003333
2010-08-31,36.084143381,36.5174761905,35.182718619,35.9893830476,12866.6666667,26.6318381905
2010-09-30,36.1274770952,36.6527134286,35.4731941905,36.1927157143,32466.6666667,26.8839406667
2010-10-31,35.42936105,35.8213602,34.75086285,35.3768595,21870.0,26.2779228
2010-11-30,35.4655745714,35.8917641429,34.8641483333,35.5793835238,21114.2857143,26.5084229048
2010-12-31,34.0770096667,34.3193888571,33.7074861905,34.0717714762,20371.4285714,25.4879980476
2011-01-31,36.7118551,37.2373527,36.1353578,36.9668546,36155.0,27.65371695
2011-02-28,41.9729919474,42.3324627368,41.57773,42.0787810526,17784.2105263,31.4777847368
2011-03-31,39.1276724783,39.6659296957,38.1585449565,39.0824547391,21147.826087,29.3581481739
2011-04-30,40.2413411,40.49034035,39.632344,40.22983855,13035.0,30.28966865
2011-05-31,40.0113427,40.67433915,39.7393429,40.3723406,13745.0,30.63056755
2011-06-30,42.6211941364,43.1093758636,41.9139241818,42.5393771818,15236.3636364,32.4334756364
2011-07-31,44.84332375,45.40832015,44.0463244,45.01932315,10880.0,32.82398855
2011-08-31,41.7585306087,42.4241805652,40.320709913,41.3776625217,14791.3043478,31.5821641739
2011-09-30,37.9365178571,38.4588951429,37.3322339524,37.9741354286,8766.66666667,29.0202697143
2011-10-31,40.30634005,40.90133955,39.8493415,40.6493401,8845.0,31.0646917
2011-11-30,37.9755633333,38.4593711429,37.310804381,37.770325381,10919.047619,28.9001212857
2011-12-31,37.0983531,37.9653501,36.57785635,37.15985245,11805.0,28.473717
2012-01-31,37.60544765,38.15444615,37.2544482,37.695948,22315.0,28.9965994
2012-02-29,40.1210076842,40.5594286316,39.7915334211,40.3078497895,12247.3684211,31.0186775263
2012-03-31,42.7772320455,43.1172297273,42.2749583636,42.8249578182,7836.36363636,33.1380327273
2012-04-30,47.1439609,47.6169612,46.28796195,47.01696105,14140.0,36.4947645
2012-05-31,43.5487065909,44.3137079545,42.6191579091,43.2873417727,7886.36363636,33.7438950909
2012-06-30,40.915853381,41.4525228095,40.3915658571,40.9510917143,4747.61904762,32.0240450476
2012-07-31,40.4076376,40.85663925,39.9461363,40.42063675,5430.0,31.6092256
2012-08-31,39.9400536522,40.454401913,39.5374442174,40.1948359565,4991.30434783,31.6008222609
2012-09-30,40.1184224211,40.6615802632,39.6815794737,40.3836852632,7668.42105263,31.8553960526
2012-10-31,41.8552405238,42.5352385714,41.1985715238,42.1442858095,4247.61904762,33.2441948571
2012-11-30,39.5271432381,40.1919050952,39.0895248095,39.522382,5547.61904762,31.3378742857
2012-12-31,40.41100025,41.07950005,39.7774997,40.692,12265.0,32.3707714
2013-01-31,56.6247618095,57.9319046667,55.2647620476,56.7999997619,39400.0,45.1847982857
2013-02-28,69.5727776667,72.0483331667,67.1199997222,69.7294442778,97427.7777778,55.7822155556
2013-03-31,59.91399975,60.2735003,58.61850005,59.2050001,260005.0,47.6867888
2013-04-30,66.4263636818,67.6136363636,64.8590903182,66.4254538182,283959.090909,53.5025165
2013-05-31,81.4809091364,83.0077269091,79.4272724545,81.4113636818,160209.090909,66.1595173636
2013-06-30,73.03899965,74.24500005,71.33699985,72.89399915,256765.0,59.4254137
2013-07-31,72.6654545,73.2454545909,71.9481816364,72.5659093182,73145.4545455,59.1579459545
2013-08-31,75.0290905,75.6095444545,73.8404547273,74.8586366818,86986.3636364,61.6125952273
2013-09-30,78.6842108421,79.6163161579,77.7347375263,78.7778954211,76447.3684211,65.2651177368
2013-10-31,90.5221733478,92.2039141304,88.8669566522,90.635651913,155513.043478,75.0889123478
2013-11-30,114.717369053,117.421578632,111.638420526,114.655262211,274426.315789,95.6517734737
2013-12-31,123.529048095,125.78047619,120.095238095,122.705715333,696671.428571,102.775907381
2014-01-31,113.60950045,115.29600025,111.4434997,113.48249925,269450.0,95.050722
2014-02-28,110.275262947,111.727369263,108.252105316,109.780526421,209763.157895,91.9500219474
2014-03-31,108.026190619,109.136190476,106.241904524,107.440000238,196352.380952,90.806983619
2014-04-30,99.24250025,100.64099995,97.07749985,98.77900045,212085.0,83.820077
2014-05-31,101.399523476,102.467619762,100.337142619,101.465237762,103500.0,86.7691368571
2014-06-30,100.26999965,100.9779992,99.6109994,100.30599935,107725.0,86.3858379
2014-07-31,102.655454409,103.527273,101.738181773,102.658635955,98736.3636364,88.4119826818
2014-08-31,107.43400005,108.59049955,106.3654999,107.5055008,125940.0,93.32314925
2014-09-30,108.852856952,109.479999714,107.613332905,108.469999333,83023.8095238,94.7344490952
2014-10-31,102.390909,103.979999818,100.5522725,102.163636318,187327.272727,89.2266603182
2014-11-30,104.901579211,105.807368263,103.959999895,104.991052368,113615.789474,92.4648789474
2014-12-31,96.8213640455,97.7981813182,95.4750005909,96.3536356818,143931.818182,85.3679866364
2015-01-31,93.9678947368,95.0521051053,92.686315,93.9357897895,115452.631579,83.2258087895
2015-02-28,99.0168416842,100.102630947,98.09,99.0463164211,83178.9473684,87.7536645263
2015-03-31,91.3004764762,92.3419051429,90.400952619,90.967619381,112728.571429,81.7059355238
2015-04-30,90.8595234762,91.8176192381,90.3852383333,90.9923805238,81333.3333333,81.9192601905
2015-05-31,91.5390003,92.1184993,90.93350075,91.5080006,44930.0,83.0564403
2015-06-30,87.9714286667,88.6419049524,87.5500005714,87.9642859524,59733.3333333,80.489651619
2015-07-31,83.2968181364,84.2313638182,81.8995451364,83.0863632727,107677.272727,76.0262230909
2015-08-31,73.8480003,74.9404994,72.36149965,73.4615002,138590.0,68.0036604
2015-09-30,69.5004755238,70.1128580476,68.3842853333,69.1042855238,80957.1428571,64.5047021905
2015-10-31,76.6466671429,78.0757145238,75.8438092857,77.0342854286,75514.2857143,71.9068811905
2015-11-30,74.6919998,75.61000015,73.68149995,74.4370002,71655.0,70.28551905
2015-12-31,66.4136362727,67.3468183636,65.2681816818,66.137273,140027.272727,62.9646328182
2016-01-31,56.9036837895,57.9636840526,55.3273685263,56.6242107895,140784.210526,53.8705003684
2016-02-29,50.81150015,52.45950015,49.34399965,51.06049965,189655.0,48.61110035
2016-03-31,64.3709524762,65.5438082381,63.1295236667,64.3061906667,143447.619048,62.4788281905
2016-04-30,61.8119044762,62.444762381,60.956666619,61.5438095714,74576.1904762,59.9239518571
2016-05-31,55.71100025,56.7920003,54.6989998,55.556,131925.0,55.0878127
2016-06-30,54.2977268636,55.1440912727,53.5659085,54.2968181818,85490.9090909,54.2968181818
2016-07-31,53.72250025,54.31800045,53.20450035,53.71799975,76675.0,53.71799975
2016-08-31,55.6739996,57.6300012,54.2519996,56.1000006,236300.0,56.1000006
