Date,Open,High,Low,Close,Volume,Adj Close
1997-03-31,20.6416666667,21.0416666667,20.2666666667,20.5416666667,20893.3333333,18.9409934
1997-04-30,19.5852272727,19.9318181818,19.0909090909,19.4133522727,30868.1818182,17.9006009091
1997-05-31,19.61875,20.16875,19.38125,19.8125,21820.0,18.2767318
1997-06-30,19.7142857143,20.130952381,19.3333333333,19.6845238095,25219.047619,18.203921
1997-07-31,20.4772727273,20.8920454545,20.1363636364,20.6193181818,31436.3636364,19.0684034091
1997-08-31,21.4508934286,21.7202380952,20.994047619,21.3363095238,18195.2380952,19.7314649524
1997-09-30,21.58125,21.840625,21.30625,21.53125,29665.0,19.9117426
1997-10-31,20.9673913043,21.4565217391,20.4184782609,20.9266304348,59804.3478261,19.3526005652
1997-11-30,20.6513157895,21.1282894737,20.4342105263,20.7697368421,25636.8421053,19.2075078421
1997-12-31,23.8011363636,24.15625,23.6022727273,23.9119318182,43200.0,22.1133578636
1998-01-31,23.875,24.1118421053,23.4901315789,23.7730263158,32100.0,21.9849002632
1998-02-28,26.4013157895,26.9736842105,25.9835526316,26.5789473684,73884.2105263,24.5797694737
1998-03-31,31.1534090909,31.5795454545,30.5568181818,31.1732954545,54231.8181818,28.8285465
1998-04-30,34.869047619,35.443452381,34.380952381,35.0327380952,56785.7142857,32.3933043333
1998-05-31,32.503125,33.0,31.76875,32.15,40580.0,29.73985685
1998-06-30,31.2414772727,31.8267045455,30.5738636364,31.1278409091,70286.3636364,28.8423350455
1998-07-31,31.5227272727,32.4034090909,31.0227272727,31.9090909091,270354.545455,29.5662231818
1998-08-31,32.0833333333,32.943452381,31.3511904762,31.9702380952,58023.8095238,29.6228805238
1998-09-30,28.4166666667,29.1755952381,27.8511904762,28.6279761905,37895.2380952,26.5260184286
1998-10-31,27.9375,28.6960227273,27.2784090909,27.9318181818,69772.7272727,25.8809744091
1998-11-30,33.4210526316,34.1151315789,33.0953947368,33.7927631579,55084.2105263,31.3115901053
1998-12-31,35.8323863636,36.6136363636,35.40625,36.1022727273,47881.8181818,33.4515280909
1999-01-31,39.5065789474,40.4802631579,38.4802631579,39.5394736842,51778.9473684,36.6363588421
1999-02-28,41.1944444444,42.0763888889,40.2569444444,41.2638888889,86483.3333333,38.2341618333
1999-03-31,47.2119565217,48.2391304348,46.4429347826,47.4836956522,94647.826087,43.9972904348
1999-04-30,54.1696428571,54.6488095238,53.2321428571,53.8958333333,52466.6666667,49.9386283333
1999-05-31,50.4703947368,51.4440789474,49.0822368421,50.0855263158,118642.105263,46.4170836842
1999-06-30,49.2784090909,49.7556818182,48.4090909091,48.9105113636,68359.0909091,45.3766622727
1999-07-31,48.6904761905,49.2321428571,48.0535714286,48.6651785714,84280.952381,45.1490552381
1999-08-31,49.5208333333,50.2336309524,48.6205357143,49.494047619,60509.5238095,45.9180374286
1999-09-30,51.6160714286,52.4345238095,51.03125,51.7083333333,122885.714286,47.972338
1999-10-31,50.8467261905,51.4166666667,50.1577380952,50.7767857143,79928.5714286,47.1080959048
1999-11-30,56.74375,57.92109395,55.9,57.1296875,326715.0,53.0019922
1999-12-31,57.5397727273,58.2073863636,55.96875,56.7798295455,230518.181818,52.6774119545
2000-01-31,48.6390625,49.86875,47.41875,48.371875,253120.0,44.87694325
2000-02-29,49.1759868421,49.8421052632,48.4342105263,48.8963815789,115715.789474,45.3635534211
2000-03-31,43.7622282609,45.4483695652,42.6385869565,43.8885869565,183460.869565,40.7175786522
2000-04-30,43.8338815789,45.3593752105,42.6546052632,43.9638157895,152105.263158,40.7873722105
2000-05-31,42.5193452381,43.6272323333,41.7351190476,42.4017857143,109795.238095,39.3464373333
2000-06-30,42.1164772727,42.8039772727,41.4943181818,42.1335227273,210927.272727,39.1460892273
2000-07-31,35.2953125,36.1265625,34.403125,35.253125,773030.0,32.7535387
2000-08-31,32.8025568182,33.4026990455,32.3025568182,32.8806818182,87036.3636364,30.5493111818
2000-09-30,36.3015625,37.084375,35.821875,36.55390645,143980.0,33.96209005
2000-10-31,35.6725854091,36.3920454545,34.8096590909,35.4744318182,126477.272727,32.9591541818
2000-11-30,35.2857142857,36.2113095238,34.8869047619,35.6696428571,93409.5238095,33.1405239524
2000-12-31,38.93125,39.96171895,38.36171895,39.134375,139560.0,36.35959315
2001-01-31,41.9203867143,42.9642857143,41.237351381,42.2715771905,173671.428571,39.2743550476
2001-02-28,43.390625,44.5199655,42.6944444444,43.6475698889,177983.333333,40.5527845
2001-03-31,40.9595161364,41.6576708182,40.0965909091,40.6512789545,131740.909091,37.7689423636
2001-04-30,42.6094736316,43.6986184737,42.216842,43.0534210526,159668.421053,40.0007631053
2001-05-31,44.1799999545,44.9299995909,43.655,44.2790906364,154527.272727,41.1471503182
2001-06-30,41.3599998571,41.9309521429,40.9166665238,41.337619,144061.904762,38.4601591429
2001-07-31,41.47250045,42.09200055,41.00200045,41.44900025,96625.0,38.56378725
2001-08-31,40.2204347826,40.8295653478,39.8582605217,40.2921737826,68760.8695652,37.487486087
2001-09-30,37.6866665333,38.1933335333,36.4873332667,37.3133339333,191493.333333,34.7159995333
2001-10-31,36.980434913,37.7713041304,36.3199997391,37.2113042174,109004.347826,34.6209438696
2001-11-30,38.7185714286,39.3071428571,38.2499996667,38.8457143333,101638.095238,36.141713
2001-12-31,39.6394741053,39.9563156316,39.2310521053,39.6526309474,88426.3157895,36.8924610526
2002-01-31,39.7738096667,40.2133330952,39.4057138095,39.873809381,163657.142857,37.0982434762
2002-02-28,42.4342102632,43.0078949474,41.9642105263,42.5847367368,402221.052632,39.6204664737
2002-03-31,44.3394737368,44.7484211053,43.9463158947,44.3668423158,125573.684211,41.2785220526
2002-04-30,44.2572725455,44.5436364545,43.7418183636,44.1604545455,136722.727273,41.0865004545
2002-05-31,41.4414285238,41.9114285714,40.9204760952,41.3490477143,111161.904762,38.4788983333
2002-06-30,40.33750025,40.9610002,39.8229997,40.22699985,153470.0,37.4831856
2002-07-31,37.6509093182,38.2463635455,36.9877276818,37.5900001364,224427.272727,35.0260510455
2002-08-31,37.2452381429,37.7780957619,36.8038092857,37.420952619,102371.428571,34.8685337143
2002-09-30,39.47500005,40.01800005,38.8299998,39.59699995,106130.0,36.8961567
2002-10-31,38.3168179545,39.0036365455,37.3268180455,38.2899997727,260277.272727,35.6783047273
2002-11-30,38.39949965,38.8250005,37.87199995,38.41749985,103275.0,35.79710845
2002-12-31,37.7495240952,38.1833333333,37.2852380952,37.754762,110490.47619,35.1795746667
2003-01-31,37.2039995,37.63400035,36.7809999,37.16100005,125100.0,34.6263122
2003-02-28,37.7199997895,38.2368421579,37.3884206316,37.9315794211,115036.842105,35.3443316316
2003-03-31,38.4252384286,38.8909524286,38.056667,38.5566668095,104447.619048,35.926783
2003-04-30,39.5370001,39.9680005,39.13299975,39.57900015,98585.0,36.87938475
2003-05-31,38.1719048095,38.4680952381,37.6104762381,38.0885717619,296147.619048,35.4986057143
2003-06-30,38.4790481905,38.960952381,38.1033332857,38.6099999048,207238.095238,36.0338717619
2003-07-31,39.7418183636,40.2081820455,39.2504545,39.7950000455,186240.909091,37.1405888182
2003-08-31,39.2480951429,39.608095,38.9409525714,39.3376189048,95604.7619048,36.7137161429
2003-09-30,42.9,43.39200025,42.5620002,42.9855006,163935.0,40.11827625
2003-10-31,43.8278257826,44.2765215217,43.2808697391,43.8273914348,123378.26087,40.9040110435
2003-11-30,42.7094738947,43.05,42.2610527368,42.703158,93915.7894737,39.8534420526
2003-12-31,43.8163638636,44.2822731818,43.3477275455,43.8749998182,113577.272727,40.9484439091
2004-01-31,46.54700045,47.166,46.11100035,46.66599985,90990.0,43.5532784
2004-02-29,46.8249997222,47.2161110556,46.3761112778,46.7972226667,125544.444444,43.6757482778
2004-03-31,46.506956,47.0326086957,46.039565087,46.6126089565,103639.130435,43.5034488261
2004-04-30,46.1723808095,46.5285711429,45.5561898571,45.9795237619,112280.952381,42.882316
2004-05-31,44.0120005,44.72149955,43.4840001,44.16350045,141100.0,41.22620355
2004-06-30,47.830000381,48.1771429524,47.4219047619,47.7990477619,118933.333333,44.6685850952
2004-07-31,51.421,52.1980004,50.7590001,51.42200035,156200.0,48.0542628
2004-08-31,51.9777269091,52.537727,51.3736365909,52.0268186818,92554.5454545,48.6194701818
2004-09-30,51.2130004,51.7370001,50.59850015,51.0939997,135285.0,47.7477436
2004-10-31,49.104761381,49.4700003333,48.3909523333,48.8823808571,93814.2857143,45.6809685714
2004-11-30,48.72,49.3133332857,48.1938096667,48.7976192381,103400.0,45.6017581905
2004-12-31,51.310476381,51.879524,50.9533331905,51.5485714286,114400.0,48.1725445238
2005-01-31,52.88250005,53.3420002,52.2955002,52.8105,133460.0,49.35182655
2005-02-28,55.1521050526,55.4568423684,54.6421053684,55.0400003684,111742.105263,51.4353121053
2005-03-31,54.3838099048,54.8961908571,53.8319049524,54.3242859524,141752.380952,50.766471381
2005-04-30,54.851429,55.4447624762,53.9176185714,54.5576190952,250080.952381,50.9845230952
2005-05-31,53.4729999,53.8389994,52.97849965,53.47350025,88990.0,49.9799121
2005-06-30,55.8945456818,56.4109091364,55.3754550455,55.8918181818,104840.909091,52.2894090909
2005-07-31,58.57649975,58.98950025,57.87549985,58.4659998,135675.0,54.69767655
2005-08-31,57.2350002727,57.6704541818,56.7236363636,57.1595454545,67768.1818182,53.4754272273
2005-09-30,53.0385712857,53.6923806667,52.3500001905,52.8928569048,181323.809524,49.4837406667
2005-10-31,52.28100025,52.7099998,51.6710002,52.15000005,156005.0,48.7887633
2005-11-30,53.8461907143,54.2447616667,53.4509521429,53.9619045238,83185.7142857,50.4838849048
2005-12-31,48.53600015,49.0745,47.95900005,48.43650005,337990.0,45.31461065
2006-01-31,48.26050045,48.54450035,47.80999945,48.10199975,216255.0,45.0016699
2006-02-28,46.5936845263,46.9336842105,46.3078948421,46.5884208947,182894.736842,43.5856460526
2006-03-31,49.9995454091,50.3109095,49.7300000455,50.0977267273,147145.454545,46.8687657273
2006-04-30,49.4263157368,49.6999995263,49.0521051579,49.3578946842,149421.052632,46.1766182632
2006-05-31,48.6509092727,48.8990910455,48.3777271818,48.6427271364,93086.3636364,45.5178273182
2006-06-30,46.9663643182,47.2659092727,46.5831818182,46.8218185,106281.818182,43.8769900909
2006-07-31,45.0175001,45.4740006,44.538,44.97999985,163450.0,42.1510419
2006-08-31,46.7259091364,47.2259086818,46.4272726818,46.8977272273,99054.5454545,43.9481561364
2006-09-30,48.93250005,49.2955001,48.7300001,49.0610001,121460.0,45.9753728
2006-10-31,50.5463632273,51.0072730455,50.2972726364,50.6922728182,112936.363636,47.5040488636
2006-11-30,52.9084998,53.2004996,52.5415001,52.93949985,101475.0,49.60993945
2006-12-31,52.16050015,52.61250015,51.77400005,52.1439998,125535.0,48.8644714
2007-01-31,52.0389466316,52.5447368947,51.7705262632,52.2110527368,108242.105263,48.927307
2007-02-28,53.4615791579,53.7936843158,53.191579,53.5326315263,104657.894737,50.1657667895
2007-03-31,52.2245453636,52.6554544545,51.8113636364,52.1295453636,142572.727273,48.8509259091
2007-04-30,51.0473685263,51.4342104737,50.6373677895,51.0157895263,176505.263158,47.8072182632
2007-05-31,50.8286359545,51.2454542727,50.5890909545,51.0081817727,241100.0,47.8130096364
2007-06-30,52.8738092857,53.2095240952,52.5761910476,52.9166668571,135247.619048,49.6850194286
2007-07-31,50.64899985,50.9974999,50.0870004,50.418,253580.0,47.33894755
2007-08-31,48.1126085652,48.6556527826,47.5673913913,48.0817395217,189656.521739,45.1453634783
2007-09-30,46.8461112778,47.2222217222,46.4500003333,46.8172222778,239688.888889,43.9580709444
2007-10-31,46.6934782609,47.5673913478,46.1299996957,46.7399998696,271430.434783,43.8855646087
2007-11-30,43.6354999,44.09149995,43.21899945,43.5765002,155590.0,40.9152613
2007-12-31,42.218,42.7579999,41.88200015,42.13800015,215285.0,39.5646113
2008-01-31,40.3514284762,41.1561904286,39.7828568095,40.4347617143,257309.52381,37.9653905714
2008-02-29,41.7284212105,42.178421,41.1042106316,41.5836840526,200547.368421,39.0441475263
2008-03-31,39.8925001,40.4554998,39.48850005,39.9359999,264860.0,37.4970883
2008-04-30,42.1886362727,42.6763637273,41.8368181818,42.2668183182,199768.181818,39.6853403182
2008-05-31,43.2980950952,43.6733338571,42.8600000952,43.3366670476,190600.0,40.7064087619
2008-06-30,43.0342852857,43.401428619,42.503809619,42.8176183333,257590.47619,40.3136532857
2008-07-31,37.435237619,38.034761619,36.9333330476,37.6119050952,291009.52381,35.4123689524
2008-08-31,38.1923810476,38.7066669524,37.6747616667,38.3452380476,309319.047619,36.1028168571
2008-09-30,40.53899965,41.2065004,39.8544998,40.45599995,320215.0,38.0901417
2008-10-31,30.2304348261,31.1621739565,29.1991304783,30.0313041304,364613.043478,28.275079913
2008-11-30,26.6915788947,27.4789473684,25.71,26.4426316316,268800.0,24.8962722632
2008-12-31,27.0609089091,27.7795453636,26.4559089545,27.2777271818,290104.545455,25.6825314545
2009-01-31,27.78100005,28.1829997,27.05950005,27.5939999,198925.0,25.9803087
2009-02-28,22.0494737895,22.4705262632,21.4910525263,21.9,230373.684211,20.6192925789
2009-03-31,19.7281816818,20.2000000455,19.2249998182,19.7872728636,268277.272727,18.6301171818
2009-04-30,21.17149995,21.9735002,20.7100002,21.5850001,548465.0,20.322714
2009-05-31,23.4620001,23.94350015,22.8555002,23.4100002,310460.0,22.06170725
2009-06-30,26.1150001818,26.4731819091,25.6786358182,26.0590908182,285750.0,24.6851573636
2009-07-31,25.1099998095,25.5590474286,24.6919046667,25.059047619,301866.666667,23.737840381
2009-08-31,27.6314287619,27.9690475714,27.2414285714,27.6985714286,161928.571429,26.2381984762
2009-09-30,27.7123810476,28.0533335238,27.4247620476,27.667619,149919.047619,26.2088779048
2009-10-31,27.1604760476,27.606190381,26.8452381905,27.1238094762,203642.857143,25.6937401429
2009-11-30,26.7669997,27.05199995,26.5194999,26.8475001,117440.0,25.43199855
2009-12-31,28.1995454545,28.5163636818,27.9904546818,28.2740907273,96240.9090909,26.7833745
2010-01-31,28.9583332778,29.2972222778,28.5911108333,28.8772218333,158938.888889,27.3547062222
2010-02-28,25.9315788947,26.1363156842,25.7015787895,25.9726314737,174336.842105,24.6032565263
2010-03-31,26.774091,27.0363639545,26.5290909545,26.758182,174931.818182,25.3473897273
2010-04-30,27.8938094762,28.3190477619,27.6799999048,28.1552378571,205990.47619,26.6707875238
2010-05-31,28.8850001,29.2209998,28.349,28.79700005,133350.0,27.302148
2010-06-30,26.7976192857,27.1209522857,26.3919048571,26.7119047143,148471.428571,25.4542260476
2010-07-31,25.7671427619,26.1476188571,25.3619048095,25.7771427143,183733.333333,24.5634754286
2010-08-31,24.7736362727,25.011818,24.4740908636,24.6922728636,146231.818182,23.5296845909
2010-09-30,24.0754999,24.37500015,23.84100005,24.0854999,174550.0,22.95148045
2010-10-31,23.4695238571,23.7276188095,23.2623809048,23.4380952381,170009.52381,22.3345574286
2010-11-30,23.4085714762,23.5714285714,23.1728572857,23.4428572381,103766.666667,22.3058342381
2010-12-31,25.5459091364,25.8009087727,25.3681817273,25.6068181818,133554.545455,24.4011703182
2011-01-31,27.66649995,28.0319999,27.45500005,27.7920001,210570.0,26.4834671
2011-02-28,29.0138889444,29.1872220556,28.6816667222,28.9394444444,128011.111111,27.5768862222
2011-03-31,28.5282608261,28.8378262609,28.2469564783,28.5995650435,119456.521739,27.2530095217
2011-04-30,30.83500005,31.09750005,30.5130001,30.8465001,156390.0,29.3941519
2011-05-31,29.3595234286,29.5633333333,29.0295239524,29.2733335238,90471.4285714,27.919697
2011-06-30,27.6222725455,27.9113635909,27.3245454091,27.6240907273,303800.0,26.4911290909
2011-07-31,29.42550015,29.7885002,29.0500002,29.46049995,216580.0,28.25222065
2011-08-31,24.2859089091,24.8100000909,23.6318182273,24.2050000455,168731.818182,23.2122672727
2011-09-30,23.2123810952,23.660952381,22.6809522857,23.1485712857,165842.857143,22.1991665714
2011-10-31,22.97750005,23.5780002,22.5014998,23.12300005,172415.0,22.174644
2011-11-30,23.4785715714,23.8704761429,23.0071425714,23.5171429524,143157.142857,22.5526217143
2011-12-31,24.818571619,25.1200000476,24.4738093333,24.8004762381,155419.047619,23.7833209048
2012-01-31,25.872105,26.1036840526,25.6163156842,25.9042107895,126952.631579,24.8417874211
2012-02-29,26.3360001,26.5885001,26.01799995,26.2639999,98410.0,25.18682035
2012-03-31,25.7695238571,26.0657142381,25.5823809524,25.8861904762,184747.619048,24.8245060952
2012-04-30,27.20050025,27.4765002,26.88850025,27.1569999,210650.0,26.04319535
2012-05-31,24.7549999545,24.970909,24.4995454091,24.6890909091,148986.363636,23.7034643636
2012-06-30,24.9061905714,25.1652380952,24.6633334286,24.9233334762,163942.857143,24.1067347619
2012-07-31,26.2404762381,26.4738097143,25.8423809048,26.1576186667,140300.0,25.300585381
2012-08-31,25.6530434348,25.9195651739,25.4595653043,25.6991306522,114004.347826,24.857119087
2012-09-30,28.3483334444,28.5883331111,28.0894442778,28.3611109444,220205.555556,27.4318820556
2012-10-31,26.1333331905,26.4066664762,25.7009523333,25.9671429048,283285.714286,25.1163504286
2012-11-30,25.4809999,25.70300015,25.16349995,25.52800015,135435.0,24.69159595
2012-12-31,26.95650015,27.2794999,26.68949995,26.99000015,109120.0,26.1056945
2013-01-31,28.299999619,28.6080951429,27.9490479048,28.3042857619,200995.238095,27.3769185238
2013-02-28,29.4694736316,29.8510526316,29.3131579474,29.5952632632,139305.263158,28.6255968421
2013-03-31,31.52450025,31.8385,31.34799965,31.65499975,114200.0,30.61784905
2013-04-30,32.7733332857,33.1419050476,32.3571431429,32.8309520476,121076.190476,31.7552725238
2013-05-31,34.0527276364,34.3940906818,33.6186363636,34.1313636364,99581.8181818,33.0417901818
2013-06-30,33.5555,33.7330006,33.08999985,33.39249995,130185.0,32.50126585
2013-07-31,33.9433334762,34.403333619,33.6442860952,34.1285710952,140885.714286,33.2176915714
2013-08-31,32.6872727273,32.9472733636,32.3686363182,32.5754545455,116654.545455,31.7060271364
2013-09-30,31.86450025,32.15799975,31.5640001,31.90100015,104840.0,31.04957365
2013-10-31,32.6899994545,33.0568181818,32.2900000455,32.7395452273,131204.545455,31.8657381818
2013-11-30,33.53400005,33.82150015,33.1534997,33.61300025,74845.0,32.7158811
2013-12-31,34.13849995,34.5454999,33.86499955,34.2050006,87345.0,33.292081
2014-01-31,35.3647616667,35.7933329524,34.8533332857,35.286190619,156600.0,34.3444145714
2014-02-28,32.4831575263,32.9384211579,31.9215790526,32.4726311053,130394.736842,31.6059479474
2014-03-31,33.54699975,33.84900015,33.15099955,33.48250005,107210.0,32.58886385
2014-04-30,32.5123808571,32.7723807619,31.972381381,32.3419049048,129219.047619,31.4787108095
2014-05-31,30.8823809524,31.2071426667,30.5447618095,30.8738095714,123233.333333,30.0830448095
2014-06-30,31.94099975,32.3060001,31.64149965,32.04450005,99755.0,31.42839465
2014-07-31,32.5486364091,32.8272724091,32.1300000909,32.3859092727,113277.272727,31.7632398182
2014-08-31,31.4990475714,31.7785715714,31.2680953333,31.6057144762,110452.380952,30.9980456667
2014-09-30,32.53999975,32.7629998,32.22350035,32.48399965,105840.0,31.85944455
2014-10-31,30.2504346957,30.6769564348,29.8243477826,30.2186956522,194678.26087,29.6376943913
2014-11-30,32.0566669444,32.3155553889,31.7800003333,31.9977778889,118105.555556,31.3825709444
2014-12-31,31.0627273636,31.4677273636,30.8363638182,31.0800000455,183395.454545,30.4824386818
2015-01-31,30.6085,31.02950035,30.0700003,30.49350005,115550.0,29.9072152
2015-02-28,31.1505553333,31.5100001667,30.8477779444,31.232222,141516.666667,30.6317341111
2015-03-31,31.6331817727,31.9422727273,31.3863635455,31.7013636818,101318.181818,31.0918559091
2015-04-30,35.83300015,36.33050005,35.52099985,35.96099985,199340.0,35.26959385
2015-05-31,37.14250015,37.43500005,36.85149995,37.19800015,110680.0,36.5213901
2015-06-30,37.1922727727,37.4222726364,36.9095450909,37.1527275909,133472.727273,36.6932215
2015-07-31,35.2719049048,35.6352379048,34.7980951429,35.1780950952,170004.761905,34.7430115238
2015-08-31,32.5861906667,33.0047612857,32.1347618095,32.5895238095,107966.666667,32.1864557143
2015-09-30,32.0442856667,32.4538097619,31.7585715714,32.0661905714,116176.190476,31.6695950952
2015-10-31,35.1904547273,35.6659090909,34.7690905909,35.2040907273,168677.272727,34.768643
2015-11-30,34.6594998,35.04650005,34.3914999,34.6969997,105315.0,34.2678663
2015-12-31,34.565238,35.027619,33.9642854762,34.4719049524,158295.238095,34.0455554762
2016-01-31,31.9400002105,32.4194735789,31.3463158947,31.8799999474,185426.315789,31.4857073158
2016-02-29,33.62699975,34.2740002,33.2580004,33.71000025,183530.0,33.2930742
2016-03-31,36.192857,36.6142853333,35.8842855714,36.3185715238,156109.52381,35.8693824762
2016-04-30,34.8728573333,35.1433333333,34.4609519524,34.7109527619,151590.47619,34.2816468095
2016-05-31,32.89849975,33.20350035,32.6630003,32.8844999,132965.0,32.5185795
2016-06-30,33.2340911818,33.7168178636,32.8018184545,33.3281821818,115363.636364,33.3281821818
2016-07-31,34.68599995,35.04800015,34.2534998,34.68100055,136505.0,34.68100055
2016-08-31,33.3760002,33.6559996,33.0480002,33.3259992,86180.0,33.3259992
