Date,Open,High,Low,Close,Volume,Adj Close
1972-06-30,26.0488,26.0488,26.0488,26.0488,0.0,0.00378
1972-07-31,23.224,23.224,23.224,23.224,0.0,0.0034
1972-08-31,23.1061818182,23.1061818182,23.1061818182,23.1061818182,0.0,0.00336363636364
1972-09-30,22.632,22.632,22.632,22.632,0.0,0.0033
1972-11-30,19.8794285714,19.8794285714,19.8794285714,19.8794285714,0.0,0.0029
1972-12-31,19.5162857143,19.5162857143,19.5162857143,19.5162857143,0.0,0.00283571428571
1973-01-31,17.1736,17.1736,17.1736,17.1736,0.0,0.0025
1973-02-28,15.0730909091,15.0730909091,15.0730909091,15.0730909091,1090.90909091,0.00221818181818
1973-03-31,14.0292727273,14.0292727273,14.0292727273,14.0292727273,14181.8181818,0.00205909090909
1973-04-30,11.967,11.967,11.967,11.967,47400.0,0.00174
1973-05-31,9.36690909091,10.8976363636,9.36690909091,9.36690909091,29818.1818182,0.00137727272727
1973-06-30,9.5899047619,11.0742857143,9.5899047619,9.5899047619,33904.7619048,0.00140476190476
1973-07-31,9.99142857143,11.4796190476,9.99142857143,9.99142857143,46666.6666667,0.00146666666667
1973-08-31,11.6892727273,13.1910909091,11.6892727273,11.6892727273,57818.1818182,0.00168181818182
1973-09-30,11.5612631579,13.0692631579,11.5612631579,11.5612631579,7157.89473684,0.00166842105263
1973-10-31,11.4095652174,12.9100869565,11.4095652174,11.4095652174,46434.7826087,0.00167826086957
1973-11-30,9.82419047619,11.3194285714,9.82419047619,9.82419047619,19428.5714286,0.00142857142857
1973-12-31,7.2086,8.6946,7.2086,7.2086,40400.0,0.00105
1974-01-31,7.72636363636,9.218,7.72636363636,7.72636363636,31454.5454545,0.00111363636364
1974-02-28,8.87263157895,10.3726315789,8.87263157895,8.87263157895,6947.36842105,0.00127894736842
1974-03-31,8.84247619048,10.3481904762,8.84247619048,8.84247619048,3809.52380952,0.00127142857143
1974-04-30,7.36057142857,8.86038095238,7.36057142857,7.36057142857,16190.4761905,0.00106666666667
1974-05-31,6.84163636364,8.32636363636,6.84163636364,6.84163636364,6727.27272727,0.000986363636364
1974-06-30,6.92273684211,8.40757894737,6.92273684211,6.92273684211,8631.57894737,0.000989473684211
1974-07-31,6.96963636364,8.458,6.96963636364,6.96963636364,44181.8181818,0.00100454545455
1974-08-31,7.228,8.714,7.228,7.228,10909.0909091,0.00105
1974-09-30,7.0878,8.5732,7.0878,7.0878,8200.0,0.001025
1974-10-31,6.89495652174,8.37895652174,6.89495652174,6.89495652174,5565.2173913,0.000986956521739
1974-11-30,6.7688,8.2528,6.7688,6.7688,7600.0,0.00096
1974-12-31,6.75466666667,8.26914285714,6.75466666667,6.75466666667,11047.6190476,0.000938095238095
1975-01-31,7.29527272727,8.78472727273,7.29527272727,7.29527272727,6181.81818182,0.00105
1975-02-28,9.55010526316,10.5608421053,9.55010526316,9.55010526316,7368.42105263,0.00138421052632
1975-03-31,10.846,11.8582,10.846,10.846,18000.0,0.00159
1975-04-30,10.9468571429,11.9628571429,10.9468571429,10.9468571429,67619.047619,0.00160952380952
1975-05-31,9.86704761905,10.8323809524,9.86704761905,9.86704761905,38095.2380952,0.00147142857143
1975-06-30,10.6308571429,11.7057142857,10.6308571429,10.6308571429,235428.571429,0.00154761904762
1975-07-31,12.0587272727,13.0712727273,12.0587272727,12.0587272727,57636.3636364,0.00172272727273
1975-08-31,13.8083809524,14.8003809524,13.8083809524,13.8083809524,156190.47619,0.00201428571429
1975-09-30,15.6765714286,16.6908571429,15.6765714286,15.6765714286,32190.4761905,0.00229047619048
1975-10-31,16.4264347826,17.4186086957,16.4264347826,16.4264347826,6434.7826087,0.0024
1975-11-30,16.4374736842,17.4183157895,16.4374736842,16.4374736842,50105.2631579,0.0024
1975-12-31,15.224952381,16.203047619,15.224952381,15.224952381,27047.6190476,0.00223333333333
1976-01-31,15.0123809524,15.9994285714,15.0123809524,15.0123809524,16952.3809524,0.00219047619048
1976-02-29,15.2686315789,16.2604210526,15.2686315789,15.2686315789,49684.2105263,0.00222105263158
1976-03-31,17.5250434783,18.5245217391,17.5250434783,17.5250434783,14782.6086957,0.00253913043478
1976-04-30,16.3081904762,17.2622857143,16.3081904762,16.3081904762,31619.047619,0.0024
1976-05-31,17.7672,18.7716,17.7672,17.7672,203800.0,0.00256
1976-06-30,17.1956363636,18.1943636364,17.1956363636,17.1956363636,8909.09090909,0.0025
1976-07-31,17.4222857143,18.3731428571,17.4222857143,17.4222857143,9904.76190476,0.0025
1976-08-31,16.9869090909,18.0029090909,16.9869090909,16.9869090909,22363.6363636,0.00247272727273
1976-09-30,18.0522,19.0682,18.0522,18.0522,24600.0,0.0026
1976-10-31,16.9779047619,17.9851428571,16.9779047619,16.9779047619,24000.0,0.00247619047619
1976-11-30,16.4606,17.4728,16.4606,16.4606,16800.0,0.002395
1976-12-31,15.3001818182,16.3090909091,15.3001818182,15.3001818182,44909.0909091,0.00223181818182
1977-01-31,15.8314285714,16.8434285714,15.8314285714,15.8314285714,64380.952381,0.00232380952381
1977-02-28,16.8688421053,17.8831578947,16.8688421053,16.8688421053,23368.4210526,0.00245789473684
1977-03-31,16.7302608696,17.7462608696,16.7302608696,16.7302608696,24869.5652174,0.00240434782609
1977-04-30,18.2794,19.2554,18.2794,18.2794,33600.0,0.00264
1977-05-31,19.1622,20.1732,19.1622,19.1622,7200.0,0.002795
1977-06-30,19.4547272727,20.4603636364,19.4547272727,19.4547272727,60181.8181818,0.00282272727273
1977-07-31,20.2684210526,21.2682105263,20.2684210526,20.2684210526,45263.1578947,0.00295263157895
1977-08-31,23.5288695652,25.0459130435,23.5288695652,23.5288695652,25043.4782609,0.00341304347826
1977-09-30,23.6714285714,25.1628571429,23.6714285714,23.6714285714,17523.8095238,0.00344285714286
1977-10-31,22.3485714286,23.812952381,22.3485714286,22.3485714286,15619.047619,0.0032619047619
1977-11-30,23.3617142857,24.8540952381,23.3617142857,23.3617142857,56952.3809524,0.00337619047619
1977-12-31,25.3142857143,26.8072380952,25.3142857143,25.3142857143,17523.8095238,0.00366666666667
1978-01-31,23.2165714286,24.740952381,23.2165714286,23.2165714286,35047.6190476,0.00338095238095
1978-02-28,22.9664444444,24.4811111111,22.9664444444,22.9664444444,10000.0,0.00333333333333
1978-03-31,21.0790909091,22.5941818182,21.0790909091,21.0790909091,80000.0,0.00304090909091
1978-04-30,21.5928,23.0848,21.5928,21.5928,35200.0,0.003125
1978-05-31,24.1150909091,25.61,24.1150909091,24.1150909091,24181.8181818,0.00351363636364
1978-06-30,26.5932727273,28.294,26.5932727273,26.5932727273,43818.1818182,0.00388181818182
1978-07-31,26.2056,28.214,26.2056,26.2056,13200.0,0.00384
1978-08-31,26.5473043478,28.556173913,26.5473043478,26.5473043478,28521.7391304,0.00387391304348
1978-09-30,27.522,29.537,27.522,27.522,7400.0,0.00401
1978-10-31,25.0213333333,27.0118095238,25.0213333333,25.0213333333,15238.0952381,0.00364285714286
1978-11-30,22.1598095238,24.1699047619,22.1598095238,22.1598095238,11619.047619,0.00323333333333
1978-12-31,24.4002,26.4012,24.4002,24.4002,12400.0,0.003545
1979-01-31,26.8489090909,28.8663636364,26.8489090909,26.8489090909,23454.5454545,0.00389090909091
1979-02-28,28.5875789474,30.5993684211,28.5875789474,28.5875789474,24842.1052632,0.00413684210526
1979-03-31,27.8970909091,29.9230909091,27.8970909091,27.8970909091,13454.5454545,0.00406818181818
1979-04-30,27.3898,29.416,27.3898,27.3898,25000.0,0.00399
1979-05-31,27.1325454545,29.1332727273,27.1325454545,27.1325454545,12363.6363636,0.00393636363636
1979-06-30,26.227047619,28.2171428571,26.227047619,26.227047619,18666.6666667,0.00385238095238
1979-07-31,26.3824,27.874,26.3824,26.3824,36800.0,0.00388
1979-08-31,26.8370434783,28.3246956522,26.8370434783,26.8370434783,31130.4347826,0.00390434782609
1979-09-30,28.3174736842,29.8054736842,28.3174736842,28.3174736842,4842.10526316,0.00413157894737
1979-10-31,26.9937391304,28.4777391304,26.9937391304,26.9937391304,34608.6956522,0.00393913043478
1979-11-30,25.0207619048,26.5059047619,25.0207619048,25.0207619048,111428.571429,0.00365714285714
1979-12-31,28.1318,29.6538,28.1318,28.1318,44800.0,0.004085
1980-01-31,30.6656363636,32.1585454545,30.6656363636,30.6656363636,57272.7272727,0.00446818181818
1980-02-29,29.451,30.948,29.451,29.451,32200.0,0.004295
1980-03-31,26.8968,28.4046,26.8968,26.8968,33000.0,0.003915
1980-04-30,24.9481904762,26.4358095238,24.9481904762,24.9481904762,57333.3333333,0.0036
1980-05-31,24.6373333333,26.1226666667,24.6373333333,24.6373333333,109904.761905,0.0036
1980-06-30,25.5165714286,27.0078095238,25.5165714286,25.5165714286,84761.9047619,0.00370952380952
1980-07-31,26.2450909091,27.1614545455,26.2450909091,26.2450909091,132727.272727,0.00381818181818
1980-08-31,31.2556190476,32.088952381,31.2556190476,31.2556190476,78476.1904762,0.00454761904762
1980-09-30,33.5142857143,34.3247619048,33.5142857143,33.5142857143,116761.904762,0.00488095238095
1980-10-31,38.7127272727,39.4969090909,38.7127272727,38.7127272727,84181.8181818,0.00563181818182
1980-11-30,42.198,42.7888888889,42.198,42.198,128888.888889,0.00616666666667
1980-12-31,39.2165454545,39.8956363636,39.2165454545,39.2165454545,29636.3636364,0.00571818181818
1981-01-31,38.9306666667,39.6822857143,38.9306666667,38.9306666667,53523.8095238,0.0056619047619
1981-02-28,39.1915789474,39.8749473684,39.1915789474,39.1915789474,33894.7368421,0.0057
1981-03-31,37.8570909091,38.5889090909,37.8570909091,37.8570909091,38000.0,0.00551818181818
1981-04-30,37.4613333333,38.2312380952,37.4613333333,37.4613333333,40571.4285714,0.00544285714286
1981-05-31,37.3244210526,37.9873684211,37.3244210526,37.3244210526,49894.7368421,0.00543157894737
1981-06-30,37.7858181818,38.4718181818,37.7858181818,37.7858181818,60181.8181818,0.00551363636364
1981-07-31,38.6747272727,39.2678181818,38.6747272727,38.6747272727,18000.0,0.00564090909091
1981-08-31,39.6342857143,40.304,39.6342857143,39.6342857143,41714.2857143,0.00578571428571
1981-09-30,38.9860952381,39.796952381,38.9860952381,38.9860952381,55619.047619,0.00569047619048
1981-10-31,38.3576363636,39.2563636364,38.3576363636,38.3576363636,10363.6363636,0.00558636363636
1981-11-30,40.6353684211,41.4903157895,40.6353684211,40.6353684211,35368.4210526,0.00590526315789
1981-12-31,45.2225454545,46.1063636364,45.2225454545,45.2225454545,29454.5454545,0.00658181818182
1982-01-31,44.893,45.6648,44.893,44.893,21000.0,0.006515
1982-02-28,42.6090526316,43.5587368421,42.6090526316,42.6090526316,45052.6315789,0.0062
1982-03-31,41.6570434783,42.9226086957,41.6570434783,41.6570434783,33043.4782609,0.00604347826087
1982-04-30,43.808952381,45.2262857143,43.808952381,43.808952381,50476.1904762,0.00639047619048
1982-05-31,49.042,50.4166,49.042,49.042,48000.0,0.007115
1982-06-30,44.4769090909,45.8087272727,44.4769090909,44.4769090909,31636.3636364,0.00649090909091
1982-07-31,42.1712,43.4794,42.1712,42.1712,96200.0,0.00614
1982-08-31,41.7072727273,42.9250909091,41.7072727273,41.7072727273,25090.9090909,0.00606818181818
1982-09-30,29.2808,30.2173333333,29.2808,29.2808,40800.0,0.00702380952381
1982-10-31,21.2268190476,21.9173333333,21.2268190476,21.2268190476,20723.8095238,0.00771428571429
1982-11-30,22.2502857143,22.9411047619,22.2502857143,22.2502857143,89676.1904762,0.00810952380952
1982-12-31,24.2962181818,24.9439272727,24.2962181818,24.2962181818,86036.3636364,0.00882727272727
1983-01-31,25.15088,25.8752,25.15088,25.15088,30880.0,0.00916
1983-02-28,29.0135578947,29.9477052632,29.0135578947,29.0135578947,50105.2631579,0.0105578947368
1983-03-31,28.9135304348,30.1090782609,28.9135304348,28.9135304348,34295.6521739,0.0105260869565
1983-04-30,32.72552,33.8752,32.72552,32.72552,77600.0,0.01191
1983-05-31,36.3574857143,37.4050285714,36.3574857143,36.3574857143,21028.5714286,0.0132380952381
1983-06-30,34.4095272727,35.5910545455,34.4095272727,34.4095272727,18763.6363636,0.0125272727273
1983-07-31,34.77504,35.77504,34.77504,34.77504,12720.0,0.012635
1983-08-31,35.5001454545,36.6365090909,35.5001454545,35.5001454545,17745.4545455,0.0129
1983-09-30,35.8811428571,36.7147428571,35.8811428571,35.8811428571,20038.0952381,0.0130523809524
1983-10-31,35.404952381,36.2623238095,35.404952381,35.404952381,17066.6666667,0.012880952381
1983-11-30,33.857447619,34.7385904762,33.857447619,33.857447619,11047.6190476,0.0123428571429
1983-12-31,33.5721142857,34.4768761905,33.5721142857,33.5721142857,40761.9047619,0.0122285714286
1984-01-31,32.7148952381,33.6911238095,32.7148952381,32.7148952381,64609.5238095,0.0118857142857
1984-02-29,30.27536,31.37536,30.27536,30.27536,31120.0,0.011015
1984-03-31,29.8099809524,30.8099809524,29.8099809524,29.8099809524,36952.3809524,0.0108238095238
1984-04-30,31.55008,32.92568,31.55008,31.55008,6720.0,0.011465
1984-05-31,30.2049454545,31.3187636364,30.2049454545,30.2049454545,6109.09090909,0.0109909090909
1984-06-30,29.9768380952,30.9768380952,29.9768380952,29.9768380952,19276.1904762,0.0108904761905
1984-07-31,29.1435428571,30.3097904762,29.1435428571,29.1435428571,15847.6190476,0.0106
1984-08-31,29.5003826087,30.6523130435,29.5003826087,29.5003826087,70400.0,0.0107260869565
1984-09-30,29.5002947368,30.5402105263,29.5002947368,29.5002947368,98694.7368421,0.0107315789474
1984-10-31,30.8045217391,31.8374956522,30.8045217391,30.8045217391,26504.3478261,0.0111956521739
1984-11-30,32.17544,33.53808,32.17544,32.17544,43920.0,0.011685
1984-12-31,30.17552,31.62528,30.17552,30.17552,28480.0,0.011635
1985-01-31,31.8984,33.5233454545,31.8984,31.8984,39563.6363636,0.0135636363636
1985-02-28,33.7373473684,35.1318736842,33.7373473684,33.7373473684,87242.1052632,0.0143684210526
1985-03-31,28.3335619048,29.6431238095,28.3335619048,28.3335619048,150780.952381,0.0121380952381
1985-04-30,28.8573714286,29.6909714286,28.8573714286,28.8573714286,41219.047619,0.0145142857143
1985-05-31,27.8642181818,28.9208727273,27.8642181818,27.8642181818,40872.7272727,0.0140090909091
1985-06-30,27.3556210526,28.5007157895,27.3556210526,27.3556210526,20968.4210526,0.0139105263158
1985-07-31,27.9265454545,28.7048727273,27.9265454545,27.9265454545,44727.2727273,0.0167590909091
1985-08-31,28.864,29.296,28.864,28.864,105309.090909,0.0173227272727
1985-09-30,31.71304,32.26928,31.71304,31.71304,98960.0,0.019205
1985-10-31,32.8155130435,32.9460173913,32.8155130435,32.8155130435,320904.347826,0.023252173913
1985-11-30,36.28768,36.90024,36.28768,36.28768,111840.0,0.02571
1985-12-31,37.8252,38.75024,37.57512,37.8252,23200.0,0.028055
1986-01-31,37.2048,37.8185454545,36.9151272727,37.2048,140800.0,0.0298636363636
1986-02-28,35.5333052632,36.0595368421,35.3293473684,35.5333052632,39663.1578947,0.0285263157895
1986-03-31,36.93784,37.5504,36.6816,36.93784,191680.0,0.029845
1986-04-30,36.0344,36.2958545455,35.7389090909,36.0344,126327.272727,0.03265
1986-05-31,34.196647619,34.4050285714,34.0003809524,34.196647619,246628.571429,0.0309904761905
1986-06-30,32.7801904762,33.2505904762,32.6551619048,32.7801904762,184304.761905,0.0301571428571
1986-07-31,33.5230545455,34.1141818182,33.2503272727,33.5230545455,91781.8181818,0.0350636363636
1986-08-31,33.1075809524,33.310247619,32.9288380952,33.1075809524,179123.809524,0.0346238095238
1986-09-30,32.7861333333,33.0123428571,32.5004190476,32.7861333333,200990.47619,0.0348
1986-10-31,33.7668173913,33.9950608696,33.3428173913,33.7668173913,114643.478261,0.0406130434783
1986-11-30,33.7226666667,34.0421333333,33.4726222222,33.7226666667,89422.2222222,0.0405666666667
1986-12-31,32.8981818182,33.3300363636,32.6253818182,32.8981818182,79054.5454545,0.0414772727273
1987-01-31,35.4348190476,35.7979428571,35.131352381,35.4348190476,89295.2380952,0.049019047619
1987-02-28,36.0660210526,36.3160421053,35.6187789474,36.0660210526,90021.0526316,0.0499
1987-03-31,41.7048727273,41.7389818182,40.8754909091,41.7048727273,213963.636364,0.0583272727273
1987-04-30,41.5479619048,42.0957714286,41.3574857143,41.5479619048,80685.7142857,0.0639571428571
1987-05-31,37.8425263158,38.2109473684,37.7371789474,37.8425263158,22400.0,0.0582789473684
1987-06-30,39.5685090909,39.8866181818,38.8298181818,39.5685090909,215927.272727,0.0612727272727
1987-07-31,43.8923636364,44.1424727273,43.5060363636,43.8923636364,29381.8181818,0.0756090909091
1987-08-31,43.1788952381,43.4525714286,42.7622857143,43.1788952381,43961.9047619,0.0743761904762
1987-09-30,40.3219047619,40.6077714286,40.0957714286,40.3219047619,34819.047619,0.0706857142857
1987-10-31,33.8411636364,34.5002909091,33.6706909091,33.8411636364,210327.272727,0.0656045454545
1987-11-30,26.62544,27.23784,26.32528,26.62544,319120.0,0.051595
1987-12-31,22.5400727273,23.5004363636,21.9547636364,22.5400727273,358109.090909,0.0473681818182
1988-01-31,27.1132,27.42568,26.88776,27.1132,143280.0,0.064375
1988-02-29,30.238,30.62552,29.76312,30.238,152560.0,0.07179
1988-03-31,36.8050086957,37.6417391304,35.9570086957,36.8050086957,285982.608696,0.0898304347826
1988-04-30,38.41928,38.8568,38.15048,38.41928,109120.0,0.10248
1988-05-31,37.7743238095,38.2029714286,37.3100190476,37.7743238095,115047.619048,0.100757142857
1988-06-30,37.7049454545,38.0914181818,37.3410181818,37.7049454545,52072.7272727,0.1012
1988-07-31,37.15048,37.3004,37.02552,37.15048,32800.0,0.112475
1988-08-31,35.6528695652,35.8916869565,35.4134956522,35.6528695652,153043.478261,0.107965217391
1988-09-30,36.638,37.2128,36.11296,36.638,430560.0,0.113995
1988-10-31,40.3577142857,40.8098285714,39.964952381,40.3577142857,211657.142857,0.1371
1988-11-30,40.7266285714,41.0006095238,40.4528,40.7266285714,46171.4285714,0.138366666667
1988-12-31,40.4764952381,40.6073142857,40.2265142857,40.4764952381,22552.3809524,0.1431
1989-01-31,44.6493714286,44.9588571429,43.9827047619,44.6493714286,143161.904762,0.170119047619
1989-02-28,49.7572444444,50.292,48.9448,49.7572444444,169244.444444,0.189577777778
1989-03-31,53.5173090909,54.1535272727,53.0287272727,53.5173090909,178327.272727,0.207318181818
1989-04-30,58.67544,58.98784,57.45008,58.67544,192000.0,0.243025
1989-05-31,64.7105454545,65.1766545455,64.4379636364,64.7105454545,126545.454545,0.268013636364
1989-06-30,60.7145142857,61.4408380952,60.3693714286,60.7145142857,94628.5714286,0.254214285714
1989-07-31,58.17536,58.37536,57.82544,58.17536,88400.0,0.26037
1989-08-31,62.5765565217,62.7557565217,62.0112,62.5765565217,87721.7391304,0.280060869565
1989-09-30,65.86936,66.00064,65.31304,65.86936,128320.0,0.297895
1989-10-31,66.2504727273,66.6027636364,65.9208727273,66.2504727273,180145.454545,0.316654545455
1989-11-30,62.338,62.96296,62.07544,62.338,49760.0,0.29794
1989-12-31,55.25024,55.55024,54.7628,55.25024,74160.0,0.270845
1990-01-31,51.6991272727,52.0003636364,51.3410909091,51.6991272727,39127.2727273,0.268631818182
1990-02-28,41.4017684211,42.2439578947,40.7502315789,41.4017684211,98694.7368421,0.215089473684
1990-03-31,39.6822545455,40.1029090909,39.2674909091,39.6822545455,60000.0,0.209690909091
1990-04-30,39.15032,39.32552,38.9752,39.15032,35360.0,0.229275
1990-05-31,41.6969904762,41.964952381,41.2028952381,41.6969904762,62933.3333333,0.244214285714
1990-06-30,46.6475294118,46.9268705882,46.5887058824,46.6475294118,19764.7058824,0.276647058824
1990-07-31,42.90016,43.0001066667,42.7169066667,42.90016,25386.6666667,0.27956
1990-08-31,36.2128,36.88776,35.80016,36.2128,57920.0,0.235985
1990-09-30,32.8949052632,33.4607157895,32.6317473684,32.8949052632,108968.421053,0.217957894737
1990-10-31,27.6976,28.1581473684,27.6450526316,27.6976,101894.736842,0.212784210526
1990-11-30,26.8614222222,27.1043555556,26.6181333333,26.8614222222,61688.8888889,0.206366666667
1990-12-31,28.71288,29.11296,28.35664,28.71288,75520.0,0.23182
1991-01-31,29.0670933333,29.3505066667,28.9505066667,29.0670933333,97066.6666667,0.26028
1991-02-28,30.5699555556,31.0561777778,30.2504,30.5699555556,160622.222222,0.27375
1991-03-31,31.9149473684,32.2110315789,31.4279578947,31.9149473684,246989.473684,0.290605263158
1991-04-30,35.66288,35.93168,35.17536,35.66288,148320.0,0.36941
1991-05-31,36.2503111111,36.4656,35.9724444444,36.2503111111,196177.777778,0.3755
1991-06-30,36.4855529412,36.6399058824,36.2282352941,36.4855529412,88658.8235294,0.380982352941
1991-07-31,36.4068,37.03816,35.87552,36.4068,603920.0,0.428055
1991-08-31,35.68168,35.86296,35.35032,35.68168,127600.0,0.419535
1991-09-30,34.0212444444,34.2504888889,33.7157333333,34.0212444444,37511.1111111,0.4066
1991-10-31,33.7716444444,33.8410666667,33.6674666667,33.7716444444,12711.1111111,0.45515
1991-11-30,32.2438736842,32.7701894737,31.6712421053,32.2438736842,140800.0,0.434573684211
1991-12-31,30.6313904762,31.2504380952,29.8456380952,30.6313904762,258514.285714,0.435795238095
1992-01-31,35.3186181818,35.6824,34.2729454545,35.3186181818,51636.3636364,0.554813636364
1992-02-29,40.0144888889,40.6672888889,39.0628444444,40.0144888889,54933.3333333,0.628572222222
1992-03-31,42.4347428571,42.8571428571,41.9524571429,42.4347428571,82438.0952381,0.673947619048
1992-04-30,42.071847619,42.3932190476,41.1432380952,42.071847619,85409.5238095,0.736276190476
1992-05-31,39.87544,40.13776,39.13176,39.87544,117440.0,0.69784
1992-06-30,39.5915636364,40.1827636364,39.0744,39.5915636364,74400.0,0.700918181818
1992-07-31,39.80096,40.15112,39.50088,39.80096,49280.0,0.7849
1992-08-31,39.4169904762,39.8335238095,39.3456,39.4169904762,36342.8571429,0.77730952381
1992-09-30,42.345752381,42.7088,41.9168761905,42.345752381,456076.190476,0.848714285714
1992-10-31,43.26928,43.54424,43.01312,43.26928,31680.0,0.94938
1992-11-30,45.8754666667,46.0143111111,45.5493333333,45.8754666667,105333.333333,1.00657777778
1992-12-31,48.7769263158,49.1848421053,48.3820631579,48.7769263158,82778.9473684,1.11597368421
1993-01-31,50.8227368421,51.2174315789,50.5529263158,50.8227368421,121936.842105,1.22643684211
1993-02-28,49.5136842105,50.1386105263,49.3820631579,49.5136842105,54568.4210526,1.19485789474
1993-03-31,47.9350956522,48.1960347826,47.6308869565,47.9350956522,49878.2608696,1.16676956522
1993-04-30,47.61288,47.99416,47.47536,47.61288,103200.0,1.261455
1993-05-31,47.5739294118,47.8387764706,47.3385411765,47.5739294118,37458.8235294,1.26042352941
1993-06-30,47.4123294118,47.9565176471,47.1695058824,47.4123294118,40752.9411765,1.27791176471
1993-07-31,43.0242285714,43.6671238095,42.6550857143,43.0242285714,38323.8095238,1.25504761905
1993-08-31,44.4706285714,44.7385904762,44.1193904762,44.4706285714,32533.3333333,1.29723809524
1993-09-30,48.7686095238,49.4471619048,48.2804571429,48.7686095238,464304.761905,1.44237142857
1993-10-31,59.8820210526,60.5006315789,59.1055157895,59.8820210526,159410.526316,1.89302631579
1993-11-30,66.12544,66.71928,65.37552,66.12544,136960.0,2.090385
1993-12-31,71.36304,71.88792,70.98784,71.36304,121440.0,2.300395
1994-01-31,71.66936,71.88192,70.99408,71.66936,36800.0,2.41433
1994-02-28,80.3030736842,80.6321684211,79.8817684211,80.3030736842,68884.2105263,2.70516315789
1994-03-31,87.1551238095,87.3337904762,86.047847619,87.1551238095,60647.6190476,2.95827619048
1994-04-30,85.5143111111,86.0629333333,85.1808,85.5143111111,54755.5555556,3.02978333333
1994-05-31,82.9637647059,83.2799058824,82.5520941176,82.9637647059,62117.6470588,2.93941764706
1994-06-30,83.8338133333,84.1837866667,83.70048,83.8338133333,73920.0,2.99509333333
1994-07-31,60.6121263158,60.9279157895,60.3357894737,60.6121263158,59326.3157895,3.20298947368
1994-08-31,41.95024,42.17524,41.82212,41.95024,47840.0,3.155925
1994-09-30,42.5359238095,42.8395428571,42.214552381,42.5359238095,90933.3333333,3.21375238095
1994-10-31,43.6432,43.7771428571,43.5985714286,43.6432,37600.0,3.3786
1994-11-30,43.4997333333,43.6981333333,43.4666666667,43.4997333333,40160.0,3.36747333333
1994-12-31,43.524,43.664,43.2666666667,43.524,113555.555556,3.40808333333
1995-01-31,48.6896,48.94,48.1392,48.6896,141280.0,3.879395
1995-02-28,51.2189473684,51.6791578947,51.0614736842,51.2189473684,46947.3684211,4.08093684211
1995-03-31,51.8778181818,52.2229090909,51.5538181818,51.8778181818,58654.5454545,4.14263181818
1995-04-30,52.4631578947,52.7781052632,52.0610526316,52.4631578947,75747.3684211,4.28328947368
1995-05-31,56.5848,56.8412,56.3216,56.5848,75440.0,4.619805
1995-06-30,56.8905,57.2155,56.695,56.8905,52300.0,4.6447375
1995-07-31,55.4112941176,55.6362352941,55.2898823529,55.4112941176,39858.8235294,4.63828235294
1995-08-31,55.1356,55.2284,54.9724,55.1356,21680.0,4.61523
1995-09-30,57.3496470588,57.5185882353,57.1807058824,57.3496470588,16000.0,4.80054705882
1995-10-31,46.1518,46.2706,46.046,46.1518,11880.0,5.104225
1995-11-30,30.7233333333,31.0431111111,30.4664444444,30.7233333333,24755.5555556,5.26836666667
1995-12-31,32.9452,33.1326,32.7262,32.9452,109980.0,5.661515
1996-01-31,30.9972,31.232,30.8322,30.9972,62520.0,5.37371
1996-02-29,31.881,32.0766,31.6702,31.881,25540.0,5.52692
1996-03-31,33.1392,33.5324,32.9826,33.1392,29380.0,5.745055
1996-04-30,33.5544761905,33.7748571429,33.292952381,33.5544761905,18285.7142857,5.87469047619
1996-05-31,33.3876363636,33.7965454545,33.1774545455,33.3876363636,15145.4545455,5.84839090909
1996-06-30,30.3918,30.7264,30.2264,30.3918,22040.0,5.323625
1996-07-31,28.9045454545,29.1038181818,28.7738181818,28.9045454545,24781.8181818,5.13067727273
1996-08-31,29.1452,29.3638,28.9952,29.1452,14920.0,5.176665
1996-09-30,28.833,29.0452,28.6452,28.833,31580.0,5.1212
1996-10-31,29.3219130435,29.572173913,29.0608695652,29.3219130435,26347.826087,5.28039565217
1996-11-30,30.2136,30.3762,30.0796,30.2136,23200.0,5.4442
1996-12-31,29.5012,29.7736,29.114,29.5012,71340.0,5.33551
1997-01-31,29.9790909091,30.2909090909,29.7003636364,29.9790909091,28963.6363636,5.47782272727
1997-02-28,30.0410526316,30.2875789474,29.8966315789,30.0410526316,26063.1578947,5.48914210526
1997-03-31,30.2448,30.5014,29.889,30.2448,31760.0,5.52636
1997-04-30,30.3369090909,30.4954545455,30.2174545455,30.3369090909,14018.1818182,5.61351818182
1997-05-31,31.0824,31.432,30.8702,31.0824,39400.0,5.754905
1997-06-30,33.8584761905,34.1624761905,33.5939047619,33.8584761905,38666.6666667,6.26887142857
1997-07-31,32.8685454545,33.1838181818,32.6861818182,32.8685454545,46218.1818182,6.15914545455
1997-08-31,32.236,32.4298,32.0582,32.236,31620.0,6.04817
1997-09-30,36.5564,36.7968,36.158,36.5564,36320.0,6.858755
1997-10-31,42.4610434783,42.7410434783,41.8963478261,42.4610434783,40017.3913043,8.06153043478
1997-11-30,45.8829473684,46.1105263158,45.5507368421,45.8829473684,19600.0,8.7112
1997-12-31,53.4618,53.7926,52.6828,53.4618,32520.0,10.175955
1998-01-31,51.0828,51.5388,50.7234,51.0828,38840.0,9.7792
1998-02-28,52.5707368421,53.0406315789,52.2023157895,52.5707368421,23368.4210526,10.0640526316
1998-03-31,54.3702857143,54.6026666667,53.915047619,54.3702857143,28209.5238095,10.4085571429
1998-04-30,53.043047619,53.4718095238,52.7043809524,53.043047619,29980.952381,10.2383571429
1998-05-31,54.7954,55.1296,54.6172,54.7954,20780.0,10.576605
1998-06-30,54.9985454545,55.212,54.5414545455,54.9985454545,28200.0,10.6158181818
1998-07-31,61.4777142857,62.0108571429,61.0552380952,61.4777142857,28247.6190476,11.9630666667
1998-08-31,62.5405714286,63.0817142857,61.928952381,62.5405714286,53542.8571429,12.1747
1998-09-30,59.231047619,59.5643809524,58.6207619048,59.231047619,73942.8571429,11.5351666667
1998-10-31,48.8318095238,49.1765714286,48.1678095238,48.8318095238,74285.7142857,12.848452381
1998-11-30,36.1784,36.6068,35.6691,36.1784,52110.0,14.20277
1998-12-31,40.191,40.3811818182,39.4606363636,40.191,85990.9090909,15.7958
1999-01-31,46.1362222222,46.5563333333,45.6187777778,46.1362222222,65355.5555556,18.1699388889
1999-02-28,45.3592631579,45.7243157895,45.0103157895,45.3592631579,66000.0,17.8639526316
1999-03-31,41.0331304348,41.5168695652,40.7072173913,41.0331304348,67382.6086957,16.1601695652
1999-04-30,39.9261904762,40.3815238095,39.6181904762,39.9261904762,53609.5238095,15.7721285714
1999-05-31,42.7195,43.1195,42.1632,42.7195,23400.0,16.87559
1999-06-30,20.7020454545,21.2701818182,20.3581363636,20.7020454545,51440.9090909,16.3559545455
1999-07-31,18.22835,18.61275,17.98455,18.22835,74655.0,14.42742
1999-08-31,17.3922272727,17.5939090909,17.1962272727,17.3922272727,48581.8181818,13.7683136364
1999-09-30,16.535952381,16.7606190476,16.3573809524,16.535952381,49761.9047619,13.0930619048
1999-10-31,16.7324285714,16.8543809524,16.5568095238,16.7324285714,46538.0952381,13.2748380952
1999-11-30,16.5150952381,16.7383333333,16.407952381,16.5150952381,43557.1428571,13.1024285714
1999-12-31,17.2871363636,17.5342727273,16.9688181818,17.2871363636,62745.4545455,13.7253636364
2000-01-31,16.1096,16.3628,15.89395,16.1096,122110.0,12.80725
2000-02-29,14.5408,14.669,14.45645,14.5408,53010.0,11.560045
2000-03-31,15.6649545455,15.8211363636,15.3722727273,15.6649545455,79250.0,12.4564818182
2000-04-30,16.7139473684,16.8851052632,16.5198947368,16.7139473684,59226.3157895,13.3168736842
2000-05-31,18.3411363636,18.4434090909,18.1393636364,18.3411363636,119450.0,14.6133545455
2000-06-30,22.4942857143,22.8633333333,21.8960952381,22.4942857143,129319.047619,17.9223809524
2000-07-31,22.3034,22.52835,21.9877,22.3034,40670.0,17.79908
2000-08-31,21.9486521739,22.1374782609,21.7474782609,21.9486521739,22434.7826087,17.5175347826
2000-09-30,21.86275,22.0127,21.5252,21.86275,49985.0,17.45057
2000-10-31,21.2680952381,21.5329047619,21.0776666667,21.2680952381,25319.047619,17.0036380952
2000-11-30,20.9049047619,21.1043333333,20.646,20.9049047619,23419.047619,16.7132714286
2000-12-31,20.494,20.80015,20.069,20.494,34535.0,16.39592
2001-01-31,20.3673,20.74395,20.022,20.3025,40645.0,16.262715
2001-02-28,20.3005263158,20.5884210526,20.1463157895,20.3442105263,35484.2105263,16.2961421053
2001-03-31,19.4772727273,19.7045454545,19.1463636364,19.3781818182,61018.1818182,15.5252954545
2001-04-30,18.8185,19.0195,18.505,18.7735,40835.0,15.07072
2001-05-31,19.8076190476,20.0795238095,19.6478571429,19.8866666667,52709.5238095,15.9643428571
2001-06-30,22.3857142857,22.7261904762,22.2452380952,22.6214285714,46595.2380952,18.1597047619
2001-07-31,22.0071428571,22.1328571429,21.6566666667,21.8204761905,35633.3333333,17.5493238095
2001-08-31,21.2236363636,21.4222727273,20.9936363636,21.1990909091,46454.5454545,17.0512363636
2001-09-30,20.4131578947,20.6268421053,20.0760526316,20.38,57957.8947368,16.3924052632
2001-10-31,21.007826087,21.2526086957,20.6515217391,20.9591304348,30043.4782609,16.8946347826
2001-11-30,21.846,22.18725,21.525,21.949,37130.0,17.69256
2001-12-31,22.41,22.5995,22.0985,22.373,64910.0,18.0458
2002-01-31,22.6933333333,22.940952381,22.3292857143,22.6561904762,62861.9047619,18.2996904762
2002-02-28,23.5494444444,23.795,23.3016666667,23.6205555556,55738.8888889,19.0786222222
2002-03-31,25.835,26.0735,25.5955,25.86,60465.0,20.8911
2002-04-30,26.5177272727,26.7568181818,26.295,26.5359090909,89236.3636364,21.4701318182
2002-05-31,26.4680952381,26.6457142857,26.1347619048,26.42,71133.3333333,21.3763428571
2002-06-30,25.0395,25.2095,24.76675,24.9815,128860.0,20.212455
2002-07-31,21.7686363636,22.0009090909,21.3627272727,21.6977272727,111054.545455,17.59045
2002-08-31,21.4309090909,21.7077272727,21.2395454545,21.4881818182,88440.9090909,17.4223954545
2002-09-30,22.2384210526,22.5084210526,21.9236842105,22.2573684211,61352.6315789,18.0482157895
2002-10-31,21.9939130435,22.2347826087,21.72,21.9708695652,64343.4782609,17.8548217391
2002-11-30,22.398,22.553,22.22,22.3775,56595.0,18.185275
2002-12-31,22.868,23.1455,22.6165,22.968,68665.0,18.68176
2003-01-31,23.7704761905,23.9492857143,23.540952381,23.7557142857,52695.2380952,19.3478285714
2003-02-28,22.7536842105,22.9463157895,22.5181578947,22.7657894737,47373.6842105,18.5415894737
2003-03-31,22.229,22.373,22.016,22.221,36940.0,18.09993
2003-04-30,23.5266666667,23.7838095238,23.3552380952,23.5795238095,90719.047619,19.2470619048
2003-05-31,25.110952381,25.3242857143,24.8526190476,25.1147619048,65761.9047619,20.5002285714
2003-06-30,25.3204761905,25.5480952381,25.0333333333,25.2561904762,98642.8571429,20.6154380952
2003-07-31,26.6068181818,26.7745454545,26.3454545455,26.5972727273,79409.0909091,21.7623363636
2003-08-31,27.2661904762,27.4885714286,27.0561904762,27.3366666667,54928.5714286,22.3698047619
2003-09-30,27.0785,27.2435,26.8285,26.997,51875.0,22.09451
2003-10-31,26.2939130435,26.51,26.1256521739,26.3452173913,51978.2608696,21.6125434783
2003-11-30,26.0015789474,26.1610526316,25.8263157895,25.9936842105,98947.3684211,21.3241684211
2003-12-31,25.3495238095,25.5566666667,25.0757142857,25.330952381,155980.952381,20.7934571429
2004-01-31,26.564,26.7565,26.358,26.5305,84515.0,21.820375
2004-02-29,26.6505263158,26.8642105263,26.53,26.6615789474,82494.7368421,21.9281947368
2004-03-31,28.5252173913,28.807826087,28.4347826087,28.6826086957,118713.043478,23.5927434783
2004-04-30,30.7185714286,31.0566666667,30.4657142857,30.7966666667,56357.1428571,25.3847047619
2004-05-31,30.41,30.7165,30.1695,30.4795,40745.0,25.123275
2004-06-30,31.8138095238,32.1195238095,31.52,31.7723809524,61490.4761905,26.1889619048
2004-07-31,31.7785,32.04395,31.5725,31.742,37685.0,26.22539
2004-08-31,32.3672727273,32.6636363636,32.1572727273,32.3731818182,41527.2727273,26.7468681818
2004-09-30,32.0085714286,32.3128571429,31.7623809524,32.0928571429,51690.4761905,26.5212619048
2004-10-31,32.282,32.578,32.05975,32.3425,32795.0,26.785645
2004-11-30,32.8547619048,33.1780952381,32.65,32.9142857143,68623.8095238,27.2592
2004-12-31,34.1618181818,34.4290909091,33.8581818182,34.1995454545,56450.0,28.3407636364
2005-01-31,34.5084210526,34.8102631579,34.1547368421,34.4352631579,55410.5263158,28.5814684211
2005-02-28,34.5405263158,34.8968421053,34.2915789474,34.5968421053,46394.7368421,28.7155789474
2005-03-31,35.385,35.73,35.0872727273,35.4077272727,80613.6363636,29.3914272727
2005-04-30,35.7675,36.177,35.5211,35.9105,53015.0,29.868935
2005-05-31,37.1957142857,37.5161904762,36.900952381,37.2804761905,56223.8095238,31.0084142857
2005-06-30,38.1468181818,38.4613636364,37.8640909091,38.1977272727,142177.272727,31.7747227273
2005-07-31,41.299,41.706,41.1035,41.48,101215.0,34.578385
2005-08-31,43.037826087,43.5517391304,42.7055217391,43.1043478261,84173.9130435,35.9328565217
2005-09-30,42.4233333333,42.855952381,41.9580952381,42.439047619,90757.1428571,35.3854904762
2005-10-31,39.0838095238,39.5728571429,38.619047619,39.0619047619,102495.238095,32.6343904762
2005-11-30,39.1466666667,39.6423809524,38.7329047619,39.2576190476,85561.9047619,32.7979095238
2005-12-31,40.0795238095,40.2742857143,39.6676190476,40.0147619048,68800.0,33.4482619048
2006-01-31,38.8526315789,39.1305263158,38.5316315789,38.9231578947,108868.421053,32.5930789474
2006-02-28,38.6110526316,38.98,38.3184210526,38.6836842105,108473.684211,32.3925526316
2006-03-31,37.6217391304,38.0043478261,37.4186956522,37.7530434783,92660.8695652,31.6165478261
2006-04-30,37.1584210526,37.4331578947,36.8661052632,37.1615789474,131668.421053,31.1920894737
2006-05-31,35.1528571429,35.5169952381,34.959052381,35.2228571429,107638.095238,29.5647809524
2006-06-30,33.4240909091,33.7640909091,33.0690909091,33.4104545455,135959.090909,28.0473681818
2006-07-31,33.1684210526,33.4884210526,32.9252631579,33.1910526316,138094.736842,27.9439368421
2006-08-31,32.7947826087,33.2221695652,32.5019565217,32.872173913,124143.478261,27.6754695652
2006-09-30,35.489,35.7825,35.2819,35.589,104235.0,29.971245
2006-10-31,35.1923809524,35.4054761905,34.7609571429,35.1447619048,77666.6666667,29.6711904762
2006-11-30,38.6695238095,39.0771428571,38.3461904762,38.8104761905,386971.428571,32.7659952381
2006-12-31,39.141,39.36,38.7475,39.089,155785.0,33.018305
2007-01-31,37.919,38.129,37.5981,37.8605,99740.0,32.04759
2007-02-28,38.2089473684,38.4363157895,37.9884210526,38.2347368421,101689.473684,32.3648473684
2007-03-31,37.6081818182,37.9109090909,37.2920454545,37.6186363636,103836.363636,31.8510409091
2007-04-30,38.2147368421,38.5610526316,37.9273736842,38.36,97657.8947368,32.5569842105
2007-05-31,41.67,42.2745454545,41.4313636364,41.9563636364,111086.363636,35.6092954545
2007-06-30,46.9961904762,47.4519047619,46.7257142857,47.1795238095,128633.333333,40.0423142857
2007-07-31,46.5655,46.7875,45.941505,46.5605,170020.0,39.60717
2007-08-31,41.5495652174,42.0460869565,41.0486956522,41.5826086957,150213.043478,35.3726565217
2007-09-30,43.2147368421,43.7757894737,42.6805263158,43.2315789474,155426.315789,36.7803210526
2007-10-31,43.9013636364,44.2045409091,43.2377318182,43.8290909091,125277.272727,37.3751545455
2007-11-30,40.7185714286,41.2366666667,40.0757190476,40.6895238095,130680.952381,34.6978952381
2007-12-31,42.1865,42.634,41.5465,42.1545,107670.0,35.97078
2008-01-31,38.842,39.4105,38.184,38.871,179445.0,33.232135
2008-02-29,39.012,39.404,38.6545,39.254,140855.0,33.559575
2008-03-31,38.5575,39.3455,38.102505,38.8135,180925.0,33.19239
2008-04-30,43.3480952381,43.9857142857,42.8154761905,43.6004761905,172223.809524,37.3806285714
2008-05-31,46.6304761905,47.1538095238,46.09,46.660952381,159009.52381,40.0045190476
2008-06-30,47.6361904762,48.2238095238,46.8166666667,47.4419047619,205804.761905,40.6740571429
2008-07-31,45.01,45.6780952381,44.4980952381,45.1152380952,183785.714286,38.7883666667
2008-08-31,46.6614285714,47.32,45.9958571429,46.8185714286,155247.619048,40.2583380952
2008-09-30,43.3114285714,44.5123809524,42.1071428571,43.050952381,251319.047619,37.0241238095
2008-10-31,33.5959090909,34.5286363636,31.5665454545,33.3031818182,279990.909091,28.7314136364
2008-11-30,31.72,32.8673684211,30.6821052632,31.8573684211,244757.894737,27.4840684211
2008-12-31,32.069047619,33.0708904762,31.1657142857,32.1523809524,260833.333333,27.760852381
2009-01-31,35.568,36.324,34.83425,35.7075,230570.0,30.930315
2009-02-28,33.7284210526,34.4686842105,33.0394736842,33.7036842105,211873.684211,29.1945842105
2009-03-31,29.6019047619,30.1885714286,28.8285714286,29.5152380952,277580.952381,25.5767761905
2009-04-30,32.7952380952,33.4195238095,32.3995238095,33.0495238095,173000.0,28.7481428571
2009-05-31,32.5185,32.923,31.907,32.361,188790.0,28.14924
2009-06-30,33.199047619,33.8919047619,32.7223809524,33.4766666667,198195.238095,29.1196952381
2009-07-31,32.4215909091,32.7658454545,32.02,32.445,164154.545455,28.3416272727
2009-08-31,31.3138095238,31.6694714286,30.8756190476,31.3147619048,227409.52381,27.3543380952
2009-09-30,33.693,34.1067,33.1915,33.7395,227920.0,29.484855
2009-10-31,34.9068181818,35.2381818182,34.5695454545,34.995,146450.0,30.6946363636
2009-11-30,36.7195,37.1185,36.51425,36.907,123175.0,32.371685
2009-12-31,41.0566666667,41.5266666667,40.7538095238,41.1657142857,198709.52381,36.1420952381
2010-01-31,41.9436842105,42.2568421053,41.6094736842,41.9584210526,124310.526316,36.9238105263
2010-02-28,41.1842105263,41.5126315789,40.8497368421,41.2568421053,99478.9473684,36.3064210526
2010-03-31,43.1013636364,43.4022727273,42.7963181818,43.1490909091,144259.090909,37.9829045455
2010-04-30,43.1580952381,43.5047619048,42.8031428571,43.1833333333,144195.238095,38.1257857143
2010-05-31,40.8235,41.143,40.2415,40.7595,130575.0,35.985845
2010-06-30,38.9742857143,39.4307142857,38.5529142857,38.9885714286,165923.809524,34.4223142857
2010-07-31,39.6038095238,40.0020952381,39.1157142857,39.6061904762,136657.142857,35.1128904762
2010-08-31,37.8528571429,38.1814285714,37.3989904762,37.7638095238,106523.809524,33.4795285714
2010-09-30,39.590952381,40.0421428571,39.2733333333,39.7252380952,167357.142857,35.2318809524
2010-10-31,42.7747619048,43.110947619,42.4404761905,42.8442857143,135471.428571,38.1316142857
2010-11-30,42.522,42.827,42.095005,42.5005,101400.0,37.825645
2010-12-31,44.9331818182,45.435,44.6247727273,45.0936363636,134500.0,40.1592772727
2011-01-31,46.11,46.553,45.628505,46.1135,150855.0,41.184455
2011-02-28,47.3916666667,47.8716666667,47.0387777778,47.4811111111,125583.333333,42.4058833333
2011-03-31,48.9017391304,49.4786913043,48.5275695652,49.0513043478,163008.695652,43.8208565217
2011-04-30,50.727,51.1305,50.25895,50.7255,119875.0,45.448515
2011-05-31,50.961,51.3905,50.62105,51.1355,79205.0,45.815865
2011-06-30,50.3331818182,50.7620454545,49.8661363636,50.2718181818,135109.090909,45.0502909091
2011-07-31,51.6975,52.174325,51.276705,51.7935,113060.0,46.58615
2011-08-31,46.1673913043,47.0560956522,45.259526087,46.1395652174,172356.521739,39.9749217391
2011-09-30,46.2261904762,47.0419047619,45.3946333333,46.1533333333,147719.047619,41.538147619
2011-10-31,48.0485714286,48.9004761905,47.3288142857,48.1742857143,104328.571429,43.5208142857
2011-11-30,47.1633333333,47.7390285714,46.6421428571,47.2523809524,74300.0,42.6879714286
2011-12-31,45.2159090909,45.62,44.6800363636,45.0586363636,146859.090909,40.7393136364
2012-01-31,45.0238095238,45.4180952381,44.5287238095,45.0476190476,173971.428571,40.882047619
2012-02-29,45.8285714286,46.1576809524,45.3638095238,45.8361904762,109614.285714,41.5977095238
2012-03-31,46.6704545455,47.2272272727,46.4702318182,46.8763636364,207045.454545,42.5582227273
2012-04-30,46.384,46.734945,46.03825,46.3225,189620.0,42.216865
2012-05-31,45.0230434783,45.4134782609,44.6670043478,45.097826087,122213.043478,41.1007391304
2012-06-30,46.0271428571,46.5291952381,45.605952381,46.169047619,183780.952381,42.0770238095
2012-07-31,48.5861904762,48.95,48.0665238095,48.540952381,118328.571429,44.4564904762
2012-08-31,47.8265217391,48.2913173913,47.4947826087,47.9165217391,87986.9565217,43.8846130435
2012-09-30,48.0065,48.37625,47.448,47.8975,200500.0,43.889055
2012-10-31,44.635,44.8143590909,44.2836409091,44.5204545455,176468.181818,40.9851636364
2012-11-30,42.3213636364,42.7136818182,41.9111409091,42.3181818182,136263.636364,38.9577590909
2012-12-31,39.0604761905,39.5104761905,38.4731904762,38.9514285714,323542.857143,36.0084666667
2013-01-31,39.5,39.8227227273,39.2836409091,39.5104545455,276304.545455,36.5785
2013-02-28,38.5835,38.82856,38.275,38.51,284140.0,35.65229
2013-03-31,38.4561904762,38.8582809524,38.1791428571,38.5204761905,347971.428571,35.7256809524
2013-04-30,37.6319047619,37.9071904762,37.2450952381,37.6157142857,248233.333333,35.0408761905
2013-05-31,38.8834782609,39.2170913043,38.6418217391,38.9973913043,201347.826087,36.3279782609
2013-06-30,39.9689473684,40.4612210526,39.4578947368,39.9978947368,342884.210526,37.2848368421
2013-07-31,43.137826087,43.5606521739,42.8571217391,43.3186956522,184330.434783,40.6088086957
2013-08-31,44.9522727273,45.4288909091,44.4932772727,44.9659090909,152581.818182,42.1529909091
2013-09-30,45.7119047619,46.1532380952,45.3661904762,45.8438095238,209409.52381,42.9945666667
2013-10-31,49.182173913,49.5960869565,48.8591173913,49.3534782609,193986.956522,46.5111304348
2013-11-30,49.746,50.133745,49.430055,49.8525,125815.0,46.981415
2013-12-31,52.4218181818,53.0813636364,52.0975454545,52.6690909091,153204.545455,49.6788227273
2014-01-31,54.2282608696,54.7336956522,53.6628043478,54.2282608696,284591.304348,51.3381086957
2014-02-28,55.3105263158,55.9788947368,54.9094315789,55.5263157895,175526.315789,52.5669684211
2014-03-31,57.1295238095,57.6085714286,56.6871238095,57.0876190476,230161.904762,54.1243095238
2014-04-30,56.9013636364,57.445,56.3425,56.8895454545,221713.636364,54.0963772727
2014-05-31,55.5190909091,55.88795,55.1112272727,55.4386363636,123959.090909,52.7165
2014-06-30,57.8085714286,58.3921380952,57.4895238095,58.1342857143,234761.904762,55.3064142857
2014-07-31,61.02,61.590173913,60.707173913,61.0569565217,210843.478261,58.3401565217
2014-08-31,59.4815,60.003245,59.04625,59.5095,116810.0,56.86156
2014-09-30,58.2718181818,58.6508681818,57.7679545455,58.1527272727,156190.909091,55.5899227273
2014-10-31,54.9526086957,55.4369565217,54.2930434783,54.9208695652,178621.73913,52.743073913
2014-11-30,59.0878947368,59.5741947368,58.7168473684,59.1121052632,163463.157895,56.7681052632
2014-12-31,58.9769565217,59.5004347826,58.5219173913,58.947826087,150400.0,56.6835086957
2015-01-31,59.1280952381,59.7152380952,58.6321190476,59.25,172223.809524,57.1781857143
2015-02-28,62.928,63.43922,62.55255,63.1385,141980.0,60.93071
2015-03-31,61.9004545455,62.3149,61.3460909091,61.7036363636,226672.727273,59.5460272727
2015-04-30,59.7780952381,60.1263809524,59.2194761905,59.5852380952,156738.095238,57.6582142857
2015-05-31,57.7,58.1330952381,57.3717142857,57.8266666667,140180.952381,56.0745190476
2015-06-30,57.2527272727,57.6502181818,56.6366363636,56.9981818182,290154.545455,55.2711636364
2015-07-31,54.0413636364,54.5199909091,53.5820454545,53.9659090909,184654.545455,52.6033136364
2015-08-31,51.5066666667,52.1835619048,50.915,51.560952381,158742.857143,50.2717904762
2015-09-30,50.45,50.9232285714,49.8121428571,50.3223809524,182328.571429,49.0642
2015-10-31,50.5745454545,51.1754045455,50.1054545455,50.7172727273,247981.818182,49.6861272727
2015-11-30,51.9538095238,52.4469,51.4186666667,51.9438095238,162947.619048,50.9552714286
2015-12-31,46.4613636364,46.90295,45.8766909091,46.2240909091,255250.0,45.44095
2016-01-31,42.1880952381,42.6603095238,41.6154857143,42.11,346619.047619,41.5930238095
2016-02-29,41.7838095238,42.3217,41.3704761905,41.9142857143,186380.952381,41.3997190476
2016-03-31,46.4440909091,47.1916681818,46.1004545455,46.8522727273,249786.363636,46.2770863636
2016-04-30,48.8233333333,49.3463619048,48.4178571429,48.8323809524,206976.190476,48.4558952381
2016-05-31,50.8752380952,51.4052333333,50.4357142857,51.0938095238,140533.333333,50.790252381
2016-06-30,51.4727272727,52.0572681818,51.0074545455,51.4945454545,288159.090909,51.1886318182
2016-07-31,54.7504761905,55.239047619,54.4276238095,54.97,247480.952381,54.97
2016-08-31,57.014,57.3956,56.478,56.882,237620.0,56.882
