Date,Open,High,Low,Close,Volume,Adj Close
2000-05-31,3.93142361111,4.10763888889,3.70486111111,3.9140625,25372.2222222,7.34265972222
2000-06-30,2.49289772727,2.58948863636,2.35653409091,2.45028409091,6427.27272727,4.59665690909
2000-07-31,1.65703125,1.71015625,1.53671875,1.6015625,7335.0,3.00448155
2000-08-31,1.24005681818,1.328125,1.14772727273,1.24289772727,6545.45454545,2.33163745455
2000-09-30,1.39375,1.434375,1.3203125,1.3640625,6335.0,2.5589387
2000-10-31,1.1875,1.21875,1.05539772727,1.11860795455,9559.09090909,2.09847372727
2000-11-30,0.979166666667,0.991071428571,0.931547619048,0.955357142857,5700.0,1.79222042857
2000-12-31,0.90859375,0.9375,0.8625,0.89609375,16335.0,1.68104415
2001-01-31,0.7671875,0.80859375,0.746875,0.784375,7290.0,1.47146335
2001-02-28,0.939144736842,0.975328947368,0.908717105263,0.930098684211,3326.31578947,1.74483636842
2001-03-31,0.619318181818,0.643465909091,0.605113636364,0.625710227273,3368.18181818,1.17381322727
2001-04-30,0.819375,0.8415625,0.793,0.80525,1655.0,1.51062395
2001-05-31,0.811818181818,0.834545454545,0.766363636364,0.786818181818,1640.90909091,1.47604668182
2001-06-30,0.758095238095,0.795714285714,0.721904761905,0.765238095238,3442.85714286,1.43556295238
2001-07-31,0.724761904762,0.768095238095,0.69,0.746666666667,4823.80952381,1.4007232381
2001-08-31,0.889130434783,0.921739130435,0.849565217391,0.88,2286.95652174,1.65085265217
2001-09-30,0.668,0.700666666667,0.61,0.65,3613.33333333,1.21937973333
2001-10-31,0.624347826087,0.641304347826,0.605652173913,0.615217391304,2121.73913043,1.1541286087
2001-11-30,0.574761904762,0.586666666667,0.558095238095,0.571428571429,1014.28571429,1.07198233333
2001-12-31,0.594210526316,0.624210526316,0.569473684211,0.586842105263,2284.21052632,1.10089747368
2002-01-31,0.770952380952,0.794761904762,0.748095238095,0.770952380952,2661.9047619,1.44628271429
2002-02-28,0.639473684211,0.64,0.629473684211,0.63,705.263157895,1.18186036842
2002-03-31,0.5585,0.5775,0.553,0.5645,2100.0,1.05898445
2002-04-30,0.478636363636,0.493181818182,0.468636363636,0.482727272727,1645.45454545,0.905581318182
2002-05-31,0.337272727273,0.354545454545,0.301818181818,0.320909090909,6304.54545455,0.6020155
2002-06-30,0.178947368421,0.187894736842,0.172631578947,0.182105263158,1463.15789474,0.341623684211
2002-07-31,0.144545454545,0.182272727273,0.141818181818,0.177272727273,2286.36363636,0.332558181818
2002-08-31,0.119545454545,0.119545454545,0.117272727273,0.117272727273,22.7272727273,0.220000045455
2002-09-30,0.078,0.084,0.075,0.082,2105.0,0.1538294
2002-10-31,0.0986956521739,0.0986956521739,0.0986956521739,0.0986956521739,1726.08695652,0.185150086957
2002-11-30,0.065,0.066,0.063,0.065,1990.0,0.12193795
2002-12-31,0.0385714285714,0.0385714285714,0.0371428571429,0.037619047619,2985.71428571,0.070571952381
2003-01-31,0.03,0.03,0.03,0.03,128.571428571,0.056279
2003-02-28,0.0363157894737,0.0363157894737,0.0363157894737,0.0363157894737,836.842105263,0.0681274210526
2003-03-31,0.0304761904762,0.0304761904762,0.0304761904762,0.0304761904762,100.0,0.0571723333333
2003-04-30,0.03,0.03,0.03,0.03,55.0,0.056279
2003-05-31,0.114285714286,0.124761904762,0.113333333333,0.12380952381,4361.9047619,0.232262761905
2003-06-30,0.128571428571,0.128571428571,0.128571428571,0.128571428571,323.80952381,0.241195857143
2003-07-31,0.102272727273,0.102272727273,0.101818181818,0.101818181818,636.363636364,0.191007909091
2003-08-31,0.09,0.09,0.09,0.09,119.047619048,0.168837
2003-09-30,0.0966666666667,0.0990476190476,0.0966666666667,0.0990476190476,1000.0,0.185810428571
2003-10-31,0.16,0.188260869565,0.159130434783,0.181304347826,5721.73913043,0.340121521739
2003-11-30,0.368421052632,0.377368421053,0.357368421053,0.366315789474,1900.0,0.687197105263
2003-12-31,0.256363636364,0.275909090909,0.235,0.259090909091,2959.09090909,0.486046363636
2004-01-31,0.414736842105,0.439473684211,0.399473684211,0.426315789474,5247.36842105,0.799755157895
2004-02-29,0.318421052632,0.318421052632,0.315789473684,0.315789473684,342.105263158,0.592411105263
2004-03-31,0.246086956522,0.262173913043,0.244347826087,0.25652173913,939.130434783,0.481226652174
2004-04-30,0.330952380952,0.34380952381,0.321904761905,0.330476190476,6742.85714286,0.619963333333
2004-05-31,0.295,0.3235,0.291,0.313,5550.0,0.58717815
2004-06-30,0.600952380952,0.633333333333,0.575238095238,0.604761904762,4776.19047619,1.13451452381
2004-07-31,0.529047619048,0.535238095238,0.524285714286,0.529523809524,3052.38095238,0.993370285714
2004-08-31,0.500952380952,0.509047619048,0.49619047619,0.504285714286,1076.19047619,0.946024238095
2004-09-30,1.36095238095,1.48238095238,1.28904761905,1.42571428571,9842.85714286,2.67459580952
2004-10-31,2.05428571429,2.15904761905,1.9919047619,2.15047619048,3938.0952381,4.03422657143
2004-11-30,2.94523809524,3.01904761905,2.81238095238,2.98571428571,3776.19047619,5.60110728571
2004-12-31,2.64909090909,2.70954545455,2.59181818182,2.68181818182,2600.0,5.03100740909
2005-01-31,2.47947368421,2.52421052632,2.44,2.49421052632,1426.31578947,4.67906147368
2005-02-28,2.51157894737,2.54157894737,2.46894736842,2.51947368421,1636.84210526,4.72645447368
2005-03-31,2.30545454545,2.34318181818,2.21454545455,2.28636363636,2472.72727273,4.28914727273
2005-04-30,0.698571428571,0.698571428571,0.667142857143,0.669523809524,1195.23809524,1.25600585714
2005-05-31,0.476666666667,0.476666666667,0.47380952381,0.47380952381,533.333333333,0.888852
2005-06-30,0.520909090909,0.526363636364,0.515,0.52,1850.0,0.975503727273
2005-07-31,0.621052631579,0.63,0.618421052632,0.626842105263,1300.0,1.17593631579
2005-08-31,0.519565217391,0.523043478261,0.515652173913,0.519130434783,1047.82608696,0.973872347826
2005-09-30,0.566666666667,0.569047619048,0.562857142857,0.565238095238,419.047619048,1.06036914286
2005-10-31,0.544761904762,0.548571428571,0.542380952381,0.54619047619,1238.0952381,1.02463638095
2005-11-30,0.535714285714,0.536666666667,0.535238095238,0.535238095238,619.047619048,1.00409009524
2005-12-31,0.57,0.580952380952,0.569047619048,0.58,361.904761905,1.08806180952
2006-01-31,0.6935,0.75,0.676,0.75,1155.0,1.4069766
2006-02-28,1.07894736842,1.16684210526,1.06210526316,1.13789473684,1236.84210526,2.13465526316
2006-03-31,1.1947826087,1.22652173913,1.19,1.22217391304,347.826086957,2.29276026087
2006-04-30,0.853333333333,0.853333333333,0.847222222222,0.853333333333,455.555555556,1.600827
2006-05-31,0.770454545455,0.791363636364,0.770454545455,0.791363636364,290.909090909,1.48457345455
2006-06-30,0.958181818182,0.958181818182,0.952272727273,0.957727272727,163.636363636,1.7966665
2006-07-31,0.9155,0.98,0.9155,0.98,415.0,1.8384499
2006-08-31,0.843043478261,0.84652173913,0.843043478261,0.84652173913,56.5217391304,1.58804856522
2006-09-30,0.67,0.67,0.67,0.67,170.0,1.2568995
2006-10-31,0.566363636364,0.566363636364,0.562727272727,0.562727272727,309.090909091,1.05565904545
2006-11-30,0.52380952381,0.527619047619,0.52380952381,0.527619047619,504.761904762,0.989797047619
2006-12-31,0.587,0.632,0.583,0.617,2390.0,1.1574729
2007-01-31,0.663,0.668,0.663,0.668,360.0,1.2531474
2007-02-28,0.667368421053,0.697894736842,0.66,0.697894736842,2047.36842105,1.30922894737
2007-03-31,0.619523809524,0.633333333333,0.615714285714,0.630952380952,1671.42857143,1.18364690476
2007-04-30,0.5595,0.5595,0.5595,0.5595,380.0,1.04960435
2007-05-31,0.507727272727,0.507727272727,0.507727272727,0.507727272727,72.7272727273,0.952480363636
2007-06-30,0.567142857143,0.567142857143,0.567142857143,0.567142857143,428.571428571,1.06394233333
2007-07-31,0.55,0.55,0.55,0.55,4.7619047619,1.031783
2007-08-31,0.550869565217,0.551739130435,0.550869565217,0.551739130435,247.826086957,1.03504552174
2007-09-30,0.55,0.55,0.55,0.55,210.526315789,1.031783
2007-10-31,0.517826086957,0.518695652174,0.517826086957,0.518695652174,734.782608696,0.973056869565
2007-11-30,0.452857142857,0.453333333333,0.452857142857,0.452857142857,1700.0,0.849546238095
2007-12-31,0.3435,0.359,0.332,0.3505,5520.0,0.65752725
2008-01-31,0.244761904762,0.249047619048,0.244761904762,0.248571428571,533.333333333,0.466312047619
2008-02-29,0.210526315789,0.210526315789,0.21,0.21,157.894736842,0.393953
2008-03-31,0.2105,0.2105,0.21,0.21,95.0,0.393953
2008-04-30,0.21,0.21,0.21,0.21,13.6363636364,0.393953
2008-05-31,0.387619047619,0.390476190476,0.387142857143,0.39,109.523809524,0.731627666667
2008-06-30,0.211428571429,0.211428571429,0.21,0.21,271.428571429,0.393953
2008-07-31,0.21,0.21,0.21,0.21,236.363636364,0.393953
2008-08-31,0.171428571429,0.171428571429,0.171428571429,0.171428571429,133.333333333,0.32159447619
2008-09-30,0.246666666667,0.246666666667,0.246666666667,0.246666666667,123.80952381,0.462739190476
2008-10-31,0.142173913043,0.142173913043,0.14,0.140434782609,2878.26086957,0.263451173913
2008-11-30,0.0526315789474,0.0526315789474,0.0515789473684,0.0515789473684,2994.73684211,0.0967603684211
2008-12-31,0.03,0.03,0.03,0.03,118.181818182,0.056279
2009-01-31,0.033,0.034,0.0325,0.034,34635.0,0.0637828
2009-02-28,0.0461111111111,0.0461111111111,0.0461111111111,0.0461111111111,116.666666667,0.0865028333333
2009-03-31,0.0445454545455,0.0445454545455,0.0445454545455,0.0445454545455,4.54545454545,0.0835658181818
2009-04-30,0.05,0.05,0.05,0.05,9.52380952381,0.093798
2009-05-31,0.05,0.05,0.05,0.05,10.0,0.093798
2009-06-30,0.0409090909091,0.0409090909091,0.0409090909091,0.0409090909091,3086.36363636,0.0767439090909
2009-07-31,0.05,0.05,0.05,0.05,0.0,0.093798
2009-08-31,0.0471428571429,0.0471428571429,0.0471428571429,0.0471428571429,123.80952381,0.0884381428571
2009-09-30,0.0338095238095,0.0338095238095,0.0338095238095,0.0338095238095,333.333333333,0.0634254761905
2009-10-31,0.142727272727,0.159090909091,0.139090909091,0.155,3031.81818182,0.290775
2009-11-30,0.218,0.2315,0.21,0.2275,25000.0,0.42678285
2009-12-31,0.474545454545,0.478636363636,0.451818181818,0.455909090909,2095.45454545,0.855271181818
2010-01-31,0.703888888889,0.705555555556,0.695,0.701666666667,1822.22222222,1.31630483333
2010-02-28,0.728421052632,0.728947368421,0.726842105263,0.727368421053,1094.73684211,1.36452073684
2010-03-31,0.819130434783,0.827826086957,0.819130434783,0.82347826087,769.565217391,1.54481986957
2010-04-30,1.94047619048,2.23476190476,1.73,1.99095238095,5123.80952381,3.7349647619
2010-05-31,2.7865,2.954,2.5875,2.794,2095.0,5.24145715
2010-06-30,2.50590909091,2.60818181818,2.405,2.57863636364,2272.72727273,4.83744163636
2010-07-31,2.5265,2.662,2.4645,2.5575,14685.0,4.7977905
2010-08-31,6.845,7.36136363636,6.33818181818,6.88409090909,35527.2727273,7.31670518182
2010-09-30,9.53476190476,9.74047619048,8.94904761905,9.28,48061.9047619,8.70449604762
2010-10-31,8.881,9.018,8.583,8.762,21155.0,8.21861995
2010-11-30,8.2480952381,8.55142857143,7.96238095238,8.2919047619,24619.047619,7.77767780952
2010-12-31,6.96545454545,7.17227272727,6.48272727273,6.69227272727,117109.090909,6.27724781818
2011-01-31,3.32473684211,3.39684210526,3.13684210526,3.24368421053,531700.0,3.04252547368
2011-02-28,2.84263157895,2.91894736842,2.76842105263,2.84,211047.368421,2.66387584211
2011-03-31,2.68173913043,2.73608695652,2.52565217391,2.63652173913,125334.782609,2.47301634783
2011-04-30,2.04473684211,2.08105263158,1.94894736842,2.00894736842,146184.210526,1.88436142105
2011-05-31,1.85047619048,1.91047619048,1.77428571429,1.8280952381,242023.809524,1.714725
2011-06-30,1.59681818182,1.65363636364,1.52136363636,1.57545454545,132922.727273,1.47775190909
2011-07-31,1.7005,1.7825,1.6185,1.687,370940.0,1.5823799
2011-08-31,1.56173913043,1.6147826087,1.48869565217,1.54913043478,146247.826087,1.43210313043
2011-09-30,1.45095238095,1.49761904762,1.40333333333,1.44238095238,71919.047619,1.35293090476
2011-10-31,1.25238095238,1.29238095238,1.18428571429,1.24380952381,56528.5714286,1.16667419048
2011-11-30,1.39,1.45142857143,1.34285714286,1.38476190476,64304.7619048,1.29888514286
2011-12-31,1.2955,1.347,1.2565,1.28,48790.0,1.20062005
2012-01-31,1.532,1.6245,1.4755,1.547,150090.0,1.4510619
2012-02-29,1.747,1.8145,1.681,1.7585,190675.0,1.64944575
2012-03-31,1.8680952381,1.92571428571,1.8,1.85380952381,181728.571429,1.73884461905
2012-04-30,1.554,1.621,1.5075,1.575,114055.0,1.47732555
2012-05-31,2.41227272727,2.53318181818,2.31954545455,2.45681818182,739095.454545,2.30445727273
2012-06-30,2.34523809524,2.45285714286,2.19857142857,2.2819047619,362257.142857,2.14039119048
2012-07-31,1.649,1.7165,1.581,1.645,136925.0,1.54298435
2012-08-31,1.57956521739,1.63130434783,1.53304347826,1.57304347826,58052.173913,1.47549047826
2012-09-30,1.45368421053,1.48473684211,1.42842105263,1.45210526316,70242.1052632,1.36205215789
2012-10-31,1.391,1.426,1.335,1.369,52850.0,1.2841008
2012-11-30,1.20523809524,1.24285714286,1.16476190476,1.19,40185.7142857,1.11620147619
2012-12-31,1.078,1.1105,1.0385,1.077,70400.0,1.0102092
2013-01-31,1.27523809524,1.34047619048,1.2280952381,1.27523809524,258923.809524,1.19615361905
2013-02-28,1.31526315789,1.34789473684,1.28578947368,1.31052631579,60163.1578947,1.22925331579
2013-03-31,1.37526315789,1.40947368421,1.33,1.37105263158,68157.8947368,1.28602605263
2013-04-30,1.33045454545,1.36363636364,1.27636363636,1.32545454545,124286.363636,1.24325586364
2013-05-31,1.27363636364,1.29772727273,1.24363636364,1.26681818182,100477.272727,1.18825586364
2013-06-30,1.1835,1.2135,1.158,1.181,88725.0,1.1077597
2013-07-31,1.20428571429,1.23380952381,1.18333333333,1.21333333333,95519.047619,1.13808771429
2013-08-31,1.07272727273,1.1,1.04181818182,1.06681818182,268272.727273,1.00065881818
2013-09-30,1.2465,1.3,1.2215,1.2755,209220.0,1.19639915
2013-10-31,1.82652173913,1.91260869565,1.74086956522,1.8247826087,523760.869565,1.71161773913
2013-11-30,1.87684210526,1.91842105263,1.80526315789,1.84842105263,236968.421053,1.73379026316
2013-12-31,1.7280952381,1.76761904762,1.6619047619,1.71095238095,149133.333333,1.60484671429
2014-01-31,1.81952380952,1.86666666667,1.78,1.82571428571,243942.857143,1.71249152381
2014-02-28,1.79842105263,1.83157894737,1.76210526316,1.78631578947,153021.052632,1.67553642105
2014-03-31,1.72904761905,1.76714285714,1.6780952381,1.71476190476,361833.333333,1.57698042857
2014-04-30,1.27380952381,1.30857142857,1.22714285714,1.25619047619,262800.0,1.17828733333
2014-05-31,1.26428571429,1.30380952381,1.22285714286,1.26285714286,301690.47619,1.18454028571
2014-06-30,1.296,1.3275,1.264,1.2845,173220.0,1.2163139
2014-07-31,1.23454545455,1.255,1.20909090909,1.22454545455,79918.1818182,1.22454545455
2014-08-31,1.23857142857,1.27047619048,1.21,1.23857142857,134971.428571,1.23857142857
2014-09-30,1.3580952381,1.3980952381,1.32523809524,1.3580952381,190176.190476,1.3580952381
2014-10-31,1.23391304348,1.25173913043,1.20608695652,1.22869565217,67295.6521739,1.22869565217
2014-11-30,1.15611111111,1.175,1.12722222222,1.14333333333,114355.555556,1.14333333333
2014-12-31,0.926363636364,0.951363636364,0.885,0.925,108413.636364,0.925
2015-01-31,1.0105,1.0425,0.9845,1.0185,47800.0,1.0185
2015-02-28,1.05421052632,1.07631578947,1.03526315789,1.05631578947,40031.5789474,1.05631578947
2015-03-31,1.15095238095,1.17047619048,1.11619047619,1.13904761905,85714.2857143,1.13904761905
2015-04-30,1.32571428571,1.36714285714,1.29761904762,1.33333333333,149380.952381,1.33333333333
2015-05-31,1.0095,1.031,0.95,0.9845,555335.0,0.9845
2015-06-30,0.976363636364,1.00772727273,0.950454545455,0.979090909091,261977.272727,0.979090909091
2015-07-31,0.794545454545,0.818181818182,0.760909090909,0.787272727273,247572.727273,0.787272727273
2015-08-31,0.706,0.7355,0.678,0.6995,138050.0,0.6995
2015-09-30,0.608095238095,0.638095238095,0.585238095238,0.610476190476,60942.8571429,0.610476190476
2015-10-31,0.528181818182,0.553636363636,0.508636363636,0.528636363636,53513.6363636,0.528636363636
2015-11-30,0.5645,0.5875,0.5515,0.5685,61825.0,0.5685
2015-12-31,0.705454545455,0.727272727273,0.680909090909,0.707272727273,78800.0,0.707272727273
2016-01-31,0.684210526316,0.733684210526,0.635789473684,0.69,302752.631579,0.69
2016-02-29,0.9235,0.9475,0.8855,0.9335,234010.0,0.9335
2016-03-31,1.07045454545,1.10318181818,1.04863636364,1.085,182159.090909,1.085
2016-04-30,1.34952380952,1.39904761905,1.30523809524,1.36142857143,241409.52381,1.34523809524
2016-05-31,1.51714285714,1.56523809524,1.48142857143,1.52142857143,224719.047619,1.52142857143
2016-06-30,1.64636363636,1.69454545455,1.59227272727,1.64454545455,212895.454545,1.64454545455
2016-07-31,1.824,1.8655,1.7945,1.8205,124600.0,1.8205
2016-08-31,2.022,2.1,1.938,2.04,398780.0,2.04
