Date,Open,High,Low,Close,Volume,Adj Close
1980-01-31,21.4772447727,21.9261869091,21.0511160455,21.3919608182,782718.181818,0.174002272727
1980-02-29,20.9000852,21.15012675,20.5625314,20.83761475,827490.0,0.16949325
1980-03-31,19.14370565,19.38760735,18.7937113,19.1500597,860370.0,0.15641305
1980-04-30,18.6725207143,18.9166054762,18.4940340476,18.6368232857,911023.809524,0.152221142857
1980-05-31,21.6191302381,22.0239037143,21.4286932381,21.881063619,1744409.52381,0.178719190476
1980-06-30,28.38740275,29.0186738,28.12497345,28.6810669,2981760.0,0.23481605
1980-07-31,33.6021322273,34.4885613182,33.4146237273,34.0339882273,2235322.72727,0.278793681818
1980-08-31,41.0832992381,41.8332491905,40.4523406667,41.2023918095,1939166.66667,0.337514428571
1980-09-30,37.23756105,37.66250235,36.55627755,37.0937722,2070445.0,0.3382854
1980-10-31,30.5651915217,31.2880008696,30.0271392609,30.7174172609,1896921.73913,0.378571956522
1980-11-30,32.7985105,33.3958453889,32.4929413889,32.8888047778,1534894.44444,0.405387555556
1980-12-31,33.4943559091,34.0681584545,33.1079161818,33.5795268182,844431.818182,0.396864
1981-01-31,35.7678132857,36.2856798571,35.4642328095,35.9583348095,2099095.2381,0.444220190476
1981-02-28,40.078958,40.7565877368,39.5986417895,40.1184502105,1059052.63158,0.495613315789
1981-03-31,46.9524556667,47.8334324286,46.4940845714,47.2977680476,1130876.19048,0.585067666667
1981-04-30,51.4821277619,52.011961381,51.0476227143,51.565455619,1443109.52381,0.638151047619
1981-05-31,50.143697,51.0499279,49.63749045,50.5248912,1318885.0,0.62527345
1981-06-30,55.9108100476,56.339314381,55.1191275238,55.6309937619,1806176.19048,0.689144142857
1981-07-31,46.0454958636,46.2955072273,44.9431942273,45.4659332727,2761927.27273,0.563461136364
1981-08-31,40.36249635,40.8062322,39.80627835,40.3062911,1637830.0,0.4995177
1981-09-30,34.9107369524,35.315544381,34.3690724762,34.892871381,2656228.57143,0.433355142857
1981-10-31,32.0738255455,32.4544793182,31.6932105,32.1192585909,1120777.27273,0.421922954545
1981-11-30,30.2500684737,30.7566811053,29.9408128947,30.4606149474,1539405.26316,0.473069894737
1981-12-31,28.1987215909,28.4942563636,27.7385147727,28.0964649545,1348345.45455,0.437355727273
1982-01-31,28.8187524,29.15002005,28.56869965,28.8999958,981430.0,0.44986355
1982-02-28,32.2631207368,32.7433843684,31.9605200526,32.2631203684,1917789.47368,0.502214684211
1982-03-31,34.8976994545,35.2954391364,34.5624267273,35.0113466818,2191545.45455,0.545985136364
1982-04-30,35.2737649524,35.7202502381,34.8392399524,35.2499531429,2280366.66667,0.549993333333
1982-05-31,36.4538833,36.7061855,36.13127245,36.341401,1768530.0,0.56702285
1982-06-30,38.1368789048,38.6070944286,37.880915381,38.3451915714,1705233.33333,0.599455666667
1982-07-31,40.7678685238,41.0417044286,40.4225968571,40.7023724286,1746009.52381,0.636490142857
1982-08-31,40.648755,41.2380298095,40.2678472381,40.9225366667,2697000.0,0.639933
1982-09-30,48.9344827143,49.5833139524,48.2201824762,48.982079381,4094509.52381,0.767087714286
1982-10-31,51.0059205238,51.5833437143,50.4345181429,51.035672,2847166.66667,0.799369714286
1982-11-30,53.8500079,54.5124575,53.4750002,54.10618295,2127535.0,0.84765385
1982-12-31,56.426101,57.1364095455,55.5908579545,56.2840547727,2733754.54545,0.882881727273
1983-01-31,47.5773452857,48.2440086667,47.1071429048,47.7618872381,2198742.85714,0.881694095238
1983-02-28,31.2708505,31.7847426111,30.9027913889,31.3958627778,2348566.66667,0.984962055556
1983-03-31,32.6196228696,32.8967744783,32.3207055652,32.6141875217,1398604.34783,1.02407852174
1983-04-30,31.58758335,32.0250551,31.2000737,31.7125672,1669360.0,0.9960877
1983-05-31,34.70634005,35.18758045,34.21258415,34.80634995,1863905.0,1.0933252
1983-06-30,40.3921163636,40.9205255455,39.9944016818,40.522811,1300259.09091,1.27420818182
1983-07-31,40.23752185,40.6562703,39.7312933,40.2250349,1858790.0,1.2648449
1983-08-31,35.8125344091,36.1875454091,35.2727475909,35.7102647727,2011990.90909,1.12288136364
1983-09-30,36.3095634286,36.8631620952,35.8750510952,36.3988714762,2122133.33333,1.14570047619
1983-10-31,33.4226735714,33.6547987619,32.9583963333,33.2440979524,2376857.14286,1.04321895238
1983-11-30,33.9167149524,34.3810194762,33.5654903333,33.9702648095,2232738.09524,1.06937138095
1983-12-31,33.6487777619,34.0118811429,33.3570958571,33.7321057619,3801742.85714,1.06313028571
1984-01-31,33.55624675,33.90625535,33.1562618,33.4375137,2885860.0,1.07349445
1984-02-29,22.07493775,22.44996155,21.46869575,21.8187061,2683105.0,0.8595716
1984-03-31,22.1135975,22.4999665909,21.8692689545,22.1760801818,2506236.36364,0.874775090909
1984-04-30,22.43745475,22.6874556,22.16871615,22.43122435,1802175.0,0.88507125
1984-05-31,22.1606732381,22.3570904286,21.7559161905,22.0535253333,2235776.19048,0.870168142857
1984-06-30,21.2440009048,21.5475766667,20.9344694762,21.2618570476,1647100.0,0.84007547619
1984-07-31,18.4523492381,18.6904451905,17.958290381,18.3154451905,3153857.14286,0.723711666667
1984-08-31,19.9885983182,20.3749467273,19.642003,20.0794951364,3675236.36364,0.793416045455
1984-09-30,19.1381392105,19.4078566316,18.9078812632,19.1710521053,2398231.57895,0.758752789474
1984-10-31,18.9564551739,19.2662691739,18.679307,18.929286087,2386156.52174,0.749249956522
1984-11-30,20.3249541,20.6749871,20.0124305,20.34995665,2449845.0,0.80566475
1984-12-31,21.67497945,21.9437292,21.44996935,21.70622395,2216970.0,0.86045685
1985-01-31,23.3976702727,23.7840186818,23.090859,23.5794954091,3478195.45455,0.934715318182
1985-02-28,25.0196692105,25.2433684211,24.7104689474,25.0065160526,2629842.10526,0.991283736842
1985-03-31,24.5436798,24.76868915,24.256204,24.4999285,2178060.0,0.97232715
1985-04-30,23.2261717619,23.3689991429,22.874950619,23.0952017143,1796185.71429,0.916698619048
1985-05-31,24.0681211364,24.3465487727,23.8635771364,24.187443,3057377.27273,0.960052090909
1985-06-30,26.6117992105,26.9144052632,26.3749464737,26.7631259474,2907215.78947,1.06333715789
1985-07-31,29.1533506818,29.5112950909,28.7897419091,29.1817546364,3209963.63636,1.1596445
1985-08-31,28.8010912273,29.0737924545,28.5396975,28.7442727727,2234209.09091,1.14225940909
1985-09-30,25.3124325,25.4929986111,24.8055127222,25.0485630556,2822138.88889,0.996487444444
1985-10-31,23.8042849565,24.0923284783,23.4782165652,23.8694987391,2352208.69565,0.949648826087
1985-11-30,26.4061787,26.85619895,26.1374521,26.61868185,4002330.0,1.059221
1985-12-31,28.27496675,28.54996975,27.8749398,28.19369485,3783375.0,1.12300755
1986-01-31,25.8351856818,26.2670032273,25.2897214091,25.6988196364,6822509.09091,1.02363195455
1986-02-28,22.2696783684,22.6644166842,21.8815227368,22.2828675263,9658652.63158,0.887568105263
1986-03-31,21.78119675,22.09370915,21.4249328,21.72492725,4447280.0,0.86645935
1986-04-30,20.9374453636,21.2385815455,20.6249599545,20.8522127273,4197981.81818,0.829382772727
1986-05-31,20.1190004286,20.398731619,19.8571360476,20.1487569524,5060119.04762,0.803714571429
1986-06-30,20.9047020952,21.1606649048,20.5773040952,20.8928015238,2792252.38095,0.834389333333
1986-07-31,20.1249237143,20.3570640952,19.7916238095,20.0713552857,2911309.52381,0.801816666667
1986-08-31,21.4046734286,21.7618392857,21.1904433333,21.476119619,4142366.66667,0.85793452381
1986-09-30,22.1844740476,22.4880389048,21.8928094762,22.2439980476,4501290.47619,0.889839333333
1986-10-31,24.4204114545,24.7612908182,24.1192751364,24.3635828636,5249990.90909,0.974696954545
1986-11-30,23.1578698421,23.3091852105,22.795984,23.1183863684,2378610.52632,0.925014578947
1986-12-31,21.6931288182,21.9147277727,21.4431155455,21.6249406364,3361027.27273,0.866341727273
1987-01-31,22.7440021429,23.178515619,22.4285257619,22.9166295238,3897700.0,0.918089761905
1987-02-28,23.9929962778,24.3471677778,23.6527081667,24.0485441667,4222550.0,0.963436722222
1987-03-31,22.7158594545,22.9999618636,22.3124357273,22.6874452273,6858250.0,0.910019454545
1987-04-30,20.8094874762,21.0237718571,20.3809081429,20.7321073333,5390438.09524,0.831695714286
1987-05-31,19.2565415263,19.5525768947,19.0131305263,19.3157606842,2870415.78947,0.774877315789
1987-06-30,20.1647177273,20.4147308182,19.8749409091,20.1988067273,3281136.36364,0.811349954545
1987-07-31,20.1646866364,20.4487992727,19.897691,20.2272105,3145450.0,0.812779181818
1987-08-31,21.83120115,22.11870005,21.5187001,21.79370335,2754830.0,0.87572465
1987-09-30,20.1606358095,20.3511192381,19.9344400952,20.1011550952,2634138.09524,0.808896190476
1987-10-31,17.4147054091,17.7783556364,16.8635765,17.2158566818,3097981.81818,0.692840363636
1987-11-30,14.03746775,14.31872435,13.74373835,14.0124653,1978505.0,0.56404955
1987-12-31,13.4821095238,13.7856960476,13.1190313333,13.4225855238,3097619.04762,0.541416190476
1988-01-31,13.89372975,14.20625375,13.66871975,13.93746975,2688995.0,0.5621845
1988-02-29,15.61246915,15.9312123,15.45619,15.7312047,2924695.0,0.63453715
1988-03-31,17.2670109545,17.488579,17.0510865455,17.3011103182,3357250.0,0.698961272727
1988-04-30,16.7499573,16.9311704,16.5686874,16.7436925,1292560.0,0.6766101
1988-05-31,16.5356583333,16.7261307619,16.321374,16.5773370952,2298876.19048,0.669887571429
1988-06-30,17.6136063636,17.8635990909,17.4885892727,17.7499725909,5514327.27273,0.7183415
1988-07-31,18.4539118421,18.6381399474,18.2368068947,18.4538878421,1926284.21053,0.747070947368
1988-08-31,16.6575642609,16.7825636087,16.3912717826,16.5434303478,1450465.21739,0.669729478261
1988-09-30,16.8332785238,17.1071085238,16.6903970476,16.9225590952,2168580.95238,0.686384571429
1988-10-31,18.44370565,18.824972,18.2124652,18.6249644,4394135.0,0.7555026
1988-11-30,18.809472,19.0714017143,18.5713869048,18.8154385238,2848766.66667,0.763364761905
1988-12-31,19.7380447143,19.9939858095,19.565428381,19.8154356667,3587166.66667,0.805279714286
1989-01-31,21.3812272,21.61244515,21.21245275,21.45620015,4745795.0,0.87195875
1989-02-28,23.4078278421,23.7104578947,23.1118041579,23.4341458421,5291394.73684,0.952340631579
1989-03-31,24.5453874091,24.8522186818,24.3408641818,24.613586,3809490.90909,1.00152145455
1989-04-30,27.03120395,27.3936984,26.80620505,27.16867725,3292515.0,1.10569955
1989-05-31,26.6487317619,26.9404181429,26.2737532381,26.5475722857,2240209.52381,1.08042214286
1989-06-30,26.1988048182,26.5283758636,25.9544867273,26.2897016364,2692931.81818,1.07116804545
1989-07-31,28.76243855,29.0686864,28.4499372,28.7999248,2457480.0,1.1737345
1989-08-31,27.1419775455,27.6476786364,26.7840433182,27.2044906818,7163463.63636,1.10871295455
1989-09-30,27.69993475,27.8999651,27.32492205,27.58117585,3097015.0,1.1254263
1989-10-31,25.3522245,25.6533609545,24.8351433182,25.0964955909,4668068.18182,1.02404104545
1989-11-30,22.3687007,22.53119915,22.1437022,22.3499518,2192700.0,0.9121143
1989-12-31,24.2686652,24.59365015,23.9624288,24.30619695,2942680.0,0.99334245
1990-01-31,21.9828955455,22.1874499091,21.6022010909,21.8522040909,3834900.0,0.893053045455
1990-02-28,21.4166188333,21.7013330556,21.1804919444,21.4930118889,1614422.22222,0.878373555556
1990-03-31,23.5113278636,23.7726699091,23.3295131818,23.5965400455,2274381.81818,0.965646090909
1990-04-30,24.02492905,24.25618105,23.83743965,24.024929,2222490.0,0.98330775
1990-05-31,25.5965318182,25.8920143182,25.4374464545,25.6874495455,2803204.54545,1.0513525
1990-06-30,25.4999429,25.7249414,25.34370935,25.5186919,3312560.0,1.0455616
1990-07-31,27.1368464286,27.5951825238,26.9344840476,27.2499492857,3080733.33333,1.11680333333
1990-08-31,23.5542925652,23.9075493043,23.1249354783,23.4782028696,3796060.86957,0.991847217391
1990-09-30,15.6180572222,15.7777707222,15.2500133889,15.4652791667,2176100.0,0.952021777778
1990-10-31,15.3641041304,15.6901862609,15.1684625652,15.5217105217,1973069.56522,0.955667782609
1990-11-30,16.8809349048,17.1547295238,16.7440378095,16.9523595714,1470528.57143,1.04390185714
1990-12-31,18.4187548,18.65000715,18.0500019,18.4062552,1510580.0,1.12790515
1991-01-31,19.3863468636,19.9772855,19.0852061818,19.6136346364,3412500.0,1.20938922727
1991-02-28,25.2960281053,25.7828915789,24.8618255789,25.3815577895,3839089.47368,1.56504305263
1991-03-31,26.4539391579,26.9078855789,26.1842092105,26.5723621053,2360300.0,1.64001236842
1991-04-30,26.7272939091,27.0056946364,26.1647833636,26.5738865455,3349472.72727,1.64010654545
1991-05-31,24.2670362727,24.6534061364,23.835221,24.2215840455,2832854.54545,1.49499754545
1991-06-30,25.8157925263,26.0921168421,25.5065828421,25.8421146842,2566815.78947,1.59654278947
1991-07-31,26.3409170909,26.6591161818,26.0170503182,26.3863898636,1850404.54545,1.63016840909
1991-08-31,25.5227319091,25.7556735455,25.2272795,25.4545537727,2401359.09091,1.57273854545
1991-09-30,24.0000152105,24.2763315263,23.6776402632,23.9934284737,2989005.26316,1.48382478947
1991-10-31,26.3206638696,26.7065121739,26.0543676522,26.4510915217,2052478.26087,1.6358136087
1991-11-30,27.9749952,28.33749815,27.4999987,27.9124988,2549695.0,1.72626795
1991-12-31,31.81251185,32.54375975,31.4750002,32.1687576,3330795.0,1.99111685
1992-01-31,34.9091038182,35.3977342727,34.0852162727,34.7556820455,3152577.27273,2.151237
1992-02-29,37.5789269474,38.2105108421,37.1973530526,37.8552435789,5031121.05263,2.34316905263
1992-03-31,38.6785631905,39.0595088571,38.172624381,38.5595223333,2317109.52381,2.38819466667
1992-04-30,37.4345116667,37.9226232857,36.9404694286,37.494039619,2403071.42857,2.32220380952
1992-05-31,42.574997,43.299995,41.9000041,42.824999,4006335.0,2.6523782
1992-06-30,44.0000028095,44.5773734762,43.4642890952,44.1190509048,2510438.09524,2.73423957143
1992-07-31,31.0909147273,31.5681991818,30.6704450455,31.1874935,1978454.54545,2.66136554545
1992-08-31,21.8273667143,22.0119055238,21.4940407143,21.714277619,1275842.85714,2.69153552381
1992-09-30,23.8125003,24.268748,23.53124685,23.91875205,1667920.0,2.9667867
1992-10-31,24.278406,24.6534061818,23.8011355,24.2954539545,1336327.27273,3.01351145455
1992-11-30,25.6187497,25.96875715,25.35624875,25.69374145,1363315.0,3.18694945
1992-12-31,28.380953619,28.7261907143,28.0535760952,28.4880907143,1522442.85714,3.53553661905
1993-01-31,28.8562502,29.18125115,28.48124035,28.7999841,1914170.0,3.57424455
1993-02-28,33.0723677368,33.8618499474,32.4934201053,33.2697413158,2961121.05263,4.12906457895
1993-03-31,35.7272750909,36.1874976364,35.4886452273,35.9147753636,1402313.63636,4.45918859091
1993-04-30,38.5357104286,39.2857083333,37.7261875714,38.4880898571,3920980.95238,4.77869180952
1993-05-31,38.4937481,39.0687466,38.0937469,38.6187483,2160845.0,4.795006
1993-06-30,42.0568177727,42.5284065455,41.4772731818,41.9943245455,2185245.45455,5.21592236364
1993-07-31,38.0416677143,38.5416610952,37.6428550952,38.1547665714,2177428.57143,5.79255685714
1993-08-31,35.2202367619,35.6249980952,34.863096619,35.309522381,1962528.57143,6.57862490476
1993-09-30,33.4702319524,33.994051381,32.9761872381,33.4761886667,1989880.95238,6.2386412381
1993-10-31,33.8035709048,34.1845214286,33.273811619,33.6488078571,3494771.42857,6.27081057143
1993-11-30,33.0812479,33.7562488,32.65624825,33.19374925,3370065.0,6.1860984
1993-12-31,35.5113643182,35.9602283636,35.0284132727,35.5340901818,2345868.18182,6.62404986364
1994-01-31,36.678569619,37.0059468571,36.339288,36.7142891429,1521914.28571,6.84405528571
1994-02-28,36.7847213889,37.0416598889,36.2083299444,36.5625027222,2582950.0,6.81586294444
1994-03-31,34.0923850435,34.3967336087,33.5760824783,33.9945599565,2169886.95652,6.33890173913
1994-04-30,32.2368517368,32.5855243684,31.7565828947,32.1315810526,2791305.26316,5.99151563158
1994-05-31,27.60000315,28.062493,27.0437532,27.57500435,6325290.0,5.14204925
1994-06-30,26.7840928182,27.0795496818,26.3465941818,26.6647698636,3159977.27273,4.97395931818
1994-07-31,28.0500015,28.38125585,27.68125145,28.06250035,4965460.0,5.23468755
1994-08-31,27.0738659545,27.3750040455,26.7784093636,27.0113550909,1835059.09091,5.0387795
1994-09-30,23.9583294762,24.2738075714,23.4999948571,23.8392836667,5493652.38095,4.44856138095
1994-10-31,22.1904758571,22.5119009524,21.7797620476,22.2380895238,5008661.90476,4.14976847619
1994-11-30,22.0714222857,22.3511931905,21.6488122381,21.9702348571,3346480.95238,4.0998712381
1994-12-31,17.4583301429,17.7738107143,17.0416670952,17.333337,7406852.38095,3.23600185714
1995-01-31,18.7857103333,19.1220220952,18.5000046667,18.9047586667,4914128.57143,3.52937433333
1995-02-28,17.9539512105,18.1513167368,17.6578988421,17.9276342105,4456536.84211,3.34694863158
1995-03-31,17.3858685652,17.6141323913,17.1739106087,17.4130499565,2588017.3913,3.2527206087
1995-04-30,19.5526297895,20.0394748421,19.3223636316,19.8552608947,4402689.47368,3.70892052632
1995-05-31,22.0059523333,22.3333276667,21.6607112381,22.0000002857,3713804.7619,4.10982352381
1995-06-30,23.5909093182,23.9772725,23.2897686818,23.6988672727,3850245.45455,4.42896286364
1995-07-31,26.4062532,26.9562431,26.06250675,26.5812562,5129225.0,4.96763785
1995-08-31,27.6363552273,27.9886387273,27.1818142727,27.562498,3611868.18182,5.15101718182
1995-09-30,25.981254,26.35312475,25.59375505,25.92499685,3056425.0,4.8468703
1995-10-31,22.5056865,22.8011386818,22.0056818182,22.2272814091,3624054.54545,4.15555513636
1995-11-30,23.4999996667,23.9166627143,23.2380945238,23.7023789524,2542347.61905,4.43133533333
1995-12-31,24.2697396316,24.5855248947,23.8881602105,24.2171028947,2638457.89474,4.52939236842
1996-01-31,23.5795441818,24.0625020909,23.2840899545,23.6988650909,3747681.81818,4.43246490909
1996-02-29,28.39374765,28.9843769,28.03125505,28.58749965,5423050.0,5.34698685
1996-03-31,30.7374974,31.2125017,30.23750025,30.7562514,3209085.0,5.7543033
1996-04-30,30.3273860476,30.8154789524,29.9285742857,30.3928584762,4097800.0,5.68631490476
1996-05-31,28.8522739545,29.2159060909,28.2670464545,28.7215899091,4070059.09091,5.37388590909
1996-06-30,28.4342158947,28.8684213158,27.9999998421,28.3552675263,3748915.78947,5.30699410526
1996-07-31,25.6420435,26.0454507727,24.9147718182,25.3799670455,3347050.0,4.75013454545
1996-08-31,24.4659117727,24.6874999545,23.9772701364,24.3977292273,2924586.36364,4.56638354545
1996-09-30,22.6907832105,23.0986823158,22.3914428947,22.7236814737,4324700.0,4.25485689474
1996-10-31,22.2717403478,22.5489078261,21.9347845652,22.1793497391,5084300.0,4.1529343913
1996-11-30,24.1874985,24.5687478,23.87500055,24.262497,4092625.0,4.5429896
1996-12-31,23.24999975,23.5000011,22.95311965,23.17500415,3474295.0,4.3406412
1997-01-31,22.1079538182,22.4034082727,21.8181853182,22.0284082273,3505627.27273,4.1263425
1997-02-28,23.2631574211,23.5723667368,22.9868433684,23.2565816316,3096589.47368,4.35674126316
1997-03-31,23.6513125263,23.9078902632,23.2828960526,23.5460525263,2244763.15789,4.41275484211
1997-04-30,23.6931788636,24.1306779545,23.2954527273,23.7613615,4048813.63636,4.45310595455
1997-05-31,26.9226161905,27.2797606667,26.4642887619,26.928573,3504142.85714,5.04697828571
1997-06-30,25.9218732,26.21875365,25.66562505,25.88750665,3005435.0,4.8536929
1997-07-31,27.1250038636,27.5340882727,26.7954511818,27.2272686364,3675259.09091,5.10488731818
1997-08-31,28.7440531429,29.1666729048,28.3244055238,28.7321367619,2671133.33333,5.38714285714
1997-09-30,31.03438065,31.6562557,30.74374705,31.2125048,4654730.0,5.8545506
1997-10-31,33.3396705652,34.1005463043,32.7418486957,33.4320610435,4489534.78261,6.27087430435
1997-11-30,34.062502,34.7048635556,33.7256982222,34.2604210556,3014350.0,6.553577
1997-12-31,24.1164783182,24.5340917727,23.6875018636,24.1335250455,2862981.81818,6.79229709091
1998-01-31,25.74062735,26.409375,25.06562715,25.7156287,3568800.0,7.2382443
1998-02-28,28.7881953333,29.2673623333,28.2638925,28.7256955556,4825183.33333,8.08549561111
1998-03-31,29.7017060455,30.2443201364,29.2272727273,29.8607958182,3683586.36364,8.40756590909
1998-04-30,29.3392880476,29.6101174286,28.8124972857,29.1607137143,3359795.2381,8.21069852381
1998-05-31,26.4802644211,26.8388188947,26.0690791579,26.4013142105,3159989.47368,7.43374215789
1998-06-30,28.4744287727,28.9517074545,28.1448874091,28.5994295455,2546654.54545,8.05542954545
1998-07-31,30.9017861429,31.4047609048,30.4196447143,31.0089279048,3250266.66667,8.73437185714
1998-08-31,27.4196429048,27.970238,26.857139,27.306548,3231976.19048,8.62511980952
1998-09-30,20.0297602381,20.6160707619,19.586311,20.1130950952,2589861.90476,8.5014602381
1998-10-31,19.318454,19.9583335238,18.83631,19.4047629048,3006471.42857,8.20206042857
1998-11-30,21.8312505,22.3124986,21.3406248,21.78437495,3360915.0,9.20788145
1998-12-31,21.8720236667,22.3095213333,21.6011892381,22.0416665714,2534071.42857,9.31936442857
1999-01-31,26.2171042105,26.8749982632,25.4177632105,26.2006556842,4419389.47368,11.0785786842
1999-02-28,28.5986866316,29.0855285789,28.1447372105,28.7467092105,3030757.89474,12.1551417368
1999-03-31,31.522729,32.2045446364,30.8295460455,31.5028400455,3569563.63636,13.3236325455
1999-04-30,32.508929,33.2023809048,31.8095236667,32.4613083333,3629009.52381,13.7293126667
1999-05-31,32.3437498,32.89687545,31.62499965,32.35312655,3642610.0,13.6779948
1999-06-30,31.9147730909,32.4034095455,31.4715908182,31.9190347727,2175690.90909,13.5031676364
1999-07-31,26.9880949524,27.419641,26.6547613333,26.9940468095,3360747.61905,13.2171388571
1999-08-31,17.6339278571,17.8898814286,17.1875,17.464285,3505452.38095,11.0826722381
1999-09-30,15.9523814286,16.1547614286,15.5446421429,15.8065478571,4510457.14286,10.0333257143
1999-10-31,16.5684521429,16.9345242857,16.2232135714,16.5803571429,3179866.66667,10.5245071429
1999-11-30,16.7738092857,17.0565485714,16.5178564286,16.7529764286,2431619.04762,10.603974
1999-12-31,16.1051140909,16.3977286364,15.9034090909,16.1171890909,2925609.09091,10.2336956818
2000-01-31,15.75624975,15.987501,15.58749825,15.73749825,3378880.0,9.99311615
2000-02-29,16.3322360526,16.6874992105,16.0526297368,16.4671065789,4174942.10526,10.4564084737
2000-03-31,18.9592395652,19.40625,18.578805,19.1657608696,2807330.43478,12.1739820435
2000-04-30,21.0065786842,21.3881565789,20.5592107895,21.0131565789,2880484.21053,13.3474373684
2000-05-31,21.0654764286,21.4017871429,20.6130942857,20.9196435714,1901314.28571,13.2882164762
2000-06-30,19.7130675,20.076705,19.4254254545,19.7223013636,1719663.63636,12.5313374545
2000-07-31,21.1513152632,21.6250002632,20.8519736842,21.2467105263,3116173.68421,13.4999306316
2000-08-31,23.7608686957,24.0869563043,23.440218913,23.7642665217,2177691.30435,15.0995584348
2000-09-30,22.934376,23.3218755,22.58750025,23.03437425,2382970.0,14.6396719
2000-10-31,25.74432,26.4062495455,25.3806825,25.9943175,2726850.0,16.5208863182
2000-11-30,29.8630964286,30.4107142857,29.4345235714,30.0416678571,2629190.47619,19.0932107143
2000-12-31,31.4222369474,32.2193416316,30.887368,31.5749994737,3281252.63158,20.0714311579
2001-01-31,31.1495235238,31.617143,30.4071428571,31.0252409524,4367642.85714,19.7221609048
2001-02-28,26.8126318421,27.0973695263,26.2889475263,26.6299987895,2648826.31579,18.6356741053
2001-03-31,17.6200001818,17.9522728636,17.2095454091,17.5904544091,3143877.27273,16.7772495
2001-04-30,18.09200015,18.4505002,17.74500035,18.1130001,2251400.0,17.27563795
2001-05-31,18.5733333333,18.8080951905,18.4080950476,18.6347619048,2230861.90476,17.7732787619
2001-06-30,17.8076190952,18.0385715238,17.5528572381,17.8033332381,2721538.09524,16.9827950476
2001-07-31,19.1676189524,19.487143,18.9195239048,19.245714381,1802771.42857,18.3588455238
2001-08-31,18.4745453182,18.7113636818,18.2131818182,18.4168182273,1450722.72727,17.5683645455
2001-09-30,14.8893333333,15.476,14.4926667333,14.9220002,8654380.0,14.2383799333
2001-10-31,15.6431817727,15.9009089545,15.3163636364,15.5804545909,3483168.18182,14.8666686818
2001-11-30,17.7571429524,18.0819050476,17.469524,17.8933334286,3125185.71429,17.0735877143
2001-12-31,18.94750015,19.2255,18.6605002,18.94899995,2310675.0,18.0857139
2002-01-31,18.29499995,18.57650025,18.0214997,18.31450015,2539030.0,17.48012095
2002-02-28,19.7942105789,20.1826318421,19.5884209474,19.9336843684,2908436.84211,19.0260444737
2002-03-31,19.789,20.092,19.44699995,19.73149995,2882645.0,18.83697375
2002-04-30,18.571904619,18.7919047619,18.2857141905,18.5423807619,2533390.47619,17.7017630476
2002-05-31,17.5209090909,17.7495453636,17.1959089545,17.4354545,2413763.63636,16.6450193182
2002-06-30,16.175263,16.5021053684,15.8505263684,16.1926314737,2736552.63158,15.4630795789
2002-07-31,13.6968181364,13.9886363636,13.2522727273,13.5272727273,3907331.81818,12.9178075455
2002-08-31,13.3668181818,13.7586363636,13.0027272727,13.4259090909,3957554.54545,12.8212231818
2002-09-30,13.699,13.973,13.368,13.761,2649315.0,13.14553095
2002-10-31,13.6604347826,14.0169565217,13.3360869565,13.6856521739,3092104.34783,13.0735531304
2002-11-30,15.2505262632,15.5900001579,15.0499999474,15.3747369474,2270500.0,14.6870926316
2002-12-31,15.1580952857,15.4085711429,14.9395237619,15.1295238095,2159400.0,14.456168619
2003-01-31,13.7271428571,13.9304761905,13.4647619048,13.6861904762,2125490.47619,13.0780865714
2003-02-28,12.5638888889,12.7133333333,12.2972222222,12.5466666667,2135377.77778,11.989194
2003-03-31,13.5380952381,13.8723809524,13.3066666667,13.6804761905,2869623.80952,13.0776050476
2003-04-30,15.0838095238,15.3723809524,14.8980952381,15.1433333333,2275633.33333,14.4762490952
2003-05-31,15.829047619,16.0661904762,15.6509524286,15.8795238095,2342900.0,15.1691397143
2003-06-30,16.7923810476,16.9995238571,16.6685714286,16.8623810476,2602309.52381,16.1245867619
2003-07-31,17.1900000909,17.4027275455,16.906364,17.1690909091,2588409.09091,16.4178767727
2003-08-31,16.8364996,16.9915001,16.6525001,16.88199995,2042305.0,16.14358915
2003-09-30,18.0180950952,18.2519049048,17.830476381,18.071905,2989357.14286,17.2863038571
2003-10-31,18.6927270909,18.9468183636,18.5318181818,18.7818182727,2534572.72727,17.9653564091
2003-11-30,18.2789473158,18.4678946842,18.0036842105,18.2526316316,2259773.68421,17.4591740526
2003-12-31,16.3190908182,16.5145454091,16.0336363182,16.2381817727,3518395.45455,15.5361861364
2004-01-31,15.6105262105,15.7531578421,15.3926315263,15.5673683158,5026721.05263,14.8947956316
2004-02-29,14.61,14.7363157895,14.4,14.5326315789,3692126.31579,13.9047636316
2004-03-31,13.8913043478,14.0482608696,13.6808695652,13.8308695652,5774939.13043,13.2378534783
2004-04-30,14.799,14.947,14.6365,14.773,3750755.0,14.13981105
2004-05-31,14.6395,14.858,14.479,14.6805,3297245.0,14.05127585
2004-06-30,15.7066665714,15.9571428095,15.5661904286,15.815238,3361200.0,15.1411115238
2004-07-31,14.994,15.18200005,14.748,14.90399995,3151795.0,14.26978735
2004-08-31,14.2404545455,14.4790909091,14.0704545455,14.3095454545,3208572.72727,13.7008454091
2004-09-30,14.207,14.352,13.9995,14.1595,3046775.0,13.5615222
2004-10-31,14.2566666667,14.440952381,14.1114285714,14.3380952381,3546161.90476,13.732575
2004-11-30,15.8128570476,15.9914285238,15.6157142857,15.799047619,2933757.14286,15.1318291429
2004-12-31,15.8561905238,16.070952381,15.7576191429,15.916190619,2922076.19048,15.2479061905
2005-01-31,14.979,15.0975001,14.749,14.869,4008900.0,14.24555315
2005-02-28,14.3673684211,14.5068421053,14.2152631579,14.3536842105,3052773.68421,13.7518442632
2005-03-31,14.3252380952,14.5042857143,14.2252380952,14.3438095238,4105095.2381,13.7473465238
2005-04-30,14.5638095238,14.7766666667,14.4123809524,14.5761904762,4633933.33333,13.9700644286
2005-05-31,14.9280952381,15.0595238095,14.7742857143,14.9223809524,4148895.2381,14.301859
2005-06-30,14.2980952381,14.4128571429,14.170952381,14.280952381,3375204.7619,13.6908654762
2005-07-31,14.147,14.2875,13.99,14.1395,3519835.0,13.55615895
2005-08-31,13.752173913,13.8573913043,13.6313043478,13.722173913,2761278.26087,13.1564627826
2005-09-30,14.062,14.2665,13.924,14.1175,4940255.0,13.54010455
2005-10-31,15.2266666667,15.4685714286,15.0771428571,15.279047619,4676409.52381,14.6541455714
2005-11-30,16.3680953333,16.5476191429,16.1961905238,16.3990478571,3368785.71429,15.728338619
2005-12-31,16.4795,16.64450025,16.372,16.4940001,2796645.0,15.82369505
2006-01-31,16.4985002,16.698,16.28800005,16.53099995,4151015.0,15.85967075
2006-02-28,16.497778,16.7116666667,16.3911114444,16.5933333333,3402022.22222,15.9194728333
2006-03-31,17.3156522609,17.5060871304,17.2204350435,17.3973911739,3642713.04348,16.6958312609
2006-04-30,17.1678945789,17.3742106316,16.905263,17.1121052632,4638094.73684,16.4220495789
2006-05-31,16.078095381,16.2480953333,15.9528571429,16.083333381,3035523.80952,15.4347634762
2006-06-30,15.9404546364,16.1531819091,15.7977271818,15.9849999091,3159272.72727,15.3446184091
2006-07-31,16.9614999,17.2275004,16.7975002,17.0735,5122675.0,16.3902147
2006-08-31,17.2636364545,17.4854544545,17.0372725909,17.2640910909,4115240.90909,16.5738355909
2006-09-30,16.7539999,16.90950005,16.52849975,16.67799985,5631280.0,16.01517395
2006-10-31,16.2452381905,16.3666667619,16.0409522381,16.1809525714,5836319.04762,15.5378805714
2006-11-30,15.5033333333,15.665238,15.3233333333,15.4904761905,8875352.38095,14.8748455238
2006-12-31,15.64,15.74800005,15.461,15.578,6012255.0,14.9631797
2007-01-31,15.62799995,15.77899995,15.47449995,15.6384999,9174495.0,15.02177
2007-02-28,15.4663157895,15.5805262105,15.3263157895,15.4336842105,7598773.68421,14.8255295789
2007-03-31,15.01,15.1086363636,14.8809090909,14.9813636364,7415159.09091,14.3952386818
2007-04-30,14.9784210526,15.1215789474,14.8231578947,14.9468421053,10525731.5789,14.3620678947
2007-05-31,14.4359090909,14.5436363636,14.3263636364,14.4418181818,7705795.45455,13.8768026364
2007-06-30,14.5495238095,14.6957142857,14.4385714286,14.5928571429,8828795.2381,14.0263889524
2007-07-31,15.63450005,15.84949995,15.52049995,15.7270001,9506710.0,15.11699955
2007-08-31,15.5321738696,15.7956521304,15.3017391304,15.5604348261,7447465.21739,14.9577253043
2007-09-30,14.89,15.0716666667,14.7322222222,14.875,5767344.44444,14.3027413333
2007-10-31,14.4830434783,14.6156521739,14.3195652174,14.4534782609,4616221.73913,13.897436087
2007-11-30,13.7561904762,13.9823809524,13.4852380952,13.7423809524,6383638.09524,13.2136956667
2007-12-31,13.2736842105,13.4231578947,12.9873684211,13.1668421053,4881015.78947,12.6646542105
2008-01-31,11.8980952381,12.1323809524,11.6142857143,11.89,10449180.9524,11.4367401429
2008-02-29,12.5785,12.786,12.3745,12.5825,7685370.0,12.10377805
2008-03-31,12.1015,12.399,11.848,12.133,8321985.0,11.6283821
2008-04-30,12.6204545455,12.8468181818,12.4072727273,12.6495454545,7969863.63636,12.1720227273
2008-05-31,13.0771428571,13.2976190476,12.8704761905,13.0828571429,6754823.80952,12.5889769524
2008-06-30,13.8415,14.1415,13.574,13.844,10840090.0,13.32491795
2008-07-31,14.3031818182,14.7109090909,13.9863636364,14.3927272727,11016281.8182,13.8542811364
2008-08-31,15.3075,15.61,15.00350005,15.3244999,11231775.0,14.7521796
2008-09-30,15.4652381429,15.8147618095,15.0680952381,15.4500000476,12429133.3333,14.8770229048
2008-10-31,12.3109090909,12.7122727273,11.8031818182,12.1186363636,13318877.2727,11.6692059545
2008-11-30,10.1536842105,10.37,9.66210526316,9.92263157895,11696789.4737,9.55464189474
2008-12-31,8.16363636364,8.34363636364,7.82818181818,8.11727272727,10153981.8182,7.81937831818
2009-01-31,8.4305,8.6435,8.062,8.33,13333725.0,8.02555345
2009-02-28,6.83473684211,6.96684210526,6.58526315789,6.76631578947,13092715.7895,6.52000852632
2009-03-31,5.71090909091,5.87909090909,5.52772727273,5.69863636364,11286677.2727,5.4946375
2009-04-30,7.11666666667,7.3519047619,6.87761904762,7.16285714286,11303490.4762,6.90597804762
2009-05-31,7.08,7.1705,6.8935,7.0265,7700970.0,6.7749664
2009-06-30,6.67318181818,6.77090909091,6.53090909091,6.65818181818,8407077.27273,6.42339309091
2009-07-31,6.99380952381,7.15476190476,6.86952380952,7.05238095238,8700914.28571,6.80485952381
2009-08-31,8.71619047619,8.87857142857,8.55857142857,8.73904761905,10117585.7143,8.43232804762
2009-09-30,9.217,9.4145,9.033,9.253,8531295.0,8.9337027
2009-10-31,9.16136363636,9.31363636364,8.94818181818,9.12454545455,9768240.90909,8.80968054545
2009-11-30,8.8795,9.0555,8.752,8.9135,8349230.0,8.60591775
2009-12-31,10.6476190476,10.8547619048,10.5247619048,10.7504761905,9671409.52381,10.3835388571
2010-01-31,11.4484210526,11.6810526316,11.2184210526,11.4442105263,10696868.4211,11.0547728421
2010-02-28,11.8931578947,12.1142105263,11.7789473684,11.9594736842,10620726.3158,11.5525017895
2010-03-31,12.8790909091,13.0609090909,12.7740909091,12.9045454545,8630818.18182,12.4700997273
2010-04-30,13.4685714286,13.6047619048,13.2695238095,13.4276190476,10550623.8095,12.9757918095
2010-05-31,12.63,12.8225,12.3595,12.591,10751015.0,12.16732435
2010-06-30,12.0268181818,12.1622727273,11.8318181818,11.9604545455,7713159.09091,11.5619018182
2010-07-31,11.6185714286,11.8028571429,11.4161904762,11.6419047619,7634876.19048,11.2548470952
2010-08-31,11.4831818182,11.6354545455,11.3322727273,11.4854545455,4953659.09091,11.1049100455
2010-09-30,11.976,12.2185,11.8345,12.0475,7168435.0,11.65222965
2010-10-31,13.1838095238,13.3066666667,13.0214285714,13.1723809524,5905180.95238,12.740204
2010-11-30,13.7395,13.85,13.592,13.7275,4648660.0,13.27711005
2010-12-31,13.0045454545,13.0936363636,12.8645454545,12.9759090909,5494990.90909,12.5541094545
2011-01-31,12.949,13.065,12.78,12.872,6494105.0,12.45446515
2011-02-28,12.0255555556,12.1694444444,11.8994444444,12.0594444444,8708638.88889,11.6682669444
2011-03-31,12.2560869565,12.4347826087,12.1056521739,12.28,8449256.52174,11.8866922609
2011-04-30,11.848,11.9625,11.707,11.807,9471100.0,11.42884175
2011-05-31,11.9895,12.097,11.8795,11.9845,10595035.0,11.6006568
2011-06-30,11.225,11.3531818182,11.0977272727,11.2031818182,8663868.18182,10.8483941364
2011-07-31,10.782,10.8645,10.628,10.712,7070570.0,10.3733992
2011-08-31,8.55954545455,8.71545454545,8.34045454545,8.49727272727,13743227.2727,8.23031627273
2011-09-30,8.3980952381,8.55619047619,8.23285714286,8.37761904762,11201085.7143,8.11797780952
2011-10-31,8.39571428571,8.55,8.19047619048,8.39714285714,10086685.7143,8.13689633333
2011-11-30,8.0885,8.2005,7.972,8.0735,8173900.0,7.82328385
2011-12-31,8.43047619048,8.56142857143,8.31095238095,8.42857142857,6694204.7619,8.17149171429
2012-01-31,8.99210526316,9.13631578947,8.85421052632,9.01736842105,6042515.78947,8.74306115789
2012-02-29,9.4445,9.541,9.303,9.4115,5095890.0,9.12569625
2012-03-31,8.45681818182,8.54227272727,8.32136363636,8.42727272727,8094631.81818,8.17555072727
2012-04-30,8.12578947368,8.23,8.02052631579,8.10684210526,9030836.84211,7.86469147368
2012-05-31,8.32590909091,8.44818181818,8.23772727273,8.35545454545,9591309.09091,8.10587790909
2012-06-30,9.03095238095,9.16380952381,8.90666666667,9.01952380952,10728276.1905,8.75943604762
2012-07-31,9.143,9.261,9.0335,9.152,9321810.0,8.8885614
2012-08-31,9.11304347826,9.21130434783,9.03130434783,9.11869565217,7629778.26087,8.86213969565
2012-09-30,9.0,9.09210526316,8.90052631579,8.99526315789,6330457.89474,8.74592647368
2012-10-31,8.88142857143,8.97333333333,8.79523809524,8.87238095238,6534904.7619,8.62639866667
2012-11-30,9.10666666667,9.22761904762,9.02904761905,9.1480952381,6360595.2381,8.8945222381
2012-12-31,10.0935,10.2185,10.0215,10.134,6734215.0,9.863061
2013-01-31,11.151,11.266,11.045,11.1555,8975525.0,10.85778625
2013-02-28,11.4978947368,11.6242105263,11.3994736842,11.5105263158,6692268.42105,11.2033377895
2013-03-31,12.4405,12.604,12.3545,12.526,7049605.0,12.20088005
2013-04-30,13.1376190476,13.2876190476,12.9671428571,13.1395238095,6985733.33333,12.7994920476
2013-05-31,14.14,14.3181818182,14.0163636364,14.1472727273,7931995.45455,13.7811619091
2013-06-30,13.7042105263,13.8157894737,13.5268421053,13.6584210526,7439242.10526,13.3426253684
2013-07-31,13.4131818182,13.5531818182,13.2763636364,13.4459090909,5433454.54545,13.1350269091
2013-08-31,13.45,13.5513636364,13.3163636364,13.4204545455,5409436.36364,13.1421150909
2013-09-30,13.923,14.0935,13.8,13.9915,6230320.0,13.7069055
2013-10-31,15.7286955217,15.9269565217,15.6369565217,15.8195651739,6602430.43478,15.4977985652
2013-11-30,18.0789474211,18.3057893158,17.9447371053,18.0984210526,7630147.36842,17.7303031579
2013-12-31,18.603809619,18.7480952381,18.3804760476,18.5676190952,5851328.57143,18.2182934286
2014-01-31,20.7195236667,21.0352381429,20.4052379524,20.704285619,9316019.04762,20.3271152857
2014-02-28,21.393889,21.6555555556,21.1861109444,21.4461111667,8102061.11111,21.0554268333
2014-03-31,23.4604761429,23.6928571429,23.2061905238,23.4442859524,7053085.71429,23.0566872857
2014-04-30,23.7529999,23.972,23.326,23.66550005,6830110.0,23.27613515
2014-05-31,24.9257143333,25.1657139524,24.7504761905,25.0295243333,5029071.42857,24.6177171905
2014-06-30,26.8971430476,27.1176191429,26.6228572381,26.9142857143,6673257.14286,26.5316545238
2014-07-31,28.018571381,28.3071429524,27.7299997619,28.0185712857,6144728.57143,27.6202408095
2014-08-31,29.9861901429,30.2947616667,29.7042858095,30.102857,4882052.38095,29.701062
2014-09-30,33.61300035,33.99399965,33.26449955,33.6325001,7180425.0,33.2190282
2014-10-31,32.623913,33.2282607391,31.907826087,32.5508695217,12124439.1304,32.150695087
2014-11-30,38.3855553889,38.9666667778,38.0850001111,38.6161106667,8031344.44444,38.1413713889
2014-12-31,41.3509093182,41.8659084545,40.6900004091,41.2077267727,8808981.81818,40.7433822273
2015-01-31,42.45950055,43.18549985,41.7409997,42.54050015,9354520.0,42.07744165
2015-02-28,44.0333334444,44.4344444444,43.2094446111,43.8827772778,7873961.11111,43.405108
2015-03-31,44.5031820455,44.9336363182,44.0495452273,44.5359089091,6055854.54545,44.1082811364
2015-04-30,42.53899985,42.9905,41.9894997,42.33599985,6762645.0,41.93206295
2015-05-31,40.3550004,40.81500015,39.6665003,40.14499985,9295895.0,39.7619678
2015-06-30,35.1633328571,35.5942856667,34.757619,35.1061906667,10988276.1905,34.8417644762
2015-07-31,34.4986366818,34.9168182727,33.8954547273,34.3690908182,8874536.36364,34.1102166818
2015-08-31,38.1466668571,38.8195237619,37.4514285714,38.1995240476,8943014.28571,37.9451442857
2015-09-30,38.23099955,38.70950015,37.8490002,38.3060006,6712250.0,38.0880928
2015-10-31,41.3863638182,42.0940908636,40.9877270455,41.7309093636,7443050.0,41.4935185
2015-11-30,46.4726315263,46.8178951053,45.9842102632,46.4605262632,5031410.52632,46.1962306316
2015-12-31,45.0295458182,45.5927275,44.3150000455,44.8590909545,6313850.0,44.6549903636
2016-01-31,40.5644444444,41.183889,39.3966665,40.1938887222,8203300.0,40.0257891111
2016-02-29,38.0439999,38.70699955,37.51699985,38.29100035,7322815.0,38.130859
2016-03-31,43.2340907273,43.7436364091,42.8249998636,43.4072727273,6166745.45455,43.3031529545
2016-04-30,45.6650007,46.15600025,45.0749998,45.60750005,6585365.0,45.49810275
2016-05-31,42.3880949524,42.8976192381,41.8785712381,42.2776188571,5382790.47619,42.1762087619
2016-06-30,40.7968182727,41.2622731364,40.1372726364,40.6840906364,7650818.18182,40.6630364545
2016-07-31,40.1455003,40.63899985,39.6269998,40.08099995,8639735.0,40.08099995
2016-08-31,36.9249995,37.3059994,36.4749994,36.8390003,7083080.0,36.8390003
