Date,Open,High,Low,Close,Volume,Adj Close
1990-01-31,19.5208335,19.7291668333,19.1875,19.3958333333,10579666.6667,0.6353055
1990-02-28,20.4802632632,20.7631577895,20.3750001053,20.6447368947,1249473.68421,0.676213105263
1990-03-31,19.9880952381,20.0892857619,19.8392857143,19.9345238571,939238.095238,0.652950142857
1990-04-30,19.75000005,19.86250005,19.66875,19.775,470400.0,0.6477249
1990-05-31,23.0681816818,23.5000000909,22.9147727727,23.3465909545,937818.181818,0.778843363636
1990-06-30,26.2976189048,26.5000000476,26.1130952381,26.3154760952,559047.619048,0.887286285714
1990-07-31,27.5875001,27.96875005,27.26249995,27.65000005,871500.0,0.93228275
1990-08-31,23.5923912609,23.8260869565,23.2173913913,23.5434781739,751565.217391,0.793821956522
1990-09-30,21.7368421053,21.8486842632,21.4934212632,21.6118422632,358000.0,0.728692578947
1990-10-31,20.4431819545,20.539773,20.2329544091,20.3920455455,361272.727273,0.687564363636
1990-11-30,17.6845238095,17.8571428571,17.375,17.5833333333,1184095.2381,0.592862142857
1990-12-31,19.01250005,19.2687499,18.8750001,19.13749995,520900.0,0.64526435
1991-01-31,20.409091,20.6420456364,20.2784090909,20.5568182273,269636.363636,0.693120090909
1991-02-28,26.2013888889,26.6180554444,26.076389,26.451389,618666.666667,0.891868888889
1991-03-31,26.84374995,27.08125015,26.60624985,26.88124985,338100.0,0.9063625
1991-04-30,29.6761363636,29.9374999545,29.4374999091,29.6931818182,369454.545455,1.00117313636
1991-05-31,32.4829545,32.8693181364,32.2500002273,32.5909088636,485181.818182,1.09887672727
1991-06-30,32.08749985,32.13750005,31.85000005,31.92500015,338900.0,1.07610475
1991-07-31,34.1420455909,34.5852272273,34.0340909545,34.4659088636,302000.0,1.18691945455
1991-08-31,40.8465905909,41.3181820909,40.6136360455,41.0852272273,692818.181818,1.41747236364
1991-09-30,43.4013153158,43.6118422105,43.1118417895,43.3881573684,250210.526316,1.49692542105
1991-10-31,46.1956517391,46.4184786087,45.9728259565,46.1576084348,190782.608696,1.59247369565
1991-11-30,50.76874995,51.51250005,50.4187498,51.0687499,549400.0,1.7619118
1991-12-31,52.76875045,53.1499996,52.38750005,52.81874915,275500.0,1.8222881
1992-01-31,56.6249999091,57.1761360909,56.2443180455,56.7102274091,291363.636364,1.95654704545
1992-02-29,62.1052634211,62.7828952105,61.6249995263,62.2171050526,354842.105263,2.14653868421
1992-03-31,60.7556813182,60.9943179545,60.3522727727,60.5454544545,268818.181818,2.08886554545
1992-04-30,60.1125002,60.63750005,59.88125015,60.26250005,255600.0,2.07910335
1992-05-31,62.8874998,62.97499965,62.51874945,62.6437497,176800.0,2.16125835
1992-06-30,56.6420457727,56.8749997727,56.2045459545,56.4602275455,369636.363636,1.94792181818
1992-07-31,35.3333334762,35.6845236667,35.0416668095,35.3333330476,221000.0,2.0261127619
1992-08-31,29.9761904286,30.1726189524,29.7916669048,30.0119048095,119857.142857,2.10675595238
1992-09-30,29.2857144286,29.494047619,29.107143,29.291666619,197476.190476,2.05619728571
1992-10-31,25.2738095238,25.488095381,24.7619048571,25.0595237619,699380.952381,1.75911204762
1992-11-30,24.93125015,25.2062497,24.73749995,25.01250015,302250.0,1.755811
1992-12-31,25.2727272273,25.3977272273,25.0909090455,25.2386362727,414000.0,1.77168522727
1993-01-31,22.2625001,22.46875005,21.89374985,22.13749985,553850.0,1.55399375
1993-02-28,22.6250002105,22.8223682105,22.3421051579,22.5065787895,368105.263158,1.57990215789
1993-03-31,23.597826087,23.869565,23.4293477391,23.6521737826,248304.347826,1.6564843913
1993-04-30,24.1547621905,24.3511904286,23.9047619048,24.1249998095,173142.857143,1.69351104762
1993-05-31,24.29374985,24.37500005,24.11249985,24.2,240850.0,1.69877585
1993-06-30,22.9431819091,23.0795455455,22.7840909091,22.8749999545,180818.181818,1.60576440909
1993-07-31,22.43125015,22.55624975,22.2812502,22.41249985,179050.0,1.60307465
1993-08-31,22.9318181818,23.0965908182,22.7272728182,22.875,210727.272727,1.6361555
1993-09-30,21.7797617619,21.8571427619,21.6250001429,21.696428619,134285.714286,1.55185704762
1993-10-31,23.3988096667,23.7083333333,23.2619051429,23.5654761905,151714.285714,1.68554238095
1993-11-30,26.29374975,26.44374985,26.0312501,26.23124995,232500.0,1.87621425
1993-12-31,28.056818,28.2670453636,27.9374999091,28.1477270909,137000.0,2.01329204545
1994-01-31,29.047619,29.2976191429,28.851190381,29.0535714286,251571.428571,2.07808347619
1994-02-28,32.3680555,32.6319445556,32.0972222222,32.3124999444,302777.777778,2.31118127778
1994-03-31,30.8043475652,30.9510867826,30.4945653478,30.7065215652,211000.0,2.196312
1994-04-30,30.8092105263,30.9999996842,30.6710524737,30.8486839474,265578.947368,2.20648052632
1994-05-31,32.851190619,33.0059524762,32.5714283333,32.7559523333,335476.190476,2.34289947619
1994-06-30,32.5595237619,32.8214284762,32.4345237619,32.6488094286,114428.571429,2.33523595238
1994-07-31,34.7125002,34.8125001,34.59375,34.6875001,142050.0,2.50251495
1994-08-31,34.1032609565,34.1739131304,33.9239130435,33.9891303913,72391.3043478,2.45322765217
1994-09-30,33.904762,34.0119049048,33.791667,33.8809525714,126380.952381,2.44541952381
1994-10-31,33.1666664286,33.3273807143,32.9821429048,33.1309520952,164285.714286,2.39128704762
1994-11-30,35.3690476667,35.5297618095,35.1785714762,35.3333330476,210380.952381,2.54986004762
1994-12-31,34.2142859524,34.321428619,34.0595238571,34.172619,112761.904762,2.46647114286
1995-01-31,34.0833334762,34.3452382857,33.8273811429,34.0416668095,299904.761905,2.45701952381
1995-02-28,36.7171052105,37.0789472632,36.5460525263,36.9342104737,488947.368421,2.66579410526
1995-03-31,34.3804347826,34.9565216522,33.9836956957,34.3097826087,1745826.08696,2.47637091304
1995-04-30,35.0657894211,35.1842105263,34.8881577895,34.980263,261947.368421,2.52476436842
1995-05-31,36.4659090909,36.7272728182,36.2613635909,36.5000000455,250363.636364,2.63445427273
1995-06-30,36.3863634545,36.6363635455,36.1875000455,36.4034091364,155772.727273,2.60110436364
1995-07-31,39.26249985,39.58124995,38.9812503,39.3000001,291550.0,2.8736258
1995-08-31,44.5543475652,44.9510866522,44.2934784783,44.7771737826,237000.0,3.274118
1995-09-30,47.4934211579,47.7565787895,47.2828945263,47.5460524211,292578.947368,3.476579
1995-10-31,47.0170454545,47.2102273636,46.8522728636,46.9943183182,242045.454545,3.43623622727
1995-11-30,53.3750002857,53.8809517143,53.0952383333,53.6130948095,305238.095238,3.92020295238
1995-12-31,56.4062505,56.8874998,56.1125002,56.6312504,324800.0,4.1408911
1996-01-31,61.0714288095,61.660714381,60.7261905238,61.3809524286,515142.857143,4.48819042857
1996-02-29,71.13750005,71.8437505,70.31875015,70.95624995,515100.0,5.18833865
1996-03-31,75.839285381,76.3333327143,75.5416670476,75.9761900952,324904.761905,5.55539785714
1996-04-30,78.15000035,78.70000055,77.82500005,78.35625055,272400.0,5.7294284
1996-05-31,77.8977272727,78.1477278182,77.4488635455,77.7784094091,310227.272727,5.6871765
1996-06-30,74.05624985,74.3437495,73.49999975,73.8499999,248550.0,5.3999303
1996-07-31,70.077381381,70.416667381,69.5476189048,69.9166665714,359904.761905,5.15021547619
1996-08-31,74.8238635,75.2698859091,74.5227274091,74.9374998636,142500.0,5.52219368182
1996-09-30,75.2062502,75.46875025,74.8500004,75.0812502,174150.0,5.53278665
1996-10-31,67.1988632273,67.5795448636,66.0000003636,66.7045452273,497636.363636,4.91550195455
1996-11-30,61.6374998,62.1250005,61.03124925,61.48749995,381800.0,4.5310544
1996-12-31,59.1488100476,59.5297618095,58.3333338095,58.7857144286,434952.380952,4.33195814286
1997-01-31,57.857142619,58.773809381,56.9107139524,57.7916665238,1323523.80952,4.258706
1997-02-28,56.4539475263,56.9539474211,55.8486840526,56.3749995789,768684.210526,4.15431094737
1997-03-31,57.46875,57.7687497,56.86874985,57.16249965,362550.0,4.21234225
1997-04-30,55.7386356818,56.1647727273,55.6136363182,55.9886362273,172727.272727,4.12583927273
1997-05-31,64.16875005,64.61874985,63.8124995,64.18749975,345750.0,4.7300192
1997-06-30,67.8452375714,68.3749998095,67.6071420952,68.0446431905,391095.238095,5.01425461905
1997-07-31,67.8607955909,68.4204543636,67.4971593636,68.0511366364,359727.272727,5.05867104545
1997-08-31,64.2999997,64.3875003,63.82187485,63.9031248,235250.0,4.7503233
1997-09-30,58.1785712857,58.4553570952,57.81399,58.0357145238,186238.095238,4.31416152381
1997-10-31,60.2880434348,60.7907606087,60.0923915652,60.5842393478,411913.043478,4.50360926087
1997-11-30,60.4062498889,60.6527773333,59.9652772222,60.2569445,338611.111111,4.47927961111
1997-12-31,59.9062494545,60.2443185909,59.6903406364,59.9460226818,216045.454545,4.45616663636
1998-01-31,65.7999997,66.3062501,65.4562497,66.00000025,299300.0,4.906197
1998-02-28,73.1527778889,73.9027781111,72.8090281111,73.4479173333,261222.222222,5.45984794444
1998-03-31,87.446022,88.9545453636,86.7073872273,87.8494316818,500727.272727,6.53040354545
1998-04-30,58.4312491,59.3749993,57.0343747,58.1437499,805860.0,6.6489192
1998-05-31,17.275,17.46875,16.903125,17.15625,261790.0,6.3766625
1998-06-30,16.7642045455,16.9289772727,16.4630681818,16.6960227273,251436.363636,6.20560459091
1998-07-31,15.8948863636,16.1306818182,15.6363636364,15.9034090909,184836.363636,5.96488081818
1998-08-31,12.5357142857,12.7797619048,12.0863095238,12.3333333333,221542.857143,4.61055509524
1998-09-30,10.9672619048,11.2619047619,10.7529761905,10.9761904762,181047.619048,4.11683238095
1998-10-31,9.32102272727,9.48295454545,8.85227272727,9.15625,335118.181818,3.4342285
1998-11-30,10.6907894737,10.9769736842,10.3651315789,10.5789473684,508168.421053,3.96783873684
1998-12-31,10.8238636364,11.1392045455,10.6051136364,10.8948863636,256781.818182,4.08633781818
1999-01-31,10.6447368421,10.7894736842,10.4013157895,10.6052631579,320094.736842,3.97770894737
1999-02-28,10.5520833333,10.71875,10.4201388889,10.625,443411.111111,3.98511166667
1999-03-31,11.7635869565,11.9510869565,11.5951086957,11.8206521739,291278.26087,4.43356408696
1999-04-30,13.0625,13.4821428571,12.8988095238,13.2053571429,442323.809524,4.95292428571
1999-05-31,16.275,16.496875,16.003125,16.303125,350790.0,6.11480195
1999-06-30,15.7886904762,16.068452381,15.5833333333,15.8541666667,375409.52381,5.94641157143
1999-07-31,15.2767857143,15.5654761905,15.068452381,15.2797619048,489390.47619,5.78749709524
1999-08-31,15.90625,16.1392045455,15.7272727273,15.9545454545,363245.454545,6.04308386364
1999-09-30,17.90625,18.2,17.7625,18.084375,290740.0,6.849797
1999-10-31,19.0,19.3035714286,18.75,19.0863095238,283200.0,7.22929852381
1999-11-30,17.3452380952,17.6428571429,16.9077380952,17.2797619048,420190.47619,6.54503480952
1999-12-31,17.8522727273,18.1676136364,17.5340909091,17.8494318182,208909.090909,6.76080795455
2000-01-31,17.5657894737,17.8618421053,17.1052631579,17.3881578947,172905.263158,6.58609173684
2000-02-29,21.853125,22.69375,21.54375,22.26875,492250.0,8.43470775
2000-03-31,23.8831521739,24.4293478261,23.6168478261,23.9239130435,266469.565217,9.06163186957
2000-04-30,23.96875,24.2291666667,23.7118055556,24.0347222222,187744.444444,9.10360294444
2000-05-31,24.2272727273,24.4943181818,23.8721590909,24.1136363636,165654.545455,9.13349309091
2000-06-30,21.2130681818,21.4829545455,21.0,21.1988636364,107518.181818,8.83219968182
2000-07-31,13.1644736842,13.5855263158,13.0263157895,13.3223684211,224815.789474,10.2281501053
2000-08-31,15.4375,15.7418478261,15.214673913,15.5434782609,294460.869565,11.9333909565
2000-09-30,15.125,15.3375,15.015625,15.209375,151875.0,11.6768856
2000-10-31,14.9204545455,15.0965909091,14.6363636364,14.8522727273,151718.181818,11.402723
2000-11-30,14.053125,14.328125,13.753125,13.9625,231310.0,10.7196065
2000-12-31,14.684375,14.78125,14.484375,14.603125,178530.0,11.2114418
2001-01-31,13.6751190476,13.8394047619,13.4773214286,13.6194047619,205566.666667,10.4561976667
2001-02-28,13.965,14.1638888889,13.8466666667,14.0522222222,296638.888889,10.78849
2001-03-31,15.2309090909,15.4527272727,15.1127272727,15.3231818182,275613.636364,11.7642600455
2001-04-30,14.143,14.3105,13.9605,14.1325,236600.0,10.85012285
2001-05-31,15.1038095238,15.2019047619,15.0219047619,15.1233333333,165228.571429,11.6108277143
2001-06-30,15.0042857143,15.1442857143,14.9119047619,15.0576190476,175166.666667,11.5603761429
2001-07-31,16.5152380952,16.7495237143,16.415714381,16.6376191429,292623.809524,12.8536600476
2001-08-31,17.4222729091,17.5104544091,17.2859091818,17.3731816364,270640.909091,13.4407586818
2001-09-30,14.2653333333,14.5473332667,13.9906666,14.2533332667,393426.666667,11.0270886
2001-10-31,14.8995651739,15.141739087,14.6452173913,14.852173913,230039.130435,11.4903813913
2001-11-30,16.28849995,16.4099998,16.0795,16.2169999,228565.0,12.54627895
2001-12-31,15.977,16.22700005,15.86599985,16.1064999,282125.0,12.4607906
2002-01-31,16.6657144286,16.7976189524,16.5209522381,16.6223810952,212619.047619,12.8599019524
2002-02-28,16.9652632632,17.1521053158,16.8936838947,17.0031577368,244457.894737,13.1543908947
2002-03-31,18.8749999,19.11400005,18.7000002,18.91450015,268510.0,14.6331995
2002-04-30,19.4740909091,19.6045455455,19.2986363636,19.4286364545,190981.818182,15.0309609091
2002-05-31,19.6276189048,19.7361905238,19.4195235238,19.5890475238,226647.619048,15.1550629524
2002-06-30,18.98600015,19.11349995,18.8149999,18.94249995,275640.0,14.65486145
2002-07-31,16.0000000455,16.144091,15.5740908182,15.8018182727,409240.909091,12.325625
2002-08-31,14.2795238095,14.3857142857,14.0495238095,14.1666666667,343271.428571,11.0501854762
2002-09-30,12.48,12.6645,12.3035,12.496,384795.0,9.74704355
2002-10-31,14.0256521739,14.2852173913,13.8452173913,14.1091304348,186417.391304,11.0053063043
2002-11-30,14.0521052632,14.2394736842,13.8436842105,14.0294736842,320363.157895,10.9431729474
2002-12-31,13.1,13.2747619048,12.9685714286,13.1166666667,242200.0,10.231171619
2003-01-31,13.1414285714,13.2966666667,12.9833333333,13.1057142857,240566.666667,10.222628619
2003-02-28,11.6672222222,11.7744444444,11.4883333333,11.6061111111,189883.333333,9.05291838889
2003-03-31,10.8933333333,11.0442857143,10.6985714286,10.89,337180.952381,8.49434242857
2003-04-30,11.030952381,11.1361904762,10.8742857143,10.9795238095,124195.238095,8.56417219048
2003-05-31,12.341,12.4,12.2115,12.3245,179690.0,9.6132712
2003-06-30,13.4419047619,13.5728571429,13.2995238095,13.4171428571,117976.190476,10.4744375714
2003-07-31,14.4954545455,14.65,14.3359090909,14.5054545455,114577.272727,11.5092802273
2003-08-31,14.326,14.4235,14.217,14.3695,118110.0,11.40140765
2003-09-30,15.0804761905,15.17,14.9514285714,15.06,171919.047619,11.9492815238
2003-10-31,15.4947825652,15.6213043478,15.4034782609,15.5213043913,116995.652174,12.3126767391
2003-11-30,16.8536842632,17.0068422632,16.7457895263,16.9289472632,83905.2631579,13.4321884211
2003-12-31,17.4886365455,17.6290910455,17.3895454545,17.5450000909,84522.7272727,13.9209924091
2004-01-31,17.2468420526,17.3831578421,17.0989474211,17.2673684737,110731.578947,13.7007071053
2004-02-29,17.0589473684,17.2221053158,16.9042106842,17.0736841053,67100.0,13.5470290526
2004-03-31,16.168260913,16.3291302174,16.0539131304,16.2356523043,88430.4347826,12.8820970435
2004-04-30,16.2180001,16.39099995,16.1105,16.22650015,111855.0,12.8748352
2004-05-31,15.88499995,15.9774999,15.737,15.853,69720.0,12.57848345
2004-06-30,16.3495239048,16.500952381,16.2138096667,16.4023809524,118966.666667,13.0921113333
2004-07-31,17.2949998,17.3909996,17.12850005,17.24149995,105045.0,13.8906975
2004-08-31,16.6481819545,16.7627275,16.5354548182,16.6704545455,51272.7272727,13.4306321818
2004-09-30,17.4671428571,17.593333381,17.3704761905,17.5038094762,58576.1904762,14.1020285238
2004-10-31,18.66450005,18.8064997,18.5534999,18.6859998,57600.0,15.05446595
2004-11-30,19.0719047143,19.209524,18.9971428571,19.1357145714,59928.5714286,15.4167808571
2004-12-31,19.7172728182,19.8240906818,19.6109091364,19.7363633636,76527.2727273,15.9006964091
2005-01-31,20.7384212105,20.8878946316,20.6131581579,20.7310528421,89447.3684211,16.7020727895
2005-02-28,21.4521054737,21.5463159474,21.3110525789,21.4415788947,123068.421053,17.2745114211
2005-03-31,20.9050000909,20.9813635455,20.7295455,20.8172725455,81377.2727273,16.7715361364
2005-04-30,20.4852381429,20.5919047143,20.3499999524,20.450952381,58595.2380952,16.4751318095
2005-05-31,20.3285715238,20.4552383333,20.1919047619,20.3309526667,42890.4761905,16.3797300476
2005-06-30,20.8322725455,20.9663636818,20.7559090909,20.8745454091,40909.0909091,16.9089048636
2005-07-31,22.3236841053,22.5105263684,22.2000003684,22.3894735263,62731.5789474,18.2808451579
2005-08-31,22.9730435217,23.1021738261,22.8547826087,22.9613045652,54365.2173913,18.747741
2005-09-30,24.1633335238,24.294762,24.020952619,24.1380952381,79590.4761905,19.7073181429
2005-10-31,24.8328569524,25.0114284286,24.6904762381,24.8495239524,106552.380952,20.2894586667
2005-11-30,24.6795240952,24.8414284762,24.5542857143,24.726190381,54738.0952381,20.1887579048
2005-12-31,25.2233335238,25.3599997619,25.1152381429,25.2176188571,55228.5714286,20.5879599524
2006-01-31,25.7065002,25.85250015,25.55699985,25.7250001,84705.0,21.00427875
2006-02-28,27.0021053158,27.2126315263,26.8910526842,27.0494735263,94678.9473684,22.0857019474
2006-03-31,28.257826087,28.3995651739,28.0952174783,28.2534782174,65339.1304348,23.0681112609
2006-04-30,28.6947369474,28.9047367895,28.5963158947,28.7952632105,65173.6842105,23.5111266316
2006-05-31,28.6731819091,28.806818,28.4127269545,28.5963639545,65554.5454545,23.3487269091
2006-06-30,25.7780952857,26.0576190952,25.576190381,25.843809381,77733.3333333,21.2496925238
2006-07-31,26.76050015,26.9379999,26.555,26.7330001,47775.0,22.1473624
2006-08-31,27.8609091364,28.0263638636,27.6681815455,27.8454546364,62527.2727273,23.0689925
2006-09-30,28.80850015,29.0205,28.6904999,28.91799995,63965.0,23.95755905
2006-10-31,29.8536361364,30.0440906818,29.7181818636,29.9277273636,71090.9090909,24.7940831818
2006-11-30,30.94,31.09850005,30.7439999,30.91000015,95875.0,25.60786185
2006-12-31,30.9285001,31.093,30.7620002,30.9459998,124255.0,25.63768665
2007-01-31,30.51350005,30.6550003,30.30399995,30.52999995,148785.0,25.2930451
2007-02-28,31.4531577368,31.5857898421,31.2694736842,31.4342108947,68894.7368421,26.0132118947
2007-03-31,31.1313635909,31.3663637273,30.9199999545,31.1645455909,139850.0,25.8187440455
2007-04-30,33.020526,33.2252630526,32.9105258947,33.1157896842,81105.2631579,27.4352821053
2007-05-31,34.2009085455,34.3763635455,33.9945453636,34.1963631364,136831.818182,28.5001225909
2007-06-30,36.0876198095,36.322381381,35.8347620476,36.018095381,153380.952381,30.3341278095
2007-07-31,38.23300025,38.42699975,37.94400015,38.1330001,94235.0,32.11528225
2007-08-31,34.6960867826,34.986521913,34.3334778261,34.6621738696,149204.347826,29.1921826087
2007-09-30,34.3199998947,34.5968421579,34.1236845263,34.4015792105,153142.105263,28.9727121053
2007-10-31,35.2345456818,35.4563634545,34.9577275909,35.2486363182,111768.181818,29.6860960455
2007-11-30,32.9880952381,33.3038095714,32.6614287619,32.9780953333,149119.047619,27.7738662857
2007-12-31,31.8573685263,32.0694740526,31.5742103684,31.7921052105,141273.684211,26.7750356842
2008-01-31,27.1666669048,27.6461902857,26.9004761905,27.3557142857,580519.047619,23.038745619
2008-02-29,27.0585,27.302,26.6274998,26.9279999,241715.0,22.63862225
2008-03-31,25.4735,25.7629999,25.18249995,25.4795001,314730.0,21.4586142
2008-04-30,26.1513636818,26.4781816364,25.9845453636,26.3172728182,163786.363636,22.1641791818
2008-05-31,28.3538093333,28.5547616667,28.1238094762,28.3809523333,149085.714286,24.1666118095
2008-06-30,25.2952379048,25.5576188571,25.1257141905,25.3347620952,193271.428571,21.9076064286
2008-07-31,23.9604546364,24.2713635,23.6295453182,23.9981819545,211900.0,20.7518319545
2008-08-31,24.9704997,25.24599995,24.69849995,25.0015,159890.0,21.61942645
2008-09-30,25.1338095238,25.4295238571,24.6399998571,25.014762,177761.904762,21.6308943333
2008-10-31,19.925652087,20.5078262174,19.1408696522,19.8500001304,349008.695652,17.1645908261
2008-11-30,18.7810527895,19.2831576316,18.1389474737,18.7199998947,278100.0,16.1876553158
2008-12-31,18.5413637727,18.9413636818,18.2122724545,18.6245455455,190031.818182,16.1051133182
2009-01-31,15.7000001053,16.0005263158,15.4552633684,15.7442104737,228147.368421,13.6144151053
2009-02-28,14.0326315789,14.2789473684,13.7631578947,13.9863157895,208936.842105,12.0943193158
2009-03-31,13.530952381,13.8414285714,13.2666666667,13.5814285714,288366.666667,11.7442031429
2009-04-30,17.0428570952,17.3361906667,16.8685714286,17.1557142381,165785.714286,14.8349778571
2009-05-31,20.5754999,20.96800005,20.271,20.74450015,212625.0,17.93829135
2009-06-30,20.4447619524,20.6252381429,20.2076190476,20.4314282857,118228.571429,17.667570381
2009-07-31,21.9645453182,22.2795454545,21.7922727273,22.1254545455,98313.6363636,19.1324375
2009-08-31,24.79949985,24.9685002,24.55399995,24.7989998,90055.0,21.4443194
2009-09-30,25.5757143333,25.774761619,25.3638097143,25.577142619,91976.1904762,22.1171990476
2009-10-31,25.9618182727,26.1768183636,25.6613635909,25.8936366364,87109.0909091,22.3908793636
2009-11-30,25.0663157368,25.2805261579,24.8857893684,25.1005261579,60515.7894737,21.7816313158
2009-12-31,25.6540907727,25.8045455,25.4877271364,25.6281819545,96018.1818182,22.4544925
2010-01-31,26.8047367368,26.9594734211,26.5331577368,26.7452633684,103031.578947,23.433239
2010-02-28,25.3877777778,25.5916665556,25.1744446111,25.4361112222,63405.5555556,22.2862069444
2010-03-31,26.3017390435,26.4665218696,26.1404347391,26.3317393478,80152.173913,23.070924087
2010-04-30,27.9471431905,28.1733332381,27.7642856667,27.995714381,65247.6190476,24.5288392381
2010-05-31,25.1305262632,25.4473687368,24.6826316842,25.0831578947,114357.894737,22.0832042105
2010-06-30,25.3140909091,25.5604546364,25.0259092273,25.2381817727,108600.0,22.5464440909
2010-07-31,24.99400015,25.2385001,24.71400025,25.0165002,89170.0,22.3484055
2010-08-31,24.6527273182,24.8259090455,24.4468181364,24.6286364545,77795.4545455,22.0019088182
2010-09-30,25.4757144762,25.6938094286,25.320952381,25.543809619,72433.3333333,22.8194757143
2010-10-31,28.3705,28.55100025,28.17599975,28.3820001,72810.0,25.35496345
2010-11-30,28.2576190952,28.3842857143,27.9890477143,28.1938093333,100890.47619,25.1868440476
2010-12-31,29.1885714286,29.3638095238,29.0085718571,29.252381,110376.190476,26.1325151905
2011-01-31,30.4615002,30.6944998,30.2445001,30.5155,119545.0,27.2609185
2011-02-28,29.9921048947,30.2636841579,29.8626311579,30.1389473158,103505.263158,26.9245264737
2011-03-31,31.6349998636,31.8331818182,31.3840907273,31.6345455455,106663.636364,28.2606138636
2011-04-30,32.70550005,32.8924996,32.5259999,32.75999995,66955.0,29.2660348
2011-05-31,32.2119049048,32.3909521905,31.9333331429,32.1552380476,34085.7142857,28.8907077619
2011-06-30,30.7871427143,31.0647620952,30.5499998571,30.787619,80300.0,28.071263619
2011-07-31,31.8744999,32.13499995,31.59850035,31.8390001,71725.0,29.0298828
2011-08-31,28.5599997826,28.953912913,28.0243477826,28.4308696087,105330.434783,25.9224346522
2011-09-30,27.4142856667,27.797143,27.0357140476,27.3947619048,102314.285714,24.9777544762
2011-10-31,28.3433330476,28.6523811905,27.9219049048,28.3528573333,90514.2857143,25.8513180476
2011-11-30,28.3104998,28.5654999,27.9914998,28.27650015,91675.0,25.7816977
2011-12-31,27.8947620476,28.0471430952,27.598571381,27.7933332381,60638.0952381,25.3411602381
2012-01-31,30.2525,30.4555,30.0314998,30.30349995,147870.0,27.62981275
2012-02-29,33.6714993,33.9060002,33.50199995,33.73350015,67945.0,30.7572332
2012-03-31,35.6359090455,35.7822729091,35.3813634091,35.5899999545,142836.363636,32.4499361364
2012-04-30,35.1826317368,35.3873678947,34.9421055789,35.1852631579,106394.736842,32.0809088421
2012-05-31,34.5113635455,34.7463634545,34.1636364091,34.4531815909,87500.0,31.62935
2012-06-30,33.03650045,33.2585,32.7829999,33.0445003,72565.0,30.72573865
2012-07-31,33.9261902857,34.1261901429,33.6671428571,33.9042859048,51871.4285714,31.5251922857
2012-08-31,35.6373913043,35.8613042609,35.4543476957,35.6560867826,60717.3913043,33.1540678696
2012-09-30,35.8688891667,36.0494448333,35.4966663889,35.7227776111,95694.4444444,33.2160790556
2012-10-31,36.8447620952,37.1114284286,36.664762,36.9280955714,170719.047619,34.3368185714
2012-11-30,38.5965002,38.80349995,38.40199975,38.63349975,131525.0,35.92255305
2012-12-31,41.01199945,41.21899965,40.7745001,40.98849955,283835.0,38.1123006
2013-01-31,43.67149975,43.92300045,43.4969998,43.808,122830.0,40.73395405
2013-02-28,45.4084211053,45.6989475789,45.0610526842,45.4484210526,170210.526316,42.2592654211
2013-03-31,49.42649995,49.89800015,48.97600025,49.64500005,136360.0,46.1613667
2013-04-30,51.1880948571,51.5866664762,50.8085712857,51.1823809524,64714.2857143,47.5908680952
2013-05-31,52.7545452273,53.2481817727,52.4427277273,52.8290907273,67827.2727273,49.4127489091
2013-06-30,51.32149985,51.6800003,50.7564998,51.23800045,72220.0,48.3291232
2013-07-31,52.3128569048,52.5752382857,51.8952381429,52.2499997619,55933.3333333,49.283669381
2013-08-31,54.3127273182,54.7172729091,53.9040905,54.3527272727,60436.3636364,51.2670211818
2013-09-30,53.00650035,53.38049985,52.64400015,53.04449995,78990.0,50.03257105
2013-10-31,52.222174,52.561303913,51.8773915652,52.2391306957,70960.8695652,49.2734172609
2013-11-30,52.5630001,52.7969997,52.1774999,52.4635,41175.0,49.48504885
2013-12-31,51.0820002,51.34049985,50.75799935,50.9805004,90435.0,48.0862418
2014-01-31,52.6442855714,52.8361902857,52.0557140952,52.2676190476,116961.904762,49.3002880952
2014-02-28,53.703889,54.0072222778,53.3850001111,53.6522218333,79016.6666667,50.6062848333
2014-03-31,55.0085710952,55.304285619,54.5519048571,54.829524381,93680.952381,51.7167493333
2014-04-30,56.8466665238,57.1109520476,56.476666381,56.7304760476,46209.5238095,53.5097804762
2014-05-31,56.1185715238,56.3314288571,55.8247612857,56.0661904286,42904.7619048,53.2437879048
2014-06-30,57.0919044762,57.4914288095,56.8566663333,57.2052381905,83395.2380952,54.8223434286
2014-07-31,56.1563636364,56.5963639091,55.9104542273,56.2859089091,45513.6363636,53.9413090455
2014-08-31,53.0005003,53.26000045,52.6405005,52.86599975,65140.0,50.6638569
2014-09-30,52.0414284762,52.3366661905,51.6371431429,51.9257144762,64200.0,49.7627394762
2014-10-31,49.2218186818,49.6672729091,48.8695453636,49.2786360455,89800.0,47.2259254545
2014-11-30,51.0505267368,51.3584216316,50.7810526316,51.0815791053,49352.6315789,48.9537666316
2014-12-31,54.2704547727,54.6209087727,53.9522729091,54.2295453636,37350.0,51.9706037273
2015-01-31,56.6136845789,57.0468426316,56.1805261579,56.6057897895,58152.6315789,54.2478652632
2015-02-28,59.5973683158,60.0273686316,59.2978944737,59.7378950526,36700.0,57.2495019474
2015-03-31,62.1880951905,62.6690472857,61.840952381,62.3457145714,77500.0,59.7486925238
2015-04-30,64.5476191429,64.8385712857,64.142856619,64.4861902381,28328.5714286,61.8000062381
2015-05-31,66.20999995,66.7450003,65.6854995,66.42500075,62795.0,64.4407523
2015-06-30,67.9119044762,68.3109522857,67.3733331429,67.7938098095,77352.3809524,66.561531619
2015-07-31,69.5640904091,70.0563642273,68.9649999545,69.5086369091,54745.4545455,68.2451884545
2015-08-31,70.6625001,71.0829998,70.0514999,70.61150025,65365.0,69.32800525
2015-09-30,67.4552380952,67.8895234286,66.8147622381,67.4776187143,39276.1904762,66.2510879048
2015-10-31,70.0823799524,70.6847617619,69.635714619,70.333332619,36961.9047619,69.0548939048
2015-11-30,67.3645001,67.72849945,66.8669998,67.2774993,44765.0,66.0546061
2015-12-31,66.0504542273,66.5286359091,65.5704539545,65.9690905,47409.0909091,64.7699800909
2016-01-31,61.8394741053,62.3094734737,61.1426317368,61.7094732105,49184.2105263,60.5875142105
2016-02-29,57.8360001,58.18199955,57.2185002,57.6545,51575.0,56.60652265
2016-03-31,55.1585714762,55.5638094762,54.765714381,55.1066667143,74723.8095238,54.1050008095
2016-04-30,54.5585714286,54.8538094762,54.2071425238,54.4709524286,45442.8571429,53.4808417619
2016-05-31,55.2095240476,55.4914284286,54.7561901429,55.0652378095,41142.8571429,54.3966585714
2016-06-30,51.7709524286,52.1023810476,51.3204762381,51.689523619,70757.1428571,51.689523619
2016-07-31,48.48,48.82699995,48.0769999,48.3854999,88195.0,48.3854999
2016-08-31,47.9040002,48.2240008,47.694001,47.904001,42640.0,47.904001
