Date,Open,High,Low,Close,Volume,Adj Close
1997-01-31,9.0312,9.0312,9.02912,9.0312,3973.33333333,0.118832
1997-02-28,8.91117368421,8.91117368421,8.90788421053,8.91117368421,2610.52631579,0.117252157895
1997-03-31,8.903125,8.903125,8.9,8.903125,3420.0,0.11714605
1997-04-30,9.13920454545,9.13920454545,9.12784090909,9.13920454545,2818.18181818,0.120252636364
1997-05-31,9.22619047619,9.22619047619,9.22023809524,9.22619047619,3980.95238095,0.12139747619
1997-06-30,9.22916666667,9.22916666667,9.22916666667,9.22916666667,895.238095238,0.121436666667
1997-07-31,9.22023809524,9.22023809524,9.21726190476,9.22023809524,3790.47619048,0.121319095238
1997-08-31,9.25,9.25,9.24702380952,9.25,4114.28571429,0.121711
1997-09-30,9.24107142857,9.24107142857,9.2380952381,9.24107142857,4895.23809524,0.121593428571
1997-10-31,9.02173913043,9.04619565217,9.01358695652,9.02173913043,15478.2608696,0.118707304348
1997-11-30,8.95723684211,8.95723684211,8.95394736842,8.95723684211,1473.68421053,0.117858578947
1997-12-31,9.06534090909,9.06534090909,9.0625,9.06534090909,1309.09090909,0.119280545455
1998-01-31,9.125,9.125,9.125,9.125,440.0,0.120066
1998-02-28,9.0625,9.06578947368,9.05263157895,9.0625,4210.52631579,0.119243473684
1998-03-31,8.94673181818,8.95383181818,8.92613636364,8.94673181818,33490.9090909,0.117720090909
1998-04-30,9.12647142857,9.12647142857,9.11903809524,9.12647142857,4552.38095238,0.120085095238
1998-05-31,9.31331578947,9.32154210526,9.30509473684,9.31331578947,7115.78947368,0.122543736842
1998-06-30,9.38636363636,9.38636363636,9.38636363636,9.38636363636,1945.45454545,0.123504818182
1998-07-31,9.53693181818,9.53693181818,9.53693181818,9.53693181818,2472.72727273,0.125485727273
1998-08-31,9.56991428571,9.57289047619,9.55652380952,9.56991428571,3180.95238095,0.125919904762
1998-09-30,9.31547619048,9.31547619048,9.29464285714,9.31547619048,9714.28571429,0.122572333333
1998-10-31,9.34943181818,9.34943181818,9.33806818182,9.34943181818,3218.18181818,0.123018818182
1998-11-30,9.4625,9.4625,9.403125,9.4625,19500.0,0.1245068
1998-12-31,9.17045454545,9.17613636364,9.17045454545,9.17045454545,15290.9090909,0.120664090909
1999-01-31,9.08552631579,9.10197368421,9.07894736842,9.08552631579,7157.89473684,0.119546736842
1999-02-28,8.54605263158,8.54605263158,8.53947368421,8.54605263158,7789.47368421,0.112448052632
1999-03-31,9.48295454545,9.49715909091,9.45738636364,9.48295454545,57727.2727273,0.124775727273
1999-04-30,10.1577380952,10.193452381,10.1517857143,10.1577380952,81657.1428571,0.133654238095
1999-05-31,9.7625,9.7625,9.75625,9.7625,840.0,0.1284537
1999-06-30,9.86363636364,9.86363636364,9.86363636364,9.86363636364,363.636363636,0.129784727273
1999-07-31,7.91666666667,7.91666666667,7.90476190476,7.91666666667,2914.28571429,0.157738095238
1999-08-31,1.1875,1.1875,1.1875,1.1875,436.363636364,0.296875
1999-09-30,1.34151428571,1.38913333333,1.31696190476,1.37127619048,105142.857143,0.342819047619
1999-10-31,1.20238095238,1.20238095238,1.20238095238,1.20238095238,7619.04761905,0.300595238095
1999-11-30,1.23807619048,1.23881904762,1.23807619048,1.23807619048,4209.52380952,0.309519047619
1999-12-31,1.32668636364,1.32668636364,1.32668636364,1.32668636364,18054.5454545,0.331671590909
2000-01-31,1.375,1.375,1.375,1.375,1115.78947368,0.34375
2000-02-29,1.173435,1.173435,1.173435,1.173435,1800.0,0.29335875
2000-03-31,1.29889130435,1.29889130435,1.29753043478,1.29753043478,5078.26086957,0.324382608696
2000-04-30,1.37828947368,1.38157894737,1.37828947368,1.38157894737,2063.15789474,0.345394736842
2000-05-31,1.43465909091,1.4375,1.43465909091,1.4375,745.454545455,0.359375
2000-06-30,1.4375,1.4375,1.4375,1.4375,0.0,0.359375
2000-07-31,1.475,1.475,1.475,1.475,200.0,0.36875
2000-08-31,1.58967391304,1.58967391304,1.58423913043,1.58423913043,1460.86956522,0.396059782609
2000-09-30,1.5625,1.5625,1.5625,1.5625,0.0,0.390625
2000-10-31,1.57102272727,1.57102272727,1.5625,1.5625,727.272727273,0.390625
2000-11-30,1.4494047619,1.4494047619,1.41666666667,1.41666666667,5295.23809524,0.354166666667
2000-12-31,0.828125,0.828125,0.828125,0.828125,520.0,0.20703125
2001-01-31,0.87184,0.87184,0.86715,0.86715,4920.0,0.2167875
2001-02-28,0.8437,0.8437,0.8437,0.8437,0.0,0.210925
2001-03-31,0.875,0.875,0.875,0.875,727.272727273,0.21875
2001-04-30,0.87875,0.87875,0.87875,0.87875,0.0,0.2196875
2001-05-31,1.16909090909,1.20681818182,1.16909090909,1.17727272727,5181.81818182,0.294318181818
2001-06-30,1.43857142857,1.43857142857,1.43857142857,1.43857142857,971.428571429,0.359642857143
2001-07-31,1.38571428571,1.38571428571,1.38571428571,1.38571428571,571.428571429,0.346428571429
2001-08-31,1.48695652174,1.50652173913,1.4847826087,1.50652173913,869.565217391,0.376630434783
2001-09-30,1.218,1.218,1.192,1.192,1546.66666667,0.298
2001-10-31,0.844347826087,0.844347826087,0.844347826087,0.844347826087,434.782608696,0.211086956522
2001-11-30,1.03,1.04666666667,1.02238095238,1.03904761905,9428.57142857,0.259761904762
2001-12-31,1.28,1.28,1.28,1.28,200.0,0.32
2002-01-31,1.15523809524,1.16476190476,1.14857142857,1.14857142857,933.333333333,0.275119047619
2002-02-28,1.19368421053,1.19368421053,1.18842105263,1.18842105263,2694.73684211,0.297105263158
2002-03-31,0.7825,0.7825,0.775,0.775,2200.0,0.19375
2002-04-30,0.794090909091,0.797727272727,0.790909090909,0.797727272727,9527.27272727,0.199431818182
2002-05-31,1.0,1.0,1.0,1.0,0.0,0.25
2002-06-30,1.0,1.0,1.0,1.0,0.0,0.25
2002-07-31,1.0,1.0,1.0,1.0,0.0,0.25
2002-08-31,1.0,1.0,1.0,1.0,0.0,0.25
2002-09-30,0.6525,0.6525,0.6425,0.6425,3120.0,0.160625
2002-10-31,0.732608695652,0.732608695652,0.732608695652,0.732608695652,434.782608696,0.183152173913
2002-11-30,0.6475,0.6475,0.6475,0.6475,1080.0,0.161875
2002-12-31,0.7,0.7,0.7,0.7,952.380952381,0.175
2003-01-31,0.628571428571,0.628571428571,0.628571428571,0.628571428571,476.19047619,0.157142857143
2003-02-28,0.788888888889,0.794444444444,0.788888888889,0.794444444444,1666.66666667,0.198611111111
2003-03-31,0.84380952381,0.84380952381,0.84380952381,0.84380952381,1142.85714286,0.210952380952
2003-04-30,0.725714285714,0.732857142857,0.725238095238,0.732380952381,3085.71428571,0.183095238095
2003-05-31,0.749047619048,0.758571428571,0.749047619048,0.75380952381,5447.61904762,0.188452380952
2003-06-30,0.862857142857,0.862857142857,0.862857142857,0.862857142857,6857.14285714,0.215714285714
2003-07-31,1.0,1.0,1.0,1.0,0.0,0.25
2003-08-31,1.00238095238,1.00238095238,1.00238095238,1.00238095238,95.2380952381,0.250595238095
2003-09-30,1.14714285714,1.14714285714,1.14714285714,1.14714285714,95.2380952381,0.286785714286
2003-10-31,0.920869565217,0.921304347826,0.920869565217,0.921304347826,36608.6956522,0.230326086957
2003-11-30,1.00473684211,1.00736842105,1.00473684211,1.00736842105,1305.26315789,0.251842105263
2003-12-31,1.00272727273,1.00272727273,1.00272727273,1.00272727273,272.727272727,0.250681818182
2004-01-31,1.01,1.01,1.01,1.01,140.0,0.2525
2004-02-29,1.09210526316,1.09210526316,1.08421052632,1.09210526316,526.315789474,0.273026315789
2004-03-31,1.43913043478,1.43913043478,1.43913043478,1.43913043478,434.782608696,0.359782608696
2004-04-30,2.7,2.7,2.7,2.7,100.0,0.675
2004-05-31,3.0,3.0,3.0,3.0,0.0,0.75
2004-06-30,2.98571428571,3.05238095238,2.97619047619,2.97619047619,2076.19047619,0.744047619048
2004-07-31,2.69523809524,2.74761904762,2.6880952381,2.7380952381,6761.9047619,0.684523809524
2004-08-31,2.25454545455,2.25454545455,2.25454545455,2.25454545455,200.0,0.563636363636
2004-09-30,1.7619047619,1.7619047619,1.7619047619,1.7619047619,419.047619048,0.440476190476
2004-10-31,1.40238095238,1.40476190476,1.40238095238,1.40476190476,1085.71428571,0.35119047619
2004-11-30,1.69047619048,1.7,1.69047619048,1.7,285.714285714,0.425
2004-12-31,2.25454545455,2.45636363636,2.15454545455,2.35,29290.9090909,0.5875
2005-01-31,3.5215,3.585,3.4895,3.5625,8740.0,0.890625
2005-02-28,3.70263157895,3.75,3.64210526316,3.67105263158,8736.84210526,0.868421052632
2005-03-31,3.68409090909,3.72545454545,3.555,3.65454545455,25054.5454545,0.913636363636
2005-04-30,4.11904761905,4.27142857143,4.03285714286,4.22142857143,55485.7142857,1.05535714286
2005-05-31,4.10714285714,4.11904761905,4.09047619048,4.10238095238,3066.66666667,1.0255952381
2005-06-30,3.645,3.71318181818,3.54,3.61727272727,111927.272727,0.904318181818
2005-07-31,3.515,3.5405,3.4575,3.51,8580.0,0.8775
2005-08-31,2.91434782609,2.9552173913,2.8652173913,2.91826086957,8643.47826087,0.729565217391
2005-09-30,2.597,2.6795,2.5525,2.635,137940.0,0.65875
2005-10-31,2.76761904762,2.8119047619,2.74047619048,2.79333333333,10723.8095238,0.698333333333
2005-11-30,2.32428571429,2.4019047619,2.2880952381,2.36857142857,29619.047619,0.592142857143
2005-12-31,2.28142857143,2.38476190476,2.22,2.30619047619,269161.904762,0.576547619048
2006-01-31,2.7075,2.773,2.66,2.737,324880.0,0.68425
2006-02-28,3.96611111111,4.11222222222,3.88222222222,4.01888888889,364644.444444,1.00472222222
2006-03-31,4.25608695652,4.32434782609,4.12434782609,4.17347826087,267756.521739,1.04336956522
2006-04-30,4.75894736842,4.93105263158,4.68526315789,4.82157894737,228526.315789,1.20539473684
2006-05-31,5.04636363636,5.105,4.91363636364,4.97,194836.363636,1.2425
2006-06-30,4.53380952381,4.60904761905,4.43904761905,4.55285714286,143047.619048,1.13821428571
2006-07-31,4.5525,4.606,4.455,4.534,132440.0,1.1335
2006-08-31,4.18086956522,4.24913043478,4.11565217391,4.19652173913,103182.608696,1.04913043478
2006-09-30,6.25947368421,6.54947368421,6.07421052632,6.35368421053,673536.842105,1.58842105263
2006-10-31,12.2368181818,12.81,11.7886363636,12.4304545455,1042909.09091,3.10761363636
2006-11-30,13.8633333333,14.3157142381,13.5995238095,14.1199999524,985904.761905,3.53
2006-12-31,16.6105263158,17.0005263684,16.2526313684,16.5578948421,753157.894737,4.13947368421
2007-01-31,13.944,14.15,13.5605,13.849,574220.0,3.46225
2007-02-28,16.8731577895,17.3036841579,16.4526316316,16.9221053158,972905.263158,4.23052631579
2007-03-31,18.1327271818,18.5827272273,17.7431818182,18.1654546818,876090.909091,4.54136363636
2007-04-30,19.5730001,19.84700015,19.19899985,19.49100005,486780.0,4.834875
2007-05-31,18.4531817727,18.7236365909,17.9568183182,18.3418180909,817872.727273,4.58545454545
2007-06-30,18.6785712381,19.1219046667,18.1319045238,18.6057142381,5005390.47619,4.65142857143
2007-07-31,19.6425001,19.94050015,19.17900025,19.4660001,1035120.0,4.8665
2007-08-31,18.2047826522,18.8391303478,17.7269565217,18.237391087,856782.608696,4.55934782609
2007-09-30,19.2266664444,19.6644441667,18.7772221111,19.3455552222,654822.222222,4.83638888889
2007-10-31,22.5660871304,23.1160868261,21.9034782609,22.5613043913,1381304.34783,5.64032608696
2007-11-30,18.895714,19.3133335714,18.1342857143,18.6147619048,2399200.0,4.65369047619
2007-12-31,14.3868421053,14.8810526316,13.94,14.4084210526,1172273.68421,3.60210526316
2008-01-31,15.0385714762,15.6619047619,14.5395238571,15.0290476667,1386438.09524,3.75726190476
2008-02-29,16.6304999,17.1459998,16.20049985,16.60950015,894140.0,4.152375
2008-03-31,14.7221052105,15.0631577895,14.0047368421,14.5547368947,1288336.84211,3.63868421053
2008-04-30,15.2572727727,15.7177271818,14.8381818182,15.3186363182,751581.818182,3.82965909091
2008-05-31,14.3595238095,14.7019047143,13.9947619048,14.3457142857,1049485.71429,3.58642857143
2008-06-30,13.954,14.3285,13.477,13.7725,1248940.0,3.443125
2008-07-31,15.9454545455,16.7440908182,15.3809090455,16.2568182273,2387945.45455,4.06420454545
2008-08-31,22.4204763333,23.2838097143,21.9076194286,22.7466668095,1532076.19048,5.68666666667
2008-09-30,30.7184996,31.7615005,29.1714997,30.4910001,2986200.0,7.62275
2008-10-31,20.1786956957,21.0717390435,18.9400002174,19.8408696522,2286765.21739,4.9602173913
2008-11-30,16.1221053158,16.6789475789,15.1968421053,15.9589473158,1365557.89474,3.98973684211
2008-12-31,14.8118181818,15.4422726818,14.2213636364,14.8672727273,693527.272727,3.67159090909
2009-01-31,16.85799995,17.5380002,16.4255,17.0904999,1096480.0,4.272625
2009-02-28,20.6936841579,21.4478948421,20.1594738421,20.7373682632,1151642.10526,5.18434210526
2009-03-31,16.6933333333,17.3085712857,15.9628571429,16.6361904286,1244723.80952,4.15904761905
2009-04-30,19.3642856667,19.961428381,18.7880952857,19.4933330952,829161.904762,4.87333333333
2009-05-31,20.7150001,21.4395001,20.1235,20.9205,1566260.0,5.230125
2009-06-30,21.6840908636,22.0422726364,21.1122729091,21.5931818182,1195436.36364,5.39590909091
2009-07-31,23.4836363636,23.9240908636,23.0204546818,23.6050000455,886963.636364,5.90125
2009-08-31,24.9342857619,25.2476187619,24.4561905238,24.9395238095,562571.428571,6.23488095238
2009-09-30,26.32650015,26.8144998,25.99700025,26.44499985,757200.0,6.61125
2009-10-31,27.0481815,27.3922725455,26.5831819091,26.8163636364,1785018.18182,6.70409090909
2009-11-30,28.309,28.81999995,28.00799985,28.5465001,1771360.0,7.136625
2009-12-31,35.5961903333,36.1809527143,35.232381381,35.7376191429,2167276.19048,8.9344047619
2010-01-31,36.6105262105,37.0642101579,35.9936840526,36.3631577895,1907031.57895,9.09078947368
2010-02-28,36.2661109444,36.8383329444,35.7311113333,36.3627776667,3068311.11111,9.09069444444
2010-03-31,14.3439130435,14.7539132174,14.0647825652,14.44,20740678.2609,3.61
2010-04-30,10.9861904762,11.1757142857,10.8223809524,10.959047619,3503295.2381,2.73976190476
2010-05-31,11.0152631579,11.2721052632,10.8436842105,11.0852631579,2966252.63158,2.77131578947
2010-06-30,10.5318181818,10.745,10.1886363636,10.3895454545,2977854.54545,2.59738636364
2010-07-31,9.38761904762,9.60904761905,9.13619047619,9.40761904762,1344876.19048,2.3519047619
2010-08-31,9.65857142857,9.87761904762,9.45952380952,9.67761904762,985371.428571,2.4194047619
2010-09-30,11.440952381,11.8085714286,11.2214285714,11.5838095238,2107447.61905,2.89595238095
2010-10-31,12.0904761905,12.2252380952,11.8519047619,11.9914285714,2149466.66667,2.99785714286
2010-11-30,11.4466666667,11.6195238095,11.2904761905,11.4423809524,752819.047619,2.8219047619
2010-12-31,13.7431819091,14.1163636818,13.5331818636,13.9090908636,1356890.90909,3.47727272727
2011-01-31,15.49550005,15.763,15.08349995,15.46299995,1401860.0,3.86575
2011-02-28,16.4527777778,16.9694443889,16.0655556111,16.6361111111,1981933.33333,4.15902777778
2011-03-31,17.0095652174,17.388261,16.7482608261,17.0730433478,1543460.86957,4.26826086957
2011-04-30,21.1959998,21.97050005,21.01100015,21.5505,2313960.0,5.387625
2011-05-31,23.305,23.88499985,22.7359998,23.28050015,1294140.0,5.820125
2011-06-30,21.6950002273,22.1290909091,21.1654545909,21.583182,1776000.0,5.39579545455
2011-07-31,21.618,22.017,21.25150025,21.6359999,873000.0,5.409
2011-08-31,16.9772726364,17.3840910455,16.1981818636,16.8381817727,1985800.0,4.20954545455
2011-09-30,18.2038095714,18.7409524286,17.6757143333,18.1704763333,2458000.0,4.54261904762
2011-10-31,17.1045,17.51750005,16.5864999,17.0515001,2167120.0,4.262875
2011-11-30,39.2238095238,40.5452380476,38.4528569048,39.6599998095,6279485.71429,9.915
2011-12-31,46.7833335238,47.5161905714,45.9390478095,46.6371428571,1829580.95238,11.6592857143
2012-01-31,51.9773680526,53.4552631053,51.2157896842,52.5547367895,2805157.89474,13.1386842105
2012-02-29,68.02099995,69.5875,66.49950055,68.00900055,3727160.0,17.0022502
2012-03-31,70.9861905238,72.2809531429,69.5371432381,71.1904764762,3057676.19048,17.7976190476
2012-04-30,76.17300005,77.69449955,75.0775009,76.55950015,2374880.0,19.13987495
2012-05-31,83.1454540455,85.0704551364,81.1704553182,83.3522723636,3003963.63636,20.8380680455
2012-06-30,85.6760007,87.3944999,83.7094993,85.70799985,3636580.0,21.4269999
2012-07-31,95.1119043333,96.6285708571,94.0576186667,95.5714282857,1994723.80952,23.8928570476
2012-08-31,97.4663644545,98.8127285455,96.0627271364,97.5590907727,1550872.72727,24.3897726364
2012-09-30,91.6778947895,93.2252634737,90.1494726316,91.7631574211,2386126.31579,26.5473682632
2012-10-31,54.3576184286,55.060952619,53.2838094286,54.111428619,1686457.14286,27.0557142381
2012-11-30,47.9449997,49.0089998,46.69699965,47.981,2043900.0,23.9905
2012-12-31,53.27250005,54.1095001,52.5334993,53.34199995,2067200.0,26.67100005
2013-01-31,54.56699995,55.36299995,53.7770004,54.52199985,1744500.0,27.2609998
2013-02-28,53.3457896842,53.9005258947,52.1536838421,52.8636843684,2999684.21053,26.4318422105
2013-03-31,46.1679998,46.8905003,45.17249995,46.00400005,2975600.0,23.002
2013-04-30,51.4472730909,52.4877270455,50.7122727273,51.6800001818,2006618.18182,25.8147728182
2013-05-31,50.6904545909,51.5277275,49.6254544545,50.4018185909,2136136.36364,25.2009092727
2013-06-30,48.54199955,49.508,47.63599995,48.7539999,2245710.0,24.3285001
2013-07-31,55.4072727273,56.4118185909,54.5345454091,55.6000001818,1898809.09091,27.8000000909
2013-08-31,56.5431819545,57.3768180909,55.7204546818,56.5649999545,1727918.18182,28.2824998636
2013-09-30,59.2505267895,59.9136840526,58.4352632105,59.2563155263,1509115.78947,29.6281577368
2013-10-31,56.3747826522,57.862608913,54.8813043478,56.2786956957,3961817.3913,28.1393478696
2013-11-30,62.7273683684,63.9700005263,61.4110524737,62.5868418947,2298747.36842,31.2934208421
2013-12-31,62.9790478571,64.0771429048,62.042857619,62.999048,1422819.04762,31.4995240952
2014-01-31,73.7890478095,75.1914281905,71.961428619,73.6847625714,3367904.7619,36.8423811905
2014-02-28,80.6783329444,82.2677781111,79.4472220556,80.8911115556,3327877.77778,40.4455558889
2014-03-31,68.0528574286,69.2990479048,66.431905381,67.6204761429,2584561.90476,33.810238
2014-04-30,60.44150005,61.8399994,58.5944997,60.10049985,2314170.0,30.05024995
2014-05-31,66.0742860952,67.3957141905,64.9014278095,66.4757139524,2198866.66667,33.2378569524
2014-06-30,75.7504997,76.83250075,74.9305004,75.91250075,1734710.0,37.9562505
2014-07-31,75.3699999091,76.3340912273,74.0913639545,75.1118188182,1629627.27273,37.5559095
2014-08-31,83.2376189524,84.8833330476,82.3580958571,83.7866674762,2144438.09524,41.8933337619
2014-09-30,96.60750045,98.04349975,94.8435001,96.76449965,2892560.0,48.38224985
2014-10-31,97.2847823478,99.2013048261,95.452174,97.4960868261,2128286.95652,48.7480434348
2014-11-30,108.191667,110.492778722,106.511110056,108.8533335,2296122.22222,54.4266666111
2014-12-31,107.344999591,108.996817773,104.799546,106.638636545,2090072.72727,53.3193181364
2015-01-31,105.043157474,107.097367526,103.304737,105.469998842,2226157.89474,52.7349993158
2015-02-28,106.906843526,108.700000158,104.814736211,107.033157421,1768305.26316,53.5165786842
2015-03-31,129.465000545,131.335456045,127.317725864,129.429546,2162927.27273,64.7147730909
2015-04-30,129.4945007,131.63350105,127.099501,128.92849955,1661690.0,64.4642498
2015-05-31,125.2345004,127.6624997,123.8409988,126.080502,1870340.0,63.040251
2015-06-30,116.802381238,117.964762381,114.069524429,115.570475714,2101380.95238,57.7852378095
2015-07-31,108.816817591,110.530001273,105.934091091,107.959091273,2856963.63636,53.9795456818
2015-08-31,97.59000005,99.5075,94.7550008,96.93449985,2219920.0,48.46724985
2015-09-30,67.8971429048,69.3633339524,66.3133332381,67.885714,2407657.14286,45.8880951905
2015-10-31,43.2285715714,44.3404762381,41.9728570952,43.2838096667,1895266.66667,43.2838096667
2015-11-30,41.7000004,42.7649998,40.7444999,41.74050005,1517230.0,41.74050005
2015-12-31,44.0368184545,44.9804547727,43.2927270909,44.2840910909,1225513.63636,44.2840910909
2016-01-31,38.7466666111,39.9049999444,36.9638886667,38.1255557222,2559088.88889,38.1255557222
2016-02-29,31.3165001,32.32999965,30.3989997,31.37899995,2721830.0,31.37899995
2016-03-31,38.4647619524,39.9071432381,37.3361903333,38.7776188095,4026200.0,38.7776188095
2016-04-30,49.7919044762,50.994285619,48.678095,49.8719047143,4303428.57143,49.8719047143
2016-05-31,60.5247615238,61.3600001429,59.9176190952,60.5514285714,3212671.42857,60.5514285714
2016-06-30,59.342857,60.0328572857,58.8557142381,59.4819048571,2238457.14286,59.4819048571
2016-07-31,62.1144998,62.6959998,61.58649945,62.20400055,1864900.0,62.20400055
2016-08-31,63.7859992,64.1739996,63.1879998,63.7440012,1514780.0,63.7440012
