Date,Open,High,Low,Close,Volume,Adj Close
1990-03-31,33.3999908,33.5499968,33.249992,33.3499936,5080.0,2.742018
1990-04-30,32.8125034,33.0250056,32.5437505,32.76250145,12230.0,2.6937145
1990-05-31,32.2613684545,32.5454573182,32.0454609091,32.2954577273,13172.7272727,2.66513236364
1990-06-30,32.7375015,32.9124997,32.475003,32.7500007,15235.0,2.7472048
1990-07-31,33.607144,33.9047600952,33.2857164762,33.6428545714,14938.0952381,2.82210104762
1990-08-31,32.7065216957,32.945652087,32.2663071739,32.6304375652,26604.3478261,2.74934726087
1990-09-30,32.1315843158,32.4210567895,31.7368493158,32.0394765789,17142.1052632,2.74288536842
1990-10-31,32.4999966957,32.8043425217,32.2663073478,32.5652163478,10656.5217391,2.78789382609
1990-11-30,33.0749978,33.4124967,32.7749968,33.1749976,14090.0,2.85413335
1990-12-31,33.4874967,33.9124927,33.3124975,33.5874965,9820.0,2.9314527
1991-01-31,33.125005,33.4772749091,32.8409113636,33.2272779545,12181.8181818,2.90001340909
1991-02-28,35.2236832632,35.6578930526,34.8289486316,35.3947371579,20500.0,3.10115705263
1991-03-31,36.2499977895,36.5789467895,36.0657846316,36.3289405789,27642.1052632,3.22781
1991-04-30,36.3181785455,36.8295456364,36.011359,36.4147725909,10940.9090909,3.23543640909
1991-05-31,37.1874968636,37.397728,36.7556774091,37.1136351818,11272.7272727,3.31079777273
1991-06-30,37.31874795,37.72500325,37.15624425,37.38124845,23650.0,3.3798912
1991-07-31,38.5454622273,38.8977355455,38.2500025,38.5625014091,10095.4545455,3.48669640909
1991-08-31,39.0000019048,39.3690517143,38.6071390476,38.946431,13785.7142857,3.5356497619
1991-09-30,39.81249845,40.2124999,39.53749695,39.7562489,20905.0,3.6553246
1991-10-31,40.7717388696,41.282605087,40.4347833043,40.8804313913,14734.7826087,3.758686
1991-11-30,43.3624983,43.8750038,43.02499335,43.45624545,13645.0,4.01074275
1991-12-31,44.13124715,44.68124675,43.6999969,44.449997,53105.0,4.1623879
1992-01-31,40.0227282727,40.2954535455,39.3181839545,39.8693161818,23227.2727273,4.28725704545
1992-02-29,30.2763173684,30.6118477368,29.8815730526,30.2697377895,36789.4736842,4.31825573684
1992-03-31,30.5284108182,30.9318222273,30.221589,30.4886371818,18759.0909091,4.39642104545
1992-04-30,30.4999985,31.0187473,30.1749994,30.73125015,20285.0,4.43140535
1992-05-31,30.32499915,30.78750655,29.96249315,30.35625175,12395.0,4.39012915
1992-06-30,29.6249972727,29.8068137273,29.0227291818,29.4602236364,31013.6363636,4.31135968182
1992-07-31,31.4772682273,31.8068152273,30.9886354091,31.5681792727,16609.0909091,4.61984868182
1992-08-31,32.1071370952,32.3333253333,31.6666651429,32.0714242381,15690.4761905,4.70653814286
1992-09-30,31.8062478,32.2124944,31.4187504,31.8062476,21940.0,4.7218266
1992-10-31,32.772727,33.2670408636,32.4090931364,32.903409,19836.3636364,4.88470686364
1992-11-30,31.18750325,31.4250032,30.51874685,31.11875225,18745.0,4.63323985
1992-12-31,32.1249999545,32.7443204091,31.863635,32.4488638182,20968.1818182,4.88840095455
1993-01-31,31.5499997,31.8062479,31.05625145,31.5062506,17120.0,4.74639665
1993-02-28,32.1111089444,32.4444462778,31.5694435,32.1527775556,17738.8888889,4.85915405556
1993-03-31,34.271736913,34.6847828696,33.7282595652,34.4293483913,19134.7826087,5.25983469565
1993-04-30,34.5714269048,34.8095229524,34.0119020952,34.4642849524,11828.5714286,5.26517195238
1993-05-31,34.29999595,34.73749705,33.9999977,34.4812479,13405.0,5.28158515
1993-06-30,34.249997619,34.5952350476,33.9404748571,34.3333298571,16523.8095238,5.31375404762
1993-07-31,34.6190508571,35.0476200952,34.2857185714,34.714289,15023.8095238,5.37271495238
1993-08-31,35.2045479545,35.3863691818,34.613628,34.9715894091,13654.5454545,5.42560927273
1993-09-30,35.5952367143,35.9761902857,35.2142841429,35.6607161429,18838.0952381,5.59244728571
1993-10-31,35.5833360952,35.8690487143,35.1845246667,35.625001,20380.952381,5.58684638095
1993-11-30,33.7625009,33.88750305,33.2250051,33.5875026,14130.0,5.2823636
1993-12-31,34.4999998636,34.9488626818,34.1022723636,34.5340914091,20959.0909091,5.49317059091
1994-01-31,33.261903381,33.5476190952,32.7261869048,33.1249971429,19190.4761905,5.2690327619
1994-02-28,32.5263161579,32.7763161053,32.0921074737,32.388158,16757.8947368,5.16738173684
1994-03-31,32.4886356364,32.7556839091,32.1363574545,32.4374972727,15786.3636364,5.23698490909
1994-04-30,32.5394741053,32.7763206316,32.1710463684,32.4868395263,9626.31578947,5.24495131579
1994-05-31,32.6785724286,32.9047679524,32.4642794286,32.6249978095,10700.0,5.28139128571
1994-06-30,32.9602294545,33.2159121364,32.5994318182,32.8380709091,17590.9090909,5.37685295455
1994-07-31,32.70000255,32.9750031,32.41249995,32.6687534,9210.0,5.3491292
1994-08-31,32.1534049545,32.5198810455,31.9090874091,32.1221565,11031.8181818,5.27027636364
1994-09-30,33.4880978095,33.880953381,33.2500046667,33.4642880952,16433.3333333,5.55855657143
1994-10-31,33.1547674286,33.4136923333,33.0059588571,33.2113123333,7519.04761905,5.51653638095
1994-11-30,32.8095288095,32.9940503333,32.738101,32.8303606667,13947.6190476,5.46805819048
1994-12-31,31.8601155238,32.321421619,31.7857110476,32.124994381,10114.2857143,5.41319157143
1995-01-31,31.4999999048,31.8779721905,31.3630960476,31.5833325238,13161.9047619,5.32191947619
1995-02-28,31.951385,32.2291615,31.7638859444,31.9756922222,8961.11111111,5.40571955556
1995-03-31,32.4565192609,32.8206558261,32.3043401739,32.4891265652,11995.6521739,5.55488208696
1995-04-30,31.7894708421,32.1776288421,31.5526310526,31.8289452632,9563.15789474,5.44200642105
1995-05-31,31.1988664091,31.6590890909,31.000004,31.1931842273,15759.0909091,5.34787390909
1995-06-30,31.4659092273,31.7159065,31.1477307727,31.4147729545,20595.4545455,5.45189822727
1995-07-31,31.9736843158,32.4078942105,31.6710554211,32.1842120526,15678.9473684,5.58543110526
1995-08-31,33.0652237826,33.309786,32.8858774348,33.0978321739,9752.17391304,5.751259
1995-09-30,33.26250065,33.51250235,33.0375037,33.23125225,17040.0,5.8513644
1995-10-31,33.4090928636,33.7045445909,33.2329585,33.4147740909,8231.81818182,5.88367877273
1995-11-30,33.30000135,33.5000005,32.99375365,33.2062497,13585.0,5.85541545
1995-12-31,33.5499975,33.8999987,33.2437473,33.7124991,21495.0,6.0224618
1996-01-31,35.5397739545,35.6590906364,35.0056880909,35.4715928636,20754.5454545,6.33670936364
1996-02-29,32.3687517,32.7500004,31.96875375,32.52500105,22930.0,6.6363148
1996-03-31,26.38125,26.64999975,25.999998,26.1687495,25270.0,7.0966053
1996-04-30,24.7500028571,25.1309557143,24.5357178571,24.8214321429,11471.4285714,6.73123128571
1996-05-31,24.0454554545,24.2982975,23.8124986364,23.9318175,16027.2727273,6.5020645
1996-06-30,23.4124995,23.68125075,22.99999875,23.1374985,16510.0,6.35927285
1996-07-31,21.8238627273,22.1761356818,21.6704522727,21.9034084091,12959.0909091,6.02008677273
1996-08-31,22.9886331818,23.5170429545,22.8181779545,23.0227254545,17363.6363636,6.33988977273
1996-09-30,22.74375,22.94375025,22.562502,22.65625125,12060.0,6.3148612
1996-10-31,21.173913913,21.3532591304,20.8369591304,21.0706519565,17530.4347826,5.87291526087
1996-11-30,20.96249925,21.26250075,20.66249775,20.96874825,27785.0,5.85790855
1996-12-31,21.06875025,21.312498,20.825001,20.98749975,24820.0,5.93811825
1997-01-31,19.9999997727,20.5852275,19.7329534091,20.2329565909,31004.5454545,5.72463081818
1997-02-28,21.0460515789,21.4802621053,20.8289455263,21.0230242105,30878.9473684,5.96240057895
1997-03-31,20.4937485,20.899998,20.24999775,20.46249975,28755.0,5.8760277
1997-04-30,19.8693170455,20.3295470455,19.5454534091,19.8153402273,22590.9090909,5.69018872727
1997-05-31,20.168748,20.609376,20.00624625,20.22500025,19920.0,5.82140485
1997-06-30,20.3452364286,20.6666664286,20.166665,20.3928578571,24790.4761905,5.94775171429
1997-07-31,20.3636365909,20.6988661364,20.2443190909,20.4403418182,23027.2727273,5.96160081818
1997-08-31,20.0892842857,20.3571435714,20.026785,20.1011892857,22161.9047619,5.87636038095
1997-09-30,20.5468755,20.740626,20.40624825,20.52187575,27380.0,6.08240005
1997-10-31,20.127716087,20.3437493478,20.0190208696,20.1657613043,33069.5652174,5.97685269565
1997-11-30,20.0756565789,20.2499992105,19.9144721053,20.0822360526,26147.3684211,5.96250121053
1997-12-31,20.3806827273,20.7471593182,20.1988629545,20.5994311364,36259.0909091,6.205932
1998-01-31,22.2960513158,22.6151321053,21.950655,22.2236834211,32442.1052632,6.69526563158
1998-02-28,22.0921057895,22.4407894737,21.9769744737,22.2368423684,15573.6842105,6.714626
1998-03-31,22.2471586364,22.4914765909,21.9375013636,22.2045456818,25268.1818182,6.78662563636
1998-04-30,21.6294642857,21.8809521429,21.3333328571,21.46131,24204.7619048,6.55946209524
1998-05-31,21.33749925,21.61875,21.1156245,21.3625005,29520.0,6.53922435
1998-06-30,21.8095235714,22.0922607143,21.6279757143,21.8660707143,38171.4285714,6.78478919048
1998-07-31,22.7102263636,23.0568184091,22.5681825,22.7812486364,26627.2727273,7.06875845455
1998-08-31,22.7202385714,22.9434521429,22.5833342857,22.799105,28261.9047619,7.084041
1998-09-30,23.1041657143,23.3229157143,22.8958321429,23.113095,57442.8571429,7.27452038095
1998-10-31,23.05357,23.3244035714,22.86012,23.08631,31614.2857143,7.26609014286
1998-11-30,22.98749925,23.16249975,22.8312495,22.967187,17925.0,7.23894575
1998-12-31,22.9801131818,23.1392052273,22.7485793182,22.9772727273,16731.8181818,7.33571336364
1999-01-31,22.5230257895,22.9144760526,22.3519752632,22.6118423684,36115.7894737,7.219046
1999-02-28,20.6388891667,20.96875,20.1284733333,20.4861116667,29961.1111111,6.55206755556
1999-03-31,19.7608702174,19.9999995652,19.4130443478,19.7635871739,25713.0434783,6.41295734783
1999-04-30,19.58631,19.8154771429,19.3511914286,19.5595242857,25571.4285714,6.34674238095
1999-05-31,20.00625075,20.5218765,19.75312575,20.27187525,69730.0,6.583788
1999-06-30,20.5596579545,20.7613609091,20.34375,20.5880665909,29295.4545455,6.77624040909
1999-07-31,21.7202378571,22.0714278571,21.3452371429,21.7023807143,79066.6666667,7.14299942857
1999-08-31,21.4715904545,21.7585240909,21.1590913636,21.4630690909,25931.8181818,7.07370490909
1999-09-30,21.5535707143,21.9464292857,21.1666664286,21.5922607143,33095.2380952,7.21604085714
1999-10-31,21.1741078571,21.4315464286,20.9255971429,21.1815471429,19128.5714286,7.07889542857
1999-11-30,20.4821421429,20.7291664286,20.2083321429,20.4553571429,31704.7619048,6.8461937619
1999-12-31,19.8839307143,20.2767857143,19.5327385714,19.8809514286,41514.2857143,6.75329571429
2000-01-31,19.165626,19.6906245,18.71250225,19.23125025,38745.0,6.53260085
2000-02-29,18.24687375,18.55937625,17.8406235,18.04999725,46810.0,6.14219905
2000-03-31,17.6752728261,17.9782591304,17.2500006522,17.641305,39826.0869565,6.10193352174
2000-04-30,17.7763144737,18.023025,17.5986836842,17.8223676316,45105.2631579,6.16290663158
2000-05-31,18.5042611364,18.8011363636,18.2159093182,18.5369318182,40495.4545455,6.42204345455
2000-06-30,20.1491488636,20.4943172727,19.7471590909,20.2414772727,38086.3636364,7.12307122727
2000-07-31,19.5526318421,19.8552647368,19.1414471053,19.5888165789,29136.8421053,6.89339684211
2000-08-31,19.889943913,20.0869571739,19.6997256522,19.8478265217,29456.5217391,6.99494382609
2000-09-30,20.54062425,20.85624975,20.33437425,20.67500025,58400.0,7.4000464
2000-10-31,20.9630672727,21.4119306818,20.5397740909,20.9630686364,29300.0,7.50315272727
2000-11-30,21.7165178571,22.0059535714,21.3630957143,21.6696428571,21104.7619048,7.76762761905
2000-12-31,21.573438,21.96797025,21.3187485,21.63437475,31255.0,7.86450685
2001-01-31,22.3839292857,23.0238085714,21.9404757143,22.5684521429,41347.6190476,8.20406204762
2001-02-28,22.3585066667,22.9184025,21.975695,22.3940966667,23022.2222222,8.153754
2001-03-31,22.1874981818,22.5362202273,21.6938904545,22.1143452273,33359.0909091,8.15383481818
2001-04-30,22.3778736,22.7015016,21.96875035,22.3867492,20950.0,8.2542734
2001-05-31,23.726666381,24.4038080952,23.0647612857,23.7376184762,32623.8095238,8.76404842857
2001-06-30,24.4109502857,25.1385697619,23.9966660952,24.6514305714,35504.7619048,9.21640133333
2001-07-31,24.95300035,25.3990011,24.28100075,24.82649845,27280.0,9.28185365
2001-08-31,24.6778265217,25.2026093913,24.1117394348,24.5269556957,34730.4347826,9.18613630435
2001-09-30,24.670667,25.0039991333,24.0073338,24.5586668667,29326.6666667,9.30834053333
2001-10-31,24.8927284091,25.3499986818,24.5277272727,24.9486363636,29418.1818182,9.45614859091
2001-11-30,25.3280957143,25.7014285714,25.0819050476,25.4785713333,41428.5714286,9.67517466667
2001-12-31,26.08749965,26.44900065,25.67049945,26.07650025,33495.0,10.0087936
2002-01-31,25.8429998,26.1609996,25.42800065,25.7954987,30840.0,9.9009384
2002-02-28,25.7652638421,26.0736849474,25.5305274737,25.7626317368,28473.6842105,9.90213257895
2002-03-31,27.5989993,27.9944984,27.1734997,27.63950015,42425.0,10.74528285
2002-04-30,27.505238381,28.0390477143,26.9442865238,27.521904,42295.2380952,10.699565619
2002-05-31,27.4363633636,27.8109100909,27.0409097727,27.3854548636,35095.4545455,10.6641590455
2002-06-30,27.14099935,27.44850085,26.79950155,27.1434996,45325.0,10.68076245
2002-07-31,26.8145464091,27.315456,26.4822733636,26.9322734091,37300.0,10.5594320455
2002-08-31,27.2236351818,27.6590897273,26.7304540909,27.1040909091,40909.0909091,10.6833570455
2002-09-30,26.36400005,26.86900165,25.8670003,26.36400015,30530.0,10.50229515
2002-10-31,26.1313035652,26.5182605652,25.8630441304,26.2360857826,29465.2173913,10.4513523478
2002-11-30,27.16750125,27.5799998,26.91300085,27.26949905,21545.0,10.88327555
2002-12-31,27.81950025,28.2279987,27.52500005,27.87650025,31820.0,11.24269135
2003-01-31,28.1842852381,28.5838099048,27.6047623333,28.0985717143,31195.2380952,11.3322534286
2003-02-28,26.6810534211,26.9389458947,26.2915795789,26.60263,20426.3157895,10.728935
2003-03-31,26.9215006,27.17400085,26.46900075,26.82700105,29205.0,10.95060975
2003-04-30,27.9042865238,28.0866662381,27.5747638095,27.8400005238,24242.8571429,11.3712308095
2003-05-31,29.1361908571,29.5223809524,28.841428619,29.2938077143,26052.3809524,11.9794899524
2003-06-30,31.0490480952,31.5642858095,30.5442856667,31.0976194762,28852.3809524,12.8454319048
2003-07-31,32.0809098182,32.8045458182,31.4431827727,32.0763647727,31277.2727273,13.2497204091
2003-08-31,31.2514280952,31.6747619048,30.6676177619,31.1390484762,35161.9047619,12.8781800952
2003-09-30,31.6542877143,32.0980948571,31.0871428571,31.4980970952,35714.2857143,13.1497489524
2003-10-31,31.6995657391,32.0821741304,31.2326078696,31.6808687826,29030.4347826,13.2260521304
2003-11-30,31.8633328889,32.3083313889,31.4855563333,31.8999976667,34394.4444444,13.3332496667
2003-12-31,31.6045450455,31.9277262727,31.2554546818,31.5654536818,38040.9090909,13.3159269091
2004-01-31,31.84100005,32.0040013,31.5804997,31.7835006,25600.0,13.40791035
2004-02-29,31.6077766111,31.7927773333,31.3033332778,31.4744434444,33677.7777778,13.2932970556
2004-03-31,30.821304087,31.0686971304,30.4460866087,30.7143482609,35195.6521739,13.0971980435
2004-04-30,31.4995229048,31.7576171905,31.1976202857,31.5114272381,35623.8095238,13.4370880952
2004-05-31,29.9742111579,30.2763159474,29.2731586316,29.7694734211,45952.6315789,12.7093682105
2004-06-30,30.8933359048,31.258573,30.3323819524,30.8195228095,58304.7619048,13.288057619
2004-07-31,31.739523381,32.1219044762,31.3938101905,31.698094381,32657.1428571,13.6235680952
2004-08-31,31.5881820455,31.8340900909,31.3377270909,31.6049992273,25731.8181818,13.6401887727
2004-09-30,32.1076184286,32.3766679524,31.8185728095,32.0509526667,61052.3809524,13.9683299048
2004-10-31,31.71300025,31.9199983,31.44050115,31.68900015,34615.0,13.81058485
2004-11-30,32.5823807619,32.9542864286,32.3838097143,32.8157159048,50971.4285714,14.3159240952
2004-12-31,34.6347622857,35.1647617143,34.3842855714,34.9519037619,48109.5238095,15.3851257143
2005-01-31,34.6709992,35.1509998,34.22450185,34.6959983,47055.0,15.27248125
2005-02-28,36.1442098947,36.5484195263,35.3657914211,36.0599986316,46678.9473684,15.8892561579
2005-03-31,35.0252371905,35.367141381,34.5028571905,34.8695237143,111252.380952,15.499239
2005-04-30,32.2866671429,32.7733334286,31.7042857619,32.2838097619,67904.7619048,14.3499088095
2005-05-31,33.8123815238,34.3819028571,33.4752377619,34.0080957143,54895.2380952,15.1310284762
2005-06-30,36.3523806667,36.7666671905,35.8895245714,36.3690469048,56461.9047619,16.3222624286
2005-07-31,37.46300005,38.05049915,36.9625,37.57700025,50200.0,16.8643864
2005-08-31,35.6300004545,36.2163641364,35.1418189091,35.6536369545,64122.7272727,16.0084631364
2005-09-30,36.7004758571,37.130475,36.1047619524,36.6999984762,65842.8571429,16.6287024286
2005-10-31,34.4266664286,35.0414279048,33.7719049048,34.4233348571,50152.3809524,15.5971503333
2005-11-30,35.28399965,35.5679998,34.72149905,35.1955002,52095.0,15.96273685
2005-12-31,35.1638078095,35.4042865714,34.772856381,35.0399995714,54876.1904762,16.0347980952
2006-01-31,34.37549995,34.7214996,34.00050075,34.46050045,45590.0,15.76961105
2006-02-28,33.6855558889,34.0950000556,33.3211118333,33.6688889444,48966.6666667,15.4248769444
2006-03-31,32.3608698696,32.7956531304,31.9869556087,32.3865222609,63613.0434783,14.9715576957
2006-04-30,31.4583325,31.8116656667,30.9999982778,31.3777765556,48138.8888889,14.5052373889
2006-05-31,30.5395445909,30.8618195,30.2204564091,30.5445456818,56159.0909091,14.1344704091
2006-06-30,30.2736375909,30.6559094545,29.8600010909,30.2663625909,72950.0,14.1472927273
2006-07-31,31.1852635263,31.5873673684,30.8642098947,31.3142104211,66215.7894737,14.6370843684
2006-08-31,32.3578252609,32.6717393913,32.0230433478,32.3669562609,49813.0434783,15.143461087
2006-09-30,33.05200115,33.30050095,32.632998,32.98750035,60155.0,15.5813758
2006-10-31,33.57238,33.8985728571,33.2480947143,33.7423813333,48371.4285714,15.937937619
2006-11-30,33.6323815238,34.0871421905,33.3319038095,33.7671425714,75400.0,15.9657757619
2006-12-31,34.9889473684,35.4252622105,34.7373688421,35.1326320526,92857.8947368,16.7688056316
2007-01-31,34.86549965,35.228502,34.3804979,34.7934986,77940.0,16.60693715
2007-02-28,34.7957905263,35.0810533158,34.4852624211,34.8136849474,52468.4210526,16.6335211579
2007-03-31,34.487617619,34.8780949048,34.1928563333,34.6823800476,81742.8571429,16.7199555238
2007-04-30,36.2135012,36.4910011,35.8479997,36.22399935,72675.0,17.46315145
2007-05-31,35.4336373636,35.6677283182,35.0609116364,35.3918171818,96140.9090909,17.0773675455
2007-06-30,32.73099985,33.09349975,32.4024997,32.66500125,108230.0,15.91127035
2007-07-31,31.819523381,32.1247620952,31.4238100476,31.6847627143,105228.571429,15.4337916667
2007-08-31,32.7809085,33.534089,32.217729,32.9222733636,131718.181818,16.0606478182
2007-09-30,33.0215778421,33.3731581053,32.6500011053,33.0694735789,88815.7894737,16.2855260526
2007-10-31,33.9586956957,34.262174913,33.4795656087,33.9834777391,105978.26087,16.7356403043
2007-11-30,33.8061909524,34.1566665238,33.3538091905,33.8561891429,120376.190476,16.6943597619
2007-12-31,35.56050075,35.92400025,35.02750065,35.5099992,96905.0,17.666279
2008-01-31,34.122856619,34.7866665238,33.573335,34.1061915714,155652.380952,16.9638954762
2008-02-29,32.9215003,33.338999,32.5394998,32.9090003,112180.0,16.3982833
2008-03-31,32.3354995,32.8730002,31.8490011,32.3910016,112115.0,16.2894941
2008-04-30,34.3971414286,34.8342850952,34.010952619,34.4214274762,61609.5238095,17.3105989048
2008-05-31,34.7885707619,35.1880950952,34.3509522857,34.760953619,86666.6666667,17.5068830952
2008-06-30,34.6247607143,35.0190465714,34.2904748095,34.5723794762,91076.1904762,17.567811
2008-07-31,33.6400015,34.2095455,33.2131823636,33.7659101818,84445.4545455,17.157272
2008-08-31,34.6380952381,35.0161912857,34.3195230476,34.5966664286,81657.1428571,17.60654
2008-09-30,34.2490008,34.7615003,33.85149985,34.2290013,96205.0,17.5785743
2008-10-31,33.2947832609,34.4817385217,32.3865208696,33.4782603913,142139.130435,17.1930255217
2008-11-30,34.3610533684,35.1594734211,33.4226314737,34.3442101053,166752.631579,17.6575472632
2008-12-31,32.2419045238,32.9038078095,31.5833341905,32.089524381,156542.857143,16.6514620476
2009-01-31,31.9224989,32.32450195,31.48249865,31.8990003,105590.0,16.55259785
2009-02-28,31.3788893889,31.8083307778,30.9305561667,31.3188884444,96811.1111111,16.2828023889
2009-03-31,29.9413631818,30.4386367273,29.4254534091,29.8795450455,151200.0,15.6932348636
2009-04-30,30.8533320952,31.1795237619,30.5033344286,30.8666649524,142752.380952,16.211686619
2009-05-31,30.5626318421,30.8310531053,30.1273691053,30.5131580526,144873.684211,16.0463359474
2009-06-30,32.5336352727,32.8631814091,32.1759080455,32.6249999545,128604.545455,17.3389799091
2009-07-31,34.891427,35.3604755238,34.4876183333,34.983811381,107076.190476,18.5926009524
2009-08-31,36.145714619,36.4690481905,35.7109522381,36.1628566667,80476.1904762,19.237489619
2009-09-30,36.45600075,36.86350015,36.08750035,36.5124991,97000.0,19.60115815
2009-10-31,36.2149990909,36.4745449091,35.8954541818,36.1463625455,72586.3636364,19.4046034545
2009-11-30,35.447,35.69949965,35.03350025,35.403501,76195.0,19.02528595
2009-12-31,35.7290904545,35.8972726364,35.4236353182,35.7104559545,75363.6363636,19.3490037273
2010-01-31,34.8878954211,35.0136863158,34.4115793158,34.6973677368,87257.8947368,18.8237487368
2010-02-28,33.3473685789,33.5210533158,33.018948,33.2984199474,88836.8421053,18.0855074737
2010-03-31,34.7952161304,35.0321733043,34.5178251304,34.8447836957,74969.5652174,19.1079497391
2010-04-30,36.2409521905,36.4795249048,35.9942864286,36.3238089524,88200.0,19.9190114286
2010-05-31,36.5657886316,37.0121062105,35.9894731053,36.4926316842,103126.315789,20.0332065263
2010-06-30,35.8154543182,36.1986355455,35.3949988636,35.7963634545,96827.2727273,19.8379369091
2010-07-31,37.0509512381,37.3747606667,36.6228567619,37.0552369048,79366.6666667,20.5355902381
2010-08-31,36.8652375238,37.2599991905,36.5580974286,36.950952619,79838.0952381,20.4976135714
2010-09-30,38.6366665714,38.9361892381,38.326665619,38.6290471905,89333.3333333,21.6247198571
2010-10-31,40.50949965,40.8039997,40.19600005,40.48050095,60515.0,22.66117215
2010-11-30,41.5185730476,41.8428576667,41.227142381,41.5909521429,78414.2857143,23.3028781905
2010-12-31,42.5149989091,42.7477277727,42.2781807273,42.5472723182,87672.7272727,24.0340868636
2011-01-31,42.6926311053,42.8563161579,42.2442102105,42.5357894737,76873.6842105,24.0276004211
2011-02-28,41.2100004211,41.5031582105,41.0184197895,41.2731575789,63631.5789474,23.3367453684
2011-03-31,40.2777264091,40.5795463636,39.9240901818,40.2063635909,122486.363636,22.9206823636
2011-04-30,40.93499905,41.2429993,40.67849985,41.01349925,72630.0,23.38081115
2011-05-31,41.5352390952,41.8980941905,41.205238619,41.5685715714,66900.0,23.7178080952
2011-06-30,40.2938092857,40.5314298571,40.0071434762,40.2357150476,100714.285714,23.1475404286
2011-07-31,41.26049935,41.5570004,40.9924991,41.30649995,77625.0,23.76356105
2011-08-31,40.8277275909,41.4354553182,40.2304548182,40.8749985909,138400.0,23.5352286818
2011-09-30,41.0738084286,41.498095619,40.6261907143,41.0223815238,105371.428571,23.812749381
2011-10-31,42.3476198095,42.860952,41.8638111905,42.4466670952,114509.52381,24.6395213333
2011-11-30,42.86699995,43.3820001,42.4639997,42.9045007,103905.0,24.92795005
2011-12-31,45.447143381,45.8747611905,44.9547623333,45.3809529048,90495.2380952,26.578455381
2012-01-31,45.0389486842,45.3905280526,44.5352618421,44.9094746316,112715.789474,26.3023227368
2012-02-29,45.75600035,46.07350015,45.323,45.69700115,87635.0,26.7854657
2012-03-31,44.5236366364,44.8222739091,44.1650005909,44.5077257273,114622.727273,26.2879187727
2012-04-30,44.3731575789,44.8178946316,44.1800004211,44.5484212632,88063.1578947,26.3119552105
2012-05-31,45.4709090909,45.8404555,45.2000013636,45.5322708182,82763.6363636,26.9135552727
2012-06-30,46.2776191429,46.7252386667,45.9704757143,46.3999991905,96852.3809524,27.6222128571
2012-07-31,48.1828557619,48.5423828095,47.9047618095,48.2204760476,66952.3809524,28.7228462857
2012-08-31,49.5909088182,49.9504536818,49.1672709545,49.5736379545,71259.0909091,29.5609835
2012-09-30,52.3100004211,52.8436842105,51.9468446842,52.4642101053,85952.6315789,31.4989472105
2012-10-31,52.9566664286,53.1747620476,52.4880962857,52.9009508571,61919.047619,31.7611617619
2012-11-30,50.0035002,50.4214989,49.40899885,49.9064993,73250.0,29.99947525
2012-12-31,51.19700005,51.59099915,50.55450015,51.1655004,76850.0,30.9649163
2013-01-31,51.97099875,52.2905013,51.57200165,52.0244982,62610.0,31.4847743
2013-02-28,53.2215786316,53.6194739474,52.8899993158,53.2247384211,53142.1052632,32.2363733158
2013-03-31,54.72249895,55.20850215,54.4435014,54.90700075,66340.0,33.47468875
2013-04-30,55.0861894286,55.5447616667,54.6028568571,55.1042855714,53471.4285714,33.5949658571
2013-05-31,55.4200001818,56.0949996818,54.7786371818,55.3318179091,57631.8181818,33.7655833182
2013-06-30,54.1089471053,54.7047371579,53.5394744211,54.1368439474,70826.3157895,33.2416937368
2013-07-31,58.1213633182,58.6968180909,57.6304528182,58.2377268636,55313.6363636,35.7597626818
2013-08-31,56.7309093182,57.1645455,56.1127270455,56.4836360455,50613.6363636,34.7165313636
2013-09-30,53.1842118947,53.7015779474,52.6573683158,53.2468428421,85868.4210526,32.9451898947
2013-10-31,55.0056518261,55.5178267826,54.5256542609,55.0347846957,57473.9130435,34.0514356087
2013-11-30,55.9200006,56.38499985,55.26650075,55.85099925,53675.0,34.59414845
2013-12-31,55.9661895238,56.4666665714,55.3476170952,55.922857,77000.0,34.8524520952
2014-01-31,56.702856381,57.1442862857,56.1504778095,56.5957132381,95514.2857143,35.2450708095
2014-02-28,42.9126316842,43.3173692105,42.4131577368,42.8621051579,99521.0526316,35.5510917895
2014-03-31,39.0514283333,39.4042858095,38.6280949524,39.0266667143,111685.714286,36.7405504286
2014-04-30,38.8604997,39.19950005,38.5045,38.8104999,80570.0,36.53704635
2014-05-31,37.265238381,37.6123808095,36.9447620476,37.2252381905,83357.1428571,35.0810489048
2014-06-30,38.1079993,38.4389998,37.8604997,38.2385,75920.0,36.2578113
2014-07-31,38.8036368182,39.0809091364,38.4627271364,38.7818179091,70677.2727273,36.7729863182
2014-08-31,39.3161908571,39.6466662381,39.0414285238,39.4299997143,61814.2857143,37.426299619
2014-09-30,39.19999995,39.44699995,38.81999995,39.0624997,60630.0,37.30238385
2014-10-31,40.2043479565,40.8408692609,39.9260871304,40.4717390435,72717.3913043,38.6481244783
2014-11-30,44.6857892632,45.0568419474,44.2978941053,44.6573680526,59015.7894737,42.6737616316
2014-12-31,45.1314282381,45.7561902381,44.6690473333,45.1933333333,96471.4285714,43.4353900952
2015-01-31,45.9885001,46.6250003,45.4774999,46.05450025,77565.0,44.2630589
2015-02-28,44.5066670556,44.9088887778,43.8688888333,44.3877782222,72538.8888889,42.6909173333
2015-03-31,42.8049999545,43.3372723636,42.4004541364,42.8686365455,82636.3636364,41.4670415455
2015-04-30,43.5409520952,43.9242864286,43.0404760952,43.4033337619,66019.047619,41.9842568095
2015-05-31,39.9036841053,40.3184208421,39.3978946842,39.8010530526,67226.3157895,38.5285375789
2015-06-30,38.5295458182,38.8413634545,38.1190910455,38.4986365909,94590.9090909,37.5105857273
2015-07-31,39.6031816818,39.9795454545,39.2845455,39.6381821364,58700.0,38.6208853636
2015-08-31,39.07099995,39.59100005,38.6409996,39.1240002,74640.0,38.14885655
2015-09-30,39.6038098571,40.1428575238,39.265714381,39.7357143333,89319.047619,39.0145454286
2015-10-31,41.5947619524,41.9614284762,40.8542855714,41.6038090952,66690.4761905,40.8487359048
2015-11-30,42.17550035,42.7770002,41.76400075,42.4135006,66220.0,41.6730474
2015-12-31,44.2452381429,44.772857,43.7895240952,44.4090474286,96571.4285714,43.9053975238
2016-01-31,46.4836836842,47.0857891579,45.9773684737,46.6589475789,115194.736842,46.1297812105
2016-02-29,50.46749985,51.20999995,49.76399985,50.50850035,108945.0,49.9627762
2016-03-31,50.2019043333,50.7628570476,49.6999996667,50.3466669524,125852.380952,50.0547576667
2016-04-30,49.8733335238,50.331904381,49.3500003333,49.7719042857,99409.5238095,49.4833278095
2016-05-31,51.11250045,51.6140006,50.54649925,51.11000045,83035.0,50.8283663
2016-06-30,54.0459091364,54.6627271818,53.5531813636,54.2881820455,125368.181818,54.2881820455
2016-07-31,56.37849975,56.7714997,55.83700015,56.3660004,72660.0,56.3660004
2016-08-31,56.1160004,56.732,55.6399998,56.2239998,58140.0,56.2239998
