Date,Open,High,Low,Close,Volume,Adj Close
1990-03-31,19.15,19.45,19.025,19.2,304320.0,3.3467184
1990-04-30,19.1125,19.3875,18.9,19.0875,277240.0,3.32710875
1990-05-31,19.4886363636,19.7443181818,19.3806818182,19.6022727273,277236.363636,3.42104340909
1990-06-30,21.0535714286,21.3571428571,20.9583333333,21.1904761905,256723.809524,3.71784090476
1990-07-31,23.1011904762,23.4226190476,22.9345238095,23.1369047619,813066.666667,4.05933928571
1990-08-31,20.9293478261,21.0489130435,20.5652173913,20.7989130435,382800.0,3.65412034783
1990-09-30,18.9802631579,19.1578947368,18.8092105263,18.9868421053,238547.368421,3.35343005263
1990-10-31,17.2727272727,17.5170454545,17.0454545455,17.2670454545,172436.363636,3.04968186364
1990-11-30,17.3571428571,17.6428571429,17.2261904762,17.4702380952,148228.571429,3.09122671429
1990-12-31,17.45,17.575,17.19375,17.39375,290360.0,3.0950522
1991-01-31,16.2215909091,16.4545454545,15.9829545455,16.2102272727,433727.272727,2.88445540909
1991-02-28,19.1666666667,19.6111111111,18.9930555556,19.4097222222,860800.0,3.45902833333
1991-03-31,20.50625,20.7625,20.33125,20.525,213000.0,3.6775571
1991-04-30,19.8238636364,20.0340909091,19.5738636364,19.8409090909,273600.0,3.55498554545
1991-05-31,19.7897727273,19.9431818182,19.6193181818,19.7670454545,429072.727273,3.54726772727
1991-06-30,21.2368421053,21.5197368421,21.0526315789,21.2894736842,218947.368421,3.84046694737
1991-07-31,19.2386363636,19.3863636364,18.9829545455,19.1193181818,601509.090909,3.4489865
1991-08-31,16.8693181818,17.0625,16.6704545455,16.8863636364,371654.545455,3.05155654545
1991-09-30,17.4625,17.68125,17.1375,17.34375,356000.0,3.1527965
1991-10-31,16.6022727273,16.8977272727,16.4375,16.7272727273,280545.454545,3.04073145455
1991-11-30,16.14375,16.375,15.81875,16.0625,340240.0,2.92560595
1991-12-31,16.7023809524,16.994047619,16.5,16.8214285714,248971.428571,3.08231761905
1992-01-31,19.5795454545,19.9659090909,19.3522727273,19.6647727273,315690.909091,3.60332518182
1992-02-29,19.4802631579,19.6776315789,19.2828947368,19.4276315789,362294.736842,3.56609426316
1992-03-31,19.3214285714,19.5476190476,19.0773809524,19.2678571429,484971.428571,3.55398861905
1992-04-30,18.1488095238,18.4285714286,17.8035714286,18.0297619048,327847.619048,3.32561990476
1992-05-31,17.675,17.98125,17.50625,17.7875,132060.0,3.2872854
1992-06-30,18.4715909091,18.7386363636,18.2443181818,18.5113636364,203418.181818,3.43946668182
1992-07-31,17.0654761905,17.2857142857,16.875,17.0833333333,179619.047619,3.1741342381
1992-08-31,16.6488095238,16.7916666667,16.4583333333,16.5892857143,122342.857143,3.08805585714
1992-09-30,16.2678571429,16.4404761905,16.1130952381,16.25,177980.952381,3.04364757143
1992-10-31,15.0681818182,15.3068181818,14.9375,15.0965909091,237800.0,2.82761259091
1992-11-30,15.5526315789,15.7171052632,15.375,15.6118421053,182673.684211,2.93232642105
1992-12-31,17.3125,17.5738636364,17.1761363636,17.4261363636,257636.363636,3.29177236364
1993-01-31,20.53125,20.9625,20.4125,20.76875,733180.0,3.92318725
1993-02-28,21.7434210526,22.0657894737,21.6513157895,21.8552631579,331031.578947,4.13501084211
1993-03-31,22.3352272727,22.7215909091,22.0511363636,22.3920454545,654200.0,4.25511331818
1993-04-30,25.3928571429,25.7202380952,25.2023809524,25.4404761905,448476.190476,4.8344
1993-05-31,23.9625,24.2,23.70625,23.89375,153960.0,4.5469878
1993-06-30,25.7556818182,26.0170454545,25.5795454545,25.8238636364,232418.181818,4.93412068182
1993-07-31,26.744047619,27.1964285714,26.5833333333,26.8988095238,533714.285714,5.13535671429
1993-08-31,28.6647727273,28.9715909091,28.5568181818,28.7329545455,434618.181818,5.49765363636
1993-09-30,26.5,26.8630952381,26.1666666667,26.4702380952,239485.714286,5.08000866667
1993-10-31,29.5892857143,30.0,29.4226190476,29.75,300076.190476,5.7094407619
1993-11-30,28.89375,29.34375,28.5875,28.96875,236040.0,5.56847315
1993-12-31,28.6761363636,29.0454545455,28.3977272727,28.7556818182,313945.454545,5.54459209091
1994-01-31,30.9761904762,31.4404761905,30.7261904762,31.1666666667,415980.952381,6.00947161905
1994-02-28,32.2565789474,32.8815789474,31.8815789474,32.4539473684,396063.157895,6.26562621053
1994-03-31,31.7880434783,32.125,31.2065217391,31.597826087,461652.173913,6.11652078261
1994-04-30,25.5098674211,25.7960526316,25.0328947368,25.3782884737,555431.578947,4.91257942105
1994-05-31,25.4255943333,25.7976190476,24.8928571429,25.2678571429,538876.190476,4.89841842857
1994-06-30,25.842261,26.1369047619,25.4880952381,25.8511922857,415980.952381,5.03041095238
1994-07-31,28.54062405,28.8625,28.39375,28.63437405,261020.0,5.5719934
1994-08-31,26.9592399565,27.1875008261,26.4782608696,26.8043461739,271773.913043,5.21928295652
1994-09-30,24.51875,24.70625,24.20625,24.4867181,403960.0,4.78974115
1994-10-31,24.5773809524,24.8333333333,24.2291657619,24.5357142857,371295.238095,4.79932504762
1994-11-30,25.3630952381,25.5714285714,24.9910723333,25.1517848095,104761.904762,4.92359714286
1994-12-31,25.3303580476,25.6398818571,25.0833333333,25.3333351429,215828.571429,4.98205190476
1995-01-31,25.02812405,25.2125,24.71875,24.91328,258680.0,4.89944395
1995-02-28,23.0789453684,23.2960526316,22.6973684211,23.0394736842,530084.210526,4.53361047368
1995-03-31,22.6847842609,23.0815217391,22.4402173913,22.7554347826,592330.434783,4.50153217391
1995-04-30,20.4572358421,20.5526315789,19.9473684211,20.3157914737,358821.052632,4.01891657895
1995-05-31,21.1931818182,21.5965909091,20.8125,21.25,566763.636364,4.19909509091
1995-06-30,22.6107945909,22.9460218636,22.4375,22.7386363636,486709.090909,4.52494731818
1995-07-31,24.3625,24.71875,24.0375,24.47812595,325640.0,4.87110265
1995-08-31,25.4090926364,25.7784090909,25.2215909091,25.5653417727,334327.272727,5.08864395455
1995-09-30,26.62812595,26.8875,26.325,26.70312405,250420.0,5.34019455
1995-10-31,29.7812508636,30.1250017273,29.4034090909,29.7812491364,608290.909091,5.9557695
1995-11-30,30.8005961429,31.1607142857,30.5297619048,30.9107142857,310685.714286,6.18164428571
1995-12-31,29.9243431053,30.2697368421,29.5789473684,29.8782904737,345852.631579,5.98852536842
1996-01-31,31.4318181818,31.8181818182,31.1590909091,31.5397727273,317909.090909,6.33501277273
1996-02-29,32.775,33.1,32.55,32.81875,913920.0,6.59452205
1996-03-31,29.7619047619,30.1220229048,29.244047619,29.5967257143,824723.809524,5.96870352381
1996-04-30,30.25625,30.4875,29.95625,30.19687595,525780.0,6.08973435
1996-05-31,31.3863636364,31.6988636364,31.1590909091,31.3899145909,221254.545455,6.33382990909
1996-06-30,31.4375,31.86875,31.15625,31.4812481,569600.0,6.3747496
1996-07-31,32.7247029048,33.1904761905,32.2202380952,32.6815485238,800190.47619,6.61780280952
1996-08-31,34.8636363636,35.4460235909,34.6079545455,35.1654853636,950581.818182,7.12450218182
1996-09-30,39.53593805,39.99062595,39.23125,39.66562405,867960.0,8.06074275
1996-10-31,44.1277165652,44.5380434783,43.8097826087,44.1222834348,466921.73913,8.96641321739
1996-11-30,44.675,45.25,44.38125,44.84375,425740.0,9.11703325
1996-12-31,48.4285714286,49.4345238095,48.0357142857,48.7797600952,678342.857143,9.94046133333
1997-01-31,57.0965909091,57.7727272727,56.6193181818,57.2187508636,877072.727273,11.6601801364
1997-02-28,64.0902777778,65.2708333333,63.3159735,64.4270846111,1343777.77778,13.1335683889
1997-03-31,67.4875,68.19375,66.71562385,67.3749977,632200.0,13.75694245
1997-04-30,52.4488636364,53.2613636364,51.4857944091,52.1960216818,1057827.27273,13.9234228182
1997-05-31,34.63125,35.3375,34.175,34.85,402150.0,14.23614375
1997-06-30,38.4166666667,39.1845238095,37.568452381,38.2589285714,533695.238095,15.6557512857
1997-07-31,44.7755681818,45.78125,44.0880681818,45.1917608636,716172.727273,18.4927021818
1997-08-31,50.175,50.928125,49.6125,50.30468695,428440.0,20.58941225
1997-09-30,53.3571428571,53.9702380952,52.7738095238,53.3229171905,457638.095238,21.8508238095
1997-10-31,49.6059782609,50.6141304348,48.214673913,49.292119087,1162834.78261,20.1990712174
1997-11-30,47.4046052632,48.0197368421,46.5493421053,47.3503295263,540873.684211,19.4298105263
1997-12-31,50.2784090909,51.2741472273,49.4090909091,50.4857954545,494600.0,20.719834
1998-01-31,52.3355263158,53.4144736842,51.6414473684,52.5542757368,405915.789474,21.5687572105
1998-02-28,59.8223684211,60.6809210526,58.6875,59.7368421053,496221.052632,24.5212784211
1998-03-31,45.9403409091,46.6505681818,45.1590909091,45.8821012727,526295.454545,25.7760105909
1998-04-30,31.628125,32.053125,30.990625,31.5140625,568090.0,25.89846495
1998-05-31,28.809375,29.296875,28.38125,28.7921875,631025.0,23.6663026
1998-06-30,25.7102272727,26.0539772727,25.0369318182,25.4559659091,727736.363636,20.9493651364
1998-07-31,28.943452381,29.4851190476,28.505952381,28.994047619,755171.428571,23.8610820476
1998-08-31,26.693452381,27.244047619,25.9196428571,26.4836309524,523128.571429,21.8003239048
1998-09-30,22.3005952381,22.9255952381,21.4479166667,22.1651785714,435461.904762,18.2672342857
1998-10-31,20.443452381,21.0982142857,19.9255952381,20.5357142857,731252.380952,16.9243259048
1998-11-30,23.478125,23.89375,23.0125,23.471875,462160.0,19.3503109
1998-12-31,22.4204545455,22.9602272727,22.0482954545,22.6008522727,700559.090909,18.6576275
1999-01-31,24.7048611111,25.1180555556,23.9756944444,24.6232638889,1332644.44444,20.3271842778
1999-02-28,17.1282894737,17.3552631579,16.6414473684,16.8980263158,1572605.26316,13.9545879474
1999-03-31,16.6630434783,16.8940217391,16.3953804348,16.6440217391,819908.695652,13.7695784783
1999-04-30,19.2827380952,19.8422619048,18.755952381,19.3288690476,469290.47619,15.9907490952
1999-05-31,21.45625,21.9515625,21.05625,21.5484375,320850.0,17.83177885
1999-06-30,21.1306818182,21.5113636364,20.8693181818,21.2386363636,394972.727273,17.6039370909
1999-07-31,24.1875,24.778125,23.9265625,24.440625,628020.0,20.2579492
1999-08-31,25.2528409091,25.5710227273,24.8948863636,25.2002840909,387690.909091,20.8876032727
1999-09-30,23.8898809524,24.3050595238,23.5431547619,23.9151785714,399961.904762,19.8544456667
1999-10-31,22.7797619048,23.1398809524,22.375,22.7693452381,348147.619048,18.8683410476
1999-11-30,22.6369047619,23.0982142857,22.2261904762,22.7663690476,271285.714286,18.900701
1999-12-31,22.6803977273,23.4005681818,22.1818181818,22.7684659091,449804.545455,18.9338955909
2000-01-31,21.734375,22.4,21.3125,21.790625,413435.0,18.1207363
2000-02-29,21.340625,21.75625,20.984375,21.3015625,421245.0,17.71404155
2000-03-31,22.7160326087,23.7418478261,22.1270383043,23.1711956522,479595.652174,19.3026958261
2000-04-30,26.1970482778,27.1449656111,25.4487843889,26.2248267222,384172.222222,21.8465140556
2000-05-31,28.2088068182,28.8515627727,27.4772727273,28.2301136364,408690.909091,23.5182859545
2000-06-30,27.8991477273,28.4914772727,27.1342326818,27.8267045455,313636.363636,23.2098281818
2000-07-31,29.3536184211,30.1315789474,29.1414473684,29.7828947368,362552.631579,24.8414565789
2000-08-31,31.5366847826,32.0563861304,31.0461956522,31.5706521739,300426.086957,26.3352536522
2000-09-30,29.91875,30.71484405,29.365625,29.9859381,364530.0,25.03971605
2000-10-31,27.7492556667,28.2202380952,26.9471723333,27.4494047619,372957.142857,22.9215874762
2000-11-30,25.2581848095,25.6212800476,24.6488095238,25.1093747143,287228.571429,20.9703748571
2000-12-31,24.3765625,25.171875,23.71875,24.6921881,745830.0,20.65011265
2001-01-31,27.5639875238,27.9598214286,26.9732142857,27.5230657619,366852.380952,23.0077052857
2001-02-28,26.0230263158,26.6019736842,25.5148026316,26.1052631579,360947.368421,21.8334958947
2001-03-31,25.1335227273,25.6640627727,24.6328127727,25.0823863636,431181.818182,21.0066848636
2001-04-30,24.6289474737,25.2040791579,24.3371053158,24.9407894737,227078.947368,20.8880964737
2001-05-31,27.1172725909,27.3786364091,26.7636362273,27.1218180909,279990.909091,22.717382
2001-06-30,25.74300015,26.0505,25.345,25.6640001,332935.0,21.52156065
2001-07-31,25.341428381,25.5957140476,25.0519049048,25.3328571429,273295.238095,21.2438677619
2001-08-31,24.3086956522,24.8013043913,24.0043477391,24.5234781739,351130.434783,20.5690623913
2001-09-30,20.9149998571,21.3392856429,20.515714,20.8371427857,528935.714286,17.5009303571
2001-10-31,20.6786956087,21.1299999565,20.3852175217,20.8060868696,325447.826087,17.4748466957
2001-11-30,21.861905,22.2061904762,21.6152380476,21.9204761429,246738.095238,18.415090381
2001-12-31,22.8490002,23.38350005,22.58549995,23.09549995,353350.0,19.424184
2002-01-31,24.5542857143,24.9580952381,24.2819046667,24.685238,351447.619048,20.7668318571
2002-02-28,22.5905261579,22.9226314737,22.2236842632,22.5173684211,422147.368421,18.9214746842
2002-03-31,23.8789999,24.24250015,23.48550015,23.93400005,612440.0,20.1679036
2002-04-30,24.0181817727,24.4013636364,23.7272728182,24.1577272727,313727.272727,20.3564266818
2002-05-31,24.6568185,24.8377273182,24.3204545909,24.619091,294736.363636,20.7489312727
2002-06-30,22.29699985,22.5800002,21.8075,22.11949995,433845.0,18.6669327
2002-07-31,18.3736365909,18.7959092273,17.8622727727,18.2750002273,470613.636364,15.4225094545
2002-08-31,15.8533333333,16.1000000476,15.5561905238,15.8514285238,396747.619048,13.3814649524
2002-09-30,16.52899995,16.78700005,16.111,16.4785,674285.0,13.93789815
2002-10-31,17.3768183182,17.7586364545,16.9522725,17.3336363636,622381.818182,14.6611921818
2002-11-30,19.11850015,19.46000035,18.89000025,19.2564999,360340.0,16.2921787
2002-12-31,19.1790476667,19.4528570476,18.879047619,19.1404762381,344000.0,16.2192348095
2003-01-31,18.07750005,18.3049998,17.75799985,18.0455002,269510.0,15.29137515
2003-02-28,16.2594736842,16.4342103158,15.9463157368,16.1426316842,389336.842105,13.6836817895
2003-03-31,15.812381,16.068095381,15.6814284762,15.9199998571,435628.571429,13.521197
2003-04-30,16.2714287619,16.5785716667,16.1176192857,16.3504761429,335514.285714,13.8510709048
2003-05-31,17.8952381429,18.178095,17.6695236667,17.9866667143,282485.714286,15.2810821905
2003-06-30,19.83100005,20.28499995,19.68099985,19.9835,361885.0,17.00679005
2003-07-31,20.5109090455,20.7809091364,20.3213636364,20.5899998182,264781.818182,17.5229466364
2003-08-31,22.262381,22.5409523333,22.0752380476,22.3428572381,222476.190476,19.0191107143
2003-09-30,23.48849985,23.88650005,23.24750015,23.56450015,208915.0,20.08557805
2003-10-31,23.1104349565,23.3121736957,22.9113043913,23.1221738696,188208.695652,19.7085541304
2003-11-30,24.6627779444,25.0027776667,24.4938888889,24.8477776667,284527.777778,21.1845496111
2003-12-31,25.4895454545,25.7813635909,25.2613637727,25.4786365455,260168.181818,21.7476705
2004-01-31,24.0529998,24.3325,23.7910001,24.078,310110.0,20.55213615
2004-02-29,27.3944443889,27.8488890556,27.0016667222,27.4927778889,462544.444444,23.472156
2004-03-31,27.7273913043,28.0569565652,27.247825913,27.6999997391,512104.347826,23.6750600435
2004-04-30,27.1014283333,27.3823809048,26.8166669048,27.0666665714,282514.285714,23.1337534286
2004-05-31,24.343,24.64850015,24.07250005,24.30899995,334080.0,19.8180112
2004-06-30,25.7557142857,26.2057144762,25.5004760952,25.9952381905,411004.761905,22.2872990952
2004-07-31,26.9542856667,27.2142855238,26.5676191905,26.7942858571,386085.714286,22.9723710476
2004-08-31,25.5677272727,25.8581818636,25.2531817727,25.5104545455,238095.454545,21.8858371818
2004-09-30,24.9557144286,25.3438097619,24.6295235714,24.9619048095,410490.47619,21.4630459048
2004-10-31,23.6885711429,23.9123812857,23.3776190476,23.6171429048,301652.380952,20.3056075238
2004-11-30,24.8623809048,25.1657141429,24.5738097143,24.9523811429,245119.047619,21.4695308571
2004-12-31,25.522857,25.9085714286,25.2500001905,25.7038092857,420414.285714,22.1646347143
2005-01-31,26.6215003,26.89750005,26.314,26.57449975,236140.0,22.91543925
2005-02-28,28.0231577368,28.4131579474,27.7205262632,28.1694736842,297436.842105,24.3045401579
2005-03-31,29.3671428095,29.864285619,29.0871427143,29.4747618571,379619.047619,25.4842340476
2005-04-30,30.2890477143,30.6095238095,29.8561905238,30.2457141905,423357.142857,26.1508088095
2005-05-31,29.1842859048,29.4104762857,28.8371427619,29.1695237619,296385.714286,25.2322014286
2005-06-30,29.7813636364,30.0331818636,29.3977271818,29.746818,355304.545455,25.7821090909
2005-07-31,31.5934999,31.883,31.3525,31.69000005,319960.0,27.46630085
2005-08-31,31.7113638182,31.9781819545,31.4399998182,31.6881818636,319590.909091,27.4676254545
2005-09-30,29.4199999048,29.8533333333,29.0019047619,29.4014285714,447342.857143,25.5455011905
2005-10-31,28.7761904762,29.1800000952,28.327143,28.6357142381,403790.47619,24.880208381
2005-11-30,29.2260002,29.605,28.89599985,29.32050025,327110.0,25.4783745
2005-12-31,29.7247617143,30.0438095238,29.3219049048,29.6685714286,508371.428571,25.839452619
2006-01-31,29.63549975,30.0334999,29.4259999,29.66750015,385270.0,25.8385198
2006-02-28,30.5155556111,30.8205556111,30.1983331667,30.5305558333,313066.666667,26.5901867778
2006-03-31,31.1039132609,31.4473911304,30.8452173913,31.2295653043,267943.478261,27.2712461739
2006-04-30,31.1994735789,31.4000001053,30.9442101053,31.1268421579,268247.368421,27.1815428947
2006-05-31,30.3495238095,30.5814285238,30.0319048571,30.258095,353790.47619,26.4262502857
2006-06-30,28.631818,28.9750001818,28.2654545,28.4881819091,703981.818182,24.9457457727
2006-07-31,27.2400003158,27.6968422105,26.9868421053,27.3510525789,557805.263158,23.9500156842
2006-08-31,27.4278262174,27.7843476522,27.0026088696,27.3782607391,320991.304348,23.9800414348
2006-09-30,30.40299985,30.9245002,30.03699985,30.563,619960.0,26.84024985
2006-10-31,34.1209091818,34.5918184545,33.6945452727,34.1868183636,511931.818182,29.9940171818
2006-11-30,35.1147621429,35.4971425238,34.7333338095,35.1590477143,411509.52381,30.8832664762
2006-12-31,35.8920001,36.25949975,35.44050035,35.8510004,444705.0,31.55672985
2007-01-31,37.33949965,37.6954998,36.88649995,37.3954999,457595.0,32.9162691
2007-02-28,39.2010524211,39.5968422105,38.7242105789,39.261053,448726.315789,34.5621015263
2007-03-31,36.1027271364,36.5672729091,35.5518179545,36.0309092727,835440.909091,31.7815996364
2007-04-30,35.0870003,35.42999985,34.8039996,35.16100005,648315.0,31.01428325
2007-05-31,35.8000002727,36.2145453182,35.4404547273,35.8481820909,509518.181818,31.6275298636
2007-06-30,34.8723810952,35.2252380952,34.4223812381,34.7671429524,728204.761905,30.7425720952
2007-07-31,32.7599999,33.0389999,32.30499975,32.5890004,773720.0,28.81656665
2007-08-31,28.707826,29.362174,28.0482609565,28.6213042609,635926.086957,25.3187626957
2007-09-30,27.6268424737,28.0257894737,27.1889475789,27.5789472105,570589.473684,24.4650977895
2007-10-31,27.9930433913,28.5482604783,27.4986953913,27.9426086957,523452.173913,23.7403337826
2007-11-30,25.5880950952,25.9719049524,25.0085711905,25.4685715238,817742.857143,22.6060841905
2007-12-31,30.06,30.5131578947,29.474737,30.025263,646473.684211,26.7351526316
2008-01-31,29.2295239524,30.1395238571,28.6242858095,29.3652382381,1218261.90476,26.1474519524
2008-02-29,31.04799995,31.70399995,30.32150005,30.94199995,786375.0,27.56263575
2008-03-31,28.3605262632,28.8226315263,27.4873683158,27.9257894737,1088226.31579,24.9321008947
2008-04-30,23.3813635455,23.7036361818,23.0659091364,23.3263637727,827677.272727,20.8257408636
2008-05-31,24.05299985,24.4235,23.8025001,24.14850005,592830.0,21.57175
2008-06-30,24.5304762381,24.8923812381,24.022857381,24.441904619,758476.190476,21.9013678571
2008-07-31,25.1309525238,25.6699999048,24.734762,25.1761904762,782304.761905,22.5593305238
2008-08-31,27.5614285238,28.1104763333,27.0438094286,27.6419048571,503095.238095,24.7803179048
2008-09-30,27.5657141429,28.129524,26.6909521905,27.395238,912780.952381,24.627314381
2008-10-31,20.1463636364,21.1163634091,19.2022727273,20.1563635909,768277.272727,18.1198318182
2008-11-30,16.2557896316,16.796842,15.3010527368,15.8773685263,754942.105263,14.2865943158
2008-12-31,13.6163636364,14.1759090909,13.0468181818,13.5954545455,695218.181818,12.302889
2009-01-31,12.585,12.9875,12.1015,12.495,419395.0,11.30713675
2009-02-28,11.2405263158,11.6057894737,10.8747368421,11.2189473684,390968.421053,10.1644288947
2009-03-31,9.70333333333,10.1652380952,9.38428571429,9.77333333333,540957.142857,8.91755171429
2009-04-30,12.6071428571,13.1833333333,12.3052380952,12.8671428571,503804.761905,11.7404582857
2009-05-31,14.0305263158,14.3694736842,13.6084210526,13.9952631579,369173.684211,12.7718772632
2009-06-30,14.9568181818,15.3545454091,14.6404545455,14.9704545455,454186.363636,13.6805422273
2009-07-31,15.3481818182,15.7145454545,15.0504545455,15.4131817727,494427.272727,14.0851222727
2009-08-31,16.09700015,16.4730002,15.7435001,16.1025,328455.0,14.7191164
2009-09-30,17.1085715714,17.4047620476,16.7642858571,17.1833332857,634938.095238,15.7242640952
2009-10-31,16.1531818636,16.4268183182,15.7872726818,16.0954546364,546163.636364,14.7287593636
2009-11-30,15.6168421579,15.8889474737,15.3331578947,15.6515787895,303457.894737,14.3267570526
2009-12-31,16.3595456818,16.5981817273,16.1263635455,16.3709091364,291986.363636,15.0019813636
2010-01-31,16.5689474211,16.7594737368,16.3900003158,16.6099997368,406605.263158,14.4586145789
2010-02-28,17.3373685789,17.5678944211,17.1926313684,17.4515792105,366552.631579,15.9955341053
2010-03-31,18.9713045217,19.2717394348,18.6939131739,19.0286955217,453291.304348,17.4590428696
2010-04-30,20.0579998,20.42300005,19.84949995,20.22000005,420335.0,18.5520783
2010-05-31,19.99800005,20.37100005,19.53650005,19.93200025,448615.0,18.29089845
2010-06-30,19.2540911364,19.6136363636,18.8977272727,19.2613636364,392595.454545,17.6930917273
2010-07-31,18.07600005,18.45950005,17.5634999,17.94700005,424550.0,16.48574435
2010-08-31,17.5404545,17.9150000455,17.265,17.5877274545,322163.636364,16.1603069091
2010-09-30,18.4000002,18.7735,18.04449995,18.4600001,307440.0,16.97927675
2010-10-31,19.7285715238,19.9714286667,19.4014286667,19.685238,255966.666667,18.1062350952
2010-11-30,20.5695239048,20.9238095714,20.3019048095,20.7276191429,212447.619048,19.0698705238
2010-12-31,24.4914284762,24.8557144762,24.2238096667,24.6157143333,429238.095238,22.6647126667
2011-01-31,25.4780001,25.76699985,24.9415001,25.43599995,291080.0,23.4199837
2011-02-28,25.6952633158,26.0915789474,25.4178948947,25.8500003684,382684.210526,23.805396
2011-03-31,25.5877273182,26.0413636818,25.0377273182,25.6081817727,436490.909091,23.5979981818
2011-04-30,25.99050025,26.31450005,25.55850025,25.9200002,316840.0,23.88533955
2011-05-31,24.4842857619,24.89,24.0947619524,24.4861904762,223947.619048,22.5682205714
2011-06-30,23.8513635455,24.3122725,23.4454545455,23.8772725909,466459.090909,22.024335
2011-07-31,26.54850005,26.8519997,26.036,26.375,379575.0,24.3282324
2011-08-31,19.454348,19.9947826522,18.7700001739,19.352174,488643.478261,17.851275087
2011-09-30,18.1919048095,18.6528570952,17.5023808571,18.0257142381,597995.238095,16.6452289524
2011-10-31,20.4833330952,21.094762,19.9185714286,20.5647619048,476738.095238,18.1140289524
2011-11-30,20.4390475714,20.824285619,19.9457143333,20.4795239524,310876.190476,18.912170381
2011-12-31,20.3457142381,20.7785714762,19.7528571905,20.1433335714,380852.380952,18.6213409048
2012-01-31,19.7368420526,20.1431574737,19.4547366316,19.9094737368,357668.421053,18.4051511579
2012-02-29,21.77650015,22.12899985,21.3375001,21.75100005,357630.0,20.10853135
2012-03-31,21.7531816818,22.1386365455,21.4509091818,21.8513637273,436236.363636,20.2210453182
2012-04-30,21.1299999,21.3515001,20.79500005,20.9919999,276375.0,18.47640535
2012-05-31,18.9018182273,19.1909091818,18.5577275,18.9013636364,269027.272727,17.4929400909
2012-06-30,17.2424999,17.59450005,16.9420002,17.21849985,408735.0,15.95228895
2012-07-31,18.2861904286,18.5666666667,17.9480951429,18.303809381,231257.142857,16.9577871429
2012-08-31,19.1440909091,19.4340909091,18.9549998636,19.2204544091,222209.090909,17.8145715909
2012-09-30,19.9610528947,20.2305265263,19.6552630526,20.0105263158,411857.894737,18.6231789474
2012-10-31,19.5790477619,19.7542855238,19.3204762857,19.5380952381,228676.190476,18.1835021905
2012-11-30,19.68149985,20.03099985,19.425,19.75,204510.0,18.3938519
2012-12-31,20.90599995,21.2459998,20.6310001,20.9990003,328595.0,19.6302377
2013-01-31,23.0704761905,23.3580951905,22.8499998571,23.2161906667,313866.666667,21.7029067143
2013-02-28,24.3655555556,24.5905556667,24.0611108889,24.311111,291333.333333,22.7395993333
2013-03-31,25.649,26.0265,25.4109997,25.87,405460.0,24.3106698
2013-04-30,25.3072727273,25.5636361364,24.8636367273,25.1468181818,257754.545455,23.6310782273
2013-05-31,26.1268184091,26.4981818182,25.8886363182,26.237727,269977.272727,24.672203
2013-06-30,27.8960001,28.17750015,27.47450005,27.8589999,293530.0,26.29646825
2013-07-31,28.2680955714,28.5485714762,27.9971431429,28.3190475714,227957.142857,26.7307132381
2013-08-31,27.7899998636,28.1449999545,27.4540906818,27.730909,180077.272727,26.1915316818
2013-09-30,26.97099995,27.3750003,26.70900015,27.0995,335460.0,25.70116465
2013-10-31,29.4545456818,29.8036364545,29.1490908636,29.5436362727,261650.0,28.0191834545
2013-11-30,30.8084997,31.1825001,30.492,30.87050025,190700.0,29.29556605
2013-12-31,29.6747619048,29.9252379048,29.229523619,29.5342857619,392595.238095,28.121476619
2014-01-31,28.8152379524,29.158571381,28.4457142857,28.7666665238,277504.761905,27.3906201905
2014-02-28,27.4873684211,27.8826316316,27.1936841579,27.5163157368,235973.684211,26.2213580526
2014-03-31,29.8560002,30.36650025,29.39899995,29.9070003,281000.0,28.61883925
2014-04-30,30.8666665714,31.1390480476,30.3299998095,30.7171429524,275880.952381,29.3940872381
2014-05-31,30.8738095714,31.1942857143,30.4271427143,30.9057142857,244233.333333,29.5935798571
2014-06-30,31.2989997,31.6794999,30.86650005,31.28799985,387510.0,30.073382
2014-07-31,30.0818182273,30.3750000909,29.7872725455,30.0704545455,275231.818182,28.9031025
2014-08-31,29.6614284286,29.9014286667,29.3299998571,29.6452377143,205661.904762,28.5086212857
2014-09-30,30.4266668571,30.747143,30.0995237619,30.4219047619,353995.238095,29.3759266667
2014-10-31,29.9730436087,30.3378261304,29.6839132609,30.0617391739,440591.304348,29.0281443478
2014-11-30,31.4672221667,31.7111110556,31.1361112222,31.3594443333,301550.0,30.3034222222
2014-12-31,29.9268182273,30.3372727727,29.6181820455,29.9763639091,447359.090909,29.0749673182
2015-01-31,28.6230002,28.93199975,28.2939997,28.57950005,315430.0,27.7201074
2015-02-28,30.9316666667,31.2577778333,30.7038888333,31.0455555556,293900.0,30.1345141667
2015-03-31,28.4918182273,28.7531818636,28.1177271818,28.3786360455,450890.909091,27.6487950909
2015-04-30,28.4747620952,28.7009522381,28.1885712857,28.4714282381,301790.47619,27.7392009524
2015-05-31,27.8347368947,28.0673684737,27.5531577895,27.83,191447.368421,27.1362739474
2015-06-30,29.0068182727,29.3100001818,28.735,29.0336362727,463536.363636,28.4337326818
2015-07-31,28.6504762381,28.8500000476,28.3671430476,28.623333619,317828.571429,28.0319076667
2015-08-31,28.0395239048,28.3704760952,27.754762,28.0566667619,372304.761905,27.5049445714
2015-09-30,27.7885714286,28.1138092381,27.3914287143,27.6904762381,547528.571429,27.2691975714
2015-10-31,30.954285619,31.3157141429,30.6228570952,31.0519046667,530771.428571,30.5794857143
2015-11-30,31.28800015,31.6184998,30.95749985,31.32999985,388550.0,30.8831484
2015-12-31,29.9972727727,30.3086365,29.6059091818,29.8945456364,440695.454545,29.5800861364
2016-01-31,25.7278943158,26.0599996842,25.2594734737,25.5968420526,479236.842105,25.327637
2016-02-29,24.6884999,25.09400045,24.37450035,24.73999995,454765.0,24.5097717
2016-03-31,28.9090476667,29.3528570476,28.6052380952,29.1299999048,418666.666667,28.991241381
2016-04-30,30.379047619,30.7028571905,30.0033331905,30.3828571429,341933.333333,30.2381307143
2016-05-31,30.47249995,30.818,30.16699975,30.52749995,229435.0,30.40447255
2016-06-30,31.2709094091,31.6240908182,30.8950002273,31.2127275455,443786.363636,31.2127275455
2016-07-31,31.63750015,31.97249985,31.39449975,31.70999985,306030.0,31.70999985
2016-08-31,32.5700004,32.8959998,32.3300002,32.6620012,367880.0,32.6620012
