Date,Open,High,Low,Close,Volume,Adj Close
1986-03-31,27.5623200833,28.3120799167,27.04176,27.72912,154754400.0,0.06622725
1986-04-30,29.3237671364,29.9825018182,28.920829,29.5055998182,24870109.0909,0.0704702272727
1986-05-31,31.9283654286,32.416594381,31.7027657619,32.0356111905,15878400.0,0.0765128571429
1986-06-30,32.25686385,32.53737575,31.6755361,32.03179195,14518080.0,0.07650375
1986-07-31,29.6307487727,30.0683782273,29.0568430909,29.5171199091,20945454.5455,0.0704978181818
1986-08-31,29.1844112857,29.493805619,28.8212570476,29.1605484286,12678857.1429,0.069646
1986-09-30,29.20607985,29.6625597,28.74340795,29.15582385,13957920.0,0.0696348
1986-10-31,34.3804383478,35.2828798261,33.9945181304,34.7717427391,68074434.7826,0.0830476521739
1986-11-30,43.9015077368,45.0791238421,43.2760927895,44.4408257895,55471831.5789,0.106140894737
1986-12-31,48.4226745238,49.047908619,47.9643428095,48.3809830952,31940571.4286,0.115551619048
1987-01-31,61.5236574286,64.0119777143,60.1071089524,62.6965032857,93409371.4286,0.149742428571
1987-02-28,72.4276042632,74.0598059474,70.7958566842,72.6248084737,96540631.5789,0.173454736842
1987-03-31,85.8216693333,87.7263091429,84.4525717143,86.589530619,80245028.5714,0.206807619048
1987-04-30,97.3212340476,99.5598179524,95.5714285714,97.5652110476,100885028.571,0.233021571429
1987-05-31,114.657954421,117.341962579,112.598753158,115.144674053,112903578.947,0.275007789474
1987-06-30,106.102472364,107.215724227,103.943258227,105.312697682,78606981.8182,0.2515255
1987-07-31,99.1250182273,100.545382682,96.9088577727,98.7045375455,82433454.5455,0.235742727273
1987-08-31,104.5124639,106.8687361,103.46227185,105.6749758,99204480.0,0.2523907
1987-09-30,94.1546736667,96.1546968571,92.8155425714,94.4941712857,74042971.4286,0.281273238095
1987-10-31,62.1905830952,65.0952681905,59.2084113333,61.5772799524,162804723.81,0.294138285714
1987-11-30,47.82484765,48.9625198,46.09987225,47.68740025,77508640.0,0.22779005
1987-12-31,49.1248144091,50.6931055455,47.9317746364,49.5056289545,80917381.8182,0.236475318182
1988-01-31,56.6119331053,57.9473428421,55.2434026316,56.5525139474,101222231.579,0.270136368421
1988-02-29,55.9750319,56.9375281,55.1186644,56.0064239,70194240.0,0.2675278
1988-03-31,60.4348593478,61.4021638261,59.1467478696,60.1847998696,91898295.6522,0.287486782609
1988-04-30,55.671082,56.5129514211,54.7432678947,55.5658863684,58348968.4211,0.265423578947
1988-05-31,56.4642517143,57.3509488095,55.7975996667,56.6189486667,49190247.619,0.270453714286
1988-06-30,62.8066474545,63.7328944091,62.3012074091,63.1305821818,54480872.7273,0.301558090909
1988-07-31,65.1054312632,65.8552922105,64.0131537895,64.9077722105,70155621.0526,0.310047210526
1988-08-31,52.7391236957,53.3915062174,51.5272699565,52.3423096087,80981565.2174,0.25002526087
1988-09-30,52.5893488571,53.381006,51.857211381,52.6548342381,57931733.3333,0.251518142857
1988-10-31,51.10624805,51.72501635,50.1438244,51.01869615,74540160.0,0.2437027
1988-11-30,47.2677934762,47.9286167619,46.6249372381,47.2795882857,74233904.7619,0.225842047619
1988-12-31,50.0714054286,50.8452345714,49.7024909048,50.2977598571,49068647.619,0.240259047619
1989-01-31,53.416868381,54.2855997619,52.8690515238,53.6668114286,65479161.9048,0.256352142857
1989-02-28,61.0658524211,62.1447155263,60.2697601579,61.1052633158,94849178.9474,0.291811
1989-03-31,52.7102839545,53.3465677273,51.5796218182,52.3240371818,139031272.727,0.249938
1989-04-30,52.37481645,53.1812879,51.66244785,52.44371995,56740160.0,0.2505098
1989-05-31,55.672731381,56.6070860476,55.0714283333,55.8750172381,58343771.4286,0.266900142857
1989-06-30,56.8408576364,57.3807268182,55.8805088182,56.5227492273,48752727.2727,0.269994227273
1989-07-31,53.77500005,54.73749585,52.9187036,53.76261555,61050240.0,0.2438527
1989-08-31,57.4945672174,58.3315824348,56.8151997826,57.5598056087,60030886.9565,0.274948
1989-09-30,62.7749281,63.9311043,62.2189436,63.23112005,64225280.0,0.30203825
1989-10-31,78.3571892381,80.3690068095,76.9760920952,78.8871092381,112186209.524,0.376822809524
1989-11-30,84.6666514286,86.0477485238,83.3810743333,84.7916577143,87421561.9048,0.405027333333
1989-12-31,83.26231115,84.51892825,81.96242465,83.4312964,73032480.0,0.3985293
1990-01-31,89.8296218636,91.3068,88.5170614091,90.0738978182,108224872.727,0.430259227273
1990-02-28,95.6051622632,96.9077563684,94.986795,95.9736501579,75227957.8947,0.458440684211
1990-03-31,108.047519905,110.101234095,106.868914619,108.75593081,77412266.6667,0.519498142857
1990-04-30,84.53757565,85.81248055,83.3749919,84.8125805,60040320.0,0.5600727
1990-05-31,66.5170033636,68.0454651364,65.721502,67.0909420455,74305890.9091,0.640951318182
1990-06-30,75.1726279524,76.3036102857,74.071439,75.261874381,55519695.2381,0.718908428571
1990-07-31,73.7024228095,74.8868917143,71.9226175238,73.279747381,73759238.0952,0.700075952381
1990-08-31,61.2216005909,62.4771817727,59.499916,60.9829199545,86544000.0,0.5825985
1990-09-30,59.3553224737,60.6512840526,58.0197977895,59.394732,66884715.7895,0.567425842105
1990-10-31,62.4239374783,63.7499583478,60.9564833913,62.337005087,95568695.6522,0.59553473913
1990-11-30,67.452343,68.7976450952,66.7321374762,67.8332911905,59672533.3333,0.64777647619
1990-12-31,74.2062596,75.1312443,73.4499718,74.4125041,47998560.0,0.7108976
1991-01-31,82.0475999524,84.2381143333,81.3213252857,83.1012340952,98702323.8095,0.793905190476
1991-02-28,102.361869211,104.348690684,100.723604105,102.690871737,93765221.0526,0.981054315789
1991-03-31,101.27494895,103.75002005,99.51876025,101.55614405,96625280.0,0.97021365
1991-04-30,107.556741545,109.761414591,105.323794227,107.437582636,90260800.0,1.02639959091
1991-05-31,103.647698682,105.159109545,102.335236182,103.971600227,66484654.5455,0.993289590909
1991-06-30,104.2250638,105.42502795,102.7125348,104.01255635,64768320.0,1.0261926
1991-07-31,67.7737599048,69.2916567619,66.4702621905,68.0238173333,66458819.0476,0.974795380952
1991-08-31,80.2897313636,81.8408941818,79.6249965455,80.9488142727,58233890.9091,1.16001304545
1991-09-30,84.4210356842,85.5328677895,83.2894733684,84.5065510526,41278652.6316,1.21099626316
1991-10-31,90.0651970435,91.0706708696,89.038038,90.1522021739,46169878.2609,1.29189947826
1991-11-30,95.9187589,97.2562077,94.7687765,96.0563046,44361120.0,1.37650655
1991-12-31,103.4999766,105.0249584,102.2750158,104.1625202,38588800.0,1.49267025
1992-01-31,122.715905091,125.170406909,120.414763545,123.090916,66769018.1818,1.76391822727
1992-02-29,121.092151789,123.565792842,119.111848737,121.519756737,73369094.7368,1.74140321053
1992-03-31,123.946398571,125.39885819,122.08335981,123.440456952,55684723.8095,1.76892714286
1992-04-30,118.309509905,119.761942667,115.208342381,117.154812381,101854628.571,1.67885261905
1992-05-31,114.460522947,116.026358316,113.263199789,114.875014632,54328926.3158,1.64618257895
1992-06-30,93.8409089091,95.0795423636,91.6988497273,92.9829599091,71672290.9091,1.61438736364
1992-07-31,71.0739044545,72.147738,69.7443344545,71.0625311818,56599854.5455,1.527511
1992-08-31,71.3036037143,72.3333017143,70.523824381,71.3750086667,42348800.0,1.52975495238
1992-09-30,78.1428415238,79.196434,77.3155052381,78.6071613333,47758171.4286,1.68968519048
1992-10-31,85.2499643636,86.3920582727,84.0909232727,85.4715773636,52123636.3636,1.837238
1992-11-30,91.5460546316,92.8026103158,90.3289105263,91.7499955789,63571031.5789,1.97219442105
1992-12-31,89.2727269091,90.2613681818,87.9999574545,89.0454541818,51514909.0909,1.9140595
1993-01-31,88.1125126,89.4499848,87.0500152,88.3624966,70566560.0,1.8993792
1993-02-28,84.3124623333,85.7499915556,82.4722311111,84.2083553333,81782577.7778,1.81008438889
1993-03-31,85.5489110435,86.9674012174,84.5054331304,85.7934749565,52085147.8261,1.84415717391
1993-04-30,87.2261933333,88.4583162857,85.8630854286,87.0714510476,61839695.2381,1.8716277619
1993-05-31,89.1184667368,90.3618521053,88.0920924211,89.4407758947,65273431.5789,1.92255715789
1993-06-30,91.4204507273,92.4431572727,89.8977165455,90.9772374545,55282327.2727,1.95558381818
1993-07-31,81.4940349524,82.500008,80.1309704762,81.2916728571,93019733.3333,1.74738961905
1993-08-31,74.1547731429,75.3868800952,73.065493619,74.2737986667,83654247.619,1.59653838095
1993-09-30,77.4880912381,78.6011433333,76.5356813333,77.7202134286,55355276.1905,1.67062
1993-10-31,81.9047314286,82.9642817143,80.7856925714,81.8511854286,65273904.7619,1.75941642857
1993-11-30,79.7250076,80.6687359,78.7750072,79.5874718,45903840.0,1.71075725
1993-12-31,81.8181814545,82.7045389091,81.0454534545,81.8977303636,42490181.8182,1.76041704545
1994-01-31,84.13687,85.0893092381,83.3630633333,84.4880779048,58745295.2381,1.81609733333
1994-02-28,80.7105010526,81.5789477895,79.7763033684,80.6447488421,72037894.7368,1.73348378947
1994-03-31,83.5326053913,84.6141093043,82.5108311304,83.5978012174,59891756.5217,1.79696047826
1994-04-30,88.2236797895,89.5000256842,87.0263406316,88.4638474211,98501052.6316,1.90155778947
1994-05-31,82.369052,83.553585619,81.3511766667,82.7083429524,77613942.8571,2.09551771429
1994-06-30,52.4772658182,53.1732875,51.7244357727,52.4431783636,110872509.091,2.25456477273
1994-07-31,49.69687215,50.3312481,48.63359185,49.50938395,76398320.0,2.12843905
1994-08-31,54.9261591818,55.7159056364,54.46592,55.0681887273,57263345.4545,2.36741545455
1994-09-30,56.7410667143,57.3541487143,56.1607235238,56.7172571905,45945219.0476,2.43831
1994-10-31,57.3749793333,58.1607311429,56.8035880952,57.6160610952,57483580.9524,2.47695
1994-11-30,63.1785681905,63.8154888571,62.5744152857,63.178568,48775542.8571,2.68286347619
1994-12-31,62.380952381,62.9836195714,61.6703700476,62.2529754762,50445409.5238,2.67629390476
1995-01-31,61.7187437,62.3312405,61.00938395,61.61640815,52822240.0,2.64892755
1995-02-28,60.8355367368,61.5986864211,60.4794195789,61.0855407368,52560926.3158,2.626105
1995-03-31,69.1304344348,70.0903716087,68.5081533478,69.4687373913,61553252.1739,2.98650395652
1995-04-30,74.0277693333,75.1614494444,73.1145862778,74.3784625,67997866.6667,3.197576
1995-05-31,83.4176008636,84.5518541818,82.2173236818,83.4090909091,60592727.2727,3.58580831818
1995-06-30,86.5397813636,87.8054101364,85.6420506364,86.8352424545,57744945.4545,3.73310063636
1995-07-31,96.7302571579,98.3092045263,94.7829047368,96.5986782105,120199410.526,4.15283684211
1995-08-31,95.2255576957,96.348514,93.1800410435,94.7717424348,92641113.0435,4.07429573913
1995-09-30,93.0197388421,94.3914605789,91.6940721579,92.9465348421,77977515.7895,3.99582889474
1995-10-31,91.6022623636,93.1029888182,90.3011553636,91.8295489091,101278909.091,3.94780895455
1995-11-30,93.130956,94.3206855714,91.6279849048,92.6636948095,89091428.5714,3.98366938095
1995-12-31,89.5937291,90.8945358,88.0921765,89.4437595,82680720.0,3.84524245
1996-01-31,87.6931852727,89.1981527273,86.3962985455,87.7784211818,93482545.4545,3.77364854545
1996-02-29,98.1437671,99.54683395,97.37657545,98.70312805,81846480.0,4.24330845
1996-03-31,100.034956857,101.417409619,98.7701019524,100.169638143,80902400.0,4.29979066667
1996-04-30,106.661455429,107.809516571,105.717249952,107.045386524,64108723.8095,4.60194733333
1996-05-31,115.818460714,117.013387048,114.767094286,115.92856419,54296914.2857,4.98384047619
1996-06-30,121.7437595,122.8616971,120.3679756,121.7312477,64005120.0,5.2333015
1996-07-31,117.941047682,119.394901227,115.862916818,117.806108636,98949890.9091,5.06455736364
1996-08-31,123.779763714,124.714285714,122.857157333,123.922613619,49265447.619,5.3275097619
1996-09-30,130.11563065,131.6062481,129.0437375,130.5500156,64971760.0,5.61242585
1996-10-31,135.519046217,136.769021696,134.404892739,135.60054213,58288486.9565,5.79927895652
1996-11-30,147.2687523,149.212519,146.05312045,147.8687607,81048400.0,6.3569693
1996-12-31,99.9702402857,101.223204524,98.2209748571,99.6101255714,69477295.2381,6.98508014286
1997-01-31,89.8273682857,91.526784619,88.6428535238,90.1815469048,72459542.8571,7.7539207619
1997-02-28,98.8881638947,99.9950693684,97.0427623684,98.6315829474,68271200.0,8.48046531579
1997-03-31,97.2105143158,98.6052507368,95.7623451579,97.1907874737,67966778.9474,8.35658378947
1997-04-30,102.238626,104.573861545,101.1960255,103.338058864,86702363.6364,8.88513386364
1997-05-31,119.476197714,121.303566381,117.943458905,119.65178681,61801676.1905,10.2878083333
1997-06-30,127.164438143,128.770830429,125.622027857,127.148811333,46199504.7619,10.9324118095
1997-07-31,136.397732909,138.417616136,134.150566409,136.558243091,76997527.2727,11.7414463182
1997-08-31,138.3437493,139.22813345,136.27187115,137.60937735,53902840.0,11.83182425
1997-09-30,135.366064143,136.985120524,133.61011319,135.229169571,54934057.1429,11.6271709048
1997-10-31,134.885867565,136.344428043,132.619565913,134.479623522,66668730.4348,11.562724087
1997-11-30,134.038180833,135.437492333,133.142374722,134.5798595,48157555.5556,11.5713424444
1997-12-31,135.318188727,137.005691909,133.392043364,135.051127,65328363.6364,11.6118626818
1998-01-31,135.134863211,137.569081316,133.758223263,136.305910579,74377094.7368,11.7197504737
1998-02-28,137.434208526,138.526316211,135.819078579,137.404610474,73790442.1053,13.7100479474
1998-03-31,83.3333377143,84.2946395714,82.1815443333,83.3437481905,50523980.9524,14.3319968095
1998-04-30,91.1785714286,92.3288664762,89.8675620476,91.3273831429,48522723.8095,15.7048824762
1998-05-31,86.29062615,87.56562845,85.25312385,86.35937385,54769120.0,14.8505712
1998-06-30,91.625,93.5617563333,90.7410725238,92.6666666667,56753752.381,15.9351888571
1998-07-31,113.190339864,114.938208818,111.363638455,113.164774818,55877181.8182,19.4600941818
1998-08-31,107.2499977,108.96562385,105.3687523,106.84062385,64600640.0,18.37257755
1998-09-30,105.169641762,107.49999781,103.828866476,106.08779581,56777352.381,18.243119381
1998-10-31,102.622158045,104.400571318,100.335229364,102.397733545,74684054.5455,17.6085671364
1998-11-30,112.355263158,114.813321947,111.134867211,113.171050632,57644589.4737,19.4611734211
1998-12-31,134.116480045,136.40838,132.122160136,134.553978318,50069181.8182,23.1382344545
1999-01-31,155.665801111,158.381073889,152.783853333,155.788193611,77620711.1111,26.7897225556
1999-02-28,159.365137105,160.921052632,155.486017368,157.546051053,84163326.3158,27.0920080526
1999-03-31,152.863635,155.459515,150.593749318,153.806819545,68174036.3636,28.5985315909
1999-04-30,88.6994047619,89.6912198571,86.090029381,87.755952381,55409495.2381,30.1814607143
1999-05-31,79.334375,80.17578085,77.590625,78.715625,56212850.0,27.0722668
1999-06-30,82.0535714286,83.5773809524,81.0119047619,82.5238095238,40578819.0476,28.3819961905
1999-07-31,92.2380952381,93.3660714286,90.7529761905,92.1101190476,54509580.9524,31.6789670952
1999-08-31,86.4970238095,87.746279,85.1845238095,86.4672619048,61273723.8095,29.7382479048
1999-09-30,93.5119047619,94.7001484286,91.943452381,93.4107142857,46536838.0952,32.1262743333
1999-10-31,91.6369047619,92.7522325238,90.2477674762,91.6063991905,50585923.8095,31.5057253333
1999-11-30,89.2708333333,90.7619047619,88.1904761905,89.4635420476,69774095.2381,30.768743
1999-12-31,105.132103,107.366477273,104.030540136,106.190340909,57317172.7273,36.5215065
2000-01-31,107.371710526,109.766447368,104.786184211,107.174342105,64132915.7895,36.8599290526
2000-02-29,99.85625,101.30703085,97.4671867,99.3,66724380.0,34.1517465
2000-03-31,99.1768462273,102.029829909,97.34375,99.6107954545,88503327.2727,34.2586369091
2000-04-30,80.0,81.1546052632,77.4580587895,79.0098684211,118849821.053,27.1734642632
2000-05-31,67.5575282273,68.3955964091,66.1306818182,67.0710227273,61110490.9091,23.0673974091
2000-06-30,72.7194598636,74.0880681818,71.7130681818,73.0454545455,66684100.0,25.1109395455
2000-07-31,75.84140585,76.978125,74.615625,75.61875,61709290.0,26.0071741
2000-08-31,70.9630681818,71.9630681818,70.2116480909,71.0625,52862645.4545,24.4401660455
2000-09-30,65.865625,66.859375,64.628125,65.509375,71276690.0,22.5303078
2000-10-31,58.5284090909,60.25,57.0681818182,58.6022727273,112246163.636,20.1547831818
2000-11-30,68.6125,69.8796879,67.24921915,68.3,95004890.0,23.4900733
2000-12-31,51.60859395,53.08671895,49.93125,51.040625,102833410.0,17.55414385
2001-01-31,55.1636904762,56.8571428571,54.1071428571,55.7797619048,95501485.7143,19.1835180952
2001-02-28,59.2203947368,60.6718747895,58.1077304737,59.3256578947,80889242.1053,20.4035732105
2001-03-31,55.7159090909,57.0759946364,54.4396308636,55.7038354091,86152263.6364,19.1579383182
2001-04-30,62.3900001053,63.8934209474,61.3298683158,62.6923689474,104378157.895,21.5614693158
2001-05-31,69.6599998182,70.7054543636,68.8440912727,69.7727269545,80786627.2727,23.9965808182
2001-06-30,70.4569999,71.62700045,69.51300015,70.7444999,67041170.0,24.33079795
2001-07-31,68.5033340952,69.4138100952,67.5223812857,68.357619,69295285.7143,23.5098899524
2001-08-31,63.5336364091,64.2722729091,62.2959094091,63.1272726818,50251145.4545,21.7110434091
2001-09-30,53.1513327333,54.58,51.9113329333,53.2746662667,100721626.667,18.3224865333
2001-10-31,57.1336361818,58.5609090909,56.1195455909,57.6554548182,76645045.4545,19.8291487727
2001-11-30,64.473809381,65.5452385238,63.6499994286,64.6719048095,63379457.1429,22.2422809524
2001-12-31,67.4050003,68.34399945,66.6504999,67.5174996,48854450.0,23.22095205
2002-01-31,66.72550085,67.51800025,65.7729995,66.5740002,65618970.0,22.896459
2002-02-28,60.3057894211,61.1505265789,59.3742107368,60.0005266842,59534694.7368,20.6356775263
2002-03-31,61.5042103684,62.4526314737,60.7647367368,61.7357896842,54150357.8947,21.2324777368
2002-04-30,55.8190911818,56.6550001818,54.6940907727,55.5204547727,64430881.8182,19.0948689091
2002-05-31,52.8218183182,53.8959088636,51.7181819545,52.6695450909,64557554.5455,18.1121227727
2002-06-30,52.95950035,54.33649935,52.2979998,53.43050015,91703650.0,18.37608145
2002-07-31,50.4500001905,51.474762,49.0504766667,50.1695235238,109935714.286,17.2545502857
2002-08-31,49.0731822273,50.0286365,48.2463632727,49.168182,77988963.6364,16.910164
2002-09-30,47.27600025,48.0109998,46.42149995,47.05700025,84785290.0,16.1840759
2002-10-31,49.2872727273,50.3127273636,48.4568177727,49.5854548182,107812818.182,17.0536745455
2002-11-30,56.19099995,56.90499965,55.53250015,56.28049985,77799860.0,19.35626755
2002-12-31,54.4104761429,55.0447620952,53.647619,54.1795237143,60398580.9524,18.6299980952
2003-01-31,52.9485711905,53.5847616667,52.1266667143,52.7880950952,81841057.1429,18.1551424286
2003-02-28,35.7500002778,36.2466661111,35.2088888333,35.7422223333,70148822.2222,16.4703288333
2003-03-31,24.4761902381,24.8852381429,24.1599999048,24.6004763333,65328695.2381,16.9758447143
2003-04-30,25.31749985,25.63150005,24.8805002,25.20349985,59798015.0,17.3919682
2003-05-31,25.360952619,25.6395238095,25.0919045238,25.3009526667,62428747.619,17.4592165238
2003-06-30,25.2233331905,25.539523619,24.9028570952,25.1752379048,74761704.7619,17.3724656667
2003-07-31,26.870952381,27.1171429524,26.4980951905,26.7752380476,59125414.2857,18.4765642857
2003-08-31,26.0733331429,26.2890476667,25.806666619,26.0385715238,46024138.0952,17.9682190476
2003-09-30,28.33500005,28.81,28.10699965,28.5129999,59348630.0,19.6757271
2003-10-31,28.4426089565,28.6386956957,28.0808693913,28.348261,60870978.2609,19.6232215217
2003-11-30,25.7942107368,25.9921051579,25.5347371053,25.7000000526,75912457.8947,17.8340752632
2003-12-31,26.7423809048,26.9547617619,26.5728571905,26.7671429524,65997966.6667,18.5746008095
2004-01-31,27.9959998,28.1659999,27.7409998,27.95599985,61609450.0,19.3995877
2004-02-29,26.9431578947,27.1010526316,26.7263157895,26.8610527368,54319242.1053,18.6181871053
2004-03-31,25.4299997826,25.6252174348,25.2030435217,25.36,74045260.8696,17.5981381304
2004-04-30,25.9380953333,26.1514285714,25.7209522857,25.9109524762,74235609.5238,17.9804621429
2004-05-31,25.9894736842,26.2105266316,25.7931581053,25.9868423684,56675552.6316,18.0331246842
2004-06-30,27.2499999048,27.555238,27.1233334762,27.3971427619,73089985.7143,19.0117785238
2004-07-31,28.2747620952,28.5347619048,27.962857,28.2190477143,73830804.7619,19.5805728571
2004-08-31,27.4309087727,27.6209090909,27.2331818182,27.4081815455,49736150.0,19.0372597727
2004-09-30,27.341428619,27.5209524286,27.1790475238,27.3514289524,54333919.0476,19.0360445238
2004-10-31,28.1440001,28.36049995,27.92249975,28.1284999,62554525.0,19.5768704
2004-11-30,27.9599998095,28.1366668095,27.7814284762,27.9733332381,82828919.0476,20.5910419524
2004-12-31,27.0333332381,27.240000381,26.9119047619,27.0776190952,83627752.381,21.0040534286
2005-01-31,26.3890002,26.5705,26.18500005,26.32800025,76070715.0,20.42257565
2005-02-28,25.8642105789,25.9773685263,25.7394736316,25.8378946842,71638210.5263,20.0712542632
2005-03-31,24.7954545909,24.9586362273,24.6481816364,24.7354546364,70064150.0,18.4321030909
2005-04-30,24.7271428095,25.0123809524,24.5666668571,24.7861904762,72393033.3333,19.2859165238
2005-05-31,25.415238,25.5947618571,25.2995238571,25.4695236667,60503033.3333,19.8509192381
2005-06-30,25.3080950476,25.4652384286,25.1657145714,25.2676191429,60108219.0476,19.7228766667
2005-07-31,25.4895001,25.72100005,25.36050015,25.53900025,66070385.0,19.93470565
2005-08-31,26.9390906818,27.2268180455,26.7722728182,27.0254543636,63649436.3636,21.1290438636
2005-09-30,26.2304761905,26.3823810476,26.028571381,26.1376191905,64231500.0,20.4624808571
2005-10-31,24.8885712381,25.062857,24.6733335238,24.8561907143,68555233.3333,19.4592828571
2005-11-30,27.2690478571,27.4652380952,27.1257144762,27.3533332381,68807061.9048,21.4476201905
2005-12-31,27.1357142381,27.2652380952,26.9785712857,27.095238,60556928.5714,21.2743587619
2006-01-31,26.9147368421,27.1936842632,26.7789474211,27.0215791053,69427021.0526,21.2165242105
2006-02-28,26.9415788947,27.1178947368,26.7447366842,26.9226316316,55142052.6316,21.1725611053
2006-03-31,27.116087,27.3813042609,26.9947824348,27.1699998696,62519169.5652,21.4053473913
2006-04-30,27.091579,27.2742104737,26.9194737368,27.0752632105,76111942.1053,21.3307076316
2006-05-31,23.4290908182,23.7631819091,23.1649999545,23.3149999545,104963336.364,18.4069025
2006-06-30,22.4828570476,22.6838094762,22.3057141905,22.4699997143,89851338.0952,17.7715761429
2006-07-31,23.4085004,23.6065002,23.17799995,23.38650005,66614905.0,18.4964385
2006-08-31,24.976087087,25.1665217391,24.8186958696,25.0134785217,49312539.1304,19.8252729565
2006-09-30,26.4521052105,26.6905265263,26.3394733684,26.5373687368,55122221.0526,21.065757
2006-10-31,28.0690908636,28.2995456818,27.9163637273,28.1409095,58680336.3636,22.3386714545
2006-11-30,29.2445002,29.44750015,29.1425001,29.2985,58740675.0,23.30169055
2006-12-31,29.5910001,29.80449985,29.42600005,29.652,56858045.0,23.6186706
2007-01-31,30.49499985,30.813,30.21800015,30.53050005,66225910.0,24.3184212
2007-02-28,29.2766663333,29.4805558333,28.9938887778,29.1722223333,67309433.3333,23.2853366667
2007-03-31,27.6822726818,27.9231817727,27.3986363636,27.6954545455,57704840.9091,22.1367182273
2007-04-30,28.6484208947,28.9168420526,28.4499999474,28.7215793158,48669905.2632,22.9568898947
2007-05-31,30.6795455909,30.9163636364,30.5154544091,30.7527272727,60325213.6364,24.6238358636
2007-06-30,30.1228574286,30.3509521429,29.8995237143,30.0947617619,56257752.381,24.1323841429
2007-07-31,30.18100005,30.4759999,29.8900002,30.1835,62376550.0,24.2035414
2007-08-31,28.6673913043,29.004347913,28.3430435217,28.6865213913,53416500.0,23.0515708696
2007-09-30,28.8933335,29.1044443333,28.7016666111,28.9216666111,56275538.8889,23.2729915556
2007-10-31,31.1208692609,31.504347913,30.8747827391,31.2226087826,77046813.0435,25.124538
2007-11-30,34.66450005,35.0504997,34.1935001,34.55350035,87990950.0,27.85894185
2007-12-31,34.9099999,35.3140005,34.56349975,34.95800005,53240855.0,28.22337825
2008-01-31,33.6442854286,34.0223810476,33.0976188571,33.5071427619,92871504.7619,27.0520269524
2008-02-29,28.6615001,29.07050005,28.20800005,28.45599995,116229040.0,23.0134728
2008-03-31,28.33499985,28.7564999,28.00150005,28.37049985,72619510.0,22.993951
2008-04-30,29.3545453636,29.6463634545,29.0031818182,29.3359090455,65669090.9091,23.776174
2008-05-31,29.1771427143,29.4985712857,28.8309525714,29.1271427619,66912866.6667,23.660679619
2008-06-30,28.07649985,28.46100015,27.743,28.05049965,74669500.0,22.8182903
2008-07-31,25.9650001364,26.3981817727,25.5545456818,25.9777273636,74431877.2727,21.1321484091
2008-08-31,27.2595240476,27.6304762857,26.9923808571,27.3409524762,57473795.2381,22.2793088571
2008-09-30,26.27350005,26.7839999,25.6979999,26.1785002,93271395.0,21.38040665
2008-10-31,23.6347826522,24.4230433043,22.7234781739,23.5004347391,132373017.391,19.1931870435
2008-11-30,20.6911110556,21.1327778333,20.0944446111,20.5166667778,91472116.6667,16.8044018889
2008-12-31,19.4986364091,19.9090909091,19.1099997273,19.5168185909,70315609.0909,16.0476831818
2009-01-31,19.0468421053,19.3757895263,18.6394736316,18.9836842105,79728978.9474,15.6093142105
2009-02-28,18.1757894737,18.5536841053,17.8278947368,18.1836841053,76642810.5263,14.9978133158
2009-03-31,16.8654548182,17.2445454545,16.5281817727,16.9090908182,73897854.5455,13.9988123636
2009-04-30,19.3457143333,19.722857381,19.0242856667,19.4042858571,74400033.3333,16.0645444286
2009-05-31,20.0394999,20.313,19.7429997,20.03299985,55056120.0,16.627661
2009-06-30,22.8019047619,23.1419049524,22.5923809048,22.898571381,62183290.4762,19.0778170952
2009-07-31,23.6113638636,23.8909092273,23.2986362727,23.6636365909,68975445.4545,19.7152267727
2009-08-31,23.84049995,24.105,23.6500002,23.8769998,47387740.0,19.9441625
2009-09-30,25.0457142381,25.3276189048,24.8833333333,25.1228572857,49475223.8095,21.0486611905
2009-10-31,26.4363635909,26.7481815909,26.1572725455,26.4440906364,69246822.7273,22.1556290455
2009-11-30,29.0815790526,29.3431577895,28.9057897368,29.1984212105,50977015.7895,24.5154821053
2009-12-31,30.2040906818,30.4577272727,30.0618181818,30.2654546364,41845704.5455,25.4693645
2010-01-31,30.3127777222,30.6238889444,29.8827777222,30.2016666667,69007622.2222,25.4156848333
2010-02-28,28.3236841579,28.5631581579,28.0647368947,28.3563155789,56560173.6842,23.9161235789
2010-03-31,29.2534779565,29.4773914783,29.0443477391,29.2586954783,48271182.6087,24.7372833478
2010-04-30,30.438571619,30.750476381,30.2557141905,30.5228573333,62810928.5714,25.8056347619
2010-05-31,28.2850001,28.61650015,27.74900005,28.11700005,86006510.0,23.81778515
2010-06-30,25.6109522381,25.8804761905,25.1952382381,25.4628572857,72169280.9524,21.6251653333
2010-07-31,25.0333333333,25.2661904762,24.7257141429,25.0742856667,67075742.8571,21.2951580952
2010-08-31,24.7209090909,24.9118180909,24.4931818182,24.7068182727,58153277.2727,21.0377441818
2010-09-30,24.62449995,24.8165001,24.4185002,24.62800025,60381355.0,21.0277109
2010-10-31,25.1409525238,25.3385717143,24.8995238571,25.1819047619,61020609.5238,21.5006419524
2010-11-30,26.27399975,26.534,26.02350005,26.2235001,65437655.0,22.4501066
2010-12-31,27.4204545909,27.6777272727,27.315909,27.55,46986818.1818,23.6670847273
2011-01-31,28.2585,28.5324998,28.01300005,28.316,68062935.0,24.32512405
2011-02-28,27.3572220556,27.5505556111,27.1111113333,27.2966665556,59664238.8889,23.5175327222
2011-03-31,25.6208693478,25.8104347826,25.4126085652,25.5630435217,56995008.6957,22.089969913
2011-04-30,25.7984211579,25.993158,25.5499997895,25.788421,67385247.3684,22.2847271053
2011-05-31,25.0952379524,25.2704760952,24.8680954762,25.0638096667,64955371.4286,21.724744619
2011-06-30,24.3963634545,24.6386363636,24.2077276364,24.4513634091,58988981.8182,21.2678215
2011-07-31,26.8310526842,27.2063155789,26.6510527368,26.9794736842,63546405.2632,23.4667744211
2011-08-31,25.3504348261,25.7560871739,24.9686958261,25.3947826087,74753891.3043,22.1603522174
2011-09-30,25.94800005,26.2675001,25.5979999,25.90699985,61379765.0,22.67616205
2011-10-31,26.6380951905,26.9499999048,26.3500000476,26.7033332381,58006785.7143,23.3731854762
2011-11-30,25.90249975,26.0765002,25.62750015,25.8405001,48242825.0,22.7009765
2011-12-31,25.7771428095,25.9342858571,25.5590478095,25.7133334762,47960314.2857,22.6761261429
2012-01-31,28.34799985,28.69000025,28.17100015,28.51650005,67742905.0,25.1481884
2012-02-29,30.7326315789,31.0231576316,30.5794735789,30.8552633684,48667805.2632,27.306376
2012-03-31,32.1986363182,32.3877275,31.9777279545,32.1949995,42834840.9091,28.5791045909
2012-04-30,31.5068420526,31.7710527368,31.2589472632,31.4805262105,47332663.1579,27.9448753684
2012-05-31,30.2831819091,30.5136363636,29.9890909091,30.2263634091,46107845.4545,26.9252790455
2012-06-30,29.7085712857,29.9628571429,29.3761902381,29.6804762857,46339590.4762,26.519872619
2012-07-31,29.84700005,30.06850015,29.48549995,29.81350005,39154025.0,26.63873105
2012-08-31,30.3373913043,30.5213043043,30.1352172609,30.3573913478,29206452.1739,27.2348598261
2012-09-30,30.7488892222,30.9727778889,30.5166667222,30.7594443889,43931044.4444,27.6660177778
2012-10-31,29.151428381,29.3447618571,28.8728572381,29.066190619,52638204.7619,26.1430516667
2012-11-30,27.8914286667,28.1099999048,27.600476,27.8119048095,62405528.5714,25.1382984762
2012-12-31,27.0005265263,27.2047366842,26.7410527368,26.9784208947,47796242.1053,24.4646375789
2013-01-31,27.243333381,27.4914285714,27.026190381,27.2366666667,54526400.0,24.698820619
2013-02-28,27.7231576842,27.8963156316,27.5257893684,27.7042106842,41083526.3158,25.1902391579
2013-03-31,28.08750015,28.2630002,27.93399995,28.1410002,42247300.0,25.7301709
2013-04-30,29.6422726818,30.0877275,29.4577274545,29.8709093636,66625327.2727,27.3118794091
2013-05-31,33.814761619,34.1690477619,33.6333336667,33.9885717619,48847642.8571,31.2139022857
2013-06-30,34.6524995,34.95350025,34.31950005,34.63250005,47257775.0,31.88759035
2013-07-31,33.5704764286,33.8190473333,33.2271428571,33.5304759048,51285142.8571,30.8729105238
2013-08-31,32.4740909091,32.8090905909,32.1495452727,32.4849999545,47784772.7273,30.0451638636
2013-09-30,32.4889473684,32.7684212105,32.2252635789,32.5121050526,63322915.7895,30.1461953158
2013-10-31,34.3552173043,34.6317394783,34.1078257826,34.3821739565,41970934.7826,31.880179087
2013-11-30,37.1989468947,37.5194734737,37.001579,37.3221052105,40965326.3158,34.7029106316
2013-12-31,37.5080952857,37.7695238095,37.1109524286,37.4557145238,39362747.619,34.9934499524
2014-01-31,36.4276193333,36.689048,35.9428574762,36.350476,44296485.7143,33.960867619
2014-02-28,37.2494448333,37.5666662778,36.9688888889,37.2455554444,37397950.0,34.9292532222
2014-03-31,38.9314286667,39.3638097143,38.5933334286,38.9852384286,37067890.4762,36.695544381
2014-04-30,40.22600025,40.5460001,39.79149985,40.14149955,35952840.0,37.78389575
2014-05-31,39.9014287143,40.1314280476,39.5876188095,39.9199995238,27350614.2857,37.7403297143
2014-06-30,41.2866667143,41.5476191429,40.992857619,41.3619051429,26465700.0,39.2072824762
2014-07-31,43.3061907619,43.6038097619,42.9290475714,43.278571619,33557119.0476,41.024106
2014-08-31,44.182381381,44.4519049524,43.9276194286,44.2600005714,24472366.6667,42.0688745714
2014-09-30,46.228,46.61849995,45.9764993,46.3830001,41580545.0,44.2414253
2014-10-31,45.1826086957,45.6282606957,44.7234781739,45.1960872609,37097204.3478,43.109314
2014-11-30,48.3521055789,48.6994740526,48.0042104211,48.4052634737,27525721.0526,46.2919852105
2014-12-31,47.5731819545,48.0068176818,47.1468183182,47.4931819545,28488213.6364,45.5860679545
2015-01-31,45.63900015,46.07100015,45.03200045,45.5139998,45947845.0,43.6863609
2015-02-28,42.9968428947,43.2726316316,42.6710524737,43.0784211579,34537094.7368,41.4892764211
2015-03-31,42.1399996364,42.5281821818,41.8481821364,42.1318184545,37469786.3636,40.7277900455
2015-04-30,43.1439997,43.82600005,42.94399995,43.5539997,42325665.0,42.1025776
2015-05-31,47.5869997,47.97699995,47.1854997,47.53000015,31653640.0,46.06481325
2015-06-30,46.0933334286,46.4542859524,45.6566664286,45.951428619,30692157.1429,44.7087975714
2015-07-31,45.4831815909,46.0131817727,45.1454543636,45.6118181818,32975368.1818,44.3783711818
2015-08-31,45.64899985,46.18800015,45.0110002,45.5855006,37411680.0,44.4794462
2015-09-30,43.4685714286,43.9704764762,43.113333381,43.561428619,32051423.8095,42.662919619
2015-10-31,48.4527272273,49.0845456818,48.0568183636,48.7009088636,38933609.0909,47.6963918182
2015-11-30,53.7536842105,54.2331578421,53.3699997368,53.8578945263,32923094.7368,52.9156394737
2015-12-31,55.4231822727,55.9309087273,54.8472722727,55.3959093636,36020381.8182,54.6189832727
2016-01-31,52.5505552222,53.1311111667,51.7983331667,52.4822221667,47560777.7778,51.7461604444
2016-02-29,51.57049975,52.04649995,50.75099965,51.3804997,40738545.0,50.8428829
2016-03-31,53.1366667619,53.7038095714,52.6819052381,53.3209523333,29389838.0952,52.9505961905
2016-04-30,54.0799996667,54.4928570952,53.5557139524,54.0542855714,33286938.0952,53.6788358095
2016-05-31,50.849523619,51.3304760952,50.494762,50.9695234762,25271657.1429,50.7852450476
2016-06-30,50.7319048571,51.2452380952,50.411428381,50.8638095714,38226676.1905,50.8638095714
2016-07-31,54.00800025,54.4245006,53.71249975,54.10199965,32379390.0,54.10199965
2016-08-31,56.9159994,57.2980004,56.6120002,57.0960006,27359720.0,57.0960006
