Date,Open,High,Low,Close,Volume,Adj Close
1999-03-31,15.1507352941,15.2205882353,15.0845588235,15.1580882353,5123.52941176,5.19716176471
1999-04-30,14.5357142857,14.6785714286,14.4196428571,14.5773809524,7023.80952381,4.99805814286
1999-05-31,13.890625,14.028125,13.775,13.8875,8725.0,4.7816573
1999-06-30,13.4613095238,13.5625,13.3511904762,13.4404761905,15785.7142857,4.6663
1999-07-31,13.1398809524,13.2053571429,13.0892857143,13.1488095238,16171.4285714,4.58820209524
1999-08-31,12.4943181818,12.6164772727,12.3551136364,12.4801136364,28204.5454545,4.37949313636
1999-09-30,12.009375,12.121875,11.871875,11.975,38910.0,4.2260127
1999-10-31,11.630952381,11.744047619,11.4761904762,11.6011904762,44009.5238095,4.11848647619
1999-11-30,11.7410714286,11.9017857143,11.6339285714,11.7291666667,42423.8095238,4.18905228571
1999-12-31,10.9318181818,11.0426136364,10.7272727273,10.8977272727,99681.8181818,3.91493472727
2000-01-31,10.4736842105,10.5921052632,10.4243421053,10.5296052632,26631.5789474,3.81106226316
2000-02-29,10.615625,10.671875,10.5375,10.5875,24370.0,3.85300815
2000-03-31,10.2010869565,10.2907608696,10.1576086957,10.2255434783,26939.1304348,3.74506586957
2000-04-30,10.5296052632,10.5789473684,10.4769736842,10.5263157895,22573.6842105,3.87859878947
2000-05-31,10.2727272727,10.3267045455,10.2159090909,10.2755681818,21004.5454545,3.80969581818
2000-06-30,10.4880952381,10.5654761905,10.4255952381,10.494047619,28900.0,3.91248714286
2000-07-31,10.659375,10.734375,10.628125,10.6875,18525.0,4.00802475
2000-08-31,10.9048913043,10.9510869565,10.8532608696,10.9076086957,56404.3478261,4.11375921739
2000-09-30,10.975,11.025,10.934375,10.95625,46235.0,4.1457523
2000-10-31,10.6051136364,10.6590909091,10.5426136364,10.5994318182,74477.2727273,4.02799390909
2000-11-30,10.630952381,10.7113095238,10.5952380952,10.6696428571,59352.3809524,4.07594457143
2000-12-31,11.007625,11.12875,10.9745,11.0565,93630.0,4.2465006
2001-01-31,12.02,12.1138095238,11.9771428571,12.0761904762,45176.1904762,4.66597947619
2001-02-28,12.2161111111,12.2466666667,12.1722222222,12.2122222222,31900.0,4.73844927778
2001-03-31,12.4559090909,12.525,12.395,12.4968181818,37204.5454545,4.87308018182
2001-04-30,12.4675,12.517,12.393,12.4515,31455.0,4.88282395
2001-05-31,12.3128571429,12.3623809524,12.2476190476,12.3119047619,38819.047619,4.85030533333
2001-06-30,12.1942857143,12.240952381,12.160952381,12.2061904762,32380.952381,4.83119014286
2001-07-31,12.3933333333,12.449047619,12.3619047619,12.4133333333,36066.6666667,4.94030061905
2001-08-31,12.8595652174,12.922173913,12.8291304348,12.8943478261,45543.4782609,5.15499908696
2001-09-30,12.89,12.9814285714,12.7764285714,12.9035714286,56514.2857143,5.1708315
2001-10-31,13.0965217391,13.1543478261,13.0439130435,13.1139130435,41656.5217391,5.27104965217
2001-11-30,13.1785714286,13.2333333333,13.0985714286,13.1647619048,46619.047619,5.3145382381
2001-12-31,12.6545,12.739,12.568,12.657,57190.0,5.13621745
2002-01-31,13.0885,13.164,13.0485,13.1155,34720.0,5.3594644
2002-02-28,13.1089473684,13.1694736842,13.0636842105,13.1252631579,39936.8421053,5.38845984211
2002-03-31,12.603,12.642,12.4895,12.5685,52720.0,5.18683845
2002-04-30,12.3919047619,12.4519047619,12.3414285714,12.4247619048,38071.4285714,5.1557822381
2002-05-31,12.6281818182,12.6772727273,12.5877272727,12.6577272727,31204.5454545,5.28090895455
2002-06-30,12.884,12.9265,12.8385,12.891,31680.0,5.41045765
2002-07-31,13.0909090909,13.1440909091,13.045,13.095,29286.3636364,5.52401977273
2002-08-31,13.2395238095,13.2933333333,13.1680952381,13.2457142857,37228.5714286,5.61784466667
2002-09-30,13.3905,13.472,13.341,13.416,34110.0,5.720736
2002-10-31,13.05,13.1260869565,12.9617391304,13.0313043478,45934.7826087,5.58342869565
2002-11-30,12.6421052632,12.6905263158,12.5721052632,12.6268421053,39226.3157895,5.443675
2002-12-31,12.4761904762,12.5471428571,12.4333333333,12.5195238095,44866.6666667,5.42906638095
2003-01-31,12.7152380952,12.7633333333,12.6585714286,12.7114285714,34828.5714286,5.5422182381
2003-02-28,12.8694736842,12.9305263158,12.8257894737,12.8868421053,33036.8421053,5.65041294737
2003-03-31,13.0252380952,13.0761904762,12.9995238095,13.0419047619,33004.7619048,5.74881771429
2003-04-30,13.1080952381,13.1614285714,13.0838095238,13.1271428571,28138.0952381,5.81661838095
2003-05-31,13.5785714286,13.6433333333,13.5419047619,13.6052380952,55319.047619,6.06078585714
2003-06-30,13.965,14.034,13.8845,13.963,43140.0,6.25260375
2003-07-31,13.2704545455,13.3159090909,13.1663636364,13.2431818182,54322.7272727,5.96043395455
2003-08-31,12.769047619,12.829047619,12.7004761905,12.7747619048,32500.0,5.78204604762
2003-09-30,12.909,12.958,12.8735,12.9215,28675.0,5.88015845
2003-10-31,13.0282608696,13.0791304348,12.9943478261,13.032173913,29939.1304348,5.96208647826
2003-11-30,13.1847368421,13.2389473684,13.1531578947,13.2005263158,28315.7894737,6.07457721053
2003-12-31,13.2881818182,13.3390909091,13.245,13.2972727273,45577.2727273,6.14909627273
2004-01-31,13.6263157895,13.6810526316,13.5789473684,13.6378947368,37684.2105263,6.34113652632
2004-02-29,13.7978947368,13.8536842105,13.7631578947,13.8136842105,32384.2105263,6.45842357895
2004-03-31,14.0295652174,14.0534782609,13.972173913,14.012173913,34473.9130435,6.5860486087
2004-04-30,12.9245,12.984,12.7995,12.863,70145.0,6.07697545
2004-05-31,12.2945,12.361,12.232,12.298,39560.0,5.84650495
2004-06-30,12.2738095238,12.3180952381,12.2371428571,12.2757142857,34204.7619048,5.87108428571
2004-07-31,12.5385714286,12.5904761905,12.4961904762,12.560952381,33000.0,6.04291909524
2004-08-31,12.86,12.9052380952,12.829047619,12.8852380952,39057.1428571,6.2345242381
2004-09-30,13.2152380952,13.2671428571,13.1757142857,13.2171428571,55000.0,6.43292019048
2004-10-31,13.3595238095,13.4,13.3171428571,13.3771428571,39233.3333333,6.54320338095
2004-11-30,13.2047619048,13.260952381,13.1252380952,13.1961904762,40504.7619048,6.4943522381
2004-12-31,13.1181818182,13.1745454545,13.0772727273,13.1372727273,41204.5454545,6.49891290909
2005-01-31,13.322,13.3675,13.2865,13.342,37490.0,6.63358975
2005-02-28,13.5636842105,13.6005263158,13.5284210526,13.5757894737,40273.6842105,6.78738642105
2005-03-31,13.1476190476,13.1861904762,13.0685714286,13.1223809524,44133.3333333,6.5973642381
2005-04-30,12.9066666667,12.9523809524,12.869047619,12.9180952381,32261.9047619,6.53162890476
2005-05-31,13.2757142857,13.3295238095,13.2333333333,13.2966666667,33690.4761905,6.7623252381
2005-06-30,13.59,13.6304761905,13.5533333333,13.6076190476,38809.5238095,6.9579702381
2005-07-31,13.8725,13.9095,13.8145,13.871,53410.0,7.1315169
2005-08-31,13.7791304348,13.827826087,13.7360869565,13.7969565217,55473.9130435,7.12923921739
2005-09-30,13.9280952381,13.9657142857,13.8671428571,13.9228571429,47457.1428571,7.23447442857
2005-10-31,13.6395,13.6965,13.564,13.632,39230.0,7.11640555
2005-11-30,13.6576190476,13.7247619048,13.6004761905,13.6671428571,36180.952381,7.17605685714
2005-12-31,13.8680952381,13.9328571429,13.8147619048,13.8795238095,35104.7619048,7.32430147619
2006-01-31,13.77,13.8315789474,13.7173684211,13.7926315789,41000.0,7.31228878947
2006-02-28,13.5631578947,13.61,13.5,13.5552631579,29173.6842105,7.22123615789
2006-03-31,13.3752173913,13.4091304348,13.312173913,13.3673913043,28873.9130435,7.15685126087
2006-04-30,13.1063157895,13.1447368421,13.0278947368,13.0947368421,30289.4736842,7.04220368421
2006-05-31,12.9595454545,13.0136363636,12.9077272727,12.9768181818,25904.5454545,7.01117209091
2006-06-30,12.5327272727,12.5713636364,12.4354545455,12.4945454545,39986.3636364,6.78477613636
2006-07-31,12.277,12.324,12.2395,12.304,33155.0,6.70802455
2006-08-31,12.7872727273,12.8204545455,12.7422727273,12.8,33136.3636364,7.00896072727
2006-09-30,12.8825,12.9185,12.8165,12.8745,32715.0,7.0779443
2006-10-31,12.8295454545,12.8863636364,12.785,12.8540909091,29690.9090909,7.09534963636
2006-11-30,12.8995238095,12.9547619048,12.8661904762,12.9185714286,34700.0,7.16134857143
2006-12-31,12.9105263158,12.9731578947,12.8752631579,12.9305263158,41336.8421053,7.19442457895
2007-01-31,12.9305,12.9715,12.893,12.9415,28900.0,7.2331
2007-02-28,12.9752631579,13.0247368421,12.95,12.9826315789,39373.6842105,7.28165957895
2007-03-31,13.0672727273,13.0981818182,13.0313636364,13.065,31063.6363636,7.35880227273
2007-04-30,13.0647368421,13.1105263158,13.0436842105,13.0868421053,27863.1578947,7.40047694737
2007-05-31,13.0336363636,13.0631818182,13.0040909091,13.0359090909,30418.1818182,7.40100631818
2007-06-30,12.5023809524,12.5485714286,12.4533333333,12.489047619,49752.3809524,7.11853771429
2007-07-31,12.3980952381,12.4671428571,12.3666666667,12.4138095238,35990.4761905,7.10567428571
2007-08-31,12.2213043478,12.2795652174,12.1634782609,12.2391304348,29886.9565217,7.03286595652
2007-09-30,12.4015789474,12.4852631579,12.3631578947,12.4315789474,29278.9473684,7.17385847368
2007-10-31,12.267826087,12.33,12.2339130435,12.2965217391,35478.2608696,7.1235953913
2007-11-30,11.770952381,11.8752380952,11.7052380952,11.7833333333,77519.047619,6.8203597619
2007-12-31,11.833,11.911,11.7965,11.857,91110.0,6.92698745
2008-01-31,12.4066666667,12.4723809524,12.3671428571,12.4195238095,52885.7142857,7.28011385714
2008-02-29,12.0989473684,12.14,11.9952631579,12.0415789474,71400.0,7.08948642105
2008-03-31,11.5725,11.6575,11.5275,11.594,42760.0,6.8569279
2008-04-30,11.8631818182,11.9113636364,11.8268181818,11.8727272727,27590.9090909,7.05126004545
2008-05-31,12.0228571429,12.0742857143,11.9933333333,12.0328571429,24152.3809524,7.17559804762
2008-06-30,11.6915,11.7735,11.6465,11.6965,40775.0,7.00508015
2008-07-31,11.3704545455,11.4222727273,11.3213636364,11.36,50459.0909091,6.83399663636
2008-08-31,11.2571428571,11.3066666667,11.2104761905,11.2595238095,38809.5238095,6.80159066667
2008-09-30,10.75,10.8419047619,10.5885714286,10.6714285714,64838.0952381,6.47244909524
2008-10-31,9.16739130435,9.37,8.85130434783,9.10347826087,118808.695652,5.55524021739
2008-11-30,9.27631578947,9.37578947368,9.09052631579,9.20684210526,55305.2631579,5.64641857895
2008-12-31,8.51952380952,8.74666666667,8.33571428571,8.51523809524,116028.571429,5.25412933333
2009-01-31,10.164,10.322,10.0585,10.234,77515.0,6.34936155
2009-02-28,10.4389473684,10.5763157895,10.3184210526,10.4505263158,55863.1578947,6.51315626316
2009-03-31,10.44,10.4809090909,10.2704545455,10.3695454545,46836.3636364,6.49343254545
2009-04-30,10.6238095238,10.6995238095,10.5747619048,10.6533333333,29585.7142857,6.70398490476
2009-05-31,10.955,11.0055,10.8975,10.971,39380.0,6.9337907
2009-06-30,10.9833333333,11.06,10.9061904762,10.9971428571,71823.8095238,6.98907738095
2009-07-31,11.175,11.2386363636,11.1354545455,11.1986363636,60436.3636364,7.1639875
2009-08-31,11.6866666667,11.7447619048,11.6295238095,11.7095238095,83280.952381,7.53477733333
2009-09-30,12.6438095238,12.7352380952,12.620952381,12.7138095238,80309.5238095,8.2277597619
2009-10-31,12.6404545455,12.74,12.5168181818,12.6313636364,86163.6363636,8.21813054545
2009-11-30,12.416,12.4815,12.3565,12.429,51615.0,8.13507825
2009-12-31,12.8954545455,12.96,12.8463636364,12.9177272727,49900.0,8.49840618182
2010-01-31,12.8888888889,12.9427777778,12.85,12.89,33900.0,8.52766588889
2010-02-28,12.8773684211,12.9352631579,12.8363157895,12.8826315789,51642.1052632,8.56781563158
2010-03-31,13.0995652174,13.1665217391,13.0560869565,13.1143478261,46069.5652174,8.7719016087
2010-04-30,13.235,13.2985,13.2015,13.2735,43935.0,8.9283793
2010-05-31,13.215,13.2775,13.135,13.2,45515.0,8.92856925
2010-06-30,13.2745454545,13.3236363636,13.2159090909,13.2890909091,46154.5454545,9.03867472727
2010-07-31,13.8276190476,13.8952380952,13.7657142857,13.8480952381,54685.7142857,9.47180185714
2010-08-31,14.335,14.375,14.2777272727,14.3277272727,50700.0,9.81200281818
2010-09-30,14.4238095238,14.4904761905,14.3457142857,14.41,50823.8095238,9.95833561905
2010-10-31,14.0595238095,14.0980952381,13.9657142857,14.0404761905,43195.2380952,9.75087952381
2010-11-30,13.2875,13.3835,13.13,13.27,76535.0,9.2662962
2010-12-31,12.1054545455,12.1990909091,11.9609090909,12.0768181818,105559.090909,8.48273827273
2011-01-31,11.667,11.7425,11.571,11.664,84570.0,8.24512665
2011-02-28,11.7088888889,11.7683333333,11.6627777778,11.7194444444,47794.4444444,8.33262983333
2011-03-31,11.9886956522,12.0473913043,11.9456521739,12.0034782609,45530.4347826,8.59366747826
2011-04-30,12.062,12.1175,12.0095,12.0645,30435.0,8.687791
2011-05-31,12.6014285714,12.6933333333,12.5542857143,12.6385714286,82385.7142857,9.15781280952
2011-06-30,13.4172727273,13.4972727273,13.3186363636,13.3959090909,78122.7272727,9.76249954545
2011-07-31,13.151,13.2225,13.0545,13.107,73465.0,9.60539615
2011-08-31,12.6636363636,12.775,12.5790909091,12.7059090909,74572.7272727,9.36526463636
2011-09-30,12.9695238095,13.0319047619,12.9366666667,12.9904761905,46509.5238095,9.63192414286
2011-10-31,13.2061904762,13.28,13.1342857143,13.200952381,55857.1428571,9.84374033333
2011-11-30,13.6275,13.7155,13.5565,13.625,68585.0,10.2160364
2011-12-31,14.0785714286,14.1328571429,14.0161904762,14.0771428571,59371.4285714,10.6097049524
2012-01-31,14.539,14.6005,14.4845,14.5405,71335.0,11.0196509
2012-02-29,14.6455,14.718,14.565,14.6455,81410.0,11.14913205
2012-03-31,14.1042857143,14.1852380952,13.9742857143,14.079047619,168085.714286,10.7748572381
2012-04-30,14.1275,14.182,14.1,14.155,77660.0,10.8890583
2012-05-31,14.425,14.4531818182,14.3813636364,14.4213636364,67090.9090909,11.1506787727
2012-06-30,14.638,14.678,14.5625,14.63,84015.0,11.3674233
2012-07-31,15.1861904762,15.2566666667,15.12,15.1985714286,61147.6190476,11.8717345238
2012-08-31,15.1004347826,15.1469565217,15.0026086957,15.0630434783,63230.4347826,11.822769087
2012-09-30,15.3763157895,15.4189473684,15.3094736842,15.3821052632,50573.6842105,12.1344074211
2012-10-31,15.519047619,15.5576190476,15.4157142857,15.4776190476,46276.1904762,12.2630007143
2012-11-30,15.6104762381,15.6747618571,15.5019048095,15.6138095238,61466.6666667,12.4279522857
2012-12-31,15.6052631579,15.6884210526,15.4421052105,15.5652631579,88273.6842105,12.4443845789
2013-01-31,15.7538095238,15.8123809524,15.6514285714,15.7457142857,52285.7142857,12.6468443333
2013-02-28,15.22,15.2531578947,15.1394736842,15.1915789474,62273.6842105,12.2521375263
2013-03-31,15.3445,15.455,15.241,15.375,115120.0,12.45950905
2013-04-30,15.519047619,15.57,15.4133333333,15.470952381,41071.4285714,12.5983447619
2013-05-31,15.3459090909,15.3990909091,15.25,15.3104545455,75886.3636364,12.5228343182
2013-06-30,14.0665,14.25,13.8725,14.0895,164695.0,11.5787877
2013-07-31,12.8552380952,12.9261904762,12.7466666667,12.8285714286,85495.2380952,10.6012957143
2013-08-31,12.2740909091,12.3818181818,12.1968181818,12.2963636364,129677.272727,10.2133395455
2013-09-30,12.137,12.208,12.078,12.1585,86865.0,10.15892715
2013-10-31,12.3618181818,12.4259090909,12.3145454545,12.37,46468.1818182,10.3975679091
2013-11-30,11.9445,11.9995,11.902,11.947,76520.0,10.0957614
2013-12-31,11.950952381,12.0323809524,11.91,11.989047619,113966.666667,10.1964803333
2014-01-31,12.448,12.519,12.424,12.485,58535.0,10.6791136
2014-02-28,12.5826315789,12.6384210526,12.5689473684,12.6084210526,65773.6842105,10.8444385263
2014-03-31,12.6419047619,12.6828571429,12.610952381,12.6557142857,52314.2857143,10.9490540476
2014-04-30,12.8661904762,12.9,12.8266666667,12.87,57580.952381,11.1943605714
2014-05-31,13.3095,13.34,13.2645,13.316,62310.0,11.64731355
2014-06-30,13.1904761905,13.2085714286,13.1285714286,13.1619047619,50457.1428571,11.5726793333
2014-07-31,13.045,13.0731818182,12.9759090909,13.0209090909,66336.3636364,11.5153734091
2014-08-31,13.0695,13.1015,13.0295,13.0705,54020.0,11.6174259
2014-09-30,13.14,13.169047619,13.090952381,13.13,57609.5238095,11.737591
2014-10-31,13.3517391304,13.3752173913,13.2839130435,13.3343478261,53360.8695652,11.9860732609
2014-11-30,13.2621052632,13.2952631579,13.2210526316,13.2631578947,87442.1052632,11.9814247895
2014-12-31,13.3059090909,13.3431818182,13.2668181818,13.3213636364,90909.0909091,12.0981387273
2015-01-31,13.789,13.84,13.734,13.7845,67635.0,12.58586205
2015-02-28,13.8184210526,13.8736842105,13.74,13.7863157895,72726.3157895,12.6497393684
2015-03-31,13.58,13.6061904762,13.5247619048,13.5638095238,36638.0952381,12.5110102381
2015-04-30,13.7838095238,13.8157142857,13.739047619,13.7704761905,31928.5714286,12.7647722857
2015-05-31,13.3225,13.3635,13.249,13.296,48265.0,12.38281055
2015-06-30,12.9231818182,12.9559090909,12.8718181818,12.9145454545,51513.6363636,12.0931999091
2015-07-31,13.0404545455,13.0804545455,12.9945454545,13.0509090909,44709.0909091,12.2887293636
2015-08-31,13.0157142857,13.0547619048,12.9671428571,13.0080952381,39128.5714286,12.3107633333
2015-09-30,13.1495238095,13.19,13.1023809524,13.1504761905,39195.2380952,12.5102620476
2015-10-31,13.2940909091,13.3290909091,13.2522727273,13.2918181818,48722.7272727,12.7063279091
2015-11-30,13.29,13.3175,13.245,13.29,35135.0,12.7692488
2015-12-31,13.4118181818,13.4618181818,13.365,13.4204545455,46100.0,12.9658087727
2016-01-31,13.6355555556,13.6661111111,13.5777777778,13.6311111111,73566.6666667,13.2304851667
2016-02-29,13.8075,13.8415,13.7695,13.8105,56960.0,13.46985255
2016-03-31,13.9554545455,13.9968181818,13.9018181818,13.9363636364,50440.9090909,13.661721
2016-04-30,14.3504761905,14.4176190476,14.2766666667,14.3442857143,58204.7619048,14.1284747619
2016-05-31,14.481,14.552,14.3885,14.4675,59080.0,14.318434
2016-06-30,14.5545454545,14.6463636364,14.5190909091,14.575,42318.1818182,14.489213
2016-07-31,14.897,14.9815,14.79,14.883,93435.0,14.8603828
2016-08-31,14.8675,14.9225,14.8225,14.8825,47400.0,14.8825
