Date,Open,High,Low,Close,Volume,Adj Close
1992-11-30,6.24375,6.3375,6.040625,6.1875,91390.0,6.1875
1992-12-31,6.02840909091,6.12215909091,6.0,6.03267045455,30422.7272727,6.03267045455
1993-01-31,5.996875,6.15,5.865625,6.0015625,59260.0,6.0015625
1993-02-28,5.66447368421,5.88486842105,5.50657894737,5.66776315789,29347.3684211,5.66776315789
1993-03-31,5.61363636364,5.75284090909,5.44744318182,5.58522727273,34181.8181818,5.58522727273
1993-04-30,5.71130952381,5.82738095238,5.66369047619,5.77380952381,38742.8571429,5.77380952381
1993-05-31,6.6375,6.75625,6.4625,6.6125,48695.0,6.6125
1993-06-30,6.61647727273,6.734375,6.47727272727,6.54403409091,17263.6363636,6.54403409091
1993-07-31,5.9494047619,6.10714285714,5.78571428571,5.89880952381,13952.3809524,5.89880952381
1993-08-31,5.68465909091,5.875,5.57954545455,5.72443181818,43963.6363636,5.72443181818
1993-09-30,7.03125,7.25,6.753125,6.971875,79320.0,6.971875
1993-10-31,6.81547619048,6.93154761905,6.6130952381,6.76785714286,33223.8095238,6.76785714286
1993-11-30,6.0744047619,6.21726190476,5.85714285714,6.00595238095,38457.1428571,6.00595238095
1993-12-31,5.61363636364,5.72017045455,5.48295454545,5.59232954545,38781.8181818,5.59232954545
1994-01-31,6.70238095238,6.77976190476,6.53571428571,6.65476190476,48357.1428571,6.65476190476
1994-02-28,6.34722222222,6.47916666667,6.22916666667,6.31597222222,32277.7777778,6.31597222222
1994-03-31,6.48913043478,6.61956521739,6.32065217391,6.45516304348,61573.9130435,6.45516304348
1994-04-30,5.63157894737,5.75,5.44736842105,5.57894736842,25557.8947368,5.57894736842
1994-05-31,5.46428571429,5.57142857143,5.32142857143,5.39880952381,12371.4285714,5.39880952381
1994-06-30,5.29545454545,5.36363636364,5.15340909091,5.27272727273,20595.4545455,5.27272727273
1994-07-31,4.07894736842,4.14967105263,3.88075684211,3.98684210526,23289.4736842,3.98684210526
1994-08-31,3.87092391304,3.9660326087,3.76222826087,3.86684782609,29143.4782609,3.86684782609
1994-09-30,3.43154761905,3.54761904762,3.19345238095,3.35714285714,74971.4285714,3.35714285714
1994-10-31,2.52678571429,2.58035714286,2.34077380952,2.47916666667,82328.5714286,2.47916666667
1994-11-30,2.30357142857,2.37202380952,2.17261904762,2.2380952381,50866.6666667,2.2380952381
1994-12-31,1.6046875,1.7,1.4867185,1.5453125,43450.0,1.5453125
1995-01-31,2.29613095238,2.38913714286,2.13988095238,2.29389904762,102019.047619,2.29389904762
1995-02-28,2.67105263158,2.72368421053,2.53782894737,2.61019736842,71084.2105263,2.61019736842
1995-03-31,3.65760869565,3.83695652174,3.48913043478,3.68206521739,265326.086957,3.68206521739
1995-04-30,5.04513888889,5.21875,4.79166666667,5.01909722222,183416.666667,5.01909722222
1995-05-31,5.15340909091,5.28125,5.0,5.140625,76572.7272727,5.140625
1995-06-30,6.03977272727,6.16761363636,5.79261363636,5.98721590909,147295.454545,5.98721590909
1995-07-31,6.34375,6.596875,6.10625,6.446875,248955.0,6.446875
1995-08-31,10.0,10.3522727273,9.72727272727,10.0482954545,214122.727273,10.0482954545
1995-09-30,11.75625,12.0875,11.375,11.79375,203715.0,11.79375
1995-10-31,14.0397727273,14.5852272727,13.6988636364,14.2535513636,269254.545455,14.2535513636
1995-11-30,16.0535714286,16.4226190476,15.4761904762,15.8779761905,196476.190476,15.8779761905
1995-12-31,15.5921052632,15.8947368421,15.2631578947,15.5608552632,160315.789474,15.5608552632
1996-01-31,16.1590909091,16.6363636364,15.8125,16.3465909091,174318.181818,16.3465909091
1996-02-29,20.075,20.46875,19.6625,20.15390595,177430.0,20.15390595
1996-03-31,19.8214285714,20.4047619048,19.2291666667,19.8244047619,266171.428571,19.8244047619
1996-04-30,17.9125,18.25625,17.496875,17.790625,218775.0,17.790625
1996-05-31,17.2244318182,17.4630681818,16.8636363636,17.1931818182,200127.272727,17.1931818182
1996-06-30,16.9875,17.425,16.628125,17.03359405,186950.0,17.03359405
1996-07-31,14.0170454545,14.4204545455,13.3295454545,13.9318181818,201504.545455,13.9318181818
1996-08-31,14.375,14.5773809524,14.0357142857,14.3244047619,119852.380952,14.3244047619
1996-09-30,16.825,17.19375,16.35,16.878125,260695.0,16.878125
1996-10-31,15.4538043478,15.7826086957,14.8668478261,15.2690217391,196973.913043,15.2690217391
1996-11-30,13.0131578947,13.3289473684,12.6546052632,12.9407894737,155273.684211,12.9407894737
1996-12-31,15.0714285714,15.4880952381,14.7261904762,15.1808033333,155271.428571,15.1808033333
1997-01-31,14.3579545455,14.6761363636,13.9545454545,14.25,110572.727273,14.25
1997-02-28,14.7105263158,15.1447368421,14.2960526316,14.7927631579,252905.263158,14.7927631579
1997-03-31,15.28125,15.61875,14.825,15.19375,165050.0,15.19375
1997-04-30,13.6011904762,13.8392857143,13.1785714286,13.4880952381,91885.7142857,13.4880952381
1997-05-31,14.2202380952,14.494047619,13.994047619,14.3244047619,101166.666667,14.3244047619
1997-06-30,14.7767857143,15.0535714286,14.4702380952,14.7976190476,89971.4285714,14.7976190476
1997-07-31,13.6761363636,13.9289772727,13.3323863636,13.5965909091,105113.636364,13.5965909091
1997-08-31,11.66875,11.9125,11.30625,11.5625,245805.0,11.5625
1997-09-30,13.5476190476,13.8839285714,13.2291666667,13.5773809524,242138.095238,13.5773809524
1997-10-31,12.0570652174,12.5081521739,11.5570652174,12.1141304348,358113.043478,12.1141304348
1997-11-30,10.8229166667,11.2465277778,10.5763888889,10.9184027778,395722.222222,10.9184027778
1997-12-31,8.42045454545,8.75,8.01420454545,8.40482954545,407540.909091,8.40482954545
1998-01-31,5.9765625,6.1234375,5.753125,5.8859375,140050.0,5.8859375
1998-02-28,5.14638157895,5.32072368421,4.95723684211,5.11184210526,133305.263158,5.11184210526
1998-03-31,4.67857142857,4.80952380952,4.52678571429,4.64732142857,65990.4761905,4.64732142857
1998-04-30,4.32886904762,4.52083333333,4.12648809524,4.33779761905,353228.571429,4.33779761905
1998-05-31,5.2453125,5.4703125,4.965625,5.1515625,174680.0,5.1515625
1998-06-30,3.31676136364,3.39488636364,3.06818181818,3.18252818182,127581.818182,3.18252818182
1998-07-31,2.65327380952,2.78273809524,2.45089285714,2.57589285714,110604.761905,2.57589285714
1998-08-31,1.48660714286,1.55803571429,1.33035714286,1.41964285714,136780.952381,1.41964285714
1998-09-30,0.971726190476,1.03869047619,0.869047619048,0.943452380952,143242.857143,0.943452380952
1998-10-31,0.816761363636,0.940340909091,0.680397727273,0.8125,311850.0,0.8125
1998-11-30,1.19736842105,1.28618421053,1.10526315789,1.16858578947,315357.894737,1.16858578947
1998-12-31,0.767045454545,0.828125,0.698863636364,0.752840909091,238713.636364,0.752840909091
1999-01-31,0.764802631579,0.84375,0.725328947368,0.789473684211,158294.736842,0.789473684211
1999-02-28,1.32730263158,1.42763157895,1.20394736842,1.30592105263,222805.263158,1.30592105263
1999-03-31,1.15482954545,1.19034090909,1.05113636364,1.12642045455,88322.7272727,1.12642045455
1999-04-30,0.80505952381,0.84375,0.721726190476,0.772321428571,119395.238095,0.772321428571
1999-05-31,0.7609375,0.7953125,0.709375,0.746875,128170.0,0.746875
1999-06-30,0.665482272727,0.693181818182,0.627840909091,0.649147727273,98777.2727273,0.649147727273
1999-07-31,0.611607142857,0.657738095238,0.572916666667,0.60119047619,86361.9047619,0.60119047619
1999-08-31,0.427827619048,0.46130952381,0.376488095238,0.415922380952,77823.8095238,0.415922380952
1999-09-30,0.787201904762,0.898065238095,0.727678571429,0.806547619048,195909.52381,0.806547619048
1999-10-31,0.668154761905,0.705357142857,0.614583333333,0.642857142857,82271.4285714,0.642857142857
1999-11-30,0.491815238095,0.532738095238,0.456100952381,0.481398571429,128728.571429,0.481398571429
1999-12-31,0.372869090909,0.420455454545,0.351563181818,0.379261818182,236218.181818,0.379261818182
2000-01-31,0.663651052632,0.710526315789,0.619243157895,0.675164210526,175405.263158,0.675164210526
2000-02-29,1.4023435,1.594531,1.26875,1.434375,634455.0,1.434375
2000-03-31,1.76494565217,1.90760869565,1.61888565217,1.72214695652,284669.565217,1.72214695652
2000-04-30,1.11019736842,1.21052578947,0.993421052632,1.09375,117168.421053,1.09375
2000-05-31,0.924851428571,0.975446666667,0.846726190476,0.893601904762,82052.3809524,0.893601904762
2000-06-30,0.751420909091,0.780540454545,0.713777272727,0.745028636364,54936.3636364,0.745028636364
2000-07-31,0.775,0.8367185,0.7390625,0.7843745,82190.0,0.7843745
2000-08-31,0.777173913043,0.806386086957,0.725543478261,0.752717391304,102800.0,0.752717391304
2000-09-30,0.680921052632,0.714637894737,0.659539473684,0.6875,84415.7894737,0.6875
2000-10-31,0.549715909091,0.595170909091,0.504260909091,0.548295454545,86713.6363636,0.548295454545
2000-11-30,0.65253047619,0.69122,0.603422380952,0.645089047619,140776.190476,0.645089047619
2000-12-31,0.4945305,0.5406255,0.4585935,0.4882815,176175.0,0.4882815
2001-01-31,0.576636666667,0.607141904762,0.545387142857,0.578124285714,63019.047619,0.578124285714
2001-02-28,0.588541666667,0.626736111111,0.557291666667,0.586805555556,45816.6666667,0.586805555556
2001-03-31,0.508521818182,0.53409,0.481534090909,0.515624090909,96940.9090909,0.515624090909
2001-04-30,0.4941565,0.521062,0.474969,0.4983755,74965.0,0.4983755
2001-05-31,0.468181818182,0.481818181818,0.455454545455,0.465454545455,40804.5454545,0.465454545455
2001-06-30,0.656,0.724,0.607,0.6615,288455.0,0.6615
2001-07-31,0.645238095238,0.68619047619,0.622380952381,0.649523809524,33447.6190476,0.649523809524
2001-08-31,0.538260869565,0.562173913043,0.521739130435,0.533913043478,34739.1304348,0.533913043478
2001-09-30,0.424,0.448666666667,0.409333333333,0.42,52340.0,0.42
2001-10-31,0.404347826087,0.42347826087,0.39,0.401739130435,27195.6521739,0.401739130435
2001-11-30,0.4365,0.45,0.415,0.432,54235.0,0.432
2001-12-31,0.3955,0.414,0.3835,0.3965,112800.0,0.3965
2002-01-31,0.422380952381,0.437142857143,0.414761904762,0.42380952381,36919.047619,0.42380952381
2002-02-28,0.385263157895,0.411578947368,0.372105263158,0.391052631579,46447.3684211,0.391052631579
2002-03-31,0.4455,0.467,0.4275,0.4425,43990.0,0.4425
2002-04-30,0.385454545455,0.4,0.371363636364,0.383636363636,26581.8181818,0.383636363636
2002-05-31,0.320476190476,0.337619047619,0.30619047619,0.328095238095,42623.8095238,0.328095238095
2002-06-30,0.2805,0.305,0.2765,0.2895,45375.0,0.2895
2002-07-31,0.245909090909,0.257272727273,0.235,0.245909090909,27790.9090909,0.245909090909
2002-08-31,0.147272727273,0.163181818182,0.137272727273,0.149545454545,55690.9090909,0.149545454545
2002-09-30,0.127,0.132,0.119,0.125,65035.0,0.125
2002-10-31,0.0913043478261,0.0930434782609,0.0869565217391,0.0908695652174,115026.086957,0.0869565217391
2002-11-30,0.117,0.1355,0.112,0.1285,97485.0,0.1285
2002-12-31,0.178571428571,0.193333333333,0.16619047619,0.178095238095,86157.1428571,0.178095238095
2003-01-31,0.139523809524,0.149047619048,0.13619047619,0.141904761905,28276.1904762,0.141904761905
2003-02-28,0.138421052632,0.143157894737,0.133157894737,0.135263157895,15047.3684211,0.135263157895
2003-03-31,0.12619047619,0.129047619048,0.124285714286,0.127619047619,23290.4761905,0.127619047619
2003-04-30,0.11,0.1165,0.1045,0.1105,24910.0,0.1105
2003-05-31,0.18619047619,0.208095238095,0.179047619048,0.193333333333,35238.0952381,0.193333333333
2003-06-30,0.181904761905,0.197142857143,0.17380952381,0.181904761905,41957.1428571,0.181904761905
2003-07-31,0.155,0.163636363636,0.149090909091,0.155454545455,37213.6363636,0.155454545455
2003-08-31,0.172857142857,0.182380952381,0.168571428571,0.17380952381,25033.3333333,0.17380952381
2003-09-30,0.278571428571,0.312857142857,0.255238095238,0.28619047619,528457.142857,0.28619047619
2003-10-31,0.278181818182,0.295454545455,0.269090909091,0.284090909091,51040.9090909,0.284090909091
2003-11-30,0.342631578947,0.356842105263,0.315263157895,0.338947368421,178242.105263,0.338947368421
2003-12-31,0.295454545455,0.315909090909,0.287727272727,0.300909090909,162936.363636,0.300909090909
2004-01-31,0.317,0.336,0.3015,0.3235,629535.0,0.3235
2004-02-29,0.393684210526,0.415789473684,0.371578947368,0.394210526316,589594.736842,0.394210526316
2004-03-31,0.696818181818,0.759545454545,0.651818181818,0.706363636364,1797904.54545,0.706363636364
2004-04-30,0.805238095238,0.856666666667,0.75,0.788571428571,1072714.28571,0.788571428571
2004-05-31,0.5185,0.545,0.4905,0.5185,237475.0,0.5185
2004-06-30,0.6075,0.648,0.592,0.624,482420.0,0.624
2004-07-31,0.532857142857,0.550476190476,0.514761904762,0.53380952381,147714.285714,0.53380952381
2004-08-31,0.432272727273,0.445454545455,0.410909090909,0.427272727273,199568.181818,0.427272727273
2004-09-30,0.441428571429,0.462857142857,0.43,0.452857142857,155209.52381,0.452857142857
2004-10-31,0.460476190476,0.480476190476,0.434285714286,0.457619047619,140733.333333,0.457619047619
2004-11-30,0.4065,0.4295,0.391,0.4085,188390.0,0.4085
2004-12-31,0.475454545455,0.498181818182,0.46,0.481818181818,353786.363636,0.481818181818
2005-01-31,0.5855,0.616,0.564,0.5925,340300.0,0.5925
2005-02-28,0.633157894737,0.654736842105,0.604736842105,0.628947368421,257857.894737,0.628947368421
2005-03-31,0.460476190476,0.481428571429,0.441428571429,0.459047619048,176576.190476,0.459047619048
2005-04-30,0.408095238095,0.424761904762,0.39380952381,0.404285714286,130609.52381,0.404285714286
2005-05-31,0.348571428571,0.368571428571,0.332380952381,0.344285714286,139357.142857,0.344285714286
2005-06-30,0.341363636364,0.359545454545,0.328636363636,0.340909090909,88981.8181818,0.340909090909
2005-07-31,0.335,0.348,0.3225,0.3355,85035.0,0.3355
2005-08-31,0.296818181818,0.310454545455,0.288181818182,0.296363636364,174477.272727,0.296363636364
2005-09-30,0.335714285714,0.352380952381,0.319523809524,0.337619047619,210595.238095,0.337619047619
2005-10-31,0.283333333333,0.294761904762,0.274761904762,0.283333333333,73338.0952381,0.283333333333
2005-11-30,0.266666666667,0.283333333333,0.262380952381,0.27,124090.47619,0.27
2005-12-31,0.261904761905,0.273333333333,0.248095238095,0.261904761905,214504.761905,0.261904761905
2006-01-31,0.2845,0.2945,0.278,0.29,119820.0,0.29
2006-02-28,0.303333333333,0.316111111111,0.292222222222,0.303333333333,75005.5555556,0.303333333333
2006-03-31,0.275652173913,0.285652173913,0.270869565217,0.279130434783,91595.6521739,0.279130434783
2006-04-30,0.266842105263,0.275263157895,0.262631578947,0.268421052632,91484.2105263,0.268421052632
2006-05-31,0.253636363636,0.266363636364,0.244545454545,0.255454545455,80118.1818182,0.255454545455
2006-06-30,0.271818181818,0.281363636364,0.261818181818,0.270909090909,79327.2727273,0.270909090909
2006-07-31,0.2505,0.2575,0.246,0.2505,49415.0,0.2505
2006-08-31,0.257727272727,0.275,0.255,0.268181818182,41600.0,0.268181818182
2006-09-30,0.2975,0.312,0.288,0.303,68010.0,0.303
2006-10-31,0.320454545455,0.332727272727,0.312272727273,0.325,41268.1818182,0.325
2006-11-30,0.260476190476,0.27,0.248095238095,0.254761904762,126909.52381,0.254761904762
2006-12-31,0.2545,0.27,0.2455,0.2585,60480.0,0.2585
2007-01-31,0.238,0.2505,0.228,0.2405,82835.0,0.2405
2007-02-28,0.231111111111,0.236666666667,0.221666666667,0.23,39900.0,0.23
2007-03-31,0.224090909091,0.233181818182,0.216818181818,0.225454545455,67795.4545455,0.225454545455
2007-04-30,0.242,0.259,0.23,0.2425,112200.0,0.2425
2007-05-31,0.218636363636,0.230909090909,0.212727272727,0.219545454545,117240.909091,0.219545454545
2007-06-30,0.22619047619,0.24619047619,0.215714285714,0.226666666667,136600.0,0.226666666667
2007-07-31,0.329,0.358,0.3035,0.3225,369530.0,0.3225
2007-08-31,0.312173913043,0.323913043478,0.298260869565,0.307826086957,152752.173913,0.307826086957
2007-09-30,0.303684210526,0.312105263158,0.293684210526,0.300526315789,101536.842105,0.300526315789
2007-10-31,0.302173913043,0.315652173913,0.297391304348,0.307826086957,139886.956522,0.307826086957
2007-11-30,0.29619047619,0.313333333333,0.287142857143,0.294761904762,192438.095238,0.294761904762
2007-12-31,0.273684210526,0.283157894737,0.266842105263,0.277368421053,97336.8421053,0.277368421053
2008-01-31,0.357619047619,0.380476190476,0.336666666667,0.363333333333,158880.952381,0.363333333333
2008-02-29,0.3575,0.367,0.3475,0.3615,103145.0,0.3615
2008-03-31,0.346,0.357,0.3355,0.3485,123390.0,0.3485
2008-04-30,0.425,0.454090909091,0.409090909091,0.43,176600.0,0.43
2008-05-31,0.608095238095,0.639523809524,0.575238095238,0.614285714286,217061.904762,0.614285714286
2008-06-30,0.753,0.774,0.719,0.7515,135250.0,0.7515
2008-07-31,0.588636363636,0.617727272727,0.567272727273,0.592272727273,121568.181818,0.592272727273
2008-08-31,0.642380952381,0.670952380952,0.628095238095,0.651904761905,76195.2380952,0.651904761905
2008-09-30,0.624761904762,0.650476190476,0.59619047619,0.622380952381,90185.7142857,0.622380952381
2008-10-31,0.522727272727,0.549090909091,0.492272727273,0.526363636364,87522.7272727,0.526363636364
2008-11-30,0.545789473684,0.577368421053,0.515789473684,0.549473684211,94410.5263158,0.549473684211
2008-12-31,0.562727272727,0.579090909091,0.547727272727,0.564090909091,39581.8181818,0.564090909091
2009-01-31,0.6385,0.6725,0.6175,0.6425,84495.0,0.6425
2009-02-28,0.606842105263,0.632105263158,0.583157894737,0.611578947368,58000.0,0.611578947368
2009-03-31,0.528571428571,0.556666666667,0.505238095238,0.53380952381,52476.1904762,0.53380952381
2009-04-30,0.515238095238,0.54619047619,0.493333333333,0.532380952381,58242.8571429,0.532380952381
2009-05-31,0.6445,0.686,0.622,0.6645,77250.0,0.6645
2009-06-30,0.965454545455,1.01136363636,0.920454545455,0.967272727273,154472.727273,0.967272727273
2009-07-31,1.03,1.07142857143,1.00142857143,1.03761904762,176952.380952,1.03761904762
2009-08-31,1.31428571429,1.33857142857,1.27476190476,1.31047619048,99328.5714286,1.31047619048
2009-09-30,1.30380952381,1.33619047619,1.27047619048,1.31047619048,81495.2380952,1.31047619048
2009-10-31,1.25681818182,1.26909090909,1.20727272727,1.24363636364,93918.1818182,1.24363636364
2009-11-30,1.075,1.1035,1.05,1.0755,68430.0,1.0755
2009-12-31,1.11380952381,1.15047619048,1.09285714286,1.12857142857,89480.952381,1.12857142857
2010-01-31,1.47421052632,1.53894736842,1.43052631579,1.5,138215.789474,1.5
2010-02-28,2.01842105263,2.05684210526,1.95210526316,2.00526315789,171410.526316,2.00526315789
2010-03-31,1.92304347826,1.98173913043,1.83217391304,1.89260869565,289052.173913,1.89260869565
2010-04-30,1.7555,1.8095,1.7105,1.7715,108410.0,1.7715
2010-05-31,1.7215,1.7585,1.6755,1.718,84205.0,1.718
2010-06-30,1.64,1.68045454545,1.59181818182,1.64409090909,88686.3636364,1.64409090909
2010-07-31,1.90666666667,1.95380952381,1.85904761905,1.91904761905,112376.190476,1.91904761905
2010-08-31,2.00571428571,2.03428571429,1.97714285714,2.00619047619,82442.8571429,2.00619047619
2010-09-30,1.92476190476,1.95523809524,1.89142857143,1.9219047619,73985.7142857,1.9219047619
2010-10-31,1.68714285714,1.71761904762,1.63333333333,1.67095238095,120861.904762,1.67095238095
2010-11-30,1.82523809524,1.90619047619,1.78142857143,1.84380952381,483338.095238,1.84380952381
2010-12-31,1.97476190476,2.02476190476,1.94095238095,1.98333333333,205104.761905,1.98333333333
2011-01-31,2.383,2.46,2.306,2.388,497205.0,2.388
2011-02-28,3.53578947368,3.67578947368,3.37894736842,3.52473684211,1208868.42105,3.52473684211
2011-03-31,3.69260869565,3.78956521739,3.48043478261,3.65434782609,976504.347826,3.64347826087
2011-04-30,4.31,4.412,4.1995,4.3345,731910.0,4.3345
2011-05-31,4.92333333333,5.05857142857,4.71238095238,4.90857142857,1318738.09524,4.90857142857
2011-06-30,3.88681818182,3.99772727273,3.59454545455,3.80863636364,2332090.90909,3.80863636364
2011-07-31,3.23210526316,3.32157894737,3.06,3.18631578947,946678.947368,3.18631578947
2011-08-31,2.65565217391,2.78304347826,2.51260869565,2.67304347826,947091.304348,2.67304347826
2011-09-30,3.04285714286,3.11095238095,2.90952380952,3.01238095238,531814.285714,3.01238095238
2011-10-31,2.934,2.9905,2.78,2.8995,577900.0,2.8995
2011-11-30,2.4119047619,2.47238095238,2.33523809524,2.40095238095,407090.47619,2.40095238095
2011-12-31,2.51619047619,2.56523809524,2.44333333333,2.50571428571,353690.47619,2.50571428571
2012-01-31,2.768,2.815,2.707,2.7595,201235.0,2.7595
2012-02-29,3.1925,3.2575,3.097,3.1655,323280.0,3.1545
2012-03-31,3.14,3.19954545455,3.07318181818,3.14318181818,366145.454545,3.14318181818
2012-04-30,2.8965,2.9515,2.823,2.886,522205.0,2.886
2012-05-31,2.86636363636,2.91363636364,2.81090909091,2.84590909091,370077.272727,2.84590909091
2012-06-30,3.119,3.206,3.0915,3.167,532295.0,3.167
2012-07-31,4.3580952381,4.44333333333,4.21761904762,4.3319047619,1472538.09524,4.3319047619
2012-08-31,3.75652173913,3.84,3.61173913043,3.75391304348,1111895.65217,3.75391304348
2012-09-30,3.12388888889,3.24111111111,3.01722222222,3.12444444444,2464850.0,3.12444444444
2012-10-31,2.71380952381,2.76714285714,2.65285714286,2.7019047619,528404.761905,2.7019047619
2012-11-30,2.54666666667,2.61142857143,2.45619047619,2.52238095238,641823.809524,2.52238095238
2012-12-31,2.771,2.8295,2.7145,2.7835,561350.0,2.7835
2013-01-31,2.9925,3.0665,2.957,3.0095,884290.0,3.0095
2013-02-28,3.17631578947,3.22263157895,3.09263157895,3.14526315789,1056031.57895,3.14526315789
2013-03-31,2.942,3.038,2.8435,2.92,2443085.0,2.92
2013-04-30,2.58454545455,2.61636363636,2.48681818182,2.55227272727,1001236.36364,2.55227272727
2013-05-31,2.43142857143,2.48,2.37238095238,2.41380952381,657066.666667,2.41380952381
2013-06-30,2.53,2.5695,2.457,2.525,672450.0,2.525
2013-07-31,2.95636363636,3.01272727273,2.88136363636,2.95363636364,809404.545455,2.95363636364
2013-08-31,2.9480952381,2.99714285714,2.8880952381,2.9380952381,569409.52381,2.9380952381
2013-09-30,2.8615,2.8915,2.8065,2.843,507605.0,2.843
2013-10-31,2.30695652174,2.33869565217,2.22826086957,2.2547826087,1185826.08696,2.2547826087
2013-11-30,1.6105,1.648,1.529,1.5925,1604930.0,1.5925
2013-12-31,1.9615,2.025,1.9075,1.967,1724905.0,1.967
2014-01-31,1.9019047619,1.94095238095,1.84380952381,1.88571428571,1007109.52381,1.88571428571
2014-02-28,1.84894736842,1.89105263158,1.80421052632,1.83947368421,1104457.89474,1.83947368421
2014-03-31,1.9719047619,2.01333333333,1.91714285714,1.95857142857,1159366.66667,1.95857142857
2014-04-30,1.7565,1.8055,1.7035,1.7395,709455.0,1.7395
2014-05-31,1.49571428571,1.53285714286,1.44,1.48666666667,991004.761905,1.48666666667
2014-06-30,1.63142857143,1.68238095238,1.57857142857,1.62857142857,1422628.57143,1.62857142857
2014-07-31,1.38454545455,1.40909090909,1.35590909091,1.38227272727,569672.727273,1.38227272727
2014-08-31,1.276,1.3075,1.2455,1.272,535540.0,1.272
2014-09-30,1.32761904762,1.3580952381,1.29238095238,1.31285714286,622038.095238,1.31285714286
2014-10-31,1.34260869565,1.37130434783,1.30260869565,1.33739130435,640921.73913,1.33739130435
2014-11-30,1.22263157895,1.24578947368,1.17368421053,1.21210526316,1406442.10526,1.21210526316
2014-12-31,1.51476190476,1.5819047619,1.4680952381,1.54380952381,1671485.71429,1.54380952381
2015-01-31,1.792,1.831,1.7325,1.779,664385.0,1.779
2015-02-28,1.65263157895,1.67789473684,1.61315789474,1.64421052632,643231.578947,1.64421052632
2015-03-31,1.65909090909,1.69227272727,1.62681818182,1.65454545455,525886.363636,1.65454545455
2015-04-30,1.53285714286,1.55952380952,1.49571428571,1.52285714286,401333.333333,1.51904761905
2015-05-31,1.3,1.3315,1.2725,1.297,431640.0,1.297
2015-06-30,1.51727272727,1.54590909091,1.49318181818,1.52727272727,565536.363636,1.52727272727
2015-07-31,1.72090909091,1.74363636364,1.69909090909,1.72136363636,554859.090909,1.72136363636
2015-08-31,1.67428571429,1.73238095238,1.66,1.70571428571,497938.095238,1.70571428571
2015-09-30,2.2385,2.309,2.182,2.254,1583025.0,2.254
2015-10-31,2.13272727273,2.16863636364,2.06181818182,2.11818181818,813059.090909,2.11818181818
2015-11-30,1.6835,1.707,1.6335,1.6715,432135.0,1.6715
2015-12-31,1.41047619048,1.44142857143,1.3919047619,1.41142857143,367285.714286,1.41142857143
2016-01-31,1.05842105263,1.09263157895,1.00105263158,1.03894736842,743889.473684,1.03894736842
2016-02-29,0.9115,0.942,0.885,0.9155,369055.0,0.9155
2016-03-31,0.939545454545,0.962272727273,0.915,0.937272727273,298872.727273,0.937272727273
2016-04-30,1.2215,1.279,1.191,1.248,603830.0,1.248
2016-05-31,1.03857142857,1.06761904762,0.991428571429,1.02523809524,931138.095238,1.02523809524
2016-06-30,0.691363636364,0.719545454545,0.660454545455,0.681818181818,1617077.27273,0.681818181818
2016-07-31,0.5285,0.5485,0.5085,0.52,617060.0,0.52
2016-08-31,0.55,0.578,0.54,0.556,257600.0,0.556
