Date,Open,High,Low,Close,Volume,Adj Close
1987-01-31,14.6527777778,14.9027777778,14.375,14.6388888889,6611.11111111,1.099251
1987-02-28,14.5763888889,14.8611111111,14.375,14.6527777778,11972.2222222,1.10029388889
1987-03-31,16.0568181818,16.1534090909,15.9488636364,16.0454545455,6204.54545455,1.20487186364
1987-04-30,14.130952381,14.2738095238,13.8988095238,14.0773809524,4771.42857143,1.05708690476
1987-05-31,14.3875,14.50625,14.25,14.4125,3890.0,1.0822514
1987-06-30,15.7102272727,15.9375,15.6306818182,15.8409090909,6481.81818182,1.18951227273
1987-07-31,17.18125,17.2625,17.06875,17.16875,2630.0,1.28922135
1987-08-31,17.8875,17.94375,17.8375,17.875,3280.0,1.3422544
1987-09-30,16.9264705882,16.9705882353,16.8161764706,16.8823529412,5588.23529412,1.26771547059
1987-10-31,13.9318181818,14.125,13.6590909091,13.8806818182,7631.81818182,1.04231645455
1987-11-30,11.640625,11.7421875,11.5625,11.671875,2218.75,0.8764546875
1987-12-31,10.4488636364,10.625,10.2784090909,10.4602272727,6263.63636364,0.785470636364
1988-01-31,11.1102941176,11.1985294118,11.0441176471,11.1544117647,1617.64705882,0.837597941176
1988-02-29,11.2589285714,11.3392857143,11.1607142857,11.2410714286,3971.42857143,0.844105142857
1988-03-31,10.6739130435,10.7608695652,10.6141304348,10.6902173913,5573.91304348,0.802740913043
1988-04-30,10.6710526316,10.7236842105,10.6513157895,10.6842105263,8573.68421053,0.802289894737
1988-05-31,10.9191176471,10.9632352941,10.8529411765,10.9117647059,8647.05882353,0.819377176471
1988-06-30,10.85625,10.9,10.8375,10.8875,6800.0,0.8175549
1988-07-31,10.7291666667,10.8020833333,10.7083333333,10.7604166667,2816.66666667,0.80801225
1988-08-31,10.7222222222,10.7430555556,10.6875,10.7083333333,1944.44444444,0.804101222222
1988-09-30,10.3157894737,10.3421052632,10.2828947368,10.3157894737,1836.84210526,0.774624473684
1988-10-31,10.1776315789,10.2039473684,10.1052631579,10.1381578947,2573.68421053,0.761286052632
1988-11-30,9.7,9.7625,9.6375,9.68125,3655.0,0.7269763
1988-12-31,9.71875,9.8375,9.65625,9.73125,4275.0,0.73073085
1989-01-31,10.0297619048,10.0892857143,9.99404761905,10.0535714286,3414.28571429,0.754934428571
1989-02-28,10.5,10.5955882353,10.3970588235,10.5294117647,10770.5882353,0.790665705882
1989-03-31,10.5773809524,10.6547619048,10.5297619048,10.6071428571,2847.61904762,0.796502714286
1989-04-30,10.5661764706,10.6544117647,10.4779411765,10.5514705882,4158.82352941,0.792322117647
1989-05-31,11.3863636364,11.4488636364,11.3181818182,11.4034090909,5927.27272727,0.856295227273
1989-06-30,12.3181818182,12.4147727273,12.2329545455,12.3352272727,4627.27272727,0.926266727273
1989-07-31,12.5367647059,12.6029411765,12.4558823529,12.5514705882,2629.41176471,0.942504647059
1989-08-31,13.2840909091,13.3579545455,13.2272727273,13.2897727273,3263.63636364,0.997944363636
1989-09-30,13.85625,13.925,13.79375,13.8875,4190.0,1.04282835
1989-10-31,13.4345238095,13.5773809524,13.369047619,13.5,4147.61904762,1.01373057143
1989-11-30,14.505952381,14.5952380952,14.4464285714,14.5357142857,2771.42857143,1.09150366667
1989-12-31,15.5921052632,15.6513157895,15.5328947368,15.6052631579,3694.73684211,1.17181742105
1990-01-31,15.15,15.1625,15.08125,15.0875,3800.0,1.1329379
1990-02-28,14.6447368421,14.6907894737,14.6118421053,14.6578947368,2910.52631579,1.11349752632
1990-03-31,15.0,15.0875,14.94375,15.025,4675.0,1.15196415
1990-04-30,15.5347222222,15.5694444444,15.4513888889,15.4930555556,2322.22222222,1.20627027778
1990-05-31,15.2727272727,15.3125,15.2329545455,15.2840909091,1595.45454545,1.19000059091
1990-06-30,15.1111111111,15.1666666667,15.0694444444,15.125,1938.88888889,1.1840805
1990-07-31,14.8125,14.8671875,14.8046875,14.8515625,1643.75,1.1797243125
1990-08-31,14.2619047619,14.3095238095,14.2142857143,14.2678571429,5352.38095238,1.13335785714
1990-09-30,14.1666666667,14.1666666667,14.1527777778,14.1597222222,2761.11111111,1.13016666667
1990-10-31,13.15,13.1625,13.06875,13.09375,2870.0,1.06266325
1990-11-30,12.4779411765,12.5073529412,12.4338235294,12.4632352941,2464.70588235,1.01149170588
1990-12-31,12.8916666667,12.9833333333,12.8416666667,12.925,3486.66666667,1.05376346667
1991-01-31,13.25,13.30625,13.175,13.24375,7325.0,1.09926495
1991-02-28,16.4930555556,16.7708333333,16.3402777778,16.5972222222,8405.55555556,1.37761188889
1991-03-31,17.56875,17.76875,17.50625,17.675,5850.0,1.4744839
1991-04-30,20.0965909091,20.3863636364,19.8693181818,20.1761363636,7609.09090909,1.70718872727
1991-05-31,21.6306818182,21.8352272727,21.4886363636,21.7556818182,5650.0,1.84084081818
1991-06-30,23.15625,23.36875,22.91875,23.14375,5935.0,1.9631013
1991-07-31,25.8011363636,26.0340909091,25.6420454545,25.9147727273,6536.36363636,2.22421295455
1991-08-31,27.9431818182,28.1534090909,27.8295454545,27.9659090909,3436.36363636,2.40025781818
1991-09-30,27.40625,27.50625,27.225,27.35625,5150.0,2.36358685
1991-10-31,19.4673913043,20.0163043478,19.0652173913,19.6630434783,19321.7391304,3.11061669565
1991-11-30,10.74375,10.95,10.525,10.74375,7400.0,3.6546075
1991-12-31,10.6488095238,10.755952381,10.494047619,10.630952381,7990.47619048,3.65433761905
1992-01-31,12.375,12.5909090909,12.1136363636,12.3522727273,9268.18181818,4.37903686364
1992-02-29,13.1513157895,13.4210526316,12.9802631579,13.2236842105,19047.3684211,4.79520284211
1992-03-31,14.4107142857,14.5178571429,14.2619047619,14.3333333333,9190.47619048,5.23376466667
1992-04-30,12.8452380952,12.9583333333,12.6964285714,12.8214285714,5490.47619048,4.71033709524
1992-05-31,12.15625,12.25,12.08125,12.20625,11670.0,4.48433285
1992-06-30,12.1022727273,12.1477272727,12.0340909091,12.0738636364,6445.45454545,4.44483104545
1992-07-31,11.3125,11.3806818182,11.2215909091,11.3068181818,5836.36363636,4.19232913636
1992-08-31,10.95,11.03125,10.875,10.9375,6025.0,4.05539365
1992-09-30,11.4464285714,11.5892857143,11.4107142857,11.5297619048,3804.76190476,4.2892142381
1992-10-31,13.3238636364,13.4488636364,13.2784090909,13.3636363636,3377.27272727,5.01919945455
1992-11-30,14.3125,14.4375,14.2625,14.39375,5530.0,5.4060962
1992-12-31,16.0416666667,16.1130952381,15.9642857143,16.0595238095,2933.33333333,6.04323171429
1993-01-31,16.19375,16.2625,16.16875,16.2125,1765.0,6.1497454
1993-02-28,16.1776315789,16.2894736842,15.9342105263,16.0394736842,4610.52631579,6.08411268421
1993-03-31,16.7663043478,16.972826087,16.7336956522,16.9076086957,2882.60869565,6.43026191304
1993-04-30,17.8333333333,17.875,17.75,17.7916666667,1409.52380952,6.82621738095
1993-05-31,16.8092105263,16.8684210526,16.7631578947,16.8223684211,1073.68421053,6.454322
1993-06-30,17.1988636364,17.2159090909,17.1306818182,17.1647727273,1036.36363636,6.60303113636
1993-07-31,18.3392857143,18.5357142857,18.2738095238,18.4583333333,2104.76190476,7.16507352381
1993-08-31,19.4090909091,19.4772727273,19.3693181818,19.4375,809.090909091,7.54516213636
1993-09-30,20.369047619,20.5,20.3214285714,20.4285714286,2538.0952381,7.95313747619
1993-10-31,22.9125,23.10625,22.875,23.06875,2560.0,9.0608029
1993-11-30,25.7797619048,25.8988095238,25.6666666667,25.755952381,1847.61904762,10.1993996667
1993-12-31,25.8863636364,25.9375,25.8295454545,25.8920454545,1431.81818182,10.6370208636
1994-01-31,26.9464285714,27.1904761905,26.8214285714,27.0416666667,2847.61904762,11.1881000952
1994-02-28,27.5328947368,27.5921052632,27.3486842105,27.4013157895,2984.21052632,11.3368997895
1994-03-31,26.8011363636,26.9829545455,26.6363636364,26.8522727273,2481.81818182,11.1377935
1994-04-30,25.1644736842,25.2105263158,25.0921052632,25.1513157895,1463.15789474,10.5232533684
1994-05-31,26.0892857143,26.1845238095,25.9523809524,26.1071428571,1442.85714286,10.9231691429
1994-06-30,28.6022727273,28.7443181818,28.5284090909,28.6647727273,1527.27272727,12.0231115
1994-07-31,27.525,27.55,27.4125,27.4375,1055.0,11.60463755
1994-08-31,26.0454545455,26.1590909091,25.9545454545,26.0511363636,1722.72727273,11.0182777273
1994-09-30,27.0416666667,27.130952381,27.0178571429,27.1071428571,890.476190476,11.4961193333
1994-10-31,27.7321428571,27.7797619048,27.6845238095,27.7321428571,600.0,11.861426381
1994-11-30,27.8154761905,27.869047619,27.75,27.7976190476,1157.14285714,11.8894315714
1994-12-31,26.3928571429,26.4761904762,26.3273809524,26.3928571429,1576.19047619,11.3318180476
1995-01-31,25.425,25.43125,25.325,25.35,880.0,11.02057535
1995-02-28,24.75,24.8618421053,24.6776315789,24.7894736842,2536.84210526,10.7768936842
1995-03-31,24.4945652174,24.625,24.3967391304,24.5434782609,1886.95652174,10.7092646087
1995-04-30,25.4736842105,25.6118421053,25.4276315789,25.5789473684,1984.21052632,11.3140623158
1995-05-31,25.9829545455,26.0227272727,25.9375,25.9829545455,1431.81818182,11.4927624545
1995-06-30,27.6071428571,27.7738095238,27.5595238095,27.6964285714,1200.0,12.2836941429
1995-07-31,29.19375,29.34375,29.1125,29.275,1480.0,13.1906291
1995-08-31,29.9130434783,30.0108695652,29.8586956522,29.9619565217,2160.86956522,13.5001556957
1995-09-30,30.2125,30.2875,30.125,30.2125,1450.0,13.6485595
1995-10-31,31.5568181818,31.7045454545,31.4943181818,31.6420454545,895.454545455,14.5075861818
1995-11-30,34.7625,35.00625,34.7,34.89375,1810.0,15.99846285
1995-12-31,37.5125,37.65,37.43125,37.5625,1215.0,17.25787915
1996-01-31,40.3522727273,40.4431818182,40.2727272727,40.3579545455,1600.0,18.7513868636
1996-02-29,39.56875,39.625,39.5,39.58125,585.0,18.39050915
1996-03-31,38.9761904762,39.0238095238,38.7083333333,38.7976190476,2690.47619048,18.0606821905
1996-04-30,36.53125,36.7375,36.35,36.525,2760.0,17.20208145
1996-05-31,36.3863636364,36.5227272727,36.1931818182,36.4034090909,2390.90909091,17.1448161364
1996-06-30,38.60625,38.76875,38.4125,38.625,2085.0,18.2273454
1996-07-31,38.2840909091,38.4602272727,38.1988636364,38.3977272727,1972.72727273,18.3308589545
1996-08-31,39.4285714286,39.505952381,39.3571428571,39.4464285714,1295.23809524,18.8315029524
1996-09-30,38.34375,38.43125,38.225,38.3125,2050.0,18.3273041
1996-10-31,38.8532608696,39.1141304348,38.7880434783,39.0108695652,2547.82608696,18.8828201739
1996-11-30,41.0125,41.18125,40.83125,40.975,1075.0,19.8335371
1996-12-31,43.16875,43.39375,43.04375,43.2875,2250.0,20.99608655
1997-01-31,45.0,45.1761363636,44.7897727273,44.9772727273,1818.18181818,22.0691980455
1997-02-28,45.9342105263,46.1447368421,45.7565789474,45.9671052632,2689.47368421,22.5548834737
1997-03-31,45.88125,46.01875,45.75625,45.91015605,1215.0,22.57111665
1997-04-30,42.0340909091,42.1306818182,41.8181818182,41.9147727273,2968.18181818,20.8383103636
1997-05-31,42.975,43.1625,42.85,43.09375,2320.0,21.4244497
1997-06-30,45.0148809524,45.1577380952,44.9107142857,45.0416666667,1304.76190476,22.435823
1997-07-31,46.5142045455,46.8664772727,46.3948863636,46.7698863636,2904.54545455,23.5654106818
1997-08-31,49.240625,49.603125,49.05,49.434375,2500.0,24.90793635
1997-09-30,54.4642857143,54.9880952381,54.2886904762,54.7886904762,2200.0,27.6501311905
1997-10-31,59.25,59.5489130435,58.8777173913,59.1929347826,3378.26086957,30.1453523913
1997-11-30,57.6282894737,57.7236842105,57.5032894737,57.5888157895,1589.47368421,29.3608178947
1997-12-31,55.5386904762,55.8005952381,55.2678571429,55.5238095238,9161.9047619,28.5775815238
1998-01-31,39.25625,39.425,38.96875,39.146875,4090.0,28.35846735
1998-02-28,35.75,36.0427631579,35.375,35.6677631579,5905.26315789,26.4116353684
1998-03-31,33.9176136364,34.2017045455,33.5284090909,33.8778409091,5636.36363636,25.0621814091
1998-04-30,34.0625,34.2857142857,33.9226190476,34.0535714286,12309.5238095,25.2163419048
1998-05-31,34.6125,34.85,34.134375,34.45625,8695.0,25.51452145
1998-06-30,29.28125,29.8892045455,28.7443181818,29.4659090909,10959.0909091,21.8192220909
1998-07-31,26.0446428571,26.3035714286,25.3720238095,25.5773809524,8995.23809524,18.9398044762
1998-08-31,21.3988095238,21.6279761905,21.2321428571,21.4613095238,4171.42857143,15.8918931429
1998-09-30,23.4702380952,23.875,23.068452381,23.5803571429,2890.47619048,17.461027619
1998-10-31,22.1785714286,23.0803571429,21.7053571429,22.5535714286,5576.19047619,16.7007027143
1998-11-30,18.109375,18.571875,17.525,17.853125,6250.0,13.2200673
1998-12-31,15.46875,15.7784090909,15.2215909091,15.4204545455,6295.45454545,11.4186982727
1999-01-31,14.3289473684,14.7105263158,13.7434210526,14.3190789474,7363.15789474,10.6031400526
1999-02-28,10.5868055556,10.8125,10.2569444444,10.4861111111,6938.88888889,7.76486433333
1999-03-31,8.85326086957,9.01902173913,8.61956521739,8.80434782609,8495.65217391,6.51953482609
1999-04-30,8.10714285714,8.26785714286,7.91369047619,8.11607142857,9090.47619048,6.00987280952
1999-05-31,7.3625,7.471875,7.221875,7.31875,9055.0,5.41946395
1999-06-30,6.49107142857,6.70238095238,6.28571428571,6.52083333333,23571.4285714,4.82861438095
1999-07-31,7.87202380952,8.14880952381,7.52083333333,7.75,18600.0,5.73880042857
1999-08-31,6.63352272727,6.72727272727,6.46590909091,6.59659090909,5468.18181818,4.88471204545
1999-09-30,6.32738095238,6.47619047619,6.27083333333,6.4255952381,5295.23809524,4.75809152381
1999-10-31,6.08928571429,6.19047619048,5.95535714286,6.07738095238,10071.4285714,4.47914942857
1999-11-30,5.05654761905,5.27678571429,4.80952380952,5.08333333333,22690.4761905,3.76415933333
1999-12-31,4.9375,5.16761363636,4.77272727273,4.94886363636,9540.90909091,3.66458586364
2000-01-31,5.03125,5.171875,4.865625,4.9875,5200.0,3.69319575
2000-02-29,4.403125,4.565625,4.325,4.45,4795.0,3.2951821
2000-03-31,4.44602272727,4.57954545455,4.36931818182,4.45170454545,5186.36363636,3.29644422727
2000-04-30,4.59539473684,4.71052631579,4.53618421053,4.63157894737,6426.31578947,3.42963968421
2000-05-31,4.82954545455,4.88068181818,4.78977272727,4.84090909091,6845.45454545,3.58464668182
2000-06-30,4.58522727273,4.69886363636,4.54829545455,4.67613636364,4109.09090909,3.46263386364
2000-07-31,4.790625,4.8625,4.675,4.76875,5125.0,3.53121345
2000-08-31,4.10227272727,4.18465909091,4.00852272727,4.07102272727,6027.27272727,3.01455318182
2000-09-30,3.603125,3.671875,3.53125,3.596875,11835.0,2.66345145
2000-10-31,3.01704545455,3.12215909091,2.90909090909,3.01420454545,6436.36363636,2.2319895
2000-11-30,3.40773809524,3.54166666667,3.33928571429,3.47023809524,5614.28571429,2.56967795238
2000-12-31,4.90625,5.446875,4.8,5.128125,57170.0,3.79621345
2001-01-31,7.645,7.80416666667,7.51011904762,7.67678571429,6066.66666667,5.68458585714
2001-02-28,8.12368421053,8.16052631579,8.03421052632,8.09526315789,2989.47368421,5.99446442105
2001-03-31,8.63863636364,8.79590909091,8.55545454545,8.725,14963.6363636,6.4607785
2001-04-30,10.4294736842,10.5252631579,10.3478947368,10.4431578947,5757.89473684,7.733058
2001-05-31,12.9704545455,13.1636363636,12.8040909091,13.0672727273,15486.3636364,9.67618972727
2001-06-30,14.739047619,15.0819048095,14.4861904762,14.9495238571,18876.1904762,11.0699784762
2001-07-31,18.74450015,19.2645004,18.41950015,18.862,16165.0,13.96712945
2001-08-31,18.9734783478,19.2260871739,18.6808696522,18.9660867826,5413.04347826,14.0442047826
2001-09-30,14.4620000667,14.7446668,14.0306667333,14.4526666667,11093.3333333,10.7020605333
2001-10-31,16.4795652609,16.7256521304,16.2513043913,16.5686956957,3530.43478261,12.2689596522
2001-11-30,15.9405,16.06149995,15.73949995,15.9199999,4180.0,11.7886067
2001-12-31,15.4665,15.6615,15.2345,15.504,4415.0,11.4805629
2002-01-31,15.150952381,15.3828571429,15.049047619,15.2557142857,5190.47619048,11.2967097143
2002-02-28,15.3615789474,15.5184210526,15.12,15.3357894737,4452.63157895,11.3560045263
2002-03-31,15.2478947368,15.4310526842,15.0763157895,15.3126316316,4031.57894737,11.3388564211
2002-04-30,16.5045454091,16.7004544091,16.2327272727,16.516818,5654.54545455,12.2305446818
2002-05-31,18.6145455,18.9177273182,18.1099999091,18.6609091364,8000.0,13.8182237273
2002-06-30,18.5260001,18.99049995,18.1294999,18.721,11770.0,13.86272035
2002-07-31,19.528571619,20.1290478095,18.9452381429,19.4938096667,9271.42857143,14.434978381
2002-08-31,18.6000000455,18.9577275,18.3181816364,18.6631818636,3404.54545455,13.8199065455
2002-09-30,18.0435001,18.25049995,17.8510002,18.1104999,6610.0,13.410651
2002-10-31,17.6763636364,17.8681818182,17.4254545455,17.6977272727,4272.72727273,13.1049967273
2002-11-30,18.7005001,18.9945,18.55300005,18.8605,6185.0,13.96601885
2002-12-31,19.4652381429,19.6323810952,19.1914287143,19.353333381,3361.9047619,14.3309570952
2003-01-31,17.63800005,17.8220005,17.44099985,17.63200005,3875.0,13.0563264
2003-02-28,17.8663155789,18.0473681579,17.7315788947,17.9394737895,6363.15789474,13.2840075789
2003-03-31,18.4742858095,18.701428619,18.3252379048,18.5576189048,6109.52380952,13.7417382381
2003-04-30,19.4390477143,19.5614286667,19.2661904286,19.4052381905,4100.0,14.3693922381
2003-05-31,18.9480003,19.2060002,18.7719999,19.00500005,4685.0,14.0730196
2003-06-30,19.706666619,19.992381,19.4742856667,19.7261902857,6623.80952381,14.6070542857
2003-07-31,20.0881818636,20.2890909091,19.8672726364,20.0986363182,4245.45454545,14.8828468182
2003-08-31,19.5175001,19.6,19.30999995,19.4430001,4520.0,14.39735445
2003-09-30,18.8342856667,19.1157142381,18.3399998095,18.6323809048,25533.3333333,13.7970987619
2003-10-31,16.5169566522,16.8073913478,16.343913087,16.6569566957,14752.173913,12.334316087
2003-11-30,19.9772224444,20.4655557778,19.5622222222,20.0844443333,9433.33333333,14.8723378333
2003-12-31,19.8731819545,20.1663637273,19.5618181818,19.8800000455,5777.27272727,14.7209487273
2004-01-31,19.84600015,20.10500015,19.5514999,19.8794999,3755.0,14.7205784
2004-02-29,21.0555555,21.4705554444,20.8827776667,21.3061111667,5716.66666667,15.7769702778
2004-03-31,21.6947826522,22.0317394348,21.4499999565,21.8247825652,13843.4782609,16.1610415217
2004-04-30,27.7085713333,28.1980953333,27.4319045714,27.9138095238,6685.71428571,20.682878619
2004-05-31,27.4857893684,27.8242103158,27.008421,27.3342103684,8384.21052632,20.3249859474
2004-06-30,27.5438095238,27.9904760952,27.2042854762,27.6433332857,7019.04761905,20.5683968571
2004-07-31,26.8690474286,27.0442857619,26.5642854762,26.7842857619,4919.04761905,20.008708619
2004-08-31,27.0604545455,27.3218184545,26.8736363182,27.0936363636,4281.81818182,20.2397992727
2004-09-30,28.1452380952,28.448095381,27.8942856667,28.2033332381,3852.38095238,21.0824151429
2004-10-31,29.6842856667,29.9671429524,29.4671429524,29.7895237619,4147.61904762,22.3553318571
2004-11-30,31.2620001,31.64150005,31.0519999,31.4820002,3855.0,23.62543855
2004-12-31,34.7540911364,35.0654547273,34.3772729091,34.7645456818,4818.18181818,26.1013548182
2005-01-31,31.9500004,32.23599985,31.5435,31.79350005,5805.0,23.9425662
2005-02-28,33.4033334444,33.805556,33.1544446111,33.6055555556,5483.33333333,25.3071613333
2005-03-31,35.3754544091,35.5604544545,34.9386366364,35.2249999545,6731.81818182,26.5396469091
2005-04-30,32.5628578095,32.8680954762,32.1180954286,32.3642855238,6252.38095238,24.462075
2005-05-31,33.9025001,34.4500001,33.43550005,33.9970005,5585.0,25.69613875
2005-06-30,33.9049998182,34.261364,33.5863635,33.9609092727,7813.63636364,25.6851121818
2005-07-31,34.2024997,34.4395001,33.96299975,34.22400015,10980.0,25.98150165
2005-08-31,34.8345455,35.2395458182,34.6113635,34.9649999545,6840.90909091,26.5440391818
2005-09-30,35.6690476667,35.9066669524,35.3690471905,35.6476191905,8047.61904762,27.0786758571
2005-10-31,35.18650015,35.48400025,34.88,35.19700015,3890.0,26.8356037
2005-11-30,37.5880956667,37.9319048095,37.3785719524,37.6966668095,3657.14285714,28.7414497619
2005-12-31,37.3852382857,37.7061905714,37.105238381,37.3909525714,5619.04761905,28.5247418571
2006-01-31,38.6570002,39.1435004,38.29499985,38.80250025,5945.0,29.70491025
2006-02-28,39.5400001579,39.9684216316,39.1973684211,39.604737,5389.47368421,30.3191544737
2006-03-31,39.2804350435,39.6765224348,38.8395649565,39.2634786522,6473.91304348,30.0735080435
2006-04-30,40.0944446667,40.4100005,39.6216663333,40.1616673333,9594.44444444,30.8652957778
2006-05-31,43.4754546818,43.9881820909,43.1404545,43.6445458182,9036.36363636,33.5419793182
2006-06-30,44.7740904091,45.3704543182,44.1368176818,44.7895453636,13268.1818182,34.4412524091
2006-07-31,43.5852631053,44.3052628947,42.7905265263,43.8205263684,7815.78947368,33.8213160526
2006-08-31,44.9234782609,45.5195651304,44.416087,45.0286957391,5678.26086957,34.7537986957
2006-09-30,51.4840001,52.2010002,50.934,51.71350015,7215.0,39.9342773
2006-10-31,54.9572730455,55.8340914545,54.3349996818,55.1836361818,9081.81818182,42.732846
2006-11-30,54.1457141429,55.2347621429,53.0557134286,54.1266668095,16971.4285714,41.9143548571
2006-12-31,56.0089477368,56.5557898421,55.3205262632,55.9768424737,18094.7368421,43.3689960526
2007-01-31,54.7540001,55.1920005,54.21800005,54.8454998,18620.0,42.60854665
2007-02-28,55.1931582632,55.7115795263,54.5036842105,55.286316,19973.6842105,42.9510092105
2007-03-31,52.3000004762,52.851428619,51.3633329524,52.1261900952,24209.5238095,40.5156473333
2007-04-30,51.98099995,52.43600015,51.4169997,51.9810003,13250.0,40.5239275
2007-05-31,52.1199997727,52.8372726364,51.4354543182,52.1968181364,17822.7272727,40.6921769091
2007-06-30,51.1885003,51.73999985,50.6695001,51.19549995,15800.0,39.9367155
2007-07-31,52.4285718571,52.9428572857,51.6919046667,52.4638099048,20947.6190476,41.0699658571
2007-08-31,51.6959091364,52.5649998636,50.7181818636,51.6786361818,19436.3636364,40.4553127273
2007-09-30,52.0810525789,52.4026317895,51.4989475789,51.9847369474,12094.7368421,40.7208829474
2007-10-31,52.5982606957,53.0726088261,51.5791306957,52.479564913,20656.5217391,41.2469743478
2007-11-30,49.03750025,49.6590001,48.1134997,48.90149995,21995.0,38.43474915
2007-12-31,50.34049965,51.0100002,49.6609999,50.4350005,17640.0,39.6641544
2008-01-31,50.3133334762,50.9038097143,49.6919050476,50.2971430476,16895.2380952,39.6887495238
2008-02-29,48.0978949474,48.6989475789,47.4663154211,47.9873681053,16410.5263158,37.8661396316
2008-03-31,48.34250025,49.1535001,47.6049997,48.46350015,17690.0,38.2663903
2008-04-30,50.059523619,50.9385718571,49.4476192857,50.217142381,9738.0952381,39.7929228095
2008-05-31,50.7876189048,51.4428571429,50.1071428095,50.7761904762,16776.1904762,40.2359219048
2008-06-30,49.033333619,49.5404760476,48.3528567143,48.7985716667,37376.1904762,38.6952814762
2008-07-31,46.4266666667,47.2571435714,45.5885710476,46.6666661905,29304.7619048,37.1659928095
2008-08-31,49.522380381,49.8804761429,48.8923806667,49.5014289048,20928.5714286,39.4236377143
2008-09-30,49.0833334286,49.8876191905,48.0828572857,48.8523811429,29528.5714286,38.933631
2008-10-31,41.0127273182,42.3009090455,39.3990909091,40.7940909091,30059.0909091,32.6489359091
2008-11-30,42.0252628421,44.2421054211,40.4773683684,42.377895,29684.2105263,33.9165097368
2008-12-31,45.7876193333,47.8314288571,44.3523810476,46.284286,30004.7619048,37.0705901429
2009-01-31,46.5714998,47.6370004,45.1840002,46.37399995,17615.0,37.3004606
2009-02-28,46.3884208947,47.1994741579,45.0078950526,45.9878948421,18605.2631579,36.9899007895
2009-03-31,39.2795237619,40.7404765714,37.7200000476,39.2057148095,27452.3809524,31.5594985238
2009-04-30,40.9509522857,41.9276192381,39.7819047619,41.1295241905,25747.6190476,33.2637639524
2009-05-31,38.1626313158,38.8200006316,37.1873687895,37.998948,26352.6315789,30.7318905263
2009-06-30,38.6436364091,39.1050005455,38.0659091364,38.6322727273,24959.0909091,31.2730030909
2009-07-31,37.8290907727,38.2995458636,37.2109087273,37.7809090909,16795.4545455,30.7661112273
2009-08-31,38.22949985,38.6769996,37.5325003,38.2005005,27295.0,31.10779705
2009-09-30,38.0761907143,38.460476619,37.6338091429,38.1800003333,21923.8095238,31.1216449524
2009-10-31,36.7309087727,37.0972730909,36.3886365909,36.7836364091,17590.9090909,30.1653462727
2009-11-30,36.7620001,37.19799975,36.2864996,36.93400005,20915.0,30.28513985
2009-12-31,36.5086366818,36.9863635455,36.2295455455,36.6440911818,20977.2727273,30.0797068636
2010-01-31,36.3173684211,36.6942104211,35.8878946842,36.2473686842,18089.4736842,29.9342243158
2010-02-28,36.3915791053,36.6268424211,36.0521050526,36.4105262632,10936.8421053,30.0484070526
2010-03-31,35.907825913,36.196522,35.526956913,35.8295646957,20460.8695652,29.6172086957
2010-04-30,35.51550025,35.82400025,35.23300015,35.5745001,22725.0,29.5964155
2010-05-31,35.15399965,35.50000035,34.86499995,35.1780005,23675.0,29.26654545
2010-06-30,34.8290905455,35.143637,34.5022727727,34.7822728636,27559.0909091,28.9689569091
2010-07-31,34.54999955,34.8229999,34.16900015,34.5234994,14760.0,28.9503709
2010-08-31,34.5740907273,34.8513630455,34.2818180455,34.5799999545,23350.0,28.9977505455
2010-09-30,35.8747619048,36.1909524286,35.5185716667,35.9290473333,18980.952381,30.1633568095
2010-10-31,36.72299975,36.98150005,36.2465004,36.62199995,15300.0,30.9511747
2010-11-30,39.8819050476,40.3804758095,39.5638093333,40.1033330476,16580.952381,33.893432
2010-12-31,46.3454547273,46.7345454091,45.8727275455,46.3072726818,16081.8181818,39.1514431364
2011-01-31,45.69199975,46.1069997,44.98200005,45.45350035,20950.0,38.64685505
2011-02-28,45.4652626842,45.9957895789,44.9005255789,45.5526316316,15321.0526316,38.7311414211
2011-03-31,46.715909,47.0681820909,46.2045450909,46.5254545909,26204.5454545,39.5905407273
2011-04-30,47.0835001,47.37299955,46.4965004,46.95750015,17560.0,40.1646059
2011-05-31,46.4733328571,46.9528570476,46.1138092857,46.540952381,23919.047619,39.8083161429
2011-06-30,47.6204760952,48.3657142857,47.1452382857,47.8523805714,30071.4285714,40.9667746667
2011-07-31,49.3924999,49.79550015,48.8109998,49.29549995,25585.0,42.42206455
2011-08-31,34.7327272273,35.6854546364,33.5981816364,34.4509089545,47763.6363636,29.6473043182
2011-09-30,33.523809619,34.3366668095,32.7052378571,33.4785713333,47804.7619048,28.8461650476
2011-10-31,35.4519047143,36.3957147619,34.663809619,35.5876187619,45157.1428571,30.899124381
2011-11-30,39.76399975,40.6409999,39.01450015,39.8244998,53690.0,34.57781725
2011-12-31,42.2242859524,42.7919050476,41.3233332857,42.0076194286,39104.7619048,36.5106225238
2012-01-31,43.4857894211,43.8694734211,42.8857896842,43.4178951579,27515.7894737,37.972165
2012-02-29,46.84649995,47.4295006,46.1419999,46.7865004,22135.0,40.9182598
2012-03-31,45.5122731818,46.0395456364,45.0295451818,45.5290909545,30890.9090909,39.8545161818
2012-04-30,45.21650025,45.77700025,44.75100005,45.25150005,27325.0,39.83695395
2012-05-31,43.4090908636,43.9663635909,42.9545454091,43.3772726364,21977.2727273,38.1869905
2012-06-30,43.09199985,43.76049995,42.3985007,43.1859998,23505.0,38.0591478
2012-07-31,46.0228573333,46.651428619,45.404761619,46.0323807143,17995.2380952,40.8036888571
2012-08-31,44.8952176957,45.4826088696,44.0786954348,44.9195652174,16852.173913,39.8172748261
2012-09-30,46.7605552222,47.1716669444,46.2600001111,46.8138892778,19372.2222222,41.5261948889
2012-10-31,48.1528575714,48.4571432381,47.6152380476,48.0628569048,11076.1904762,42.8714763333
2012-11-30,45.7228571905,46.000952381,45.3719048571,45.6747622381,15742.8571429,40.7413251905
2012-12-31,46.9747368421,47.3794735789,46.3463154211,47.0121054211,18889.4736842,42.5489463158
2013-01-31,48.887143,49.2647617619,48.4433332381,48.9752379048,10323.8095238,44.9106490476
2013-02-28,47.5115787895,47.8400001053,47.0673685263,47.4215785789,9326.31578947,43.4859322632
2013-03-31,46.5257900526,46.9568423158,46.15,46.5805264211,13736.8421053,42.7576432632
2013-04-30,45.4704543636,45.8231816818,45.1881817273,45.5104546818,12945.4545455,42.0021475
2013-05-31,47.1252383333,47.4976190476,46.8957145714,47.2371424286,18566.6666667,43.5957284762
2013-06-30,47.37950005,47.68050045,47.0849998,47.38149975,15040.0,43.7735364
2013-07-31,48.5218183636,48.8822731364,48.1772731818,48.5472726364,18595.4545455,45.1093991818
2013-08-31,47.4347620952,47.841428381,46.8966665238,47.305714,15228.5714286,43.9557615714
2013-09-30,47.40800025,47.8004999,46.9104999,47.48899945,11360.0,44.16926785
2013-10-31,48.7395454545,49.164091,48.3449998182,48.7636360909,17740.9090909,45.6067074091
2013-11-30,50.42900005,51.2854996,50.1734998,50.8865002,14070.0,47.5921383
2013-12-31,54.057143,54.6061902381,53.211905,53.9261900476,20780.952381,50.476674619
2014-01-31,52.95500005,53.4455,52.28349985,52.7725002,13285.0,49.64226665
2014-02-28,50.2463162105,50.8831578421,49.6021052632,50.2031581579,20436.8421053,47.2253266842
2014-03-31,53.8290471905,54.7395239048,53.2466664762,54.0066666667,17952.3809524,50.8459555714
2014-04-30,54.357619,55.1685718095,53.4980949524,54.2838096667,15647.6190476,49.0301073333
2014-05-31,53.8476193333,54.4566669048,53.1080953333,53.8180950952,18514.2857143,50.9190060952
2014-06-30,55.0805002,55.71449975,54.5905002,55.28149985,18960.0,52.3517034
2014-07-31,56.3463640455,57.1549998182,55.5936364091,56.3790902727,15477.2727273,53.665388
2014-08-31,56.281428,56.873809381,55.7252382857,56.3276189524,12109.5238095,53.616394
2014-09-30,56.9204998,57.44300035,56.32299985,56.78599975,22110.0,54.10193825
2014-10-31,56.9639126522,57.7878262609,56.4486955217,57.1460870435,17434.7826087,54.7283996957
2014-11-30,61.2227778333,61.6599999444,60.4011107778,61.0927774444,12205.5555556,58.5081167778
2014-12-31,61.9881814545,62.9563640455,61.5709089545,62.2731817273,16377.2727273,59.6826598636
2015-01-31,63.06349965,63.67799945,62.15500015,63.0215004,10045.0,60.67587765
2015-02-28,63.726667,64.0927770556,63.0322215556,63.592222,8505.55555556,61.2253573333
2015-03-31,63.9640906818,64.4454546364,63.1727271818,63.8154547273,14045.4545455,61.4852189545
2015-04-30,63.8419040476,64.3023804286,63.1414289048,63.7880952857,10866.6666667,61.7421498095
2015-05-31,62.371,62.89400025,61.7615,62.2644999,15025.0,60.26314935
2015-06-30,64.0959098182,64.6754547273,63.4790907727,64.264091,20559.0909091,62.2554666818
2015-07-31,63.9738092857,64.5685714762,63.2995236667,63.9104760952,17266.6666667,62.240528381
2015-08-31,62.0776191429,63.0204765714,61.3980950952,62.1928572381,18542.8571429,60.56779
2015-09-30,61.6861909048,62.4519045714,61.026667,61.6857141429,20638.0952381,60.1284685714
2015-10-31,63.9847615714,64.4985724762,63.6076196667,64.0914287143,18000.0,62.8213979524
2015-11-30,65.8470005,66.5095012,65.294001,65.9810005,22935.0,64.67352615
2015-12-31,64.6959096364,65.2818186364,64.0327271818,64.3895458182,24059.0909091,63.1667822727
2016-01-31,60.8999992778,61.9,60.0683326111,61.0277775556,24672.2222222,60.1997063333
2016-02-29,62.2115005,63.3599995,61.2235003,62.33149975,23290.0,61.48573875
2016-03-31,63.1109090909,63.9409091364,62.3227266364,63.2845460909,58927.2727273,62.4806309545
2016-04-30,63.276666381,63.9933332857,62.7638095714,63.4209520952,40609.5238095,62.9716545238
2016-05-31,63.3652389524,64.0019048095,62.673809619,63.3666661429,37028.5714286,62.9177532857
2016-06-30,63.551429,64.2966669524,62.8499997619,63.7280950952,40276.1904762,63.341045619
2016-07-31,65.41250015,65.9225001,64.6384998,65.36249975,25750.0,65.36249975
2016-08-31,63.7660002,64.3300004,63.1459998,63.686,23960.0,63.686
