Date,Open,High,Low,Close,Volume,Adj Close
2013-11-30,13.996,14.3059333333,13.7873333333,13.98,165266.666667,13.98
2013-12-31,12.9633333333,13.289047619,12.5504761905,12.8157142857,304547.619048,12.8157142857
2014-01-31,12.3275,12.595,12.134,12.285,84430.0,12.285
2014-02-28,11.9063157895,12.1089473684,11.7478947368,11.8384210526,70321.0526316,11.8384210526
2014-03-31,11.4680952381,11.6423809524,11.1728571429,11.4919047619,276623.809524,11.4919047619
2014-04-30,11.314,11.45275,11.02635,11.2495,141450.0,11.2495
2014-05-31,10.419047619,10.5584285714,10.2019047619,10.3657142857,111909.52381,10.3657142857
2014-06-30,11.2433333333,11.4628095238,11.0674285714,11.2447619048,638452.380952,11.2447619048
2014-07-31,10.3027272727,10.4526363636,10.1654545455,10.2909090909,298550.0,10.2909090909
2014-08-31,9.91571428571,10.0444761905,9.77,9.90476190476,135795.238095,9.90380952381
2014-09-30,9.12380952381,9.28119047619,8.93442857143,9.06952380952,360761.904762,9.06952380952
2014-10-31,8.57347826087,8.71486956522,8.41930434783,8.58260869565,360256.521739,8.58260869565
2014-11-30,9.23888888889,9.33461111111,9.09888888889,9.19666666667,254427.777778,9.19666666667
2014-12-31,8.83190909091,8.93368181818,8.74363636364,8.84909090909,141918.181818,8.84909090909
2015-01-31,8.0925,8.18715,7.92325,8.0245,148940.0,8.0245
2015-02-28,8.11555555556,8.27422222222,7.96105555556,8.08,345611.111111,8.08
2015-03-31,7.43545454545,7.52445454545,7.35854545455,7.44,243659.090909,7.44
2015-04-30,7.72380952381,7.82595238095,7.63404761905,7.74571428571,128614.285714,7.74571428571
2015-05-31,7.974,8.08225,7.8575,7.965,175525.0,7.965
2015-06-30,8.02761904762,8.10633333333,7.9370952381,8.01857142857,233509.52381,8.01857142857
2015-07-31,7.99681818182,8.06295454545,7.91340909091,7.98545454545,275809.090909,7.98545454545
2015-08-31,8.42523809524,8.59047619048,8.29071428571,8.40714285714,451961.904762,8.40714285714
2015-09-30,8.23619047619,8.30904761905,8.13380952381,8.20428571429,300623.809524,8.20428571429
2015-10-31,7.69047619048,7.8049047619,7.54214285714,7.66857142857,388957.142857,7.66857142857
2015-11-30,7.4285,7.53325,7.31375,7.4235,226730.0,7.4235
2015-12-31,6.96909090909,7.04545454545,6.85704545455,6.94272727273,220850.0,6.94272727273
2016-01-31,5.76833333333,5.87083333333,5.55,5.69277777778,377850.0,5.69277777778
2016-02-29,4.9195,5.043,4.75375,4.9135,417335.0,4.9135
2016-03-31,5.10045454545,5.19318181818,5.01295454545,5.09590909091,388818.181818,5.09590909091
2016-04-30,5.15523809524,5.29947619048,5.07719047619,5.2,264852.380952,5.2
2016-05-31,6.1365,6.23475,6.02705,6.122,663090.0,6.122
2016-06-30,5.72227272727,5.78886363636,5.60318181818,5.68,429409.090909,5.68
2016-07-31,5.872,5.93495,5.8115,5.8925,220120.0,5.8925
2016-08-31,6.552,6.65,6.468,6.584,496620.0,6.584
