Date,Open,High,Low,Close,Volume,Adj Close
1981-12-31,52.374976,52.499959,52.249997,52.374976,33800.0,2.886556
1982-01-31,47.3249905,47.8562376,46.73749525,47.2124946,300450.0,2.6020346
1982-02-28,47.3124842222,47.7916575,46.7916618889,47.1249911111,135527.777778,2.60272822222
1982-03-31,43.945647087,44.3043528696,43.5434743913,43.9239167391,159365.217391,2.44470486957
1982-04-30,47.72498815,48.06874785,47.3374948,47.6562355,175870.0,2.65243725
1982-05-31,51.21874715,51.74373875,50.63124225,51.1374898,289750.0,2.8512379
1982-06-30,49.4602191364,50.1079451818,48.8011275909,49.4090781364,307027.272727,2.77490759091
1982-07-31,50.8812434,51.381245,50.38123755,50.9624972,394520.0,2.86215045
1982-08-31,52.886352,53.6874882727,52.0624895909,52.9602169545,423395.454545,2.98128354545
1982-09-30,60.3749890476,61.0892773333,59.6071341429,60.3749858095,482052.380952,3.41787490476
1982-10-31,66.74373965,67.7562388,65.7062388,66.94373925,701150.0,3.7897371
1982-11-30,65.8868884762,66.7916564762,64.9285621429,65.8690441905,729328.571429,3.73609504762
1982-12-31,71.9821295238,72.6130882381,71.3333266667,71.9999878571,306223.809524,4.10529752381
1983-01-31,74.6249855714,75.1011842857,74.0892663333,74.4345014286,270580.952381,4.24410871429
1983-02-28,73.0986696316,73.5789420526,72.5723617368,72.9276222105,211515.789474,4.164818
1983-03-31,74.2329398636,74.8124888182,73.7329456364,74.3863495,155077.272727,4.26766990909
1983-04-30,75.03123315,76.13748335,74.19998275,75.3937401,346070.0,4.3254657
1983-05-31,85.7440287619,86.5476113333,85.4166577619,86.0356975238,170747.619048,4.94358561905
1983-06-30,91.827360619,92.184505,91.029748381,91.5059407619,214061.904762,5.27722314286
1983-07-31,90.30935535,91.112485,89.50623555,90.24374025,261335.0,5.20443095
1983-08-31,88.8206412174,89.1521542174,88.146722913,88.4728140435,185960.869565,5.10977621739
1983-09-30,82.2499725238,82.684505619,81.5356965714,81.9106991429,245952.380952,4.74529609524
1983-10-31,82.3214118095,82.958323,81.7618896667,82.3809365714,266723.809524,4.77478371429
1983-11-30,85.2380760476,85.6011748571,84.8214201429,85.1726037619,155761.904762,4.9453147619
1983-12-31,84.0374808,84.3437289,83.4437322,83.75624015,124665.0,4.87991885
1984-01-31,90.363081,90.9880787143,89.7380831429,90.2976020952,346800.0,5.26104033333
1984-02-29,82.97498985,83.68123585,82.4499838,82.9499871,215205.0,4.8421064
1984-03-31,77.0654629048,77.428552381,76.2559510476,76.7499909524,312919.047619,4.49593966667
1984-04-30,76.31873855,77.10623885,76.00624075,76.64374115,204975.0,4.48971575
1984-05-31,83.2443034545,83.6533946364,82.8465776818,83.2499909091,176022.727273,4.88510172727
1984-06-30,88.9562269,90.1499754,88.393734,89.22498155,416430.0,5.25507495
1984-07-31,92.0059391429,92.6428432857,91.4464144286,91.8035585238,177885.714286,5.40694519048
1984-08-31,105.107931909,106.204524864,104.624980545,105.352256,309718.181818,6.21131863636
1984-09-30,54.1709986842,54.6907374737,53.453899,53.8617963684,284252.631579,6.27008931579
1984-10-31,33.0108133478,33.391249087,32.5271156522,32.989073087,266821.73913,5.84502569565
1984-11-30,35.79369085,36.1749363,35.19369185,35.7249391,299895.0,6.33747625
1984-12-31,34.6311946,35.08118925,34.1499438,34.6186912,189100.0,6.18660345
1985-01-31,34.284032,34.8010785455,33.7953952273,34.3181244545,476200.0,6.13289018182
1985-02-28,39.4736163684,40.2630910526,39.0591431579,39.881509,400494.736842,7.13599521053
1985-03-31,41.8927827143,42.2975478571,41.3689718571,41.809450381,294190.47619,7.5242932381
1985-04-30,45.2856365238,45.809446,44.8153964762,45.2856348571,354828.571429,8.14988928571
1985-05-31,45.6963511905,46.1784905714,45.1546849048,45.6784937619,326914.285714,8.24140647619
1985-06-30,50.5686621,51.0811639,50.13116345,50.70616475,389260.0,9.18530815
1985-07-31,53.1249105909,53.7101367273,52.4999109545,53.0908172727,529945.454545,9.61728277273
1985-08-31,51.9225306667,52.4522912381,51.6606264286,52.1189600476,236142.857143,9.45185842857
1985-09-30,49.6446493158,49.8617561053,48.9341247368,49.2828082632,295831.578947,8.97829289474
1985-10-31,44.1249241739,44.4836224783,43.5162314783,43.9455765652,328221.73913,8.0059613913
1985-11-30,44.7630832105,45.1249245263,44.1249234211,44.7236101053,396847.368421,8.15891568421
1985-12-31,45.3213541905,45.7499203333,44.8749261905,45.2618299524,362285.714286,8.29973904762
1986-01-31,42.6817437273,43.1078787273,42.0453814091,42.5396962727,336222.727273,7.80057677273
1986-02-28,42.8610353333,43.4027050556,42.3054808333,42.8263137222,500972.222222,7.86560216667
1986-03-31,48.29991495,49.00616745,47.6936697,48.4124154,518315.0,8.9387638
1986-04-30,48.2555965909,48.6874178636,47.6760541818,48.215824,371577.272727,8.90246563636
1986-05-31,48.8249162,49.16866815,48.49366565,48.80616495,156730.0,9.02012845
1986-06-30,48.0892035238,48.488010381,47.5415861905,48.0475368095,137833.333333,8.92793147619
1986-07-31,46.2783308182,46.7158312273,45.6476515,46.0510568636,187922.727273,8.5569565
1986-08-31,45.1308751429,45.5058752857,44.714211619,45.1665911905,194314.285714,8.40352638095
1986-09-30,43.94367575,44.41242415,43.06867835,43.79992605,256680.0,8.19268315
1986-10-31,45.277097913,45.8260106957,44.6194873913,45.3205740435,429856.521739,8.47711691304
1986-11-30,43.4736106842,43.9604521579,42.6907187895,43.2828205789,437447.368421,8.10783094737
1986-12-31,40.0510658636,40.4942466364,39.4601598636,40.0226567273,439581.818182,7.538772
1987-01-31,41.065403381,41.5475460952,40.6189782857,41.1189780952,344461.904762,7.74557419048
1987-02-28,43.2565058947,43.9472941579,42.8486122632,43.5393992105,516136.842105,8.21363305263
1987-03-31,47.1249202857,47.7201574286,46.648728,47.2975374762,592852.380952,8.97076952381
1987-04-30,48.7142042381,49.3392020952,47.9820610952,48.5892035714,495847.619048,9.21575561905
1987-05-31,44.0065053684,44.3880851579,43.4407156316,43.9209771053,294936.842105,8.33967063158
1987-06-30,42.8408335455,43.1931062273,42.3749296364,42.8237893636,342631.818182,8.17982095455
1987-07-31,45.0908295455,45.5396912273,44.8351478182,45.3010575909,381972.727273,8.65300686364
1987-08-31,49.1844412381,49.6368212857,48.7856291905,49.2380110476,368676.190476,9.41854042857
1987-09-30,47.2380134286,47.6249209048,46.6725380476,47.1189674762,216947.619048,9.05569261905
1987-10-31,40.8294743636,41.5340186818,39.9203863636,40.5965217273,399531.818182,7.80215790909
1987-11-30,29.5131094211,29.9144252632,29.0723200526,29.4604766842,288442.105263,5.67699763158
1987-12-31,26.1988172273,26.6022266818,25.7329082273,26.1022261818,364950.0,5.06989968182
1988-01-31,28.5249482,29.1749528,28.02495035,28.7124509,294095.0,5.57689025
1988-02-29,29.5394211579,29.8420541053,29.0196876842,29.4407394737,340947.368421,5.73328321053
1988-03-31,30.1847307391,30.5760366087,29.8314683478,30.1847308261,235639.130435,5.92387565217
1988-04-30,29.24994895,29.6436968,28.79995305,29.1624482,255290.0,5.7232487
1988-05-31,28.8213765238,29.1130437143,28.5773303333,28.8749499048,204152.380952,5.68096661905
1988-06-30,29.3689968571,29.678520381,29.0475691905,29.3689968571,243957.142857,5.8240352381
1988-07-31,30.69369825,30.9561979,30.34369745,30.6811979,312380.0,6.08425215
1988-08-31,30.1140763913,30.2608177391,29.8966836087,30.0488587391,211665.217391,5.97696034783
1988-09-30,30.1999513,30.3937011,29.9749465,30.24995025,133080.0,6.0595851
1988-10-31,32.6011323333,32.9701821429,32.3094671905,32.7558940952,207523.809524,6.56156861905
1988-11-30,33.613037619,33.9166079048,33.1904181905,33.5297025714,243757.142857,6.73666119048
1988-12-31,28.64994775,28.92495115,28.2437003,28.52494865,451175.0,5.7668656
1989-01-31,27.160669381,27.410664619,26.8511465238,27.1070988095,429833.333333,5.48022019048
1989-02-28,27.5328482632,27.7960046316,27.2696922105,27.5525867368,240205.263158,5.589343
1989-03-31,27.9601806364,28.2158616364,27.7272235909,28.016999,293131.818182,5.72524536364
1989-04-30,27.38120725,27.6687035,27.11870885,27.4187027,432925.0,5.602619
1989-05-31,26.1874570909,26.3976849091,25.9601804545,26.1760921364,338672.727273,5.36563427273
1989-06-30,25.9601840909,26.2783650909,25.693138,26.0340480909,314927.272727,5.38213531818
1989-07-31,26.0723241579,26.3354827895,25.7499559474,26.0657449474,320378.947368,5.38868805263
1989-08-31,25.2553882174,25.4184292174,25.0162623913,25.2064752174,323430.434783,5.23252826087
1989-09-30,23.47495945,23.64995865,23.268712,23.4312087,250145.0,4.9025789
1989-10-31,21.5952005714,21.7916288571,21.1725787143,21.4582949524,298361.904762,4.48978061905
1989-11-30,18.1309192381,18.3571099524,17.7797289524,18.0535388095,380590.47619,3.79913852381
1989-12-31,17.37497085,17.5999691,17.16247205,17.393719,346015.0,3.69811785
1990-01-31,17.8920138636,18.1817865,17.6363298636,17.9147407273,170672.727273,3.80889336364
1990-02-28,17.2638582778,17.4096921667,17.0138578333,17.1458,405061.111111,3.65277788889
1990-03-31,16.2954291364,16.4715651364,16.1079262273,16.2670175,234277.272727,3.52627454545
1990-04-30,16.04997225,16.3187223,15.7874736,16.0749719,444935.0,3.48464385
1990-05-31,17.1988328636,17.4261042727,17.0567883636,17.3351963182,319386.363636,3.77860059091
1990-06-30,18.5062166,18.73121775,18.2874644,18.51246565,292650.0,4.08105045
1990-07-31,17.3868754762,17.5356857619,17.053541619,17.2202095714,247757.142857,3.7961742381
1990-08-31,15.5054106087,15.7391053043,15.3532336957,15.5869311304,365234.782609,3.46371195652
1990-09-30,16.5624716111,16.6944176111,16.2708053333,16.5346957222,216722.222222,3.71583383333
1990-10-31,15.9782349565,16.1412768696,15.6304084783,15.8749737826,273043.478261,3.56757486957
1990-11-30,15.8690195714,16.119020381,15.7380657619,15.9761625238,431514.285714,3.60321914286
1990-12-31,18.47496585,18.7937158,18.19371885,18.54371625,318200.0,4.2416287
1991-01-31,18.6606822381,19.1844910952,18.4642528571,18.9523495714,394047.619048,4.3350982381
1991-02-28,24.2696963158,25.1249548947,23.8486410526,24.5328537895,701368.421053,5.62251278947
1991-03-31,26.97495445,27.41245445,26.74370385,27.08745545,327155.0,6.27115175
1991-04-30,26.8630486667,27.3035242381,26.4880495714,26.922572619,446433.333333,6.23297871429
1991-05-31,23.0340475455,23.2385932273,22.7613223636,22.9999578182,163650.0,5.35049540909
1991-06-30,25.78745545,26.0374573,25.4624564,25.79370665,188335.0,6.0505531
1991-07-31,27.4285232857,27.8868574762,27.2201921429,27.6368565714,198061.904762,6.4829097619
1991-08-31,29.1931320455,29.4601769091,28.7499505455,29.1704061818,254786.363636,6.85497581818
1991-09-30,24.66245605,25.0437051,24.1249603,24.51870965,331295.0,5.81107395
1991-10-31,23.8749590455,24.2499578636,23.6192773636,23.9715490455,159631.818182,5.68139372727
1991-11-30,23.57496125,23.69996055,23.10620935,23.37496035,229135.0,5.55388185
1991-12-31,21.7975823333,22.154726381,21.5773449524,21.9523441429,237200.0,5.27517861905
1992-01-31,25.4940050476,25.8451932381,25.1844801429,25.5654320476,241876.190476,6.14340861905
1992-02-29,25.6644277368,25.9867982105,25.4275854211,25.7302148947,155678.947368,6.19758768421
1992-03-31,24.8124580455,24.9260919091,24.5113208636,24.6363221818,111063.636364,5.98697604545
1992-04-30,25.5356705714,25.8511470952,25.291625381,25.6309095714,123452.380952,6.22867490476
1992-05-31,25.6249580526,25.7696932105,25.3223270526,25.5460103158,99957.8947368,6.21955852632
1992-06-30,25.2897264545,25.5397283636,25.1022276364,25.3465466818,130309.090909,6.23326736364
1992-07-31,26.9317729091,27.2045018636,26.7215471364,27.0169986818,123222.727273,6.64406772727
1992-08-31,26.1487627143,26.3213831429,25.8809052381,26.0416186667,126271.428571,6.42162752381
1992-09-30,24.2437093,24.4624603,23.93120965,24.23120915,171075.0,6.029924
1992-10-31,24.2670038636,24.5340486818,23.9999588636,24.2215492727,106986.363636,6.02752018182
1992-11-30,26.71870125,26.95620295,26.531204,26.74995295,140880.0,6.67583345
1992-12-31,32.5594689524,33.1011349524,32.3213730476,32.8035182857,283747.619048,8.25195290476
1993-01-31,34.16243985,34.43743865,33.64369565,34.01869445,254710.0,8.5576387
1993-02-28,32.0459977368,32.4341544211,31.6052098947,31.9933652632,199421.052632,8.07056210526
1993-03-31,34.8803749565,35.2771120435,34.7499397391,35.0814596522,253556.521739,8.93803447826
1993-04-30,37.5594590476,38.053507381,37.2499374286,37.7320762381,158990.47619,9.61335714286
1993-05-31,38.5811846,38.83743345,38.30618515,38.61868415,112535.0,9.8599432
1993-06-30,39.2975520476,39.8570729048,39.1368390476,39.5594527619,248233.333333,10.184750381
1993-07-31,40.9880234286,41.2677846667,40.607071,40.9939763333,316395.238095,10.5540746667
1993-08-31,38.5169799091,38.7612980909,38.193116,38.4828903182,237431.818182,9.93628554545
1993-09-30,35.3273190952,35.5773182857,34.9999378095,35.327321,345895.238095,9.19525433333
1993-10-31,34.9874407,35.26243845,34.6749412,34.9499412,193915.0,9.09702715
1993-11-30,35.9523214762,36.5535081905,35.6308944286,36.1249387143,266347.619048,9.43441742857
1993-12-31,36.960165,37.4203896364,36.6306203636,36.9885734091,200140.909091,9.73855963636
1994-01-31,38.46868315,38.81243025,38.1436867,38.4936839,211515.0,10.13483345
1994-02-28,39.2038806316,39.5986162632,38.9012495789,39.3617771579,212589.473684,10.3912615263
1994-03-31,42.0325346087,42.581448087,41.3314527391,42.0162308696,817930.434783,11.174009087
1994-04-30,37.7696737895,38.1249354737,37.3683576316,37.7301971579,361631.578947,10.0341365789
1994-05-31,36.4939844286,36.7916044286,36.0951791905,36.4523179048,170823.809524,9.72481842857
1994-06-30,37.4828896364,37.7953899091,37.2158446364,37.5681165909,244790.909091,10.1037100455
1994-07-31,38.9670413158,39.4670403684,38.7565119474,39.2301985263,261957.894737,10.5507164737
1994-08-31,43.2879711304,43.6521019565,43.0488416522,43.4184074348,273860.869565,11.7110152609
1994-09-30,44.493974619,44.7737365238,44.327304619,44.541593381,192990.47619,12.0936796667
1994-10-31,45.55617105,45.81867095,45.1999226,45.5374218,200850.0,12.36406135
1994-11-30,43.249925,43.4820659524,42.8451653333,43.1725441905,248333.333333,11.7566967143
1994-12-31,41.8034951905,42.095163619,41.6070668095,41.8689730476,203966.666667,11.4738352857
1995-01-31,41.2618301429,41.4761171429,41.029691,41.2796899048,234019.047619,11.3123473333
1995-02-28,42.4513146667,42.8957609444,42.2221496667,42.652703,289822.222222,11.7261530556
1995-03-31,47.1738295652,47.633070913,46.8531811739,47.3857855217,350486.956522,13.1076020435
1995-04-30,50.138073,50.473599,49.7367564737,50.1249138947,270210.526316,13.8652854211
1995-05-31,49.7796765714,50.261818,49.493966381,50.0177733333,276452.380952,13.867717381
1995-06-30,52.5624123182,52.8465038182,52.1732055455,52.5908208636,223727.272727,14.6618245455
1995-07-31,54.8617488421,55.3814848421,54.5393795789,55.1380640526,263026.315789,15.3719719474
1995-08-31,58.6901168261,59.1466392609,58.4455508261,58.8857671739,294043.478261,16.4463562174
1995-09-30,61.4311444,61.7248942,61.0936412,61.43114635,321115.0,17.24112595
1995-10-31,59.1606130476,59.4522789048,58.7439459524,58.999898,245409.52381,16.5587772381
1995-11-30,58.6248971429,59.0118027619,58.3629927143,58.8570398095,172723.809524,16.551049381
1995-12-31,62.618642,63.0623927,62.35614435,62.75614395,150825.0,17.7302213
1996-01-31,61.386798619,61.955250381,60.9165648095,61.4522751429,456347.619048,17.361845
1996-02-29,65.5561377,65.9623847,65.00614085,65.48738645,315650.0,18.50754325
1996-03-31,62.4582265238,62.8272735714,62.1308443333,62.5117961905,240428.571429,17.7761032857
1996-04-30,60.53114585,60.8311467,60.07489885,60.4373978,223380.0,17.18621925
1996-05-31,61.4771668182,61.920352,61.1192120455,61.4942136818,208059.090909,17.5174043636
1996-06-30,67.53113535,68.0311327,67.2123844,67.7623849,820105.0,19.39133085
1996-07-31,67.9373856364,68.6078388182,67.3862461364,67.9714754091,471954.545455,19.4511654091
1996-08-31,71.7328295455,72.1135152273,71.4714665455,71.897603,195490.909091,20.5850034091
1996-09-30,73.71237435,74.3561231,73.47487475,74.1123713,236435.0,21.32533625
1996-10-31,78.9316818182,79.3066807273,78.5282737273,78.9600924545,260077.272727,22.7202355455
1996-11-30,81.92486015,82.4811075,81.6498608,82.13735635,285650.0,23.6459851
1996-12-31,81.2200970476,81.6724781429,80.7736671429,81.2022430476,320742.857143,23.4782087619
1997-01-31,78.7677197619,79.2320065714,78.0177247619,78.4998666667,497880.952381,22.6968639048
1997-02-28,75.4538177368,75.7827661053,74.7827655789,75.118293,501789.473684,21.7313723684
1997-03-31,74.8873696,75.48112165,74.42174605,75.03111955,424520.0,21.8151311
1997-04-30,78.3867715714,79.517719381,77.7141530952,78.8570061429,516661.904762,22.9274990476
1997-05-31,84.6962842857,85.446282619,84.0177150476,84.7796178095,480480.952381,24.6606388571
1997-06-30,84.7904799,85.39673125,84.2404805,84.92798095,621410.0,24.8104148
1997-07-31,110.644697591,111.619126636,109.894699136,110.768276591,1530840.90909,32.3592632273
1997-08-31,116.273610333,117.011703524,115.505753762,116.335366095,692923.809524,33.9966989048
1997-09-30,121.0310421,122.32166525,120.57166425,121.5497919,521845.0,35.62918765
1997-10-31,117.34490613,118.225340957,116.084040826,116.923712348,706908.695652,34.2731716957
1997-11-30,108.559026474,109.502280526,107.897845526,108.677448263,492578.947368,31.8639067368
1997-12-31,111.656056136,112.596396455,110.854922682,111.727081,326986.363636,32.8719434091
1998-01-31,119.193873105,120.358349526,118.434006737,119.562296263,623400.0,35.1771924737
1998-02-28,130.285959895,131.736615,129.509645737,131.101749368,556100.0,38.5722891053
1998-03-31,116.223016095,117.395631143,114.047423714,115.824203333,1944995.2381,34.2402487619
1998-04-30,106.767675667,107.687317476,105.740886143,106.723031333,781576.190476,31.6006452381
1998-05-31,107.12794335,108.26387685,106.4091944,107.29669205,515050.0,31.7765027
1998-06-30,103.417435318,104.232775727,101.9657325,103.249821818,548527.272727,30.6807006364
1998-07-31,95.5112018182,96.3890411818,94.0197258182,95.0481320455,1216718.18182,28.2500643636
1998-08-31,71.6338055714,72.306424,69.8213085238,70.8778579524,814504.761905,21.0694411905
1998-09-30,64.1100099048,65.5683402857,63.2171536667,64.5653655238,1302423.80952,19.3046333333
1998-10-31,75.406122,76.6447552273,74.4345312727,75.5993010455,886368.181818,22.6037083636
1998-11-30,81.34673425,82.2561096,80.56861245,81.3936103,582950.0,24.3540612
1998-12-31,74.767729381,75.6843956667,73.22904,74.4433264762,907252.380952,22.367271381
1999-01-31,64.1413374737,64.6808094737,62.7498912632,63.5854184737,1199973.68421,19.1048998421
1999-02-28,62.9900232105,63.8123917895,61.9242375789,62.9966020526,878231.578947,18.9406401579
1999-03-31,62.1987556818,62.8578494545,61.3890979545,62.0311439545,642163.636364,18.7574720455
1999-04-30,62.3094167619,63.3629865238,61.5475131905,62.270727,621566.666667,18.8299191905
1999-05-31,67.99050615,68.9655088,67.31863645,68.0998851,862210.0,20.60433495
1999-06-30,66.0713119048,66.9046455238,65.3570325714,65.9225078571,538680.952381,20.0481233333
1999-07-31,72.5147587143,73.3391599048,71.7230917143,72.6873769048,624857.142857,22.1054316667
1999-08-31,70.815355619,71.3659502381,70.1933354286,70.7855924286,368409.52381,21.5499414762
1999-09-30,66.5594071905,67.1665500952,65.6159605714,66.1635787143,611452.380952,20.2307938095
1999-10-31,57.6967758,58.4155232,56.1842792,57.1967764,839035.0,17.48902055
1999-11-30,54.6189541905,55.4165735714,53.7633000952,54.6926156667,635738.095238,16.7461169524
1999-12-31,52.4828652727,53.2385457727,51.3834348636,52.3521818636,923450.0,16.1235065
2000-01-31,51.8617513158,52.6150436316,50.7104398947,51.5985936842,654573.684211,15.8914152105
2000-02-29,47.62179465,48.1686667,46.7530444,47.3124203,743855.0,14.5960389
2000-03-31,49.7783240455,50.8550269091,49.0908261364,50.1220727273,911609.090909,15.5730166818
2000-04-30,61.2893706316,63.3452887368,60.4966072632,62.065684,1221647.36842,19.2839179474
2000-05-31,75.1754675714,76.4492745714,74.1486829524,75.3302298095,1034214.28571,23.422604619
2000-06-30,73.5993054091,74.3691928636,72.0083983182,73.2285656818,1312140.90909,22.8711532727
2000-07-31,69.162383,70.0623786,68.2655109,69.33113155,884645.0,21.653885
2000-08-31,75.5453256364,76.7214564545,74.6333956818,75.7164876818,873222.727273,23.6839611818
2000-09-30,82.565482,84.0404797,82.14048285,83.40610905,916010.0,26.1913159
2000-10-31,87.4611571905,88.7260372381,85.9879467619,87.1486582381,1192771.42857,27.3665569048
2000-11-30,80.5474818095,81.9165270952,79.202246619,80.6516485238,778385.714286,25.3611252857
2000-12-31,81.1446009474,82.8189355789,80.0064433684,81.3715738947,1336189.47368,25.6725322105
2001-01-31,85.3550927143,86.8266379048,84.1542015238,85.5483052381,1896700.0,26.9902808571
2001-02-28,89.4972125263,90.7240567895,88.6972160526,89.9630040526,1314094.73684,28.3831074211
2001-03-31,91.4434775455,92.4462051818,90.0321199091,90.9898446818,1649345.45455,28.8298166818
2001-04-30,91.3783457,92.45334025,90.4963431,91.54634235,2002180.0,29.00614405
2001-05-31,89.6303212857,90.4203190952,88.7022271905,89.7593679524,1617200.0,28.4696235238
2001-06-30,85.272708619,85.856042381,83.9089052857,84.6574740952,1421371.42857,26.9438887143
2001-07-31,79.5378649,80.26036145,79.0573658,79.57936495,910485.0,25.3276816
2001-08-31,80.573340087,81.1789922609,80.0216004783,80.6772528696,952500.0,25.7166889565
2001-09-30,93.2111754,94.7278398667,91.8345081333,93.2825075333,2888466.66667,29.8361326
2001-10-31,104.485910783,106.268511739,102.601563565,104.532864087,4013478.26087,33.4345257391
2001-11-30,95.23134045,96.1493357,94.05533895,95.19483425,5041410.0,30.46065275
2001-12-31,95.890336,96.6793354,95.50433535,96.3338383,2080580.0,30.94451655
2002-01-31,99.9222074762,101.350301714,98.9950684286,100.51744519,2528571.42857,32.2883815714
2002-02-28,110.175600579,111.675071632,108.924551474,110.584021105,4813557.89474,35.5286488421
2002-03-31,108.434027053,110.147177263,107.116134842,108.632446053,2908978.94737,35.0236094737
2002-04-30,115.587078727,117.081163909,114.403896227,115.826621091,2994363.63636,37.3430451818
2002-05-31,122.28217281,123.625029571,120.973125238,122.22788319,2409652.38095,39.4429765238
2002-06-30,123.58229,125.54528375,122.2237897,123.9627897,3213235.0,40.0950258
2002-07-31,111.193901045,113.307988455,108.314817,110.719812318,6006695.45455,35.8114240909
2002-08-31,114.545714318,116.601164955,113.133439182,114.925257,3865295.45455,37.1839655455
2002-09-30,124.715051526,125.977676053,123.316631,124.638734158,3023136.84211,40.4485064737
2002-10-31,111.349374652,113.499807304,109.076335087,110.933723348,5504078.26087,36.0008744348
2002-11-30,96.4203572105,97.6435181579,94.3387873158,95.3908904737,5955684.21053,30.9703861579
2002-12-31,95.5884079048,96.7084084286,94.4998373333,95.6698359524,3608871.42857,31.1738122857
2003-01-31,95.35033845,96.5503363,94.19683765,95.18483745,3321385.0,31.01577665
2003-02-28,91.1019491579,91.7719463158,89.8940581053,90.8340556842,2901726.31579,29.6116922105
2003-03-31,84.0883577,85.21235725,83.0173546,84.2208585,4290655.0,27.5685562
2003-04-30,84.7027131429,85.6784251429,83.6841441905,84.7184271429,3291914.28571,27.7314285714
2003-05-31,88.9663482,89.77484685,88.0458488,88.92384575,2899305.0,29.11467905
2003-06-30,86.894136,87.594612,86.0460408095,86.7408020476,2826428.57143,28.5252429524
2003-07-31,88.1512116364,89.0653013636,87.3507585909,88.3430296818,2747254.54545,29.0519803182
2003-08-31,93.3284109524,94.0298371429,92.4269830952,93.3731711429,1999580.95238,30.7126385238
2003-09-30,92.245082619,92.7679367619,91.1793694286,91.8903174762,2609933.33333,30.3460239524
2003-10-31,86.6562143182,87.2703068182,86.046215,86.727579,2317922.72727,28.6410718636
2003-11-30,90.5577428947,91.2487880526,90.1051087895,90.8230027368,2087552.63158,30.0075123158
2003-12-31,93.3934743636,93.9484778182,92.769387,93.4012035455,1828054.54545,30.9616259091
2004-01-31,98.13433225,98.8313308,97.4533313,98.20382965,1933780.0,32.57138635
2004-02-29,101.828773263,102.895611158,101.141932895,102.057721,2012431.57895,33.8635335263
2004-03-31,97.5920075217,98.2928733478,96.9672261739,97.578528913,1996730.43478,32.4914594348
2004-04-30,99.69182925,100.3508263,99.10382905,99.66482925,1517045.0,33.1861507
2004-05-31,100.1563286,100.8528253,99.42683225,100.22282955,1850245.0,33.42681265
2004-06-30,87.4465945238,88.025644381,87.088498381,87.6304034762,1587033.33333,33.7223935238
2004-07-31,53.7353910476,54.1001531429,53.3320548571,53.6944352381,1535009.52381,35.9236671429
2004-08-31,51.7787174286,52.186337619,51.5149075238,51.8825262857,1412919.04762,34.7406558095
2004-09-30,51.9801450476,52.5020531905,51.7358600952,52.1363371429,1890428.57143,35.036361
2004-10-31,51.6371454,52.048147,51.285644,51.66114555,1516635.0,34.71702535
2004-11-30,54.9744399524,55.4663462381,54.6953915714,55.1215830952,2092114.28571,37.071847
2004-12-31,56.3915886667,56.8496830476,55.9830162381,56.4115867619,1981009.52381,38.0635518095
2005-01-31,52.36814825,52.7901486,51.99314615,52.35214805,2058485.0,35.32445765
2005-02-28,52.7912003158,53.2043595789,52.5196197368,52.8617282105,1698047.36842,35.6931679474
2005-03-31,53.649674619,54.0206279524,53.2153897143,53.5049121429,1662314.28571,36.2621527619
2005-04-30,54.8444404286,55.2106322857,54.4158683333,54.7987277143,1743719.04762,37.1390168571
2005-05-31,54.974654,55.38865525,54.68065295,55.0841549,1419795.0,37.35915075
2005-06-30,55.8224302727,56.1406117727,55.5047006818,55.8065203636,1167013.63636,38.0009258636
2005-07-31,55.5522621579,55.8606842105,55.1443654211,55.4875242105,1343236.84211,37.7837085789
2005-08-31,55.5901564348,55.8901575217,55.3240668696,55.6158084783,1299239.13043,37.9098140435
2005-09-30,55.76315735,56.1041576,55.2931557,55.69915705,1946375.0,38.10562555
2005-10-31,53.5377699048,54.0901502857,53.01253,53.5239606667,2096028.57143,36.6175021429
2005-11-30,55.7501562,56.20065645,55.5436561,55.9261573,1604700.0,38.2967186
2005-12-31,58.6930217619,59.0654030952,58.4568317619,58.8201644286,1531161.90476,40.425498
2006-01-31,61.0191187895,61.4270149474,60.6470131053,61.0885927895,1751600.0,41.9845270526
2006-02-28,64.1949181579,64.7249188421,63.9196535789,64.4180759474,1696926.31579,44.3101804737
2006-03-31,67.354103087,67.9849742174,67.0006238261,67.5741042174,1751378.26087,46.625884087
2006-04-30,69.012298,69.5470367895,68.4938764737,69.0891409474,1610378.94737,47.6712534737
2006-05-31,66.7842787273,67.2329179091,66.2788236818,66.7324606818,1646222.72727,46.0825632727
2006-06-30,63.2692257143,63.8511327619,62.8406535238,63.2968430952,1695185.71429,43.8748684762
2006-07-31,64.76418095,65.33368405,64.2801793,64.8691793,1128215.0,44.9647498
2006-08-31,65.5929108182,65.8988211364,65.2401836818,65.5215478636,1214800.0,45.4740239091
2006-09-30,68.04668985,68.4596907,67.72369135,68.08269225,1116775.0,47.40782055
2006-10-31,68.4140013333,68.7587655714,68.0297149524,68.482095619,1705752.38095,47.6859358095
2006-11-30,66.1463755238,66.7106635714,65.7239942381,66.211613,2042828.57143,46.1643721905
2006-12-31,67.4054523158,67.9096648947,67.0496635789,67.4501891579,1270626.31579,47.1796241579
2007-01-31,69.342696,69.9711946,69.03219335,69.65969665,1524850.0,48.72511635
2007-02-28,73.6317861053,74.2165240526,73.2654700526,73.8386300526,1928315.78947,51.6481698421
2007-03-31,73.4492536667,74.025923381,72.9897292381,73.5587800952,1809366.66667,51.7187592381
2007-04-30,75.11821265,75.6067114,74.5752118,75.0487123,1531985.0,52.76632215
2007-05-31,75.1673550476,75.6749742381,74.8030681429,75.2602124286,1800228.57143,52.9770220476
2007-06-30,76.5664061905,77.0845018571,76.2335495238,76.6954537143,1522890.47619,54.1892087619
2007-07-31,77.7907185,78.3487185,77.16771645,77.6057181,1837195.0,54.83235635
2007-08-31,77.4184780435,78.4467423043,76.4263026957,77.4163043043,2383460.86957,54.778879
2007-09-30,78.5479990556,79.2635554444,78.0063306111,78.6013312778,1501927.77778,55.8034028889
2007-10-31,79.9989194348,80.6767467391,79.3563086957,80.0976178261,1521552.17391,56.865699
2007-11-30,81.34072885,82.1022294,80.33622845,81.06272835,2544785.0,57.62975565
2007-12-31,80.64272595,81.40222995,79.76972405,80.5132264,1918525.0,57.43039235
2008-01-31,78.6107202,79.92122635,77.8547178,78.8507217,2658655.0,56.2445213
2008-02-29,79.66622315,80.43622545,78.93322085,79.70972385,2246890.0,56.8832628
2008-03-31,79.3232216,79.92822345,78.2977195,79.0242228,2426865.0,56.62752755
2008-04-30,75.0111198636,75.6593013182,74.0083890909,74.6947536364,2450995.45455,53.5250566818
2008-05-31,74.72570985,75.5102126,74.21120805,74.98771035,1944885.0,53.76400355
2008-06-30,71.4087732857,72.348298381,70.4773404762,71.0368676667,2417590.47619,51.1778139524
2008-07-31,66.3816156667,67.126855619,65.5344698095,66.3373306667,2148490.47619,47.7920784762
2008-08-31,69.073051619,69.6744818571,68.4854304286,69.2025753333,2573419.04762,49.952708619
2008-09-30,67.0126895,67.71469005,65.8036844,66.72418695,3435430.0,48.34945525
2008-10-31,48.099264913,49.3362257826,46.1666511739,47.5462203913,4854065.21739,34.4527817826
2008-11-30,41.7864315263,42.7438037368,40.4043228421,41.3859057895,3026631.57895,28.821586
2008-12-31,41.4396625,42.3060269545,40.7496597727,41.662844,2544213.63636,30.4987502273
2009-01-31,47.7875034737,48.5048722632,46.8848675789,47.8780286316,2560536.84211,35.0484963684
2009-02-28,45.1422325789,45.8843391053,44.0932809474,44.7506514211,3486415.78947,32.7882922105
2009-03-31,38.4482036667,39.3572525714,37.7615343333,38.722491,3873961.90476,28.625645
2009-04-30,46.5872740952,47.654896,45.9206051429,46.8015588571,3335671.42857,34.598105
2009-05-31,48.7164519474,49.3580335789,48.1575021053,48.8801374211,2628421.05263,36.1683198947
2009-06-30,47.4083155,47.8805896818,46.8051301364,47.29286,2809309.09091,35.2773975
2009-07-31,45.0572701905,45.7048910952,44.5515557143,45.1982222857,2784380.95238,33.7149339048
2009-08-31,47.778231,48.372041381,47.2158474286,47.9358487143,2714595.2381,35.8033489524
2009-09-30,49.8566406,50.37564205,49.43013895,50.02163855,2584670.0,37.64391455
2009-10-31,50.6983247273,51.1101429545,50.1528656364,50.5328690455,3103181.81818,38.0286422273
2009-11-30,53.9385717895,54.3927853158,53.4727823684,54.0854149474,2388410.52632,40.7529509474
2009-12-31,55.7915190909,56.287886,55.4442452727,55.7533380455,2018195.45455,42.2822803636
2010-01-31,57.3112725,57.8884945556,56.7807148333,57.3918274444,2298700.0,43.5248798333
2010-02-28,59.4185875263,60.1259585789,58.8459558947,59.6701688947,2958331.57895,45.2870191579
2010-03-31,64.3884417391,64.8501831304,64.0423553478,64.5253996522,2161256.52174,49.2783377826
2010-04-30,67.0911422857,67.5835247143,66.5001880952,67.1220937143,1881147.61905,51.2229234286
2010-05-31,63.537179,64.24918075,62.35267455,63.333679,2398745.0,48.4047412
2010-06-30,59.4824403636,60.0601685,58.7292559545,59.2038031818,2413222.72727,45.5562505
2010-07-31,56.3834918571,56.9506372381,55.6711089048,56.3949207143,2527961.90476,43.4080713333
2010-08-31,57.0658731905,57.5873058095,56.449683619,57.0649228095,2324095.2381,43.9924123333
2010-09-30,58.5468313333,59.1844533333,58.1325439048,58.6901664286,2336219.04762,45.561929381
2010-10-31,61.6716738,62.1481762,61.11517155,61.62517525,2218995.0,47.8404145
2010-11-30,63.2673204286,63.7354178571,62.6916065238,63.3106544286,1607190.47619,49.2193958095
2010-12-31,64.3135139524,64.6363712857,63.9258933333,64.3044660952,1782509.52381,50.3061577619
2011-01-31,67.7116916,68.39619295,67.1201893,67.82919,2078780.0,53.0635917
2011-02-28,69.1785273889,69.7229742778,68.4057482778,69.0657497222,1897127.77778,54.0925011111
2011-03-31,66.8271376522,67.421486913,66.179309087,66.8501819565,2276917.3913,52.897034913
2011-04-30,62.1194738421,62.5873684211,61.6094737368,62.1447375263,1917331.57895,54.1897541053
2011-05-31,64.7257141429,65.2219053333,64.3542854286,64.8190475238,2175247.61905,56.5844307619
2011-06-30,64.8813637727,65.6122731364,64.5409092273,65.1050001364,2229172.72727,57.2117139545
2011-07-31,66.2109999,66.5449995,65.31200065,65.82750045,3104725.0,57.84662
2011-08-31,53.2927273182,54.1449997727,52.3218179545,53.2495453636,4338290.90909,46.8758814545
2011-09-30,52.6652380476,53.440952,52.1033333333,52.6938090476,2605252.38095,46.7486156667
2011-10-31,54.3095001,54.9700001,53.7305007,54.47450005,2506135.0,48.3283995
2011-11-30,56.6676187619,57.2480949524,56.080476381,56.671905,2244619.04762,50.3850298095
2011-12-31,56.9328570952,57.4471432857,56.5180954286,56.8942860952,1758419.04762,50.9434006667
2012-01-31,59.2210530526,59.6315791579,58.8010524737,59.2589474737,1870568.42105,53.0607293158
2012-02-29,59.56100025,60.06150005,59.24249965,59.70699985,1725940.0,53.5744223
2012-03-31,60.8413637273,61.1663635909,60.4690911364,60.8672727727,1616572.72727,54.9561110455
2012-04-30,61.57400025,62.1299999,61.20150005,61.65149975,1696225.0,55.6665342
2012-05-31,60.2159089545,60.5886363182,59.7886367727,60.1213635455,1569422.72727,54.4206242727
2012-06-30,60.3228571429,60.862381,59.9414287143,60.4957144762,1669204.7619,55.1360585238
2012-07-31,64.0352379048,64.5504761429,63.5614288095,64.2080959524,1451209.52381,58.5195393333
2012-08-31,67.6452168261,68.0334778261,67.2091302609,67.6586951739,1475817.3913,61.8152256087
2012-09-30,66.801052,67.1621051053,66.2689478421,66.8215796842,1608057.89474,61.3955915263
2012-10-31,69.1340004,69.65450055,68.59149975,69.0939999,1435355.0,63.48348855
2012-11-30,66.058571381,66.5866667619,65.3976196667,65.9733331429,1812223.80952,60.7877692857
2012-12-31,67.4836842632,68.0947367895,66.9905266842,67.5989473158,1532052.63158,62.6392097368
2013-01-31,67.5790473333,68.0280954286,66.9780948095,67.4438090476,2019119.04762,62.4954541429
2013-02-28,65.549999,66.0499987368,65.1921057895,65.5821046316,1817421.05263,60.7972733158
2013-03-31,67.1836841053,67.7300001579,66.8673677895,67.4063166842,1764473.68421,62.9858338421
2013-04-30,71.6272731364,72.1936357727,71.0922730455,71.8309088636,1802390.90909,67.1202626364
2013-05-31,79.2804765714,80.1328565238,78.9733331429,79.601904381,1874576.19048,74.5479614286
2013-06-30,82.67450025,83.34250035,82.17899965,82.6069995,1404970.0,77.77639635
2013-07-31,87.3452385238,88.1485709048,86.852858,87.611428381,1503795.2381,82.4881814762
2013-08-31,94.2768180455,94.9904541818,93.7827272727,94.2690901818,1604018.18182,88.8089193636
2013-09-30,95.451053,96.0000008421,94.9226314737,95.5384212632,1185321.05263,90.5458526316
2013-10-31,99.886086087,100.908696435,99.1878257391,100.341738739,1288130.43478,95.0981624783
2013-11-30,110.131580105,110.950527,109.431579263,110.328421368,1209736.84211,104.624892211
2013-12-31,111.340952238,112.174285476,110.455238048,111.333333381,1408085.71429,106.093348095
2014-01-31,116.1800003,116.98449975,114.6580006,115.50050005,1443395.0,110.0643841
2014-02-28,117.253157684,118.644737684,116.200000105,117.520526842,1498821.05263,112.051776474
2014-03-31,122.481904619,123.430000333,121.593809524,122.368570905,1323580.95238,117.21145519
2014-04-30,120.7425005,121.67700005,119.186,120.5914997,1379570.0,115.5092771
2014-05-31,120.272380619,121.010476667,119.565714857,120.322380762,1015504.7619,115.316054238
2014-06-30,121.82749985,122.5284988,121.0275006,121.8119991,1026045.0,117.3614132
2014-07-31,123.088637273,124.177272818,122.419999773,123.379090773,982890.909091,118.871248727
2014-08-31,125.192381143,126.036666762,124.536666857,125.266667333,888695.238095,120.754032476
2014-09-30,130.140002238,130.975240095,129.399999857,130.166190333,1041700.0,126.102042667
2014-10-31,127.183181727,128.636819318,125.719545227,127.305908864,1310927.27273,123.331067
2014-11-30,137.867895053,138.896315789,137.063158526,138.060526842,1052594.73684,133.821447
2014-12-31,145.887142476,147.483332238,144.858096905,146.172380667,1355023.80952,142.312197095
2015-01-31,151.95600055,153.7079994,150.51599885,152.2760002,1979195.0,148.2546295
2015-02-28,165.500525211,166.979474474,164.435263526,166.018420474,1320994.73684,161.705043579
2015-03-31,161.414760143,162.752379667,160.299523476,161.437618476,1529657.14286,157.829389238
2015-04-30,162.172379238,163.410950429,160.807142095,161.965240476,1029990.47619,158.345218667
2015-05-31,157.254209105,158.215262105,156.360525789,157.284736316,1028815.78947,153.852335474
2015-06-30,160.748182,162.003182864,159.816818182,160.864546364,1110995.45455,158.062814273
2015-07-31,165.791907238,167.026190571,164.530951381,165.871429381,1162323.80952,162.982493952
2015-08-31,170.185238095,171.823334476,168.482858524,170.234284905,1137995.2381,167.382874714
2015-09-30,166.33399805,167.95299985,164.99799955,166.51849985,1137620.0,164.41799365
2015-10-31,175.968636909,177.675000182,174.599088545,176.425910273,1304490.90909,174.200429636
2015-11-30,185.89299845,187.14749915,184.48999945,185.68799975,1053060.0,183.4643688
2015-12-31,188.031363091,189.366364182,186.737272864,188.031818136,1151100.0,186.453355136
2016-01-31,184.937365947,186.826317158,182.880525421,185.187895211,1563236.84211,183.633305947
2016-02-29,188.227368842,190.461579895,186.567367632,188.752105684,1326642.10526,187.294994737
2016-03-31,191.912726,193.433180364,190.878638591,192.267727909,1091495.45455,191.459771591
2016-04-30,201.6090004,202.93700025,200.33450165,201.8805001,876785.0,201.0321484
2016-05-31,213.093333619,214.64809519,211.805715048,213.442857333,879514.285714,212.545917667
2016-06-30,215.201904143,216.778094286,213.89238119,215.771430571,878600.0,215.728573667
2016-07-31,221.0569993,221.8155013,219.2224999,220.31100245,1168935.0,220.31100245
2016-08-31,217.8820006,219.1300018,217.1279998,218.2639984,844900.0,218.2639984
