Date,Open,High,Low,Close,Volume,Adj Close
2011-10-31,7.07272727273,7.09090909091,5.41363636364,6.38181818182,3290.90909091,6.38181818182
2011-11-30,4.44714285714,4.46142857143,4.4,4.43761904762,1347.61904762,4.43761904762
2011-12-31,4.39761904762,4.43285714286,4.38380952381,4.43095238095,438.095238095,4.43095238095
2012-01-31,3.99473684211,4.01842105263,3.97894736842,4.0,742.105263158,4.0
2012-02-29,3.4305,3.4535,3.4055,3.431,2410.0,3.431
2012-03-31,2.52954545455,2.63181818182,2.5,2.59772727273,3172.72727273,2.59772727273
2012-04-30,1.768,1.842,1.7485,1.814,1375.0,1.814
2012-05-31,1.93909090909,1.99090909091,1.93909090909,1.99090909091,1695.45454545,1.99090909091
2012-06-30,2.15904761905,2.25666666667,2.1119047619,2.22,24495.2380952,2.22
2012-07-31,2.899,3.017,2.7645,2.862,20710.0,2.862
2012-08-31,2.56391304348,2.60565217391,2.50739130435,2.54956521739,6430.43478261,2.54956521739
2012-09-30,2.40947368421,2.42052631579,2.35473684211,2.38,6463.15789474,2.38
2012-10-31,2.34476190476,2.41333333333,2.25,2.32904761905,8338.0952381,2.32904761905
2012-11-30,2.24619047619,2.31476190476,2.17285714286,2.23095238095,21828.5714286,2.23095238095
2012-12-31,2.16789473684,2.20368421053,2.11315789474,2.15105263158,18926.3157895,2.15105263158
2013-01-31,2.13523809524,2.17047619048,2.09476190476,2.14333333333,28490.4761905,2.14333333333
2013-02-28,2.13789473684,2.17315789474,2.10736842105,2.14263157895,10957.8947368,2.14263157895
2013-03-31,2.5245,2.6025,2.4535,2.553,38510.0,2.553
2013-04-30,3.31181818182,3.40454545455,3.24181818182,3.35181818182,40131.8181818,3.35181818182
2013-05-31,4.07619047619,4.19095238095,4.00761904762,4.11095238095,33761.9047619,4.11095238095
2013-06-30,4.5525,4.628,4.3335,4.4945,27740.0,4.4945
2013-07-31,4.05045454545,4.10318181818,3.91636363636,4.03545454545,27304.5454545,4.03545454545
2013-08-31,4.19727272727,4.23727272727,4.11909090909,4.18227272727,17368.1818182,4.18227272727
2013-09-30,4.27894736842,4.30578947368,4.20789473684,4.27210526316,19468.4210526,4.27210526316
2013-10-31,4.20608695652,4.2147826087,4.08608695652,4.16,11647.826087,4.16
2013-11-30,4.1575,4.1935,4.0595,4.161,14725.0,4.161
2013-12-31,4.57571428571,4.65476190476,4.4480952381,4.58714285714,29185.7142857,4.58714285714
2014-01-31,5.832,6.1495,5.7435,6.042,79415.0,6.042
2014-02-28,6.66105263158,6.84631578947,6.45473684211,6.69631578947,119742.105263,6.69631578947
2014-03-31,7.7380952381,8.06523809524,7.51571428571,7.77619047619,157571.428571,7.77619047619
2014-04-30,6.32142857143,6.44285714286,6.00952380952,6.14714285714,178419.047619,6.12619047619
2014-05-31,4.23857142857,4.28523809524,4.1119047619,4.1819047619,79366.6666667,4.1819047619
2014-06-30,4.2119047619,4.27904761905,4.12714285714,4.21,64152.3809524,4.21
2014-07-31,4.49590909091,4.565,4.37090909091,4.43272727273,64372.7272727,4.43272727273
2014-08-31,4.2719047619,4.33857142857,4.18333333333,4.26714285714,92533.3333333,4.24952380952
2014-09-30,4.69333333333,4.88761904762,4.53380952381,4.66714285714,224109.52381,4.66714285714
2014-10-31,4.23869565217,4.32130434783,4.14782608696,4.23347826087,92621.7391304,4.23347826087
2014-11-30,4.12526315789,4.18947368421,4.04789473684,4.09947368421,45705.2631579,4.09947368421
2014-12-31,3.22772727273,3.31909090909,3.07681818182,3.16,81150.0,3.15681818182
2015-01-31,2.5235,2.612,2.3925,2.4585,65050.0,2.4585
2015-02-28,2.35894736842,2.44842105263,2.29473684211,2.37684210526,70236.8421053,2.37684210526
2015-03-31,2.74409090909,2.85227272727,2.63090909091,2.705,80686.3636364,2.705
2015-04-30,2.565,2.6405,2.4715,2.5485,67430.0,2.5485
2015-05-31,2.813,2.8985,2.64,2.749,162815.0,2.749
2015-06-30,2.26409090909,2.31454545455,2.15590909091,2.21636363636,147336.363636,2.21636363636
2015-07-31,2.06238095238,2.13285714286,1.99380952381,2.05380952381,315500.0,2.05380952381
2015-08-31,2.25571428571,2.31714285714,2.15571428571,2.21666666667,89947.6190476,2.21666666667
2015-09-30,2.30761904762,2.36142857143,2.24428571429,2.30095238095,54938.0952381,2.30095238095
2015-10-31,2.25363636364,2.28545454545,2.22,2.255,11168.1818182,2.255
2015-11-30,2.2005,2.2545,2.154,2.182,24345.0,2.182
2015-12-31,2.00761904762,2.0680952381,1.9380952381,1.9819047619,32057.1428571,1.9819047619
2016-01-31,1.43789473684,1.51736842105,1.37631578947,1.44421052632,27136.8421053,1.44421052632
2016-02-29,1.3535,1.4215,1.291,1.335,20425.0,1.335
2016-03-31,1.21772727273,1.25363636364,1.17136363636,1.20090909091,14045.4545455,1.20090909091
2016-04-30,1.1875,1.214,1.154,1.1745,22125.0,1.1745
2016-05-31,0.724761904762,0.752380952381,0.675714285714,0.699523809524,63980.952381,0.699523809524
2016-06-30,0.503181818182,0.531818181818,0.48,0.500454545455,62513.6363636,0.500454545455
2016-07-31,0.5125,0.5465,0.481,0.5175,89760.0,0.5175
2016-08-31,0.588,0.654,0.536,0.58,101520.0,0.58
