Date,Open,High,Low,Close,Volume,Adj Close
2000-04-30,16.78776,17.4518234167,15.6184880833,16.4075515833,564150.0,16.4075515833
2000-05-31,14.5809659091,15.1413355,13.8330963636,14.3892045455,72118.1818182,14.3892045455
2000-06-30,13.2840909091,13.9431818182,12.8465909091,13.4609372727,79254.5454545,13.4609372727
2000-07-31,16.6809210526,17.0625,16.0394736842,16.4835526316,26684.2105263,16.4835526316
2000-08-31,14.1861413043,14.3580165217,13.7758152174,14.02106,12869.5652174,14.02106
2000-09-30,11.821875,12.013281,11.428906,11.64375,31770.0,11.64375
2000-10-31,8.70596590909,9.04474454545,8.22159090909,8.61860818182,72422.7272727,8.61860818182
2000-11-30,9.840625,10.03125,9.61875,9.8359375,18790.0,9.8359375
2000-12-31,8.65625,8.753125,8.34375,8.5375,24305.0,8.5375
2001-01-31,8.74032761905,9.02455380952,8.61458333333,8.86607142857,17914.2857143,8.86607142857
2001-02-28,8.33717105263,8.42927631579,8.13322368421,8.26151315789,10284.2105263,8.26151315789
2001-03-31,6.4531247619,6.65922619048,6.21726190476,6.3869047619,15390.4761905,6.3869047619
2001-04-30,6.0008125,6.4198125,5.7905625,6.12975,10865.0,6.12975
2001-05-31,7.99818181818,8.33863636364,7.64772727273,7.98863636364,56977.2727273,7.98863636364
2001-06-30,6.05666666667,6.16428571429,5.81761904762,5.97428571429,145895.238095,5.97428571429
2001-07-31,4.608,4.6455,4.3675,4.467,14115.0,4.467
2001-08-31,4.15652173913,4.19913043478,4.13043478261,4.17,2700.0,4.17
2001-09-30,3.48,3.54933333333,3.27866666667,3.404,5273.33333333,3.404
2001-10-31,2.83086956522,2.9152173913,2.77565217391,2.86913043478,19817.3913043,2.86913043478
2001-11-30,3.02619047619,3.15952380952,2.93,3.07952380952,29571.4285714,3.07952380952
2001-12-31,3.86052631579,3.93263157895,3.80473684211,3.88684210526,10600.0,3.88684210526
2002-01-31,4.03333333333,4.0980952381,3.95619047619,4.02333333333,12538.0952381,4.02333333333
2002-02-28,3.74894736842,3.83368421053,3.71210526316,3.75421052632,7547.36842105,3.75421052632
2002-03-31,3.7175,3.7665,3.651,3.71,3505.0,3.71
2002-04-30,3.13409090909,3.14863636364,3.05272727273,3.06590909091,6745.45454545,3.06590909091
2002-05-31,2.59714285714,2.62619047619,2.55666666667,2.58285714286,26471.4285714,2.58285714286
2002-06-30,2.3405,2.362,2.2855,2.3145,19465.0,2.3145
2002-07-31,2.07181818182,2.07636363636,2.02590909091,2.03818181818,18977.2727273,2.03818181818
2002-08-31,1.61727272727,1.64409090909,1.57272727273,1.61409090909,3550.0,1.61409090909
2002-09-30,1.3415,1.3465,1.311,1.3355,5050.0,1.3355
2002-10-31,1.05272727273,1.065,1.03727272727,1.05181818182,6154.54545455,1.05181818182
2002-11-30,1.369,1.427,1.344,1.411,2830.0,1.411
2002-12-31,1.74142857143,1.8119047619,1.70285714286,1.76095238095,7633.33333333,1.76095238095
2003-01-31,1.76142857143,1.80428571429,1.75904761905,1.79047619048,14447.6190476,1.79047619048
2003-02-28,2.29263157895,2.32578947368,2.27842105263,2.30894736842,7636.84210526,2.30894736842
2003-03-31,2.194,2.214,2.16,2.1795,6715.0,2.1795
2003-04-30,2.31857142857,2.33571428571,2.3119047619,2.33047619048,4057.14285714,2.33047619048
2003-05-31,2.85047619048,2.96142857143,2.81952380952,2.9119047619,31857.1428571,2.9119047619
2003-06-30,3.73714285714,3.8380952381,3.67714285714,3.72714285714,6166.66666667,3.72714285714
2003-07-31,3.53363636364,3.60409090909,3.49090909091,3.53363636364,5104.54545455,3.53363636364
2003-08-31,3.54904761905,3.60142857143,3.50047619048,3.56666666667,5028.57142857,3.56523809524
2003-09-30,4.68761904762,4.85904761905,4.5180952381,4.73476190476,88447.6190476,4.73476190476
2003-10-31,5.34608695652,5.60043478261,5.18608695652,5.38869565217,30047.826087,5.38869565217
2003-11-30,6.4,6.61315789474,6.19210526316,6.41842105263,53421.0526316,6.41842105263
2003-12-31,6.02619047619,6.18142857143,5.78238095238,5.95238095238,57485.7142857,5.95238095238
2004-01-31,7.377,7.672,7.2255,7.504,59435.0,7.504
2004-02-29,7.01,7.18052631579,6.74210526316,6.92789473684,24726.3157895,6.92789473684
2004-03-31,5.92181818182,6.12954545455,5.72909090909,5.86409090909,20786.3636364,5.86409090909
2004-04-30,6.40904761905,6.57142857143,6.22761904762,6.38380952381,32976.1904762,6.38380952381
2004-05-31,4.7955,4.911,4.6045,4.702,33735.0,4.702
2004-06-30,4.06238095238,4.12476190476,3.94619047619,4.01142857143,70704.7619048,4.01142857143
2004-07-31,3.927,4.028,3.838,3.934,31745.0,3.934
2004-08-31,3.48727272727,3.57727272727,3.35363636364,3.43772727273,22513.6363636,3.43772727273
2004-09-30,3.62476190476,3.66904761905,3.53714285714,3.60904761905,11933.3333333,3.60904761905
2004-10-31,3.916,4.0225,3.7045,3.8045,54085.0,3.8045
2004-11-30,3.78285714286,3.87142857143,3.65333333333,3.74,25290.4761905,3.74
2004-12-31,3.51,3.57863636364,3.43363636364,3.50590909091,25350.0,3.50590909091
2005-01-31,3.566,3.6265,3.5015,3.58,27140.0,3.58
2005-02-28,3.70052631579,3.75157894737,3.64315789474,3.71421052632,10610.5263158,3.68052631579
2005-03-31,3.25409090909,3.285,3.21136363636,3.25045454545,14568.1818182,3.25045454545
2005-04-30,2.64952380952,2.6980952381,2.5780952381,2.61285714286,32580.952381,2.61285714286
2005-05-31,2.40238095238,2.44904761905,2.33523809524,2.39333333333,11004.7619048,2.39333333333
2005-06-30,2.35,2.40727272727,2.27454545455,2.32363636364,14145.4545455,2.32363636364
2005-07-31,2.73631578947,2.80578947368,2.63157894737,2.72,86300.0,2.72
2005-08-31,2.69782608696,2.76565217391,2.61695652174,2.69173913043,23734.7826087,2.69173913043
2005-09-30,2.29761904762,2.33142857143,2.24952380952,2.29380952381,12157.1428571,2.29380952381
2005-10-31,2.31428571429,2.36285714286,2.24476190476,2.28571428571,8985.71428571,2.28571428571
2005-11-30,2.164,2.2355,2.1025,2.164,10595.0,2.164
2005-12-31,2.21380952381,2.27619047619,2.17476190476,2.23571428571,33295.2380952,2.23571428571
2006-01-31,2.5145,2.604,2.4345,2.542,17530.0,2.542
2006-02-28,2.35263157895,2.39578947368,2.29315789474,2.32473684211,12168.4210526,2.32473684211
2006-03-31,2.07608695652,2.12652173913,1.99739130435,2.06608695652,10778.2608696,2.06608695652
2006-04-30,1.83055555556,1.85888888889,1.76333333333,1.80666666667,29600.0,1.80666666667
2006-05-31,1.91136363636,1.97772727273,1.84636363636,1.89863636364,38340.9090909,1.89863636364
2006-06-30,1.95454545455,1.99909090909,1.88,1.93772727273,18454.5454545,1.93772727273
2006-07-31,1.9195,1.9785,1.852,1.9095,15595.0,1.9095
2006-08-31,1.92454545455,1.96772727273,1.89681818182,1.94181818182,7813.63636364,1.94181818182
2006-09-30,1.9205,1.948,1.88,1.919,9600.0,1.919
2006-10-31,2.01545454545,2.08772727273,1.98454545455,2.05454545455,29172.7272727,2.05454545455
2006-11-30,2.2880952381,2.34619047619,2.25095238095,2.32095238095,24166.6666667,2.32095238095
2006-12-31,2.5985,2.6695,2.5265,2.611,23465.0,2.611
2007-01-31,2.48210526316,2.57315789474,2.43052631579,2.54578947368,7968.42105263,2.54578947368
2007-02-28,2.68789473684,2.78315789474,2.64473684211,2.74947368421,19400.0,2.74947368421
2007-03-31,2.72818181818,2.80409090909,2.62363636364,2.76954545455,18045.4545455,2.76954545455
2007-04-30,2.7675,2.829,2.7165,2.7935,10515.0,2.7935
2007-05-31,2.81818181818,2.87545454545,2.77772727273,2.84545454545,20722.7272727,2.84545454545
2007-06-30,2.831,2.9025,2.76,2.865,26795.0,2.865
2007-07-31,2.58523809524,2.62571428571,2.49523809524,2.57714285714,18147.6190476,2.57714285714
2007-08-31,2.55956521739,2.63173913043,2.47130434783,2.57,30943.4782609,2.57
2007-09-30,2.57210526316,2.60684210526,2.55,2.59578947368,6547.36842105,2.59578947368
2007-10-31,2.78272727273,2.84,2.75681818182,2.81363636364,14445.4545455,2.81363636364
2007-11-30,2.47095238095,2.54952380952,2.33619047619,2.48666666667,46328.5714286,2.48666666667
2007-12-31,2.4155,2.4835,2.3385,2.434,21940.0,2.434
2008-01-31,2.36142857143,2.47333333333,2.29857142857,2.45476190476,9128.57142857,2.45476190476
2008-02-29,2.4535,2.512,2.4,2.499,3555.0,2.499
2008-03-31,2.10421052632,2.17052631579,2.02263157895,2.12947368421,13657.8947368,2.12947368421
2008-04-30,1.86181818182,1.93863636364,1.79136363636,1.86863636364,32863.6363636,1.86863636364
2008-05-31,1.60904761905,1.63571428571,1.56476190476,1.58523809524,9923.80952381,1.58523809524
2008-06-30,1.48285714286,1.5180952381,1.45142857143,1.50285714286,6223.80952381,1.50285714286
2008-07-31,1.44590909091,1.485,1.40136363636,1.44863636364,4309.09090909,1.44863636364
2008-08-31,1.361,1.3685,1.339,1.3615,4575.0,1.3615
2008-09-30,1.33666666667,1.36666666667,1.31380952381,1.35619047619,3642.85714286,1.35619047619
2008-10-31,0.987391304348,0.991304347826,0.955652173913,0.968695652174,2865.2173913,0.968695652174
2008-11-30,0.754210526316,0.763157894737,0.727368421053,0.738421052632,2142.10526316,0.738421052632
2008-12-31,0.705,0.756363636364,0.68,0.745,6822.72727273,0.745
2009-01-31,0.584736842105,0.605263157895,0.570526315789,0.588947368421,4305.26315789,0.588947368421
2009-02-28,0.519473684211,0.527368421053,0.501578947368,0.508421052632,10842.1052632,0.508421052632
2009-03-31,0.626363636364,0.638181818182,0.609545454545,0.621363636364,2645.45454545,0.621363636364
2009-04-30,0.780476190476,0.805714285714,0.747619047619,0.787619047619,4438.0952381,0.787619047619
2009-05-31,0.8385,0.863,0.823,0.85,5475.0,0.85
2009-06-30,0.833636363636,0.863181818182,0.811818181818,0.842727272727,43781.8181818,0.842727272727
2009-07-31,1.08142857143,1.12857142857,1.02238095238,1.07952380952,63704.7619048,1.07952380952
2009-08-31,1.40380952381,1.45285714286,1.34333333333,1.39333333333,26152.3809524,1.39333333333
2009-09-30,2.19619047619,2.29761904762,2.11523809524,2.21476190476,72138.0952381,2.21476190476
2009-10-31,2.93909090909,3.02227272727,2.82227272727,2.94590909091,71968.1818182,2.94590909091
2009-11-30,3.13368421053,3.27578947368,3.01,3.21210526316,182210.526316,3.21210526316
2009-12-31,5.09909090909,5.26545454545,4.93954545455,5.14409090909,368650.0,5.14409090909
2010-01-31,5.66736842105,5.74894736842,5.39263157895,5.55947368421,230163.157895,5.55947368421
2010-02-28,4.71111111111,4.84722222222,4.54166666667,4.69611111111,314772.222222,4.69611111111
2010-03-31,5.22086956522,5.37434782609,5.06695652174,5.22913043478,292665.217391,5.22913043478
2010-04-30,5.86666666667,5.97,5.73666666667,5.84714285714,136452.380952,5.84714285714
2010-05-31,4.7575,4.8785,4.4985,4.6905,147435.0,4.6905
2010-06-30,4.41095238095,4.51333333333,4.28333333333,4.39857142857,74319.047619,4.39857142857
2010-07-31,4.49952380952,4.64380952381,4.37857142857,4.52238095238,102728.571429,4.52238095238
2010-08-31,5.54545454545,5.72181818182,5.34772727273,5.52272727273,419181.818182,5.52272727273
2010-09-30,5.301,5.4675,5.1675,5.339,171590.0,5.339
2010-10-31,5.84571428571,5.94714285714,5.69523809524,5.8219047619,140328.571429,5.8219047619
2010-11-30,6.73571428571,6.89857142857,6.6119047619,6.7719047619,264219.047619,6.7719047619
2010-12-31,7.74619047619,7.93523809524,7.58476190476,7.76095238095,260461.904762,7.76095238095
2011-01-31,9.114,9.3,8.8515,9.077,337075.0,9.077
2011-02-28,9.93263157895,10.2,9.66210526316,9.96368421053,425694.736842,9.96368421053
2011-03-31,9.59,9.78434782609,9.31869565217,9.57739130435,257582.608696,9.57739130435
2011-04-30,9.98263157895,10.1415789474,9.74052631579,9.92526315789,221547.368421,9.92526315789
2011-05-31,10.4919047619,10.720952381,10.2042857143,10.47,334995.238095,10.47
2011-06-30,10.1309090909,10.3118181818,9.93727272727,10.11,157163.636364,10.11
2011-07-31,9.77894736842,9.93052631579,9.52578947368,9.68105263158,261063.157895,9.68105263158
2011-08-31,7.11043478261,7.34173913043,6.88565217391,7.12260869565,187330.434783,7.12260869565
2011-09-30,6.10904761905,6.24333333333,5.91666666667,6.07047619048,94971.4285714,6.07047619048
2011-10-31,6.3205,6.5085,6.198,6.402,174835.0,6.402
2011-11-30,6.58523809524,6.73761904762,6.40523809524,6.60238095238,130428.571429,6.60238095238
2011-12-31,6.92095238095,7.04666666667,6.80857142857,6.9419047619,85214.2857143,6.9419047619
2012-01-31,8.076,8.2125,7.9555,8.11,100900.0,8.11
2012-02-29,8.38631578947,8.55105263158,8.20631578947,8.35315789474,179794.736842,8.35315789474
2012-03-31,8.26727272727,8.40090909091,8.10545454545,8.29409090909,103931.818182,8.29409090909
2012-04-30,8.504,8.598,8.3335,8.464,70570.0,8.464
2012-05-31,7.80571428571,7.90095238095,7.61142857143,7.72095238095,135895.238095,7.72095238095
2012-06-30,8.11857142857,8.24380952381,8.03047619048,8.1519047619,94814.2857143,8.1519047619
2012-07-31,8.44380952381,8.59571428571,8.24619047619,8.44904761905,143671.428571,8.44904761905
2012-08-31,7.66826086957,7.76130434783,7.53173913043,7.65173913043,99408.6956522,7.65173913043
2012-09-30,7.63888888889,7.72388888889,7.53166666667,7.635,66950.0,7.635
2012-10-31,7.52095238095,7.60142857143,7.36142857143,7.51380952381,60657.1428571,7.51380952381
2012-11-30,7.61238095238,7.70142857143,7.5219047619,7.61380952381,52942.8571429,7.61380952381
2012-12-31,7.7735,7.85,7.6795,7.778,45520.0,7.778
2013-01-31,8.4595,8.6305,8.3335,8.5095,110940.0,8.5095
2013-02-28,9.08631578947,9.23052631579,8.95947368421,9.11,84273.6842105,9.11
2013-03-31,9.1555,9.249,9.064,9.176,65730.0,9.176
2013-04-30,8.81523809524,8.94095238095,8.72523809524,8.8619047619,54052.3809524,8.8619047619
2013-05-31,9.24227272727,9.36363636364,9.16772727273,9.295,91345.4545455,9.295
2013-06-30,9.522,9.6115,9.3585,9.45,140235.0,9.45
2013-07-31,9.155,9.21590909091,9.025,9.11227272727,67040.9090909,9.11227272727
2013-08-31,8.83333333333,8.92666666667,8.74,8.8,52409.5238095,8.8
2013-09-30,8.847,8.895,8.728,8.8235,40380.0,8.8235
2013-10-31,8.84739130435,8.93652173913,8.74913043478,8.8347826087,124973.913043,8.8347826087
2013-11-30,9.117,9.1765,9.0335,9.1045,51305.0,9.1045
2013-12-31,9.0635,9.1775,8.9625,9.071,167910.0,9.071
2014-01-31,10.719047619,10.8176190476,10.5552380952,10.6804761905,170514.285714,10.6804761905
2014-02-28,11.0484210526,11.2031578947,10.9363157895,11.0473684211,137742.105263,11.0473684211
2014-03-31,11.43,11.5605,11.2395,11.377,83000.0,11.377
2014-04-30,10.550952381,10.6414285714,10.3585714286,10.4728571429,100414.285714,10.4728571429
2014-05-31,10.57,10.6861904762,10.4404761905,10.569047619,88680.952381,10.569047619
2014-06-30,11.4419047619,11.5819047619,11.339047619,11.4895238095,89166.6666667,11.4895238095
2014-07-31,11.4842857143,11.5933333333,11.2776190476,11.4357142857,108057.142857,11.4357142857
2014-08-31,10.7038095238,10.8547619048,10.5761904762,10.7385714286,60166.6666667,10.7385714286
2014-09-30,11.0823809524,11.1652380952,10.9747619048,11.0528571429,43628.5714286,11.0528571429
2014-10-31,10.1591304348,10.3539130435,10.02,10.1934782609,49491.3043478,10.1934782609
2014-11-30,10.54,10.6355555556,10.4305555556,10.5455555556,28727.7777778,10.5455555556
2014-12-31,10.1268181818,10.2445454545,10.0227272727,10.1440909091,34486.3636364,10.1440909091
2015-01-31,10.9415,11.042,10.754,10.8845,90525.0,10.8845
2015-02-28,11.2484210526,11.3447368421,11.1194736842,11.2378947368,56142.1052632,11.2263157895
2015-03-31,11.5790909091,11.6722727273,11.4359090909,11.5736363636,42781.8181818,11.5736363636
2015-04-30,11.7719047619,11.8366666667,11.6519047619,11.7242857143,24947.6190476,11.7242857143
2015-05-31,11.6135,11.7295,11.489,11.6235,51710.0,11.6235
2015-06-30,12.8171428571,12.9504761905,12.7047619048,12.8080952381,58104.7619048,12.8080952381
2015-07-31,12.5045454545,12.5695454545,12.3272727273,12.425,55786.3636364,12.425
2015-08-31,11.7247619048,11.830952381,11.5328571429,11.6519047619,39504.7619048,11.6519047619
2015-09-30,10.4265,10.5575,10.2725,10.35,33165.0,10.35
2015-10-31,10.1940909091,10.3345454545,10.0581818182,10.2131818182,30213.6363636,10.2131818182
2015-11-30,10.7805,10.837,10.6655,10.7525,15230.0,10.7525
2015-12-31,10.5281818182,10.6213636364,10.4372727273,10.5240909091,32500.0,10.5240909091
2016-01-31,9.32611111111,9.41833333333,9.21666666667,9.33111111111,22927.7777778,9.33111111111
2016-02-29,9.8115,9.9045,9.7515,9.8555,34105.0,9.8555
2016-03-31,10.5572727273,10.6754545455,10.4827272727,10.5718181818,29309.0909091,10.5718181818
2016-04-30,10.6585714286,10.7733333333,10.610952381,10.6733333333,19942.8571429,10.6733333333
2016-05-31,11.4315,11.564,11.3965,11.475,37090.0,11.475
2016-06-30,11.4454545455,11.5190909091,11.3654545455,11.4413636364,16431.8181818,11.4413636364
2016-07-31,11.344,11.3975,11.2685,11.314,19650.0,11.314
2016-08-31,11.308,11.364,11.192,11.25,26160.0,11.25
