Date,Open,High,Low,Close,Volume,Adj Close
1999-01-31,32.4285757857,32.5714322857,32.4285757857,32.5714322857,714.285714286,11.9314773571
1999-02-28,32.2434214737,32.4013151579,32.0592105263,32.2631572632,963.157894737,11.8185506842
1999-03-31,30.0108705217,30.0543485217,29.9239136957,30.0543485217,234.782608696,11.0094258261
1999-04-30,28.4999967619,28.4999967619,28.130950381,28.2380931905,771.428571429,10.3441001905
1999-05-31,28.4125008,28.51250115,28.32500015,28.5000005,460.0,10.44004135
1999-06-30,25.6309545714,25.6666688095,25.3928609048,25.4285751429,685.714285714,9.31492542857
1999-07-31,26.190481,26.2857195238,26.190481,26.2857195238,161.904761905,9.628912
1999-08-31,25.6136380455,25.6136380455,25.5681829545,25.5681829545,122.727272727,9.36606609091
1999-09-30,24.636904619,24.7083313333,24.5595233333,24.6071411429,504.761904762,9.01402019048
1999-10-31,23.9523769524,23.9761867619,23.9523769524,23.9761867619,109.523809524,8.78289071429
1999-11-30,24.3095250952,24.5238108571,24.0952393333,24.3690482857,385.714285714,8.9268027619
1999-12-31,20.5284088636,20.7499997727,20.4999991818,20.7045446364,727.272727273,7.58443177273
2000-01-31,19.87499415,19.96249385,19.7874946,19.8874939,1010.0,7.2851319
2000-02-29,19.4802636842,19.4934222105,19.1184233684,19.2631605263,500.0,7.05642794737
2000-03-31,17.9239124348,18.0760857391,17.7010866522,17.8097819565,1182.60869565,6.52403026087
2000-04-30,19.3289446842,19.3289446842,19.2105246316,19.2105246316,289.473684211,7.03714615789
2000-05-31,19.7215924545,19.7613646818,19.6818203636,19.7045479545,300.0,7.22825127273
2000-06-30,19.218745,19.218745,19.218745,19.218745,354.545454545,7.09242004545
2000-07-31,19.41249665,19.47499695,19.37499665,19.37499665,510.0,7.15008255
2000-08-31,19.0353221304,19.0461922609,18.9972791739,19.0461922609,656.52173913,7.03829382609
2000-09-30,18.27499825,18.31249915,18.27499825,18.30624885,535.0,6.80943425
2000-10-31,18.3571455238,18.3928588571,18.2500025714,18.2857167619,1180.95238095,6.80179709524
2000-11-30,16.9196478095,16.9196478095,16.8839335714,16.8839335714,580.952380952,6.28838438095
2000-12-31,16.31250275,16.38125335,16.2500034,16.32500525,2475.0,6.12817565
2001-01-31,18.339284,18.494046381,18.2678554286,18.4196409524,2566.66666667,6.91447228571
2001-02-28,19.0789458947,19.1578933684,19.0394721579,19.1118403158,2300.0,7.18338157895
2001-03-31,21.1249994091,21.3806813182,20.9999990455,21.2585216364,1072.72727273,8.03970072727
2001-04-30,20.43225295,20.43225295,20.30875315,20.30875315,1010.0,7.6805103
2001-05-31,20.5413647727,20.5686365909,20.4981835909,20.5436368636,1327.27272727,7.77719159091
2001-06-30,21.6714274762,21.7047605238,21.6714274762,21.7047605238,152.380952381,8.26640471429
2001-07-31,23.3785677619,23.4285677619,23.2595195714,23.326185619,1214.28571429,8.88393585714
2001-08-31,24.3260896087,24.3913069565,24.3260896087,24.3913069565,765.217391304,9.297595
2001-09-30,24.1626664,24.1926676,24.0299976,24.1133325333,800.0,9.24409346667
2001-10-31,25.2590889545,25.3363620455,25.2522707727,25.3363620455,1372.72727273,9.71295427273
2001-11-30,25.5309518095,25.5857142381,25.4333329524,25.4738097619,2157.14285714,9.77446257143
2001-12-31,25.81499765,25.9699981,25.76499885,25.9199993,830.0,9.99822195
2002-01-31,27.7161911429,27.7376188095,27.6471428095,27.6804749048,3133.33333333,10.6772972857
2002-02-28,27.4984223158,27.5300013158,27.4684223158,27.5000013158,1121.05263158,10.6175314211
2002-03-31,27.8768415789,27.9921048421,27.8736836842,27.9799992105,1089.47368421,10.8559935263
2002-04-30,30.8954548182,31.2700006364,30.8522726818,31.1659099545,1531.81818182,12.0920991364
2002-05-31,32.9772729545,33.0159091364,32.9522731364,32.9786373182,1877.27272727,12.8039691818
2002-06-30,32.14599835,32.2229992,32.102999,32.1824993,2525.0,12.54956845
2002-07-31,33.3386350455,33.452271,33.2590899545,33.3340889091,2304.54545455,12.9986308636
2002-08-31,31.7581835909,31.7790931364,31.7422748636,31.7518210909,536.363636364,12.3873705909
2002-09-30,31.8775022,31.95000235,31.797502,31.8765025,1555.0,12.5005597
2002-10-31,33.630871087,33.8752185652,33.6091316522,33.783479,1143.47826087,13.2483915652
2002-11-30,24.5889996,24.6419996,24.5539997,24.6069997,305.0,13.8087307
2002-12-31,23.3342860476,23.4190480952,23.2580957143,23.3414291429,423.80952381,13.7985017619
2003-01-31,25.9061907619,26.2000001429,25.6652382381,26.0166668095,1366.66666667,15.3799930476
2003-02-28,28.9152631579,29.5394737895,28.6778947368,29.3010525263,2310.52631579,17.3327172632
2003-03-31,33.2666665238,33.6657143333,32.7376189524,33.4271428571,3052.38095238,19.835545381
2003-04-30,35.98899985,36.2504998,35.5480001,35.9065,3960.0,21.30678695
2003-05-31,34.439047381,34.8190471429,33.7257145238,34.1899999048,7033.33333333,20.2984087619
2003-06-30,31.6047622857,32.2900000476,30.9747618095,31.427142619,7071.42857143,18.7218840476
2003-07-31,29.2047618095,29.5447618095,28.7519046667,29.2247620476,5809.52380952,17.4098743333
2003-08-31,31.4828569048,32.0176190476,30.9609523333,31.5252382381,2452.38095238,18.7933574762
2003-09-30,32.6509524762,33.1057145714,32.2838096667,32.7780950952,3504.76190476,19.622398
2003-10-31,30.2086361364,30.5781813636,29.7131817273,30.0531815455,2986.36363636,17.9911459545
2003-11-30,32.0847368421,32.7000002632,31.6510526842,32.1742107895,5815.78947368,19.2755593158
2003-12-31,31.4752380476,31.981428381,30.9547619048,31.5161903333,2585.71428571,18.9561299524
2004-01-31,31.76950025,32.14150015,31.3730002,31.81300015,6775.0,19.13465295
2004-02-29,31.4621050526,31.8484213684,31.0215788421,31.3415788947,3921.05263158,18.8651185789
2004-03-31,30.1052170435,30.3639128696,29.9186957826,30.059999913,4756.52173913,18.1688708696
2004-04-30,29.4814287143,29.8119047619,29.1280950476,29.4419049524,7557.14285714,17.7952811905
2004-05-31,30.4225002,30.88350005,30.0575001,30.40899995,7150.0,18.3931813
2004-06-30,29.5800001429,29.912381,29.3152382857,29.4542859524,9561.9047619,17.8907519524
2004-07-31,29.7542855238,29.8371427619,29.696666619,29.7580950476,2752.38095238,18.0752877619
2004-08-31,30.0309095,30.085455,30.0054548182,30.0772731364,881.818181818,18.2825874545
2004-09-30,30.1490479048,30.1957144762,30.0814285714,30.1442858571,2314.28571429,18.407158619
2004-10-31,30.2238094286,30.2966664762,30.1447618095,30.2085712381,600.0,18.446413619
2004-11-30,30.2749997,30.348,30.21699985,30.2869999,575.0,18.5089973
2004-12-31,32.7749996818,33.0913632727,32.5672725455,33.0763632727,3600.0,20.3037526818
2005-01-31,33.315,33.51450005,33.238,33.42749975,745.0,20.5192961
2005-02-28,31.1289470526,31.1768419474,31.0021051053,31.0252629474,1889.47368421,19.0599441053
2005-03-31,30.668095619,30.9195241905,30.6157145238,30.7728574286,1219.04761905,18.9893741905
2005-04-30,30.6561902857,30.765714,30.5114284286,30.5842854286,642.857142857,18.8730099524
2005-05-31,30.6038092381,30.7676188571,30.5428568571,30.7042854286,1076.19047619,18.961180619
2005-06-30,30.856818,31.1031816818,30.6395453182,30.7413635,1131.81818182,19.0661721364
2005-07-31,30.0254996,30.0784996,30.0089996,30.0469995,780.0,18.63551905
2005-08-31,29.7408692174,29.7608692174,29.7404344348,29.7604344348,365.217391304,18.4689883043
2005-09-30,29.8361906667,29.9157142381,29.7876192381,29.8204762857,1442.85714286,18.6018622857
2005-10-31,29.680000381,29.7219050952,29.6395242857,29.6447623333,533.333333333,18.4922528095
2005-11-30,29.7014284286,29.7552378571,29.5185714286,29.5938094286,1028.57142857,18.4756781905
2005-12-31,29.0045001,29.17949995,28.62199995,28.85649985,3715.0,18.10487125
2006-01-31,28.8630002,28.89750015,28.7405,28.74150005,3305.0,18.032719
2006-02-28,28.6747366316,28.7647368947,28.5957894737,28.6536842632,2115.78947368,17.9946674737
2006-03-31,28.5121738261,28.6726090435,28.3791303043,28.537826087,3743.47826087,18.013331
2006-04-30,28.7763160526,28.8873684737,28.7278946842,28.7978946316,2126.31578947,18.1774886316
2006-05-31,29.235238381,29.2938097619,29.115714619,29.1833337143,2633.33333333,18.4359831905
2006-06-30,28.8681821364,28.9681818636,28.8009093636,28.9199999545,1486.36363636,18.359085
2006-07-31,28.52799985,28.62049975,28.4224998,28.55849985,1505.0,18.12959635
2006-08-31,27.8168182727,27.8768182273,27.6813636818,27.8018181364,1377.27272727,17.6593891364
2006-09-30,28.10500025,28.20950005,28.04700005,28.1534998,2070.0,17.98863205
2006-10-31,28.9645450455,29.0536359545,28.840454,28.9586356818,4163.63636364,18.5030723636
2006-11-30,28.6699995714,28.7371426667,28.6676185238,28.7228568571,990.476190476,18.3687716667
2006-12-31,28.51599965,28.5519998,28.45299945,28.47999955,965.0,18.31161635
2007-01-31,28.0857893158,28.1521050526,28.0257893158,28.0694735789,1063.15789474,18.0476631579
2007-02-28,28.1300001053,28.1452633158,28.0221056842,28.0484214211,931.578947368,18.0523900526
2007-03-31,27.8222728182,27.9181820909,27.4895453636,27.685,2490.90909091,17.9150141818
2007-04-30,27.27549995,27.47850005,27.1615001,27.33250005,1380.0,17.6869109
2007-05-31,26.2254546364,26.3840909545,26.0686362727,26.2586362273,6168.18181818,17.0079284545
2007-06-30,26.1176189524,26.1490477143,26.0204764762,26.066667,3433.33333333,16.9844754762
2007-07-31,25.3085716667,25.3904763333,24.9790479048,25.2004763333,5428.57142857,16.4200842381
2007-08-31,24.0954544091,24.2849998636,23.5600001364,23.9972725909,3390.90909091,15.6544630909
2007-09-30,24.4484213684,24.4963160526,24.3052634737,24.3542107895,4600.0,15.9966488421
2007-10-31,19.8465215652,19.9569562609,19.6334781739,19.7026083478,3500.0,16.004592087
2007-11-30,18.4066667143,18.502857,18.2095238571,18.3514284762,1033.33333333,15.0864775238
2007-12-31,18.8947365789,19.092105,18.6442100526,18.9378944737,1536.84210526,15.6894265789
2008-01-31,18.1799997143,18.4009523333,17.8599997619,18.069523619,1171.42857143,14.9700096667
2008-02-29,18.60049995,18.6285,18.44149985,18.49599995,430.0,15.3433256
2008-03-31,17.84050005,18.4395,17.33450005,18.0204999,3135.0,15.06284185
2008-04-30,17.8495238095,18.1085713333,17.6980949524,17.9204758571,1700.0,14.9792345714
2008-05-31,17.8142859524,17.9842859524,17.629047619,17.8204765238,1000.0,14.9143097619
2008-06-30,17.4852383333,17.6433335714,17.3766669048,17.5352383333,1923.80952381,14.789049619
2008-07-31,16.9104761905,17.0428571429,16.7557142381,16.8038094762,1600.0,14.1721699048
2008-08-31,17.8509519048,17.9747614762,17.8185709524,17.9719042857,1019.04761905,15.1779971429
2008-09-30,19.0371427143,19.23,18.4166664762,18.8695237619,2342.85714286,16.0642588571
2008-10-31,18.8656520435,19.3434781304,18.5595650435,19.107391087,1017.39130435,16.2667632174
2008-11-30,17.9005556111,17.9761112222,17.7972222778,17.9005556667,361.111111111,15.2557921111
2008-12-31,17.0109088636,17.4054546818,16.8831815909,17.3472726364,3368.18181818,14.9174905455
2009-01-31,17.8894996,17.9689996,17.63849985,17.8029998,1145.0,15.30938535
2009-02-28,16.9694733158,16.9926313158,16.8347363684,16.8652626842,1200.0,14.5258046842
2009-03-31,15.8463637273,16.0359090909,15.8081819545,15.9768182273,2122.72727273,13.8837913636
2009-04-30,18.3325,18.55949985,17.8670001,18.1690001,1905.0,15.7887889
2009-05-31,19.3919999,19.67499995,19.2579999,19.5494998,4995.0,16.997055
2009-06-30,19.6771429524,19.8747620476,19.2419045238,19.5538097143,16557.1428571,17.075765381
2009-07-31,17.2413636364,17.5209091364,16.5913635455,17.0681820455,9304.54545455,14.9051398182
2009-08-31,17.5947619048,17.9709522381,17.2247620476,17.6652383333,12609.5238095,15.4429342381
2009-09-30,16.3552381905,16.821428619,16.1204763333,16.3609522381,9314.28571429,14.3547859524
2009-10-31,15.1827272727,15.4027272727,14.8704545455,15.0195454545,5513.63636364,13.1904799545
2009-11-30,15.72149995,16.2164999,15.3175,15.762,13290.0,13.8598465
2009-12-31,15.7180953333,16.0928571905,15.3680952857,15.6485714286,11852.3809524,13.8302163333
2010-01-31,15.3326316842,15.6073684737,15.0463157895,15.2731578421,11452.6315789,13.4984256842
2010-02-28,14.2763157895,14.6084210526,14.0347368421,14.2668421053,4005.26315789,12.62318
2010-03-31,14.6968181818,14.9181818182,14.5213636364,14.7277272727,4981.81818182,13.1090166818
2010-04-30,14.7952380952,14.8833333333,14.660952381,14.7385714286,2957.14285714,13.1186687619
2010-05-31,13.38,13.573,12.9955,13.2165,6790.0,11.7709172
2010-06-30,11.9809090909,12.4672727273,11.7622727273,12.0822727273,24022.7272727,10.7994271818
2010-07-31,12.2257142857,12.4657142857,12.0071428571,12.209047619,3704.76190476,10.9127461905
2010-08-31,12.0663636364,12.2636363636,11.8509090909,12.0236363636,5740.90909091,10.7532147727
2010-09-30,11.8128571429,11.9828571429,11.6361904762,11.7419047619,2766.66666667,10.5394862857
2010-10-31,11.2823809524,11.4542857143,11.12,11.2980952381,2404.76190476,10.1369474762
2010-11-30,10.7971428571,10.9514285714,10.6428571429,10.7642857143,3476.19047619,9.66856433333
2010-12-31,10.9818181818,11.2359090909,10.8854545455,11.0918181818,4350.0,10.0020208182
2011-01-31,11.844,12.014,11.7085,11.8425,3180.0,10.67894655
2011-02-28,11.6194444444,11.6711111111,11.5333333333,11.5738888889,1766.66666667,10.4440568333
2011-03-31,11.5817391304,11.7565217391,11.52,11.632173913,2121.73913043,10.5337694783
2011-04-30,11.7175,11.8355,11.675,11.779,2275.0,10.66673125
2011-05-31,11.5438095238,11.6028571429,11.4857142857,11.5476190476,985.714285714,10.4637089048
2011-06-30,10.8895238095,11.0052380952,10.7914285714,10.9152380952,6376.19047619,9.92769619048
2011-07-31,11.1545,11.2335,10.9505,11.077,3150.0,10.0748227
2011-08-31,11.1691304348,11.3234782609,11.0739130435,11.2182608696,2065.2173913,10.2094079565
2011-09-30,10.5425,10.6805,10.415,10.5245,1175.0,9.6168734
2011-10-31,10.0280952381,10.0652380952,9.91285714286,9.96666666667,1395.23809524,9.10714738095
2011-11-30,9.91333333333,10.0738095238,9.81571428571,9.98142857143,1652.38095238,9.12712595238
2011-12-31,9.47666666667,9.60285714286,9.4080952381,9.50619047619,2395.23809524,8.73003257143
2012-01-31,9.8055,9.9125,9.7025,9.8315,3220.0,9.02832955
2012-02-29,10.334,10.464,10.2975,10.402,1895.0,9.55967925
2012-03-31,10.7718181818,10.8463636364,10.6404545455,10.76,2054.54545455,9.92875154545
2012-04-30,10.6965,10.789,10.5985,10.6585,2135.0,9.8350927
2012-05-31,11.0714285714,11.1719047619,10.9447619048,11.070952381,2123.80952381,10.219959381
2012-06-30,10.949047619,11.1033333333,10.8585714286,10.919047619,1576.19047619,10.1199759048
2012-07-31,10.5380952381,10.5904761905,10.4376190476,10.5157142857,2200.0,9.74615914286
2012-08-31,10.5734782609,10.6013043478,10.5539130435,10.5873913043,1991.30434783,9.81866765217
2012-09-30,10.6268421053,10.65,10.5815789474,10.6315789474,857.894736842,9.90006757895
2012-10-31,10.7225,10.79,10.703,10.7665,930.0,10.02570545
2012-11-30,11.0128571429,11.0547619048,10.9504761905,11.0061904762,2661.9047619,10.2556231905
2012-12-31,10.953,10.9945,10.8825,10.9415,4895.0,10.23596535
2013-01-31,11.5757142857,11.6823809524,11.5385714286,11.6157142857,4752.38095238,10.8667045238
2013-02-28,12.2566666667,12.3372222222,12.1705555556,12.2638888889,4461.11111111,11.4809765556
2013-03-31,12.6385,12.776,12.5185,12.6755,3130.0,11.9074798
2013-04-30,12.6477272727,12.7627272727,12.5059090909,12.5590909091,1054.54545455,11.7981240455
2013-05-31,12.7609090909,12.8918181818,12.6890909091,12.82,6404.54545455,12.0497433636
2013-06-30,13.0826315789,13.1273684211,12.9889473684,13.0615789474,1578.94736842,12.3182462632
2013-07-31,13.0104545455,13.04,12.9681818182,12.9972727273,5259.09090909,12.2575999545
2013-08-31,13.0554545455,13.075,13.0268181818,13.0527272727,3468.18181818,12.3176624545
2013-09-30,12.8985,12.94,12.8275,12.8735,3610.0,12.19716535
2013-10-31,12.9447826087,12.9786956522,12.8726086957,12.9156521739,1417.39130435,12.237103
2013-11-30,12.8189473684,12.8631578947,12.7931578947,12.8452631579,910.526315789,12.1794184211
2013-12-31,12.7585714286,12.8747619048,12.7033333333,12.8085714286,18571.4285714,12.1930266667
2014-01-31,13.9214285714,14.1604761905,13.8214285714,14.0461904762,5090.47619048,13.3711688095
2014-02-28,15.1521052632,15.3263157895,15.0968421053,15.2378947368,1894.73684211,14.514397
2014-03-31,15.9145001,16.42249985,15.74300005,16.21049995,3090.0,15.4906304
2014-04-30,16.2019047143,16.6090475714,15.9647620476,16.2752382857,3261.9047619,15.5524938571
2014-05-31,15.1085714286,15.140952381,15.0733333333,15.1061904762,1361.9047619,14.4437307143
2014-06-30,15.1385714286,15.1942857143,15.0428571429,15.1171428571,2838.0952381,14.5038421905
2014-07-31,15.3681818182,15.5495454091,15.2277272727,15.3559090909,5763.63636364,14.7329214091
2014-08-31,15.0747619048,15.3295238095,15.0185714286,15.2,2857.14285714,14.5930261905
2014-09-30,15.1223809524,15.200952381,15.0057142857,15.0619047619,1390.47619048,14.5185082381
2014-10-31,15.2239130435,15.2991304348,15.1426086957,15.2286956522,1113.04347826,14.6792816087
2014-11-30,15.0516666667,15.0961111111,15.0266666667,15.0683333333,2333.33333333,14.5321670556
2014-12-31,15.035,15.0609090909,15.0154545455,15.0318181818,1686.36363636,14.5568102273
2015-01-31,15.1405,15.191,15.0715,15.122,3025.0,14.64414225
2015-02-28,15.09,15.1321052632,15.0578947368,15.09,1800.0,14.6254319474
2015-03-31,14.9981818182,15.1577272727,14.9731818182,15.0177272727,7427.27272727,14.6207799091
2015-04-30,15.0505,15.1285,15.0235,15.0635,1695.0,14.6653428
2015-05-31,15.0435,15.09,15.0175,15.074,1395.0,14.6873499
2015-06-30,15.2181818182,15.34,15.1727272727,15.3063636364,2681.81818182,14.9816361364
2015-07-31,15.2163636364,15.3377272727,15.1104545455,15.29,3531.81818182,14.9656196364
2015-08-31,15.5566666667,15.7095238095,15.509047619,15.6042857143,2471.42857143,15.2861142381
2015-09-30,15.3504761905,15.58,15.2247619048,15.42,1990.47619048,15.1820867143
2015-10-31,15.7318181818,15.8722727273,15.6772727273,15.7218181818,2109.09090909,15.479331
2015-11-30,17.70050005,17.955,17.5894999,17.74749995,2475.0,17.48718855
2015-12-31,17.8552381905,17.9390477619,17.7690478095,17.8509525238,2147.61904762,17.6646916667
2016-01-31,18.2984209474,18.6247366842,18.1836842105,18.3615787368,4247.36842105,18.1699901579
2016-02-29,18.62350035,18.82550035,18.38050005,18.6005001,2080.0,18.42117195
2016-03-31,18.9263633636,19.1631817273,18.7654544091,18.9227270909,2186.36363636,18.8256874545
2016-04-30,18.94200005,19.1000001,18.9010001,18.9980001,1500.0,18.9005747
2016-05-31,19.0442859048,19.1690474286,19.0066669048,19.0885712857,2176.19047619,19.0049375238
2016-06-30,19.1036365,19.2695454091,19.0131820909,19.0404547727,3186.36363636,19.0404547727
2016-07-31,19.2454998,19.35449995,19.12449995,19.26950005,1960.0,19.26950005
2016-08-31,19.074,19.104,19.0399996,19.0859996,1280.0,19.0859996
