Date,Open,High,Low,Close,Volume,Adj Close
1987-12-31,5.9375,6.125,5.9375,6.0,60250.0,0.406922
1988-01-31,5.98125,6.0125,5.8875,5.9625,23320.0,0.40531045
1988-02-29,5.89375,5.95625,5.775,5.84375,20645.0,0.4008956
1988-03-31,5.83152173913,5.94565217391,5.76630434783,5.84239130435,21278.2608696,0.404160086957
1988-04-30,6.0375,6.13125,5.96875,6.05,32700.0,0.42129135
1988-05-31,5.88095238095,5.97619047619,5.82738095238,5.91071428571,13252.3809524,0.413814238095
1988-06-30,5.82954545455,5.92613636364,5.78977272727,5.84659090909,26904.5454545,0.412208636364
1988-07-31,5.725,5.8,5.66875,5.7375,22705.0,0.4094719
1988-08-31,5.59782608696,5.69565217391,5.5597826087,5.61956521739,26256.5217391,0.410902956522
1988-09-30,5.42261904762,5.48214285714,5.38095238095,5.40476190476,31161.9047619,0.405389190476
1988-10-31,5.28571428571,5.375,5.24404761905,5.30357142857,48833.3333333,0.407399380952
1988-11-30,5.10625,5.175,5.05625,5.10625,63345.0,0.40158145
1988-12-31,5.66666666667,5.82142857143,5.64285714286,5.71428571429,79038.0952381,0.460054571429
1989-01-31,5.73214285714,5.77380952381,5.6130952381,5.67857142857,21833.3333333,0.464168238095
1989-02-28,5.15131578947,5.19736842105,5.09868421053,5.14473684211,12478.9473684,0.422961
1989-03-31,5.33522727273,5.42045454545,5.26136363636,5.34659090909,16209.0909091,0.442187409091
1989-04-30,5.575,5.675,5.55,5.6,25110.0,0.46628565
1989-05-31,5.57738095238,5.625,5.51785714286,5.58333333333,25952.3809524,0.467949380952
1989-06-30,5.34659090909,5.42613636364,5.28977272727,5.34659090909,33231.8181818,0.451475590909
1989-07-31,5.3125,5.4,5.2625,5.35,16355.0,0.4551971
1989-08-31,5.26086956522,5.35326086957,5.23369565217,5.27717391304,19373.9130435,0.452516521739
1989-09-30,5.55625,5.6375,5.53125,5.575,19435.0,0.4815859
1989-10-31,5.65909090909,5.72727272727,5.60227272727,5.68181818182,33009.0909091,0.493862818182
1989-11-30,5.6375,5.6875,5.625,5.63125,24070.0,0.4928456
1989-12-31,5.80625,5.90625,5.7625,5.84375,44930.0,0.5153352
1990-01-31,5.97727272727,6.03409090909,5.90909090909,5.95454545455,17454.5454545,0.529470454545
1990-02-28,5.94078947368,5.98684210526,5.90789473684,5.94078947368,21121.0526316,0.531804052632
1990-03-31,5.80113636364,5.86363636364,5.75,5.77840909091,17754.5454545,0.520099818182
1990-04-30,5.3375,5.39375,5.2875,5.34375,11005.0,0.4851362
1990-05-31,4.77380952381,4.82142857143,4.72023809524,4.7380952381,13209.5238095,0.434258619048
1990-06-30,4.6369047619,4.72619047619,4.57738095238,4.61904761905,11228.5714286,0.42666652381
1990-07-31,4.61904761905,4.69047619048,4.55952380952,4.625,8161.9047619,0.429904238095
1990-08-31,5.42934782609,5.57065217391,5.35326086957,5.46195652174,25130.4347826,0.510570565217
1990-09-30,5.22368421053,5.29605263158,5.16447368421,5.23026315789,10136.8421053,0.491819736842
1990-10-31,4.98369565217,5.04347826087,4.94565217391,4.98913043478,7421.73913043,0.472188608696
1990-11-30,4.58928571429,4.69047619048,4.53571428571,4.59523809524,19309.5238095,0.440351857143
1990-12-31,4.55,4.65625,4.4375,4.53125,22320.0,0.4413721
1991-01-31,4.3125,4.38636363636,4.23295454545,4.30681818182,13618.1818182,0.426747454545
1991-02-28,3.94078947368,3.98684210526,3.86842105263,3.94736842105,66831.5789474,0.398218368421
1991-03-31,3.91875,3.99375,3.84375,3.94375,31605.0,0.4038325
1991-04-30,3.97619047619,4.06547619048,3.93452380952,3.99404761905,19061.9047619,0.41393252381
1991-05-31,3.97727272727,4.05681818182,3.92045454545,4.0,13922.7272727,0.417338181818
1991-06-30,4.14375,4.2125,4.125,4.1625,9705.0,0.4383969
1991-07-31,4.22159090909,4.29545454545,4.1875,4.22159090909,9259.09090909,0.4484745
1991-08-31,4.36931818182,4.46022727273,4.31818181818,4.40909090909,11977.2727273,0.472256772727
1991-09-30,4.4875,4.525,4.44375,4.475,11330.0,0.48301605
1991-10-31,4.46739130435,4.57065217391,4.41304347826,4.5,15721.7391304,0.489043565217
1991-11-30,4.42105263158,4.53289473684,4.40131578947,4.44078947368,16115.7894737,0.486571263158
1991-12-31,4.34523809524,4.41666666667,4.28571428571,4.34523809524,31633.3333333,0.480359238095
1992-01-31,4.18181818182,4.25,4.125,4.1875,19500.0,0.467205818182
1992-02-29,4.0,4.03947368421,3.92105263158,3.97368421053,19010.5263158,0.447455789474
1992-03-31,3.96022727273,4.00568181818,3.90340909091,3.95454545455,11859.0909091,0.449303181818
1992-04-30,4.03571428571,4.10714285714,4.0,4.04166666667,10485.7142857,0.463482380952
1992-05-31,4.09210526316,4.15789473684,4.01315789474,4.05921052632,18694.7368421,0.469526052632
1992-06-30,4.14204545455,4.21590909091,4.09090909091,4.14204545455,27704.5454545,0.482168636364
1992-07-31,4.05113636364,4.09659090909,3.99431818182,4.05113636364,20222.7272727,0.474877090909
1992-08-31,4.05357142857,4.125,4.0,4.04166666667,15504.7619048,0.478269904762
1992-09-30,4.40476190476,4.5119047619,4.33333333333,4.45238095238,15047.6190476,0.533157761905
1992-10-31,4.78977272727,4.875,4.70454545455,4.80113636364,113418.181818,0.580670590909
1992-11-30,4.3375,4.4375,4.2875,4.33125,16850.0,0.5301642
1992-12-31,4.0,4.07954545455,3.93181818182,4.01136363636,18981.8181818,0.4954915
1993-01-31,4.0375,4.09375,3.9625,4.03125,62005.0,0.50251325
1993-02-28,4.40789473684,4.45394736842,4.31578947368,4.38815789474,14142.1052632,0.551861421053
1993-03-31,4.55434782609,4.64130434783,4.48369565217,4.5652173913,23856.5217391,0.578617391304
1993-04-30,4.25595238095,4.32142857143,4.19047619048,4.25,24642.8571429,0.543320095238
1993-05-31,4.125,4.2,4.05625,4.11875,31865.0,0.53106875
1993-06-30,3.90476190476,3.95238095238,3.79761904762,3.88095238095,53190.4761905,0.504192857143
1993-07-31,3.80357142857,3.85119047619,3.68452380952,3.76785714286,53247.6190476,0.494538714286
1993-08-31,4.42613636364,4.53409090909,4.35795454545,4.45454545455,54309.0909091,0.590481590909
1993-09-30,4.82142857143,4.91071428571,4.78571428571,4.83928571429,18614.2857143,0.645853333333
1993-10-31,4.65476190476,4.71428571429,4.58928571429,4.6369047619,6090.47619048,0.623335761905
1993-11-30,4.625,4.69047619048,4.60119047619,4.6369047619,11152.3809524,0.62722452381
1993-12-31,4.67261904762,4.74404761905,4.64285714286,4.70238095238,28361.9047619,0.640435619048
1994-01-31,4.84523809524,4.89880952381,4.76785714286,4.82738095238,13580.952381,0.662041619048
1994-02-28,5.32236842105,5.38815789474,5.17763157895,5.26315789474,17431.5789474,0.726298947368
1994-03-31,5.1902173913,5.22826086957,5.13043478261,5.16847826087,6821.73913043,0.716414913043
1994-04-30,4.79605263158,4.86184210526,4.75,4.80263157895,10068.4210526,0.669475736842
1994-05-31,4.72619047619,4.78571428571,4.68452380952,4.75,7052.38095238,0.66412
1994-06-30,4.75595238095,4.82738095238,4.68452380952,4.7380952381,9500.0,0.666719
1994-07-31,4.30625,4.3625,4.25625,4.30625,9585.0,0.6095821
1994-08-31,4.61956521739,4.6902173913,4.58152173913,4.65217391304,6917.39130435,0.661258608696
1994-09-30,4.72619047619,4.77976190476,4.67857142857,4.74404761905,5761.9047619,0.678817619048
1994-10-31,4.56547619048,4.625,4.52380952381,4.58928571429,5023.80952381,0.660645047619
1994-11-30,4.35714285714,4.39285714286,4.29166666667,4.31547619048,7180.95238095,0.625268285714
1994-12-31,4.0,4.075,3.95,4.00625,19505.0,0.58448395
1995-01-31,4.42857142857,4.47023809524,4.38095238095,4.42857142857,11004.7619048,0.650590380952
1995-02-28,4.57236842105,4.625,4.53947368421,4.57236842105,7384.21052632,0.67598
1995-03-31,4.5597826087,4.59782608696,4.51086956522,4.54891304348,8465.2173913,0.676250043478
1995-04-30,4.24342105263,4.29605263158,4.19736842105,4.25657894737,8284.21052632,0.643015210526
1995-05-31,4.21022727273,4.27272727273,4.16477272727,4.22159090909,7727.27272727,0.658389636364
1995-06-30,3.96022727273,4.0,3.89772727273,3.95454545455,7236.36363636,0.618346136364
1995-07-31,3.89375,3.975,3.85,3.91875,11805.0,0.61541675
1995-08-31,3.88043478261,3.89130434783,3.84239130435,3.85869565217,6991.30434783,0.609092130435
1995-09-30,3.65,3.70625,3.6,3.66875,10385.0,0.58132485
1995-10-31,3.58522727273,3.64772727273,3.54545454545,3.59090909091,8772.72727273,0.572582772727
1995-11-30,3.40476190476,3.47619047619,3.33928571429,3.42857142857,18180.952381,0.551702142857
1995-12-31,3.19078947368,3.28289473684,3.125,3.17763157895,66294.7368421,0.514737526316
1996-01-31,3.45454545455,3.55681818182,3.40909090909,3.50568181818,11586.3636364,0.571440318182
1996-02-29,3.48125,3.5375,3.4,3.45625,11825.0,0.5665555
1996-03-31,3.25,3.30952380952,3.21428571429,3.25595238095,8276.19047619,0.535322666667
1996-04-30,3.41071428571,3.49404761905,3.375,3.45238095238,17933.3333333,0.569772666667
1996-05-31,3.61363636364,3.65340909091,3.55681818182,3.60227272727,11159.0909091,0.598092181818
1996-06-30,3.39473684211,3.43421052632,3.34868421053,3.375,23768.4210526,0.563491736842
1996-07-31,3.47159090909,3.50568181818,3.42045454545,3.44886363636,14618.1818182,0.582384681818
1996-08-31,3.54545454545,3.625,3.5,3.58522727273,22854.5454545,0.611682227273
1996-09-30,3.9625,4.06875,3.93125,4.01875,13740.0,0.6943743
1996-10-31,4.32065217391,4.35597826087,4.26086956522,4.30706521739,24952.173913,0.755164826087
1996-11-30,4.36184210526,4.42763157895,4.32894736842,4.375,14757.8947368,0.774646684211
1996-12-31,4.59523809524,4.65476190476,4.50595238095,4.58928571429,15019.047619,0.821354761905
1997-01-31,4.52840909091,4.58522727273,4.48863636364,4.52272727273,5750.0,0.817615909091
1997-02-28,4.42105263158,4.48684210526,4.33552631579,4.40131578947,23415.7894737,0.805033526316
1997-03-31,4.3125,4.38125,4.2625,4.31875,18585.0,0.8029845
1997-04-30,4.30681818182,4.39204545455,4.23863636364,4.31818181818,15827.2727273,0.814050727273
1997-05-31,4.35625,4.41875,4.29375,4.3875,9005.0,0.83349045
1997-06-30,4.38095238095,4.4255952381,4.31845238095,4.38392857143,9471.42857143,0.838651952381
1997-07-31,4.36647727273,4.40909090909,4.32386363636,4.38352272727,8727.27272727,0.842712272727
1997-08-31,4.91964285714,5.01488095238,4.81845238095,4.91964285714,23042.8571429,0.954411047619
1997-09-30,4.99107142857,5.08333333333,4.95238095238,5.03571428571,10914.2857143,0.981528380952
1997-10-31,5.33423913043,5.40217391304,5.24456521739,5.3097826087,22804.3478261,1.03988486957
1997-11-30,5.11842105263,5.17105263158,5.04934210526,5.11842105263,9957.89473684,1.00943042105
1997-12-31,4.51988636364,4.58522727273,4.42045454545,4.5,9754.54545455,0.894226727273
1998-01-31,4.60625,4.6875,4.5125,4.621875,16825.0,0.92651175
1998-02-28,4.95394736842,5.00657894737,4.89473684211,4.96052631579,10478.9473684,1.00493321053
1998-03-31,4.69602272727,4.75852272727,4.61647727273,4.69602272727,9209.09090909,0.964858590909
1998-04-30,4.68154761905,4.72619047619,4.61011904762,4.65476190476,10961.9047619,0.963440238095
1998-05-31,4.665625,4.71875,4.63125,4.6625,10100.0,0.96827705
1998-06-30,4.36931818182,4.41761363636,4.31534090909,4.33806818182,6900.0,0.904058181818
1998-07-31,4.09659090909,4.15625,4.05965909091,4.10511363636,9536.36363636,0.865849863636
1998-08-31,3.925,3.9875,3.871875,3.91875,13275.0,0.82841835
1998-09-30,3.96130952381,4.02380952381,3.92857142857,3.97916666667,8900.0,0.844426380952
1998-10-31,4.00568181818,4.01988636364,3.96875,3.98863636364,6118.18181818,0.856396136364
1998-11-30,3.9875,4.015625,3.971875,3.9875,6935.0,0.86244
1998-12-31,3.82386363636,3.91193181818,3.75852272727,3.85227272727,14431.8181818,0.835545227273
1999-01-31,3.95723684211,4.01315789474,3.91447368421,3.98026315789,20736.8421053,0.871627736842
1999-02-28,3.88541666667,3.98958333333,3.81944444444,3.97222222222,14666.6666667,0.877678888889
1999-03-31,4.03804347826,4.09239130435,4.01358695652,4.07336956522,14182.6086957,0.905873695652
1999-04-30,4.27678571429,4.3869047619,4.18452380952,4.32738095238,18261.9047619,0.968184619048
1999-05-31,4.0875,4.14375,4.071875,4.128125,7230.0,0.9294169
1999-06-30,3.98011363636,4.08238636364,3.94034090909,4.04829545455,9018.18181818,0.917943954545
1999-07-31,4.50297619048,4.61607142857,4.45833333333,4.59821428571,14657.1428571,1.05152452381
1999-08-31,5.33522727273,5.41761363636,5.24715909091,5.38352272727,25895.4545455,1.241163
1999-09-30,5.55952380952,5.69047619048,5.47916666667,5.68154761905,15052.3809524,1.31974509524
1999-10-31,5.63392857143,5.75297619048,5.5625,5.70833333333,13009.5238095,1.33700019048
1999-11-30,5.1125,5.140625,5.078125,5.10625,10310.0,1.2060738
1999-12-31,5.23579545455,5.33806818182,5.20170454545,5.28125,56404.5454545,1.26095577273
2000-01-31,5.325,5.365625,5.2625,5.30625,19520.0,1.27890565
2000-02-29,4.84375,4.9125,4.740625,4.83125,10595.0,1.17501765
2000-03-31,4.59239130435,4.64673913043,4.52717391304,4.58152173913,11004.3478261,1.12549930435
2000-04-30,4.39583333333,4.42708333333,4.34375,4.36458333333,13150.0,1.08432433333
2000-05-31,4.53125,4.60511363636,4.50284090909,4.5625,15786.3636364,1.14955354545
2000-06-30,4.84943181818,4.90340909091,4.78125,4.84090909091,24609.0909091,1.23577304545
2000-07-31,4.88125,4.91875,4.85,4.875,10230.0,1.26130815
2000-08-31,5.04347826087,5.10869565217,5.0027173913,5.05434782609,20400.0,1.32440834783
2000-09-30,5.51315789474,5.61842105263,5.42763157895,5.52631578947,16042.1052632,1.46778747368
2000-10-31,5.57386363636,5.6875,5.48579545455,5.59659090909,11209.0909091,1.50507963636
2000-11-30,5.875,5.94642857143,5.80952380952,5.89880952381,8423.80952381,1.61093328571
2000-12-31,6.19375,6.328125,6.103125,6.2,13820.0,1.7150653
2001-01-31,6.043875,6.077,5.946375,6.022625,16995.0,1.68504585
2001-02-28,6.16736842105,6.21631578947,6.11157894737,6.18105263158,28215.7894737,1.75217847368
2001-03-31,6.52,6.57909090909,6.44636363636,6.53227272727,33100.0,1.87592995455
2001-04-30,6.5715,6.6235,6.501,6.5725,64125.0,1.91455125
2001-05-31,6.52619047619,6.57333333333,6.42142857143,6.52904761905,72276.1904762,1.92857852381
2001-06-30,6.35952380952,6.40238095238,6.24095238095,6.32952380952,47485.7142857,1.89281661905
2001-07-31,5.98666666667,6.04714285714,5.88047619048,5.9819047619,32014.2857143,1.81211128571
2001-08-31,6.25954545455,6.29045454545,6.22181818182,6.26818181818,32790.9090909,1.91997804545
2001-09-30,6.15666666667,6.21866666667,5.99866666667,6.12,47773.3333333,1.8922736
2001-10-31,5.79434782609,5.85260869565,5.72739130435,5.80869565217,32500.0,1.80998630435
2001-11-30,5.61619047619,5.67095238095,5.53142857143,5.61142857143,40528.5714286,1.76546571429
2001-12-31,5.43789473684,5.46631578947,5.39105263158,5.43421052632,34921.0526316,1.72798831579
2002-01-31,5.46380952381,5.50428571429,5.41714285714,5.46857142857,26990.4761905,1.75132228571
2002-02-28,5.33684210526,5.40736842105,5.26105263158,5.35421052632,18873.6842105,1.72465668421
2002-03-31,5.388,5.426,5.333,5.3955,31710.0,1.74734205
2002-04-30,5.58227272727,5.64545454545,5.52272727273,5.59090909091,51431.8181818,1.78450854545
2002-05-31,5.405,5.44590909091,5.33590909091,5.38818181818,29259.0909091,1.76620718182
2002-06-30,5.258,5.309,5.178,5.2505,27455.0,1.73616245
2002-07-31,5.09952380952,5.16238095238,4.9919047619,5.07047619048,28919.047619,1.6889777619
2002-08-31,4.99681818182,5.07636363636,4.90590909091,5.01909090909,25254.5454545,1.68594172727
2002-09-30,5.2235,5.2615,5.15,5.2195,26930.0,1.77045955
2002-10-31,5.23652173913,5.28217391304,5.15565217391,5.2247826087,30226.0869565,1.78775634783
2002-11-30,5.44052631579,5.49052631579,5.35,5.42789473684,30673.6842105,1.87602994737
2002-12-31,5.91142857143,5.99238095238,5.82333333333,5.95047619048,31985.7142857,2.07492371429
2003-01-31,6.82,6.93571428571,6.72333333333,6.84095238095,76547.6190476,2.40465109524
2003-02-28,6.78611111111,6.90111111111,6.62888888889,6.74833333333,53072.2222222,2.38861433333
2003-03-31,5.9519047619,6.05952380952,5.81666666667,5.95095238095,44942.8571429,2.11949338095
2003-04-30,5.84238095238,5.94523809524,5.77142857143,5.86047619048,25385.7142857,2.10789719048
2003-05-31,6.531,6.6525,6.476,6.5825,34165.0,2.3894182
2003-06-30,7.28,7.35857142857,7.17238095238,7.26380952381,47061.9047619,2.6616077619
2003-07-31,7.55409090909,7.62409090909,7.46909090909,7.56,30231.8181818,2.79084354545
2003-08-31,7.4585,7.5345,7.361,7.4485,29860.0,2.7684297
2003-09-30,7.9680952381,8.06523809524,7.8719047619,7.97428571429,27480.952381,2.98913252381
2003-10-31,8.31565217391,8.36173913043,8.23869565217,8.3,30865.2173913,3.135714
2003-11-30,8.11421052632,8.16894736842,8.06263157895,8.12421052632,35536.8421053,3.09080526316
2003-12-31,8.31047619048,8.35380952381,8.26904761905,8.32,34366.6666667,3.18857442857
2004-01-31,8.4485,8.505,8.3545,8.426,57455.0,3.25335515
2004-02-29,8.23894736842,8.34578947368,8.14894736842,8.27315789474,73968.4210526,3.21862268421
2004-03-31,8.84565217391,8.92434782609,8.75913043478,8.85130434783,62086.9565217,3.46899521739
2004-04-30,8.918,9.021,8.788,8.931,44075.0,3.5257428
2004-05-31,8.5515,8.6655,8.432,8.582,43025.0,3.4110479
2004-06-30,8.98523809524,9.05333333333,8.87095238095,8.97523809524,37885.7142857,3.59444080952
2004-07-31,9.9295,10.116,9.797,9.987,79470.0,4.02791765
2004-08-31,10.4081818182,10.5454545455,10.1386363636,10.3722727273,82781.8181818,4.21283759091
2004-09-30,10.5819047619,10.760952381,10.48,10.6371428571,64419.047619,4.35357014286
2004-10-31,13.1285,13.473,12.834,13.1785,151235.0,5.4387688
2004-11-30,13.6747619048,13.9080952381,13.4385714286,13.7014285714,100704.761905,5.69635028571
2004-12-31,13.4504545455,13.6472727273,13.1745454545,13.4259090909,102281.818182,5.619154
2005-01-31,13.7005263158,13.9368421053,13.5563157895,13.8257894737,92657.8947368,5.83606694737
2005-02-28,14.2794736842,14.4415789474,14.1736842105,14.3336842105,79826.3157895,6.09513242105
2005-03-31,14.6659090909,14.8831818182,14.34,14.5909090909,114800.0,6.2432715
2005-04-30,12.861,13.117,12.528,12.814,126190.0,5.5178021
2005-05-31,12.51,12.7185714286,12.3323809524,12.4995238095,68071.4285714,5.41442109524
2005-06-30,13.7927272727,14.0163636364,13.6154545455,13.8718181818,93840.9090909,6.03396340909
2005-07-31,16.2035,16.4629999,15.9195,16.2929999,102110.0,7.155774
2005-08-31,15.2186956522,15.3326086957,15.0913043478,15.1865217391,496956.521739,6.71006482609
2005-09-30,15.9,16.04500005,15.71300005,15.94749995,277520.0,7.09904765
2005-10-31,16.1509523333,16.3442857143,15.8347618095,16.0776190952,159871.428571,7.21328019048
2005-11-30,15.7980953333,15.962381,15.6180952381,15.8085714286,122804.761905,7.152979
2005-12-31,16.0255,16.1429998,15.88349985,15.99649995,378210.0,7.30546915
2006-01-31,15.9835001,16.077,15.8264999,15.9495,289610.0,7.357172
2006-02-28,15.9347366842,16.0321051579,15.6826316316,15.8468421053,197610.526316,7.37225873684
2006-03-31,15.6972725909,15.8090907273,15.5027272727,15.6777271818,211213.636364,7.34774090909
2006-04-30,16.4052635789,16.5426316842,16.2510526316,16.3968421579,189400.0,7.74998931579
2006-05-31,16.0127272727,16.1818181364,15.789091,16.0063634091,131450.0,7.60918431818
2006-06-30,15.2714285714,15.4857142857,15.0971428571,15.2761904762,132652.380952,7.30541609524
2006-07-31,15.959,16.0965,15.80200005,15.9765001,126745.0,7.6977245
2006-08-31,16.4739132609,16.5800000435,16.2539132609,16.440000087,494421.73913,7.98144486957
2006-09-30,16.0010526842,16.1226316316,15.7515789474,15.9257897368,302257.894737,7.79103910526
2006-10-31,16.1309091818,16.2513636364,15.9495454545,16.1159090455,208695.454545,7.95394186364
2006-11-30,16.4119044286,16.5438094762,16.2776189524,16.4376188095,174328.571429,8.16645
2006-12-31,16.2310526842,16.3268421053,16.0642107895,16.2047368421,143868.421053,8.09915710526
2007-01-31,15.606,15.72649995,15.37,15.587,211340.0,7.84318735
2007-02-28,15.3163157895,15.4315789474,14.9831578947,15.2705263158,188194.736842,7.73304684211
2007-03-31,14.1552380952,14.3333333333,13.9385714286,14.1542857143,195033.333333,7.2091637619
2007-04-30,14.4465,14.626,14.3505,14.474,145240.0,7.4237207
2007-05-31,13.6868181818,13.8568181818,13.5390909091,13.6781818182,205772.727273,7.05926768182
2007-06-30,13.3935,13.525,13.253,13.3755,154280.0,6.9506985
2007-07-31,14.0176190476,14.1676190476,13.8504761905,14.0457142857,193180.952381,7.35710847619
2007-08-31,13.7617391304,13.9843478261,13.4630434783,13.767826087,175986.956522,7.27228517391
2007-09-30,14.6989473684,14.9084210526,14.5615789474,14.7821052632,170200.0,7.88389405263
2007-10-31,15.3826086957,15.5134782609,15.1726086957,15.3513043478,159947.826087,8.26100165217
2007-11-30,15.4495238095,15.6252380952,15.2385714286,15.390952381,180304.761905,8.36174404762
2007-12-31,15.4852632105,15.6784211579,15.3389473684,15.5542105263,173815.789474,8.545395
2008-01-31,16.5623810476,16.7871428571,16.3042857619,16.5714288571,258990.47619,9.20305838095
2008-02-29,17.95499995,18.1975,17.7449999,18.02199995,279630.0,10.11752545
2008-03-31,21.356,21.80450005,20.81349965,21.321,859325.0,12.0650243
2008-04-30,24.9486363636,25.2131817727,24.2822727727,24.7463634545,759113.636364,14.1400404091
2008-05-31,23.9176187619,24.2890479048,23.4466668095,23.8414284286,567128.571429,13.7267801429
2008-06-30,23.617142619,23.982380619,23.2490474762,23.7333333333,435323.809524,13.7853591905
2008-07-31,23.3181817273,23.8268179091,22.4654544545,23.0936363182,567468.181818,13.5234776818
2008-08-31,22.5735,23.01749975,22.1230001,22.63000035,409475.0,13.3965391
2008-09-30,23.3852382857,23.8742860952,22.835714381,23.3928573333,539800.0,13.9964869524
2008-10-31,20.7309091364,21.3163634545,19.5868183182,20.5218179545,706777.272727,12.3960110455
2008-11-30,19.4784211053,19.8226316316,18.6073683158,19.2163156842,369894.736842,11.7426481053
2008-12-31,14.3604545455,14.6499999545,13.8104545909,14.1531817727,372327.272727,8.72167145455
2009-01-31,14.4125,14.7035,14.0115,14.3245,257700.0,8.8795007
2009-02-28,11.1147368421,11.4057894737,10.5921052632,10.8210526316,444757.894737,6.76032015789
2009-03-31,9.78909090909,10.0477272727,9.45181818182,9.73681818182,352927.272727,6.11468840909
2009-04-30,9.4085,9.5745,9.2375,9.3915,244315.0,5.9156325
2009-05-31,9.719,9.9875,9.5365,9.831,293845.0,6.218928
2009-06-30,12.185,12.4027272727,11.76,12.1109090909,285927.272727,7.69641013636
2009-07-31,10.1719047619,10.3671428571,9.90285714286,10.1157142857,228400.0,6.45899419048
2009-08-31,11.0538095238,11.2023809524,10.8347619048,11.0966666667,289433.333333,7.13679642857
2009-09-30,12.7385,12.947,12.5475,12.8,238715.0,8.284634
2009-10-31,13.0895454545,13.2695454545,12.8372727273,13.0504545455,225118.181818,8.49347072727
2009-11-30,13.6995,13.8455,13.4865,13.6875,173345.0,8.9710504
2009-12-31,13.7766666667,13.8933333333,13.5652380952,13.7233333333,192114.285714,9.0514242381
2010-01-31,15.3263157895,15.4447368947,15.0852631579,15.2415789474,292405.263158,10.1333444737
2010-02-28,16.1505262632,16.3757896316,15.8963156316,16.2163158947,354005.263158,10.8606435263
2010-03-31,17.3186362727,17.5218181818,17.0936363636,17.3431818636,249718.181818,11.689821
2010-04-30,18.7319049524,18.908095381,18.5171427143,18.7814285238,212704.761905,12.7500117143
2010-05-31,17.8994998,18.1625,17.1959999,17.76450025,472185.0,12.13855295
2010-06-30,18.7172727273,19.0104546364,18.4222727727,18.6950000909,271509.090909,12.8758142273
2010-07-31,18.8052382857,18.9709524762,18.5276190952,18.7876189524,199676.190476,13.0243127143
2010-08-31,18.9323807619,19.0623807619,18.7433331429,18.9099999524,159247.619048,13.188606381
2010-09-30,19.004285619,19.125238,18.863809381,19.0480954286,124523.809524,13.3654469524
2010-10-31,20.6476190476,20.8842858095,20.4366664762,20.672857,189404.761905,14.5882106667
2010-11-30,22.2609525238,22.4842856667,22.0271427619,22.2528571905,197376.190476,15.7809530952
2010-12-31,22.4859090455,22.6245455909,22.3190909545,22.4695452273,146872.727273,16.0045943636
2011-01-31,22.13649995,22.3135001,21.77849975,22.02899995,256740.0,15.7624253
2011-02-28,21.2815792632,21.4631581579,21.0489475789,21.268947,239231.578947,15.3041896842
2011-03-31,21.1113044348,21.2769567826,20.8382611304,21.0578263478,215108.695652,15.2213662609
2011-04-30,22.00449975,22.1550001,21.81049955,22.0019999,204545.0,16.00190405
2011-05-31,20.6850003,20.89750015,20.412,20.66450015,215355.0,15.10372115
2011-06-30,20.8790908636,21.0913637273,20.7136363636,20.8936363636,168131.818182,15.3695147727
2011-07-31,22.54699975,22.7135001,22.38999995,22.5629998,212465.0,16.7013957
2011-08-31,21.7313042174,22.112174,21.3760871739,21.7995651304,286139.130435,16.2450462174
2011-09-30,21.4723809048,21.6690477619,21.2061905714,21.425238,183690.47619,16.0458513333
2011-10-31,19.79849975,19.95049965,19.4859999,19.7309996,220940.0,14.81921695
2011-11-30,20.0219047143,20.2047619524,19.8652382381,20.0166669048,158119.047619,15.1116142381
2011-12-31,20.1910001,20.33600005,20.0309999,20.1844997,136680.0,15.3133615
2012-01-31,20.28049985,20.41499985,20.1104999,20.27899975,172020.0,15.46694895
2012-02-29,21.02749995,21.2319999,20.88449975,21.09249995,195400.0,16.1901325
2012-03-31,22.6966666667,22.8795237619,22.4714285238,22.7342857619,169009.52381,17.5734906667
2012-04-30,21.7759999,21.9220001,21.5115002,21.71900015,183185.0,16.88964175
2012-05-31,19.5431817727,19.7213637727,19.1931817727,19.4177273182,256963.636364,15.1831470909
2012-06-30,17.31699995,17.52249975,17.021,17.2914998,198105.0,13.6176997
2012-07-31,18.210476381,18.3714287619,18.0123806667,18.224762,122219.047619,14.422577381
2012-08-31,18.044091,18.2459090909,17.7759090455,17.9309090455,266404.545455,14.2440679091
2012-09-30,15.3531579474,15.4984211579,15.1431578947,15.3189473684,290852.631579,12.2132761579
2012-10-31,14.7633333333,14.8933333333,14.5914285714,14.7233333333,193880.952381,11.7787027619
2012-11-30,13.424,13.6605,13.259,13.4785,237185.0,10.79100675
2012-12-31,12.7305,12.899,12.569,12.715,268905.0,10.2292906
2013-01-31,13.4542857143,13.6785714286,13.3352380952,13.5128571429,187552.380952,10.917756619
2013-02-28,13.8127777778,14.0244444444,13.6605555556,13.85,168583.333333,11.2292482222
2013-03-31,12.517,12.6625,12.36,12.497,239920.0,10.16177605
2013-04-30,12.6318181818,12.7922727273,12.4859090909,12.6613636364,143581.818182,10.3432890455
2013-05-31,12.910952381,13.0885714286,12.7647619048,12.929047619,148642.857143,10.6149932857
2013-06-30,13.1805,13.3085,13.0145,13.1765,113495.0,10.8883609
2013-07-31,13.3954545455,13.5177272727,13.2831818182,13.4054545455,86404.5454545,11.1422495455
2013-08-31,13.4066666667,13.5419047619,13.3233333333,13.4395238095,89976.1904762,11.2330124286
2013-09-30,13.7055,13.858,13.6165,13.7575,117460.0,11.5755914
2013-10-31,14.9034782609,15.1034782609,14.7413043478,14.927826087,182543.478261,12.650009
2013-11-30,14.3178947368,14.4631578947,14.0915789474,14.2731578947,153026.315789,12.1711700526
2013-12-31,13.4776190476,13.6157142857,13.3352380952,13.4414285714,170490.47619,11.5137332857
2014-01-31,13.000952381,13.1171428571,12.8419047619,12.9876190476,114838.095238,11.1795864762
2014-02-28,12.735,12.8844444444,12.6338888889,12.7755555556,117800.0,11.0476357222
2014-03-31,13.0476190476,13.1404761905,12.9457142857,13.0447619048,111409.52381,11.360002
2014-04-30,13.3066666667,13.380952381,13.1947619048,13.2847619048,120642.857143,11.6627990952
2014-05-31,13.7455,13.883,13.627,13.7635,193835.0,12.16147525
2014-06-30,14.5847619048,14.6671428571,14.4504761905,14.5804761905,160971.428571,12.991064
2014-07-31,14.1840909091,14.2709090909,14.0522727273,14.1340909091,135090.909091,12.6803150455
2014-08-31,14.0195,14.129,13.884,14.0355,139330.0,12.69527525
2014-09-30,13.990952381,14.0657142857,13.869047619,13.9419047619,94676.1904762,12.7119009524
2014-10-31,12.5504347826,12.7486956522,12.2795652174,12.4843478261,189986.956522,11.4574686522
2014-11-30,12.0311111111,12.1822222222,11.8272222222,11.9933333333,156266.666667,11.0577015
2014-12-31,9.77,10.0222727273,9.51636363636,9.71181818182,353459.090909,8.98919386364
2015-01-31,9.6325,9.761,9.435,9.6155,136695.0,8.94346055
2015-02-28,10.0927777778,10.2355555556,9.91111111111,10.0594444444,116566.666667,9.39165422222
2015-03-31,8.81727272727,8.94,8.63590909091,8.73772727273,159072.727273,8.18174381818
2015-04-30,8.82761904762,8.9780952381,8.7319047619,8.90523809524,115623.809524,8.36091642857
2015-05-31,8.98842105263,9.10789473684,8.79157894737,8.90368421053,106121.052632,8.37987147368
2015-06-30,8.24409090909,8.38954545455,8.14909090909,8.25909090909,90350.0,7.79011690909
2015-07-31,7.40954545455,7.54090909091,7.22818181818,7.35954545455,140881.818182,6.97474554545
2015-08-31,6.5575,6.7275,6.4285,6.5765,121410.0,6.27942415
2015-09-30,6.97285714286,7.11285714286,6.81523809524,6.94523809524,81757.1428571,6.66565871429
2015-10-31,6.78863636364,6.96272727273,6.65454545455,6.82454545455,94031.8181818,6.57854331818
2015-11-30,6.36421052632,6.50052631579,6.22157894737,6.36157894737,119852.631579,6.15099478947
2015-12-31,5.42227272727,5.55090909091,5.27409090909,5.38,174872.727273,5.21987340909
2016-01-31,4.96105263158,5.12421052632,4.81684210526,4.98,131278.947368,4.85166826316
2016-02-29,5.4315,5.5355,5.278,5.4095,68415.0,5.2864701
2016-03-31,6.03090909091,6.15090909091,5.88681818182,6.06818181818,109190.909091,5.95269604545
2016-04-30,6.42571428571,6.55666666667,6.35952380952,6.4819047619,98300.0,6.37185352381
2016-05-31,6.607,6.7605,6.4895,6.6275,125415.0,6.5283086
2016-06-30,7.21590909091,7.35454545455,7.11954545455,7.24772727273,82272.7272727,7.17433681818
2016-07-31,7.0535,7.1525,6.9555,7.023,88195.0,6.9875154
2016-08-31,6.346,6.454,6.2,6.322,124760.0,6.322
