Date,Open,High,Low,Close,Volume,Adj Close
1990-03-31,0.5625,0.575,0.5625,0.575,4060.0,0.575
1990-04-30,0.5109375,0.521875,0.478125,0.503125,4845.0,0.503125
1990-05-31,0.460227272727,0.488636363636,0.454545454545,0.471590909091,2372.72727273,0.471590909091
1990-06-30,0.462797619048,0.482142857143,0.453869047619,0.465773809524,5219.04761905,0.465773809524
1990-07-31,0.498511904762,0.520833333333,0.498511904762,0.520833333333,4876.19047619,0.520833333333
1990-08-31,0.650815217391,0.70652173913,0.630434782609,0.676630434783,8017.39130435,0.676630434783
1990-09-30,0.565972222222,0.586805555556,0.557291666667,0.569444444444,6533.33333333,0.569444444444
1990-10-31,0.551630434783,0.559782608696,0.538043478261,0.540760869565,5465.2173913,0.540760869565
1990-11-30,0.535714285714,0.561011904762,0.510416666667,0.543154761905,7590.47619048,0.543154761905
1990-12-31,0.571875,0.59375,0.55,0.5734375,12635.0,0.5734375
1991-01-31,0.579545454545,0.596590909091,0.563920454545,0.579545454545,6104.54545455,0.579545454545
1991-02-28,0.735197368421,0.777960526316,0.684210526316,0.745065789474,33636.8421053,0.745065789474
1991-03-31,0.848684210526,0.868421052632,0.782894736842,0.828947368421,36621.0526316,0.828947368421
1991-04-30,0.870738636364,0.896306818182,0.839488636364,0.867897727273,9445.45454545,0.867897727273
1991-05-31,0.850852272727,0.859375,0.839488636364,0.842329545455,4027.27272727,0.842329545455
1991-06-30,0.8125,0.825,0.796875,0.809375,4405.0,0.809375
1991-07-31,0.78125,0.786931818182,0.772727272727,0.778409090909,2613.63636364,0.778409090909
1991-08-31,0.698863636364,0.714488636364,0.684659090909,0.701704545455,18659.0909091,0.701704545455
1991-09-30,0.725,0.73125,0.6984375,0.7046875,4340.0,0.7046875
1991-10-31,0.714488636364,0.751420454545,0.684659090909,0.720170454545,4445.45454545,0.720170454545
1991-11-30,0.75,0.7671875,0.7328125,0.7421875,6395.0,0.7421875
1991-12-31,0.736607142857,0.75744047619,0.721726190476,0.736607142857,11666.6666667,0.736607142857
1992-01-31,0.789772727273,0.801136363636,0.762784090909,0.772727272727,8122.72727273,0.772727272727
1992-02-29,0.764802631579,0.78125,0.75,0.766447368421,3310.52631579,0.766447368421
1992-03-31,0.771306818182,0.774147727273,0.761363636364,0.767045454545,9527.27272727,0.767045454545
1992-04-30,0.72619047619,0.727678571429,0.720238095238,0.721726190476,4571.42857143,0.721726190476
1992-05-31,0.75,0.765625,0.7421875,0.7578125,4065.0,0.7578125
1992-06-30,0.723214285714,0.732142857143,0.723214285714,0.727678571429,6261.9047619,0.727678571429
1992-07-31,0.740056818182,0.752840909091,0.727272727273,0.740056818182,3004.54545455,0.740056818182
1992-08-31,0.766369047619,0.776785714286,0.754464285714,0.763392857143,2714.28571429,0.763392857143
1992-09-30,0.730654761905,0.75744047619,0.714285714286,0.732142857143,8966.66666667,0.732142857143
1992-10-31,0.721590909091,0.75,0.694602272727,0.71875,8186.36363636,0.71875
1992-11-30,0.7875,0.8265625,0.7546875,0.7890625,17070.0,0.7890625
1992-12-31,1.1875,1.26420454545,1.10227272727,1.18039772727,28300.0,1.17471590909
1993-01-31,1.253125,1.340625,1.175,1.278125,18475.0,1.278125
1993-02-28,1.28947368421,1.35855263158,1.24342105263,1.31578947368,13978.9473684,1.31578947368
1993-03-31,1.36956521739,1.4402173913,1.3125,1.39130434783,40452.173913,1.39130434783
1993-04-30,2.11904761905,2.20238095238,2.02083333333,2.13392857143,76271.4285714,2.13392857143
1993-05-31,1.98125,2.09375,1.853125,1.971875,89265.0,1.971875
1993-06-30,1.6875,1.74702380952,1.625,1.68154761905,30928.5714286,1.68154761905
1993-07-31,1.52380952381,1.58630952381,1.47023809524,1.52380952381,25342.8571429,1.52380952381
1993-08-31,1.72727272727,1.78125,1.63494318182,1.70738636364,20240.9090909,1.70738636364
1993-09-30,1.5,1.5818452381,1.43452380952,1.52976190476,17204.7619048,1.52976190476
1993-10-31,1.73214285714,1.77976190476,1.66666666667,1.72470238095,15895.2380952,1.72470238095
1993-11-30,1.91666666667,1.9806547619,1.83333333333,1.90178571429,8057.14285714,1.90178571429
1993-12-31,1.78869047619,1.85416666667,1.73214285714,1.76488095238,9438.0952381,1.76488095238
1994-01-31,1.76488095238,1.84523809524,1.70238095238,1.76785714286,16142.8571429,1.76785714286
1994-02-28,1.73026315789,1.75657894737,1.65789473684,1.70065789474,12931.5789474,1.70065789474
1994-03-31,2.30163043478,2.39945652174,2.15217391304,2.29483695652,39543.4782609,2.29483695652
1994-04-30,2.03289473684,2.08881578947,1.94736842105,2.01315789474,27963.1578947,2.01315789474
1994-05-31,1.978125,2.021875,1.890625,1.953125,9280.0,1.953125
1994-06-30,2.0,2.04829545455,1.97443181818,2.00142045455,8950.0,2.00142045455
1994-07-31,1.8375,1.859375,1.79375,1.825,6810.0,1.825
1994-08-31,1.70516304348,1.73777173913,1.68342391304,1.7160326087,5326.08695652,1.7160326087
1994-09-30,1.66369047619,1.70238095238,1.62797619048,1.66964285714,3500.0,1.66964285714
1994-10-31,1.66369047619,1.70386904762,1.63095238095,1.67410714286,10180.952381,1.67410714286
1994-11-30,1.621875,1.65625,1.603125,1.61875,4795.0,1.61875
1994-12-31,1.1875,1.24107142857,1.15178571429,1.19047619048,7652.38095238,1.19047619048
1995-01-31,1.22767857143,1.25892857143,1.20238095238,1.23660714286,5204.76190476,1.23660714286
1995-02-28,1.04605263158,1.08552631579,0.980263157895,1.0,9289.47368421,1.0
1995-03-31,1.16576086957,1.21671217391,1.14945652174,1.16847826087,7878.26086957,1.16847826087
1995-04-30,1.38157894737,1.41447368421,1.36184210526,1.39473684211,21457.8947368,1.39473684211
1995-05-31,1.33806818182,1.36079545455,1.32954545455,1.33948863636,6750.0,1.33948863636
1995-06-30,1.16517857143,1.1994047619,1.1369047619,1.16369047619,8300.0,1.16369047619
1995-07-31,1.171875,1.23125,1.134375,1.19375,9820.0,1.19375
1995-08-31,1.1902173913,1.22010869565,1.17119565217,1.18206521739,6578.26086957,1.18206521739
1995-09-30,1.13125,1.159375,1.115625,1.134375,10365.0,1.134375
1995-10-31,1.10227272727,1.11931818182,1.07670454545,1.09943181818,5890.90909091,1.09943181818
1995-11-30,1.05952380952,1.09821428571,1.03422619048,1.06994047619,16800.0,1.06994047619
1995-12-31,1.3453125,1.4140625,1.290625,1.342969,21445.0,1.327344
1996-01-31,1.49715909091,1.53906272727,1.44886363636,1.49005681818,13350.0,1.49005681818
1996-02-29,1.725,1.796875,1.678125,1.735156,54205.0,1.735156
1996-03-31,1.90178571429,1.97023809524,1.83035714286,1.90178571429,40557.1428571,1.90178571429
1996-04-30,2.12872047619,2.1994047619,2.04613095238,2.11607142857,44857.1428571,2.11607142857
1996-05-31,2.15178571429,2.23214285714,2.04166666667,2.13988095238,55547.6190476,2.13988095238
1996-06-30,2.24375,2.3375,2.1671875,2.2578125,73985.0,2.2578125
1996-07-31,2.74431818182,2.82386363636,2.63352272727,2.70170454545,71618.1818182,2.70170454545
1996-08-31,2.71306818182,2.77556818182,2.60369318182,2.69602272727,29845.4545455,2.69602272727
1996-09-30,2.8453125,2.9546875,2.7625,2.8679685,65745.0,2.8679685
1996-10-31,4.37215909091,4.57670454545,4.19318181818,4.40269909091,208754.545455,4.40269909091
1996-11-30,5.009375,5.20625,4.83125,4.99375,134365.0,4.99375
1996-12-31,4.44047619048,4.61011904762,4.27529761905,4.44047619048,91352.3809524,4.44047619048
1997-01-31,4.65056818182,4.80113636364,4.54829545455,4.68892045455,58531.8181818,4.68892045455
1997-02-28,4.53125,4.64930555556,4.40277777778,4.48958333333,45633.3333333,4.48958333333
1997-03-31,4.0109375,4.1375,3.86875,3.959375,64735.0,3.959375
1997-04-30,3.38352272727,3.54261363636,3.28196,3.40625,46031.8181818,3.40625
1997-05-31,4.08333333333,4.30654761905,3.95833333333,4.1443452381,70714.2857143,4.1443452381
1997-06-30,4.8421875,4.9578125,4.721875,4.835938,43570.0,4.835938
1997-07-31,5.41761363636,5.55965909091,5.29829545455,5.45454545455,63472.7272727,5.45454545455
1997-08-31,6.28869047619,6.45386904762,6.05654761905,6.29761904762,61766.6666667,6.29761904762
1997-09-30,8.58333333333,8.95833333333,8.2619047619,8.61011904762,250890.47619,8.61011904762
1997-10-31,8.80681818182,9.10227272727,8.46875,8.81960227273,153818.181818,8.81960227273
1997-11-30,6.50657894737,6.62664473684,6.26151315789,6.40953947368,398173.684211,6.40953947368
1997-12-31,5.55255681818,5.72159090909,5.37215909091,5.53551136364,103481.818182,5.53551136364
1998-01-31,5.165625,5.33125,4.978125,5.1375,72425.0,5.1375
1998-02-28,5.30902777778,5.40277777778,5.1875,5.27951388889,44422.2222222,5.27951388889
1998-03-31,5.91477272727,6.03693181818,5.73579545455,5.859375,123909.090909,5.859375
1998-04-30,5.83630952381,5.97619047619,5.73214285714,5.83630952381,101166.666667,5.83630952381
1998-05-31,5.7203125,5.871875,5.575,5.7,73815.0,5.7
1998-06-30,5.2068452381,5.2619047619,5.09672619048,5.1681547619,74323.8095238,5.1681547619
1998-07-31,4.83096590909,4.87855090909,4.74289772727,4.82670454545,56118.1818182,4.82670454545
1998-08-31,4.08928571429,4.13392857143,3.93005952381,4.00297619048,61690.4761905,4.00297619048
1998-09-30,4.61160714286,4.81696428571,4.51339285714,4.70089285714,43228.5714286,4.70089285714
1998-10-31,4.28348238095,4.38095238095,4.10863095238,4.21875,33442.8571429,4.21875
1998-11-30,3.796875,3.8640625,3.690625,3.778125,54020.0,3.778125
1998-12-31,3.19318181818,3.26136363636,3.125,3.17613636364,71354.5454545,3.17613636364
1999-01-31,3.33223684211,3.43914473684,3.24342105263,3.31825684211,46242.1052632,3.31825684211
1999-02-28,3.04605263158,3.09375,2.98519736842,3.02796105263,29257.8947368,3.02796105263
1999-03-31,3.34232954545,3.43181818182,3.21875,3.3125,38886.3636364,3.3125
1999-04-30,3.65178571429,3.79761904762,3.55654761905,3.6755952381,42000.0,3.6755952381
1999-05-31,4.4015625,4.4875,4.3203125,4.421875,44430.0,4.421875
1999-06-30,4.36718772727,4.43607954545,4.31818181818,4.36931818182,20427.2727273,4.36931818182
1999-07-31,4.4257815,4.49375,4.3375,4.433594,26985.0,4.433594
1999-08-31,4.58167636364,4.68039772727,4.44602272727,4.58806818182,41300.0,4.58806818182
1999-09-30,4.67633904762,4.85119047619,4.56696428571,4.71428571429,56395.2380952,4.71428571429
1999-10-31,4.35416666667,4.4255952381,4.27827380952,4.34672619048,21804.7619048,4.34672619048
1999-11-30,4.41369047619,4.51339285714,4.3125,4.42113095238,46080.952381,4.42113095238
1999-12-31,3.88764857143,3.97470238095,3.78422619048,3.87946428571,51628.5714286,3.87946428571
2000-01-31,4.153906,4.296875,4.066406,4.20625,45675.0,4.20625
2000-02-29,4.288281,4.3710935,4.1828125,4.2992185,47320.0,4.2992185
2000-03-31,4.07404869565,4.19904869565,3.95652173913,4.08627695652,69604.3478261,4.08627695652
2000-04-30,4.11458388889,4.24131944444,3.99131944444,4.13020833333,60544.4444444,4.13020833333
2000-05-31,4.56889181818,4.70880681818,4.41477272727,4.61221590909,108368.181818,4.61221590909
2000-06-30,5.55752818182,5.64630636364,5.33806818182,5.50071045455,93272.7272727,5.50071045455
2000-07-31,5.222656,5.3445315,5.0890625,5.238281,57160.0,5.238281
2000-08-31,5.13494318182,5.27272727273,5.01846590909,5.16619318182,60727.2727273,5.16619318182
2000-09-30,6.314844,6.5671875,6.1140625,6.4078125,114875.0,6.4078125
2000-10-31,5.80681818182,5.98295454545,5.50568181818,5.70880681818,59454.5454545,5.70880681818
2000-11-30,5.41294571429,5.54166666667,5.28050571429,5.41964285714,39733.3333333,5.41964285714
2000-12-31,6.12828947368,6.35444052632,5.90871736842,6.21217105263,65915.7894737,6.21217105263
2001-01-31,6.73139857143,6.96502952381,6.5431547619,6.70833333333,80871.4285714,6.70833333333
2001-02-28,6.67680894737,6.84868421053,6.51562473684,6.68421052632,37926.3157895,6.68421052632
2001-03-31,6.49786909091,6.69247181818,6.31392045455,6.50142045455,38622.7272727,6.50142045455
2001-04-30,6.329875,6.4825,6.190875,6.3284375,23640.0,6.3281875
2001-05-31,7.15227272727,7.34454545455,6.98181818182,7.19909090909,82572.7272727,7.19909090909
2001-06-30,7.39047619048,7.54619047619,7.13,7.26666666667,56028.5714286,7.26666666667
2001-07-31,6.1505,6.2365,6.029,6.1265,27760.0,6.1265
2001-08-31,6.21173913043,6.33130434783,6.09347826087,6.22826086957,18617.3913043,6.22826086957
2001-09-30,5.25066666667,5.41266666667,4.95333333333,5.18066666667,43540.0,5.18066666667
2001-10-31,5.5647826087,5.70173913043,5.45739130435,5.60217391304,25769.5652174,5.60217391304
2001-11-30,5.8719047619,6.00619047619,5.75714285714,5.87142857143,34114.2857143,5.86714285714
2001-12-31,5.8795,5.9835,5.7705,5.888,22020.0,5.888
2002-01-31,6.03523809524,6.10714285714,5.88428571429,5.99714285714,39209.5238095,5.99714285714
2002-02-28,6.06631578947,6.11684210526,6.0,6.05368421053,39415.7894737,6.05368421053
2002-03-31,6.2885,6.396,6.21,6.3035,33335.0,6.3035
2002-04-30,6.36666666667,6.46333333333,6.27380952381,6.34666666667,21823.8095238,6.34666666667
2002-05-31,6.30818181818,6.38409090909,6.28454545455,6.32772727273,26359.0909091,6.32772727273
2002-06-30,6.153,6.214,6.0875,6.1325,15820.0,6.1325
2002-07-31,5.35136363636,5.43863636364,5.23,5.335,21577.2727273,5.335
2002-08-31,5.02476190476,5.08571428571,4.90476190476,4.97761904762,26090.4761905,4.97761904762
2002-09-30,5.1005,5.1905,5.07,5.108,15035.0,5.108
2002-10-31,5.05826086957,5.17217391304,5.0252173913,5.11608695652,15278.2608696,5.11608695652
2002-11-30,5.098,5.1655,5.041,5.097,15900.0,5.097
2002-12-31,5.2325,5.3355,5.194,5.2445,12775.0,5.2445
2003-01-31,5.5019047619,5.59047619048,5.45714285714,5.53333333333,8780.95238095,5.53333333333
2003-02-28,5.68473684211,5.75,5.62473684211,5.67894736842,19247.3684211,5.67894736842
2003-03-31,5.9419047619,6.01714285714,5.86952380952,5.95095238095,25895.2380952,5.95095238095
2003-04-30,6.3795,6.5355,6.335,6.484,39460.0,6.484
2003-05-31,8.33142857143,8.56380952381,8.14285714286,8.42285714286,96704.7619048,8.42285714286
2003-06-30,9.27238095238,9.42047619048,8.99666666667,9.30666666667,81557.1428571,9.30666666667
2003-07-31,9.10857142857,9.36714285714,8.88857142857,9.19,63723.8095238,9.19
2003-08-31,10.3628571429,10.6185714286,10.0666666667,10.3919047619,58723.8095238,10.3919047619
2003-09-30,11.4928571429,11.7914285714,11.2466666667,11.5476190476,65609.5238095,11.5476190476
2003-10-31,12.6481818182,12.9331818182,12.4409090909,12.7504545455,65118.1818182,12.7504545455
2003-11-30,13.8357894737,14.1263157895,13.4963157895,13.8778947368,73078.9473684,13.8778947368
2003-12-31,19.8022726364,20.4677272727,18.9645455,19.7613635909,519054.545455,19.7613635909
2004-01-31,20.8910524737,21.6121052105,19.8405265789,20.6752632105,606884.210526,20.6752632105
2004-02-29,23.5347366842,24.3621054211,22.6489474211,23.7047368421,440352.631579,23.7047368421
2004-03-31,28.9130435217,29.7791303043,27.9869563913,28.9143478696,478956.521739,28.9143478696
2004-04-30,29.34849995,30.07050005,28.0815003,29.01149985,425115.0,29.01149985
2004-05-31,24.3190001,24.9964999,23.5359998,24.27750005,306400.0,24.27750005
2004-06-30,25.5447620952,26.1357141905,25.0809525714,25.670952381,211571.428571,25.670952381
2004-07-31,27.7257143333,28.3133335238,26.9466666667,27.6423810952,274638.095238,27.6423810952
2004-08-31,29.2222728182,30.1572729091,28.5222727273,29.3459090455,306300.0,29.3459090455
2004-09-30,36.9661901905,38.0828565714,36.0480952857,37.4076192857,595261.904762,37.4076192857
2004-10-31,40.6776188095,41.8395238571,39.3642851429,40.3380953333,667628.571429,40.3166667143
2004-11-30,35.441428381,36.4933331429,34.6276190476,35.6580952857,391757.142857,35.6580952857
2004-12-31,38.212857,39.0285717619,37.256666381,38.1428567143,293309.52381,38.1428567143
2005-01-31,37.36349965,38.06500015,36.59699965,37.2424999,199675.0,37.2424999
2005-02-28,41.6226314737,42.4326316842,40.7215794737,41.8063155789,208405.263158,41.8063155789
2005-03-31,40.9833331429,41.8423815238,40.1480951905,40.7814281905,212290.47619,40.7814281905
2005-04-30,30.5566667619,31.0928572381,29.644285619,30.0333332381,304304.761905,30.0333332381
2005-05-31,24.815238,25.3938092381,24.3309522857,24.7933333333,201938.095238,24.7933333333
2005-06-30,29.5661904286,30.3028569048,29.2590474286,29.8938095238,228700.0,29.8938095238
2005-07-31,34.97950025,35.6335001,34.4379998,35.1769998,166460.0,35.1769998
2005-08-31,36.8695652174,37.7139134783,36.2121738696,36.997390913,133726.086957,36.997390913
2005-09-30,38.34599945,38.9994999,37.61200005,38.44500025,74160.0,38.44500025
2005-10-31,34.8476190476,35.8180956667,33.8633331905,34.7052381905,108666.666667,34.7052381905
2005-11-30,33.57850005,34.28700005,33.0374998,33.6450002,89860.0,33.6450002
2005-12-31,34.1476191905,34.5885716667,33.6638096667,34.085714619,74071.4285714,34.085714619
2006-01-31,36.32300015,37.33249975,35.8119998,36.8064998,185435.0,36.8064998
2006-02-28,42.4555557778,42.8766663333,41.7627776667,42.4711108889,150038.888889,42.4711108889
2006-03-31,43.6647820435,44.4543476087,43.2334782174,43.98,93195.6521739,43.98
2006-04-30,42.6536841053,43.2147368421,41.7494737895,42.3905262105,88110.5263158,42.3905262105
2006-05-31,37.668095,38.3214288095,36.9738096667,37.5780950952,91952.3809524,37.5780950952
2006-06-30,35.1745452727,36.0086362727,34.4686361818,35.1931818636,103390.909091,35.1931818636
2006-07-31,37.73199935,38.59350025,37.0870001,37.8550002,155105.0,37.8550002
2006-08-31,42.6554546818,43.3086369091,42.0349996364,42.6481821818,166995.454545,42.6481821818
2006-09-30,40.44350045,40.98549995,39.8194997,40.3679999,119215.0,40.3679999
2006-10-31,42.3486364545,43.076818,41.7654543636,42.6136367727,135136.363636,42.6136367727
2006-11-30,43.30150035,43.9269999,42.6679998,43.1784996,107280.0,43.1784996
2006-12-31,43.33500025,43.893,42.82600005,43.3135,102275.0,43.3135
2007-01-31,44.2068425263,45.1189473158,43.8336848947,44.6968424211,140842.105263,44.6968424211
2007-02-28,51.9573683684,52.5947366316,51.3278948421,52.0105263684,95805.2631579,52.0105263684
2007-03-31,50.9009090455,51.5290911364,50.2604548182,50.9300003182,97309.0909091,50.9300003182
2007-04-30,53.4631578947,53.8157893158,52.8105267895,53.275263,95457.8947368,53.275263
2007-05-31,50.9840908636,51.7627273636,50.2540907727,51.0200000909,102050.0,51.0200000909
2007-06-30,48.8090479048,49.7514286667,47.8580952381,48.6080953333,171961.904762,48.6080953333
2007-07-31,46.7176187143,47.3523810476,45.7780947619,46.3733331429,165690.47619,46.3733331429
2007-08-31,39.327826087,41.0560868261,38.1234779565,39.4308698261,192547.826087,39.4308698261
2007-09-30,41.5299994737,42.3768421053,40.7547371579,41.7294733158,160478.947368,41.7294733158
2007-10-31,47.0663638636,47.7013637273,46.0640912727,47.0127270455,136518.181818,47.0127270455
2007-11-30,48.111428619,49.7333332381,47.1609522857,48.3333334762,144242.857143,48.3333334762
2007-12-31,57.0719997,58.3164997,56.3995001,57.24549995,161255.0,57.24399995
2008-01-31,57.1766669048,58.5633331905,56.0966664286,57.3461903333,186890.47619,57.3461903333
2008-02-29,67.4385001,69.2349997,66.512,68.29050015,229865.0,68.29050015
2008-03-31,67.2226314211,68.4963152105,65.5068421053,66.7363156842,273610.526316,66.7363156842
2008-04-30,74.4068187273,75.7022726818,73.4986360455,74.6668177273,187027.272727,74.6668177273
2008-05-31,74.5159997,75.6975002,72.70200045,74.2544994,184420.0,74.2544994
2008-06-30,69.4271428095,71.0614282381,67.968571619,69.3171427143,196009.52381,69.3171427143
2008-07-31,60.6881819091,61.9840911818,58.6609089091,60.1154548182,163554.545455,60.1154548182
2008-08-31,58.7010002,60.01199975,57.0674995,58.84650015,122320.0,58.84650015
2008-09-30,49.6123806667,50.9366669524,47.083333619,48.9090474286,316771.428571,48.9090474286
2008-10-31,26.980909,28.1936365455,24.6022725455,25.9990904091,215677.272727,25.9990904091
2008-11-30,16.5631577895,17.555263,15.518421,16.4868422632,210152.631579,16.4868422632
2008-12-31,21.4036364545,22.6168181364,20.5336361364,21.6272728182,192977.272727,21.6272728182
2009-01-31,21.1910526842,21.8478945789,20.1200000526,20.8521054737,219605.263158,20.8521054737
2009-02-28,15.2226315789,15.5868422632,14.7468420526,15.0015791053,131400.0,15.0015791053
2009-03-31,11.5022727273,12.0886363636,10.9940909091,11.4390909091,261450.0,11.4390909091
2009-04-30,14.225,14.951,13.837,14.51899995,260245.0,14.51899995
2009-05-31,17.36499985,18.0404999,16.8860001,17.5455003,249195.0,17.5455003
2009-06-30,17.4100000909,17.7327271818,16.8018180455,17.1881820455,266536.363636,17.1881820455
2009-07-31,14.9871429048,15.3566666667,14.6371428571,15.0385713333,221266.666667,15.0385713333
2009-08-31,14.6880951905,15.0323808571,14.3638096667,14.6823808571,592952.380952,14.6823808571
2009-09-30,16.5333332857,16.9819045714,16.2090476667,16.6904761905,291233.333333,16.6904761905
2009-10-31,19.3314284286,19.8895238571,18.7576191905,19.2547616667,345380.952381,19.2547616667
2009-11-30,18.42249985,18.79500005,17.98999995,18.4025002,247130.0,18.4025002
2009-12-31,17.9836363182,18.2340910455,17.6709091364,17.9363635909,179363.636364,17.9363635909
2010-01-31,19.1883333889,19.6227776667,18.8994445,19.4066665556,262250.0,19.4066665556
2010-02-28,21.5784211579,21.9984209474,21.0689471579,21.6836841579,287610.526316,21.6836841579
2010-03-31,23.3930436087,23.7926086957,22.9834783478,23.3895652174,241256.521739,23.3895652174
2010-04-30,24.10450005,24.5294998,23.70399995,24.18050005,174080.0,24.18050005
2010-05-31,21.6410001,22.2769999,20.77799995,21.59050015,279955.0,21.59050015
2010-06-30,24.2704763333,25.090476381,23.8147619048,24.5309525714,220285.714286,24.5309525714
2010-07-31,27.3623808095,28.0261903333,26.6585712857,27.4595234762,184309.52381,27.4595234762
2010-08-31,26.9663634091,27.6013639091,26.3872725909,26.9759091818,217045.454545,26.9759091818
2010-09-30,27.77749975,28.13099995,27.16950015,27.685,136770.0,27.685
2010-10-31,30.2500001429,30.8157145714,29.8585715238,30.4023808571,222842.857143,30.4023808571
2010-11-30,35.0804758571,35.9404759524,34.3833331905,35.3566668571,538180.952381,35.3566668571
2010-12-31,39.8071429048,40.3700000476,39.2590475238,39.9947618571,297876.190476,39.9947618571
2011-01-31,41.71500035,42.5014999,41.09949985,41.8284996,252575.0,41.8284996
2011-02-28,46.6163155263,47.5205258421,46.0973685789,46.7136846316,221789.473684,46.7136846316
2011-03-31,46.5254544091,47.3618186818,45.7945453636,46.6618179545,269286.363636,46.6618179545
2011-04-30,43.2480005,43.79949945,42.18549995,42.7120001,200430.0,42.7120001
2011-05-31,35.4905002,36.1939998,34.4839998,35.237,403510.0,35.237
2011-06-30,31.9377270455,32.4218183636,31.1413635,31.5831814091,348427.272727,31.5831814091
2011-07-31,35.2325001,36.194,34.80199995,35.61649995,336220.0,35.61649995
2011-08-31,26.6559092273,27.2586365455,25.1427274091,25.9149999545,519968.181818,25.9149999545
2011-09-30,23.3280951429,24.2209524762,22.4614287619,23.2390476667,495571.428571,23.2390476667
2011-10-31,21.6223808095,22.5061905714,20.8109519524,21.849047619,454571.428571,21.849047619
2011-11-30,30.9845,31.9784997,30.08149995,31.152,584840.0,31.152
2011-12-31,35.548095619,36.2304760952,34.6061900476,35.3880948571,383080.952381,35.3880948571
2012-01-31,32.2375001,32.8215003,31.4255001,32.04799985,498855.0,32.04799985
2012-02-29,34.3110523158,34.8947365789,33.7026315263,34.3473682105,377800.0,34.3473682105
2012-03-31,37.5868180909,38.3631816818,36.5572726818,37.6759092273,445295.454545,37.6759092273
2012-04-30,33.4794739474,34.1289477368,32.7152632105,33.3578948421,380236.842105,33.3578948421
2012-05-31,28.8322726818,29.4272728636,27.8254544091,28.5895456818,909272.727273,28.5895456818
2012-06-30,22.0899997143,22.713809381,21.369047381,22.0209524762,721061.904762,22.0209524762
2012-07-31,25.7770001,26.4435001,25.33449975,25.96800005,478065.0,25.96800005
2012-08-31,26.5186957391,27.1456522609,26.0073913043,26.619999913,389365.217391,26.619999913
2012-09-30,31.3577777778,32.1644446667,30.6666668333,31.4883331667,507833.333333,31.4883331667
2012-10-31,31.8985711905,32.4876190952,31.217143,31.7909524286,403300.0,31.7909524286
2012-11-30,29.9395240476,30.7495239048,29.390476381,30.2495238095,568523.809524,30.2495238095
2012-12-31,33.7610528421,34.3210525789,32.9799997895,33.5310523684,618710.526316,33.5310523684
2013-01-31,36.803809381,37.4842862381,36.2609523333,36.8976192381,472919.047619,36.8976192381
2013-02-28,42.4305262105,43.5657897368,41.5099994737,42.8642106316,837500.0,42.8642106316
2013-03-31,49.7663154737,50.6857896842,48.8178945789,49.9794737895,690584.210526,49.9794737895
2013-04-30,44.7627274091,45.8886362727,43.4213638182,44.4545456364,868022.727273,44.4545456364
2013-05-31,48.7542858571,50.0652381905,47.8204760476,49.1438092381,538680.952381,49.1438092381
2013-06-30,51.9589997,52.86250015,50.87350015,51.92650035,399240.0,51.92650035
2013-07-31,54.7518182727,55.6759092273,53.9531819091,54.8127272727,411472.727273,54.8127272727
2013-08-31,54.5571429524,55.9280954286,53.8452377143,55.0909523333,751066.666667,55.0909523333
2013-09-30,59.5870001,60.59749965,58.5324998,59.52750005,496700.0,59.52750005
2013-10-31,66.8217396957,68.7569565652,65.6847822174,67.405651913,750082.608696,67.405651913
2013-11-30,59.903684,61.2742105789,58.0452631053,59.5973685263,824436.842105,59.5973685263
2013-12-31,55.6642857143,56.6090475714,54.2752377619,55.3471428095,1016952.38095,55.3471428095
2014-01-31,49.39199965,50.5369999,48.2760001,49.06900015,1016210.0,49.06900015
2014-02-28,54.3894734737,55.9557895789,53.5821047895,54.6831577368,1131626.31579,54.6831577368
2014-03-31,60.9295237143,61.8419042381,59.9133335238,60.8114289048,782338.095238,60.8114289048
2014-04-30,61.74800055,62.90100015,60.4130001,61.67850005,1001035.0,61.67850005
2014-05-31,61.1500001905,62.2480955714,59.9285715238,61.2719045238,868847.619048,61.2719045238
2014-06-30,65.468095381,66.4533337143,64.422857,65.3738095238,703285.714286,65.3738095238
2014-07-31,56.9576192857,57.7095235238,55.7980957619,56.4990473333,865500.0,56.4990473333
2014-08-31,57.515238381,58.6047611429,56.3509526667,57.6347617143,897123.809524,57.6347617143
2014-09-30,55.2400002,56.07550015,54.00199985,54.8054999,650205.0,54.8054999
2014-10-31,44.0260863043,45.3473911739,42.3656526957,43.7960870435,963517.391304,43.7960870435
2014-11-30,40.7652630526,42.1526322632,39.2752631053,40.4468423158,1167526.31579,40.4468423158
2014-12-31,36.3776190952,38.2728571429,35.3595237619,37.1757141429,1436504.7619,37.1757141429
2015-01-31,42.38600005,43.87950015,40.9559997,42.66899965,1088105.0,42.66899965
2015-02-28,49.1744444444,50.7788888333,47.9355555556,49.5311107222,1369872.22222,49.5311107222
2015-03-31,52.3163636364,53.4672730909,51.2913636364,52.5713638182,1239900.0,52.5713638182
2015-04-30,56.0542857143,57.3547619524,54.9814285714,55.976190619,1095595.2381,55.976190619
2015-05-31,56.7400002632,57.8921050526,55.5131574737,56.8510521579,1130694.73684,56.8510521579
2015-06-30,57.0904547727,57.9459088636,56.1450000909,56.7645455,914831.818182,56.7645455
2015-07-31,47.4868180909,48.5899997273,46.2659083636,47.3040910909,1226190.90909,47.3040910909
2015-08-31,50.87700045,52.89750015,49.6970001,51.60099985,1276055.0,51.60099985
2015-09-30,55.5433334286,56.6176192857,53.9938092381,55.2938096667,883428.571429,55.2938096667
2015-10-31,57.6195238571,59.1476192857,56.2476189524,57.8995238095,1065880.95238,57.8995238095
2015-11-30,58.76850015,60.44500075,57.4829996,58.72799975,1027475.0,58.72799975
2015-12-31,56.0513636364,57.4777277273,54.7286365,56.0136363636,1055468.18182,56.0136363636
2016-01-31,51.4683335556,53.2311111667,50.0949994444,51.6344439444,1380516.66667,51.6344439444
2016-02-29,49.42499965,50.82500045,47.59750035,49.1835003,1329730.0,49.1835003
2016-03-31,54.8204763333,56.1928568571,53.7047617143,55.2809524762,1680719.04762,55.2809524762
2016-04-30,61.3599999048,62.6499994286,60.0580953333,61.507142619,1329233.33333,61.507142619
2016-05-31,60.3723805714,61.6142857619,59.3528569524,60.3247617619,1314295.2381,60.3247617619
2016-06-30,56.0414288571,57.0119045238,55.3990474286,56.2747621905,1117576.19048,56.2747621905
2016-07-31,54.46299975,55.1374999,53.4095002,54.2020002,810280.0,54.2020002
2016-08-31,54.5100008,55.2740008,53.3919998,54.4660006,1168960.0,54.4660006
