Date,Open,High,Low,Close,Volume,Adj Close
2006-05-31,23.0052381429,23.1214285714,22.7761904762,22.9366667143,5971.42857143,14.4723758095
2006-06-30,22.4909091364,22.6059090909,22.3209089091,22.4604546364,72709.0909091,14.2430435
2006-07-31,23.3852629474,23.5357894211,23.1526315789,23.4584212105,7705.26315789,14.8843337368
2006-08-31,23.378261,23.5008697826,23.2652172609,23.3900000435,7991.30434783,14.9194388696
2006-09-30,23.606,23.7934997,23.38250015,23.62899995,6755.0,15.16488435
2006-10-31,23.8028570476,23.9504762857,23.6985711905,23.843333381,4409.52380952,15.3878771429
2006-11-30,23.389523619,23.6280952857,23.279047619,23.479047619,4638.0952381,15.2393509048
2006-12-31,23.3175,23.51150025,23.0709999,23.32749995,9555.0,15.2269881
2007-01-31,23.26799985,23.3959999,23.1530001,23.2605,5020.0,15.24007725
2007-02-28,22.8266667778,22.9116667778,22.6894443889,22.8144447222,3605.55555556,14.9990500556
2007-03-31,22.8913635909,23.0040907273,22.7972726818,22.9590906818,13650.0,15.1578419091
2007-04-30,22.793,22.89900025,22.6710002,22.8465,3425.0,15.147804
2007-05-31,23.0452378571,23.178571381,22.8342857143,23.0361904286,4138.0952381,15.3353511429
2007-06-30,22.9842858571,23.0928574286,22.8552382381,22.9719048571,3690.47619048,15.3632862857
2007-07-31,22.0314285238,22.084285619,21.8899999524,21.9185714286,4004.76190476,14.7253904762
2007-08-31,20.4069564783,20.523913,20.3126086522,20.4065215217,3973.91304348,13.7822723043
2007-09-30,20.351579,20.5010528421,20.1894738947,20.3868422632,3557.89473684,13.8389857895
2007-10-31,20.4291305217,20.5782611304,20.3091304348,20.4743478696,2882.60869565,13.9699545652
2007-11-30,20.6730001,20.9059998,20.5290001,20.75149995,3725.0,14.2274778
2007-12-31,20.87349985,21.084,20.6409998,20.8844998,9620.0,14.38599325
2008-01-31,21.6476192381,21.7771432381,21.5214288095,21.6447622857,3600.0,14.9852330476
2008-02-29,22.4325001,22.69999995,22.19700005,22.5600001,5460.0,15.71379135
2008-03-31,23.30649995,23.59850015,22.96749995,23.32600005,5615.0,16.33907035
2008-04-30,23.9300002727,24.2231818636,23.5918184091,23.9377273636,5750.0,16.8673820455
2008-05-31,24.0709525714,24.2290479524,23.841428619,24.0290476667,5938.0952381,17.034114619
2008-06-30,24.0257142381,24.283809381,23.7561905714,23.9609525238,4219.04761905,16.2966149524
2008-07-31,22.9722726818,23.2809090455,22.3600000455,22.8340909091,7454.54545455,16.3637350455
2008-08-31,23.6285714286,23.9052380952,23.3300000476,23.661428619,3557.14285714,17.0603736667
2008-09-30,22.3733332857,22.8385716667,21.7219047619,22.211428619,4295.23809524,16.1043549524
2008-10-31,18.1465216957,18.9721738261,17.4204348261,18.0430435652,8900.0,13.1925938696
2008-11-30,15.5726314737,15.7731578421,14.9636841579,15.2910526842,5378.94736842,11.2856009474
2008-12-31,15.4913637273,16.335,15.1804546364,15.7149999545,6340.90909091,11.7532360455
2009-01-31,18.92899985,19.699,18.21399975,18.97950005,6880.0,14.3210667
2009-02-28,16.9978949474,17.5826318947,16.0910527895,16.7136842105,9068.42105263,12.6892318421
2009-03-31,13.6590476667,14.3804761905,13.1504761905,13.7828571429,6085.71428571,10.5189024286
2009-04-30,16.4471429048,16.8114285238,15.9152382381,16.4223810476,3400.0,12.5760227143
2009-05-31,17.40000015,17.8014999,17.0695,17.42549995,5555.0,13.38689805
2009-06-30,18.846190381,19.0095237619,18.6247617619,18.8252379524,2628.57142857,14.5043297619
2009-07-31,18.6245457273,18.8222728182,18.4650001818,18.6290910455,2936.36363636,14.3864647273
2009-08-31,18.3885714762,18.5452381429,18.0866669048,18.333809619,3704.76190476,14.1825880952
2009-09-30,18.6405,18.8760004,18.42500005,18.62050005,7825.0,14.42191405
2009-10-31,19.2222726364,19.431818,19.0936363182,19.2004545455,6345.45454545,14.8857438182
2009-11-30,20.01349995,20.3015002,19.8369998,20.00699995,7030.0,15.5166715
2009-12-31,20.6036362727,20.7513634091,20.4313637273,20.5981816818,6368.18181818,15.9882671818
2010-01-31,21.7268421579,22.0205263158,21.5357893158,21.8226316316,9663.15789474,16.9612482632
2010-02-28,22.9347365263,23.1357895263,22.7984209474,22.9452629474,7400.0,17.8745198421
2010-03-31,24.1663636364,24.3081818182,24.0236360455,24.2113634545,15618.1818182,18.9315547727
2010-04-30,24.8704762857,25.015238,24.7304761429,24.8971425238,10280.952381,19.5569291905
2010-05-31,24.60499995,24.8480001,24.30900015,24.60699985,12840.0,19.4073141
2010-06-30,24.5595455909,24.7695455455,24.358182,24.5472727273,17672.7272727,19.4363977273
2010-07-31,24.688571619,24.8671427143,24.5785715238,24.7261906667,6690.47619048,19.6599628095
2010-08-31,24.8309088636,24.9727270909,24.7222726364,24.8763634091,7550.0,19.8516625
2010-09-30,25.50099995,25.7625002,25.34050015,25.5995,13335.0,20.50234265
2010-10-31,25.710476,25.8561904762,25.6138097143,25.7561901905,5738.0952381,20.6853641429
2010-11-30,25.8861906667,26.0638096667,25.7914286667,25.8728570476,3376.19047619,20.8400455238
2010-12-31,25.5257141905,25.7376189524,25.3542855714,25.5509525714,4014.28571429,20.643047
2011-01-31,25.5484998,25.7304999,25.4604998,25.59649985,2810.0,20.7379988
2011-02-28,25.8463155263,26.0584209474,25.6889472632,25.846842,5268.42105263,21.0020207895
2011-03-31,26.037727,26.2281818636,25.9531816364,26.0459089545,3240.90909091,21.2250872727
2011-04-30,26.847,27.0109997,26.73550005,26.9039999,3785.0,21.99722415
2011-05-31,27.2342860476,27.4185717143,27.1590481429,27.2700000952,2457.14285714,22.3620479048
2011-06-30,27.9747618095,28.142381,27.7599999048,27.9557141905,6071.42857143,23.0044025714
2011-07-31,28.22949995,28.4325,27.97949985,28.1725,7490.0,23.26982905
2011-08-31,26.3130435217,26.551739087,26.0456524783,26.2743478696,4460.86956522,21.7954345217
2011-09-30,27.3629998,27.50500025,27.14099965,27.3395,3300.0,22.79106645
2011-10-31,27.4147619048,27.4800001429,27.2219048095,27.2738095238,2542.85714286,22.8347466667
2011-11-30,26.8400000952,26.9804761429,26.7347619524,26.7895235714,3852.38095238,22.534672619
2011-12-31,26.9100001,27.09649995,26.8174999,26.95250005,2455.0,22.78780785
2012-01-31,27.1,27.18050025,27.0655,27.1395,3180.0,23.0518214
2012-02-29,27.21999995,27.34149995,27.11000005,27.2515002,2115.0,23.2527212
2012-03-31,27.8154545455,27.9536362727,27.7181815909,27.8745451818,2686.36363636,23.8913033636
2012-04-30,28.3568424737,28.5726317895,28.2442104211,28.5300000526,2894.73684211,24.5471033158
2012-05-31,27.8568178636,28.025,27.6377273182,27.7963637273,3945.45454545,24.0087355909
2012-06-30,27.1342854762,27.2799999524,27.0352379524,27.1580952381,2804.76190476,23.5569199048
2012-07-31,27.9599999,28.17649995,27.8085001,28.025,2405.0,24.3979497
2012-08-31,27.7821739565,27.9208696087,27.6282609565,27.7973913043,2030.43478261,24.2851509565
2012-09-30,27.6721052105,27.8163156842,27.4810526842,27.5963158421,2389.47368421,24.1808126842
2012-10-31,27.2561903333,27.3766665238,27.1199998095,27.2561905714,2104.76190476,23.9521784762
2012-11-30,26.7964996,27.0204997,26.5969998,26.86599985,3235.0,23.68590125
2012-12-31,26.7475001,26.89249995,26.5874998,26.7279997,3750.0,23.638079
2013-01-31,26.6590476667,26.8604763333,26.4657142857,26.6390477143,4119.04761905,23.6372218095
2013-02-28,27.8211113333,27.9877779444,27.7366666111,27.8611112222,3188.88888889,24.8074623889
2013-03-31,28.2789998,28.35499975,28.09399965,28.21899975,3015.0,25.20300045
2013-04-30,27.9377271818,28.1172725909,27.6654541818,27.9431816364,3113.63636364,25.0320403636
2013-05-31,27.9780952381,28.200952381,27.8633334762,28.0209524762,11557.1428571,25.1804970476
2013-06-30,27.18749985,27.33450005,26.70600015,26.99100005,4695.0,24.3304275
2013-07-31,26.7845455455,27.0345454545,26.4495455455,26.6331817727,5445.45454545,24.0813911818
2013-08-31,25.9995455455,26.2754544091,25.7690910455,25.9745457727,3418.18181818,23.5538923182
2013-09-30,25.87350005,25.99650015,25.71649995,25.95999985,3680.0,23.61087355
2013-10-31,26.5130435652,26.8,26.3247826957,26.6095653043,2395.65217391,24.2813633478
2013-11-30,26.6095,26.73050005,26.46900005,26.63650005,3040.0,24.39339825
2013-12-31,26.3142857619,26.4795235714,26.1747620476,26.3695237143,3076.19047619,24.2214279524
2014-01-31,26.507619381,26.6276191905,26.3404761429,26.4866666667,3085.71428571,24.3975916667
2014-02-28,26.2078946842,26.2857894737,26.0957897368,26.2000000526,2394.73684211,24.2040285263
2014-03-31,26.45349975,26.6415,26.39699985,26.53499975,3870.0,24.58090925
2014-04-30,27.0376191905,27.2971425238,26.901428619,27.150952381,4652.38095238,25.2286735238
2014-05-31,27.0009524286,27.1885714762,26.8819049048,27.0471428571,2019.04761905,25.2099097619
2014-06-30,26.3790475714,26.4733335714,26.265238,26.3600000476,2428.57142857,24.6346695714
2014-07-31,26.4947620476,26.5909523333,26.4390475238,26.5190474286,1276.19047619,24.8607607143
2014-08-31,26.9571428095,27.0890474286,26.6947618095,26.8166662381,2971.42857143,25.2309107143
2014-09-30,26.8447618571,27.0199999048,26.6961904286,26.8771427619,10623.8095238,25.3728352381
2014-10-31,26.5409094545,26.6281822273,26.4359093182,26.5118182273,3354.54545455,25.1175318636
2014-11-30,26.4142105789,26.471579,26.3847369474,26.436316,2405.26315789,25.1297290526
2014-12-31,26.3686362727,26.3990907727,26.3309090909,26.3595453636,2522.72727273,25.1407480455
2015-01-31,26.28149965,26.3925,26.1874997,26.30199985,5545.0,25.1681207
2015-02-28,26.5661111111,26.6516667222,26.5172222778,26.571111,2983.33333333,25.5062545556
2015-03-31,26.375,26.4322725,26.2927273636,26.3727272273,4427.27272727,25.3830263182
2015-04-30,26.221904619,26.3014284286,26.1795239524,26.2352380952,2980.95238095,25.3131547619
2015-05-31,25.6378946316,25.7747368421,25.5278947368,25.6915788947,4168.42105263,24.8324432632
2015-06-30,25.5809092727,25.6372728182,25.5595456818,25.6209091364,1331.81818182,24.8132983636
2015-07-31,25.7031820455,25.8381817727,25.6222727273,25.7272727273,2936.36363636,24.9653189545
2015-08-31,25.5190479524,25.5828572381,25.4771429524,25.5176191429,2619.04761905,24.8046848095
2015-09-30,25.48050015,25.5460001,25.43450025,25.4890003,1885.0,24.8251746
2015-10-31,25.5977271364,25.7013635,25.4859090455,25.5749997727,2713.63636364,24.9629493182
2015-11-30,25.54699985,25.59149975,25.5074997,25.5454999,2430.0,24.98465
2015-12-31,25.5427269545,25.6013634545,25.4727271364,25.5295452273,2836.36363636,25.0231787273
2016-01-31,25.4850001667,25.5150001111,25.4050000556,25.4594446667,2755.55555556,25.0019795
2016-02-29,25.4339997,25.569,25.41099965,25.5089997,2675.0,25.10408695
2016-03-31,25.7059090455,25.8049999545,25.6563638636,25.7431818182,3800.0,25.3935730455
2016-04-30,25.7728572857,25.8552381429,25.7280954286,25.7900001429,2847.61904762,25.5098570952
2016-05-31,25.96950005,26.10950015,25.8989999,26.01350005,2225.0,25.80571765
2016-06-30,25.6631818636,25.7554545455,25.5881818636,25.6645455455,4772.72727273,25.5281819091
2016-07-31,25.6635001,25.7175002,25.59849995,25.6705001,5505.0,25.60368
2016-08-31,25.5819996,25.65,25.538,25.6259998,3340.0,25.6259998
