Date,Open,High,Low,Close,Volume,Adj Close
2011-04-30,13.1346666667,13.2666666667,12.8773333333,13.0586666667,265740.0,8.6019592
2011-05-31,13.1033333333,13.2823809524,12.9980952381,13.1676190476,66861.9047619,8.67372785714
2011-06-30,12.6604761905,12.8180952381,12.5252380952,12.6738095238,65966.6666667,8.35794914286
2011-07-31,12.4705,12.6,12.3145,12.4425,33825.0,8.2447157
2011-08-31,11.5156521739,11.6660869565,11.1352173913,11.4713043478,54630.4347826,7.64360226087
2011-09-30,11.016,11.1645,10.771,11.019,24615.0,7.38313315
2011-10-31,10.409047619,10.5152380952,10.26,10.4095238095,21595.2380952,7.02575171429
2011-11-30,10.4628571429,10.6023809524,10.2976190476,10.4452380952,26233.3333333,7.0968702381
2011-12-31,10.562,10.735,10.401,10.58,53625.0,7.2302451
2012-01-31,10.884,11.0175,10.761,10.8955,22900.0,7.5078997
2012-02-29,11.7195,11.8445,11.594,11.7485,25170.0,8.14963555
2012-03-31,11.825,11.9213636364,11.6440909091,11.8281818182,13000.0,8.25209945455
2012-04-30,11.667,11.773,11.5395,11.691,10920.0,8.21093955
2012-05-31,11.7372727273,11.8309090909,11.6136363636,11.7431818182,18468.1818182,8.29983013636
2012-06-30,11.8347619048,11.8771428571,11.710952381,11.8204761905,14542.8571429,8.41285390476
2012-07-31,12.0661904762,12.2142857143,11.9771428571,12.0861904762,18047.6190476,8.66260880952
2012-08-31,12.4430434783,12.6791304348,12.31,12.4917391304,20982.6086957,9.01395817391
2012-09-30,12.7573684211,12.9142105263,12.6315789474,12.8010526316,19868.4210526,9.29252105263
2012-10-31,13.0080952381,13.1119047619,12.8257142857,12.9795238095,16590.4761905,9.47931814286
2012-11-30,12.874,12.9925,12.6935,12.859,21875.0,9.45642355
2012-12-31,12.8775,12.964,12.786,12.875,16430.0,9.524098
2013-01-31,13.2342857143,13.3319047619,13.1061904762,13.2319047619,16371.4285714,9.85494709524
2013-02-28,13.9188888889,14.0366666667,13.7794444444,13.9433333333,77500.0,10.4541286111
2013-03-31,14.1125,14.218,13.9965,14.1385,161660.0,10.65155005
2013-04-30,14.01,14.0995454545,13.9277272727,14.0459090909,78736.3636364,10.6542352273
2013-05-31,14.2714285714,14.390952381,14.1638095238,14.3104761905,71623.8095238,10.9235509048
2013-06-30,14.5095,14.627,14.286,14.4715,169780.0,11.107838
2013-07-31,14.1668181818,14.2745454545,14.0377272727,14.1731818182,297004.545455,10.9516642727
2013-08-31,13.6619047619,13.8047619048,13.4971428571,13.6471428571,139552.380952,10.6069226667
2013-09-30,13.454,13.5885,13.2885,13.467,101135.0,10.5379022
2013-10-31,13.3904347826,13.4473913043,13.2734782609,13.3560869565,68686.9565217,10.5209469565
2013-11-30,13.5089473684,13.6094736842,13.4142105263,13.5126315789,90094.7368421,10.7113795263
2013-12-31,13.7485714286,13.840952381,13.5947619048,13.7428571429,75752.3809524,10.9659735714
2014-01-31,13.6766666667,13.7857142857,13.5861904762,13.709047619,67171.4285714,11.0148596667
2014-02-28,13.9731578947,14.0584210526,13.86,13.9547368421,86536.8421053,11.2897175263
2014-03-31,13.9335,13.997,13.8205,13.906,79125.0,11.32057345
2014-04-30,13.8057142857,13.9295238095,13.7033333333,13.7933333333,63733.3333333,11.3014108095
2014-05-31,13.8028571429,13.9095238095,13.6933333333,13.8076190476,60814.2857143,11.391424
2014-06-30,13.981,14.0425,13.8575,13.9495,195730.0,11.5780891
2014-07-31,14.1022727273,14.1877272727,13.995,14.0627272727,69809.0909091,11.7538898182
2014-08-31,14.0704761905,14.1271428571,13.9452380952,14.0447619048,58595.2380952,11.8091360952
2014-09-30,14.2147619048,14.2942857143,14.0871428571,14.1619047619,81771.4285714,11.9651903333
2014-10-31,13.795,13.9036363636,13.6436363636,13.7872727273,74509.0909091,11.7400422727
2014-11-30,14.1842105263,14.2531578947,14.0647368421,14.1468421053,41405.2631579,12.1257473158
2014-12-31,13.785,13.9054545455,13.6418181818,13.7727272727,65800.0,11.8823238636
2015-01-31,13.7378947368,13.8636842105,13.5757894737,13.71,64115.7894737,11.9134802105
2015-02-28,13.7152631579,13.7905263158,13.6010526316,13.7052631579,70289.4736842,11.9885082632
2015-03-31,14.0427272727,14.105,13.9413636364,14.0354545455,51550.0,12.352915
2015-04-30,14.1075,14.161,14.0265,14.0925,43215.0,12.49100375
2015-05-31,14.2175,14.28,14.0925,14.1665,56935.0,12.6368906
2015-06-30,14.1272727273,14.2431818182,14.0404545455,14.1131818182,55831.8181818,12.6908031364
2015-07-31,13.9663636364,14.0304545455,13.8354545455,13.9295454545,63168.1818182,12.5942152727
2015-08-31,12.8545,13.0345,12.634,12.8495,136480.0,11.6933472
2015-09-30,12.23,12.3385714286,12.0995238095,12.22,140476.190476,11.2111897619
2015-10-31,12.0459090909,12.1818181818,11.9522727273,12.0740909091,125581.818182,11.1617864545
2015-11-30,11.7268421053,11.8647368421,11.6321052632,11.7663157895,112247.368421,10.9662249474
2015-12-31,11.2677272727,11.4263636364,11.1172727273,11.2590909091,154713.636364,10.5686874545
2016-01-31,10.8873684211,11.0684210526,10.7421052632,10.8942105263,139000.0,10.3344028421
2016-02-29,10.8852631579,11.02,10.7605263158,10.9152631579,98705.2631579,10.4495683684
2016-03-31,11.505,11.595,11.4336363636,11.5204545455,76022.7272727,11.1213937273
2016-04-30,11.9304761905,12.0176190476,11.8114285714,11.9347619048,99957.1428571,11.6132984286
2016-05-31,11.9185,12.006,11.79,11.897,85975.0,11.6661139
2016-06-30,12.2859090909,12.3472727273,12.1872727273,12.3004545455,78022.7272727,12.1614279091
2016-07-31,12.644,12.681,12.5715,12.6385,64490.0,12.59124305
2016-08-31,12.702,12.744,12.626,12.688,69760.0,12.688
