Date,Open,High,Low,Close,Volume,Adj Close
1990-03-31,9.175002,9.500004,8.925,9.200004,50800.0,3.066668
1990-04-30,8.787501,8.931249,8.587497,8.724999,20830.0,2.908333
1990-05-31,9.56250272727,9.87500181818,9.24431727273,9.63068454545,81481.8181818,3.21022818182
1990-06-30,10.6312515,10.887504,10.325001,10.5375015,183200.0,3.5125005
1990-07-31,9.99404857143,10.2261914286,9.71428571429,9.92262142857,206857.142857,3.30754047619
1990-08-31,8.38587130435,8.60326043478,8.09782826087,8.37500347826,115417.391304,2.79166782609
1990-09-30,7.94736631579,8.04605052632,7.70394947368,7.82894684211,73378.9473684,2.60964894737
1990-10-31,5.94318272727,6.07954636364,5.80681909091,5.90909181818,71990.9090909,1.96969727273
1990-11-30,7.02976,7.30952571429,6.86309571429,7.14881,134095.238095,2.38293666667
1990-12-31,8.987499,9.193752,8.7750015,8.9999985,63210.0,2.9999995
1991-01-31,8.71590818182,9.06818454545,8.55113590909,8.81818363636,96563.6363636,2.93939454545
1991-02-28,11.8472233333,12.3125016667,11.4722216667,11.9236133333,323755.555556,3.97453777778
1991-03-31,15.1124985,15.631251,14.7624975,15.312498,248850.0,5.104166
1991-04-30,16.5795463636,16.9886359091,16.1363631818,16.4829545455,152836.363636,5.49431818182
1991-05-31,13.9147759091,14.2500013636,13.579545,13.8693231818,332945.454545,4.62310772727
1991-06-30,13.5394736842,13.7105242105,13.0328968421,13.2171047368,180347.368421,4.40570157895
1991-07-31,12.1022727273,12.3806781818,11.7500031818,12.1249990909,124145.454545,4.04166636364
1991-08-31,14.3863636364,14.7159109091,14.0795440909,14.3352259091,150018.181818,4.77840863636
1991-09-30,14.3374965,14.574996,14.1625005,14.406249,78250.0,4.802083
1991-10-31,13.9673908696,14.315216087,13.6630434783,14.0000008696,94913.0434783,4.66666695652
1991-11-30,14.9934205263,15.3750015789,14.7368447368,15.0197352632,91684.2105263,5.00657842105
1991-12-31,13.4285714286,13.8511885714,12.9761871429,13.35119,196466.666667,4.45039666667
1992-01-31,13.8636340909,14.3636359091,13.28409,13.8806809091,247554.545455,4.62689363636
1992-02-29,13.8815763158,14.2894752632,13.4473673684,13.8421089474,127800.0,4.61403631579
1992-03-31,12.69048,12.92857,12.2321457143,12.5773828571,107057.142857,4.19246095238
1992-04-30,11.6904742857,11.9642828571,11.3868985714,11.5952357143,47447.6190476,3.86507857143
1992-05-31,10.5437475,10.8687495,10.349997,10.4937465,101980.0,3.4979155
1992-06-30,9.81817909091,10.1534086364,9.56249727273,9.68181681818,73945.4545455,3.22727227273
1992-07-31,8.73295363636,8.98295454545,8.49999954545,8.67613909091,109054.545455,2.89204636364
1992-08-31,9.2624985,9.537501,8.9625,9.2375055,60080.0,3.0791685
1992-09-30,9.17856714286,9.39285571429,8.85714428571,9.07143142857,77438.0952381,3.02381047619
1992-10-31,8.52273136364,8.70454636364,8.08523045455,8.34091090909,154372.727273,2.78030363636
1992-11-30,9.6000015,9.9375015,9.362505,9.693753,124570.0,3.231251
1992-12-31,11.1363613636,11.5340904545,10.7499981818,11.1306804545,103027.272727,3.71022681818
1993-01-31,12.4342089474,12.9210536842,12.0,12.5789494737,133178.947368,4.19298315789
1993-02-28,13.5921078947,13.8815810526,13.1842089474,13.5328957895,79105.2631579,4.51096526316
1993-03-31,13.4565247826,13.8043526087,13.1304352174,13.5054378261,69869.5652174,4.5018126087
1993-04-30,13.5178571429,13.9166657143,13.1666671429,13.47619,72580.952381,4.49206333333
1993-05-31,13.199997,13.449993,12.837501,13.1124975,109990.0,4.3708325
1993-06-30,11.2797642857,11.67262,11.0892871429,11.3452371429,54742.8571429,3.78174571429
1993-07-31,11.6130942857,12.0178585714,11.3571428571,11.6726214286,45933.3333333,3.89087380952
1993-08-31,11.0909140909,11.5227327273,10.7613681818,11.0852290909,63318.1818182,3.69507636364
1993-09-30,12.86905,13.1250028571,12.3809528571,12.7142871429,58361.9047619,4.23809571429
1993-10-31,13.8625005,14.1375015,13.4999955,13.824999,63000.0,4.608333
1993-11-30,14.0357128571,14.3154771429,13.7619014286,13.9226157143,45276.1904762,4.64087190476
1993-12-31,14.8465922727,15.3124963636,14.6477304545,14.9431840909,138845.454545,4.98106136364
1994-01-31,16.0892857143,16.6369028571,15.8095242857,16.2321428571,98209.5238095,5.41071428571
1994-02-28,17.7631594737,18.2105257895,17.4210552632,17.9210526316,122400.0,5.97368421053
1994-03-31,19.8977263636,20.2386327273,19.5000013636,19.9602272727,156100.0,6.65340909091
1994-04-30,19.1907852632,19.5986857895,18.8684194737,19.2565784211,98178.9473684,6.41885947368
1994-05-31,19.6428571429,20.1547628571,19.2410728571,19.6875,145028.571429,6.5625
1994-06-30,19.5681818182,19.9374954545,19.2727240909,19.6676127273,78300.0,6.55587090909
1994-07-31,17.6447368421,17.8749963158,17.3355268421,17.5822373684,59600.0,5.86074578947
1994-08-31,19.9239117391,20.3750021739,19.3369578261,20.0326095652,174495.652174,6.67753652174
1994-09-30,21.2857171429,21.8541657143,20.9880957143,21.5178571429,86438.0952381,7.17261904762
1994-10-31,22.2261914286,22.7857185714,21.9285714286,22.5000014286,152228.571429,7.50000047619
1994-11-30,26.118744,26.499999,25.6124955,26.1124995,72820.0,8.7041665
1994-12-31,26.2738085714,26.8809528571,25.8928614286,26.4523828571,142733.333333,8.81746095238
1995-01-31,28.9523785714,29.3095214286,28.2857085714,28.8571428571,99038.0952381,9.61904761905
1995-02-28,30.8552668421,31.27632,30.3947336842,30.9407921053,152589.473684,10.3135973684
1995-03-31,30.0852290909,30.545455,29.4090918182,30.11932,257181.818182,11.6183718182
1995-04-30,21.8881578947,22.3026315789,21.3026315789,21.8223684211,335957.894737,10.9111842105
1995-05-31,23.7556818182,24.1363636364,23.0795454545,23.6193181818,400272.727273,11.8096590909
1995-06-30,26.1647727273,26.8011363636,25.7045454545,26.4488636364,466163.636364,13.2244318182
1995-07-31,32.9473684211,33.8289473684,32.2368421053,33.2565789474,365242.105263,16.6282894737
1995-08-31,36.0217391304,36.7934782609,35.2065217391,36.1059789565,339495.652174,18.0529893913
1995-09-30,35.3875,35.95625,34.6875,35.25625,284970.0,17.628125
1995-10-31,29.5333809545,30.3181818182,28.6306818182,29.4176136364,287381.818182,14.7088068182
1995-11-30,28.1625,28.95,27.675,28.23125,149460.0,14.115625
1995-12-31,29.95625,30.4796881,29.0,29.6125,202430.0,14.80625
1996-01-31,23.3068181818,24.0,22.4034090909,23.0973008636,316890.909091,11.5486504545
1996-02-29,24.1375,24.83125,23.375,24.11796905,340450.0,12.0589845
1996-03-31,20.994047619,21.5,20.4523809524,20.9970238095,298504.761905,10.462797619
1996-04-30,23.3675600952,24.0,22.7738095238,23.4575895714,226847.619048,11.7287947619
1996-05-31,27.9424718636,28.5340909091,27.3181818182,27.8231536818,267618.181818,13.9115768182
1996-06-30,27.825,28.33671905,27.4,27.75,170360.0,13.875
1996-07-31,24.5714285714,25.4166666667,23.8452380952,24.6607142857,158638.095238,12.3303571429
1996-08-31,25.9034090909,26.6079545455,25.4488636364,26.1420454545,135227.272727,13.0710227273
1996-09-30,29.25546905,29.975,28.83125,29.44375,247810.0,14.721875
1996-10-31,31.6195652174,32.3369565217,31.0217391304,31.6467391304,283408.695652,15.8233695652
1996-11-30,27.5125,28.32421905,26.7375,27.675,327010.0,13.1875
1996-12-31,27.6666666667,28.5833333333,27.0595238095,27.7135419524,454190.47619,13.8567709524
1997-01-31,33.6079545455,34.7386363636,33.2045454545,34.09375,607272.727273,17.046875
1997-02-28,35.2828947368,36.1315789474,34.3092105263,35.2039473684,363526.315789,17.6019736842
1997-03-31,32.0,32.4078947368,31.3223684211,31.7039473684,183242.105263,15.8519736842
1997-04-30,31.0284090909,31.9318181818,30.5340909091,31.2840909091,383900.0,15.6420454545
1997-05-31,42.4880952381,43.880952381,41.7738095238,43.1071428571,877695.238095,21.5535714286
1997-06-30,43.1845238095,44.1071428571,42.193452381,43.3363095238,542457.142857,21.6413690476
1997-07-31,50.0681818182,51.4090909091,49.0056818182,50.3664772727,436463.636364,25.1832386364
1997-08-31,59.1220238095,60.25,58.1636904762,59.4166666667,486200.0,29.7083333333
1997-09-30,57.36875,58.5,56.31875,57.446875,471740.0,28.7234375
1997-10-31,52.0760869565,53.3858695652,50.2201086957,51.3070652174,831547.826087,25.6535326087
1997-11-30,45.5230263158,46.7434210526,44.3881578947,45.5493421053,476778.947368,22.7746710526
1997-12-31,23.6789772727,24.6818181818,22.7301136364,23.7926136364,373713.636364,22.6732954545
1998-01-31,22.2368421053,22.6644736842,21.5164473684,22.0460526316,283389.473684,22.0460526316
1998-02-28,27.4177631579,28.4440789474,26.9703947368,27.8552631579,424089.473684,27.8552631579
1998-03-31,26.4488636364,26.9886363636,25.7130681818,26.2869318182,352895.454545,26.2869318182
1998-04-30,30.9375,32.0,30.19375,31.346875,363895.0,31.346875
1998-05-31,31.690625,32.378125,30.346875,31.15,481240.0,31.15
1998-06-30,23.0738636364,23.6988636364,21.9460227273,22.7414772727,617154.545455,22.7414772727
1998-07-31,19.2386363636,19.6732954545,18.5511363636,19.1278409091,604531.818182,19.1278409091
1998-08-31,17.646875,18.00625,16.846875,17.225,271010.0,17.225
1998-09-30,14.2023809524,14.6994047619,13.7827380952,14.3229166667,150009.52381,14.3229166667
1998-10-31,14.4829545455,15.5426136364,14.0227272727,14.8607954545,580440.909091,14.8607954545
1998-11-30,19.6973684211,20.2434210526,19.2467105263,19.7960526316,423663.157895,19.7960526316
1998-12-31,22.6619318182,23.5681818182,22.1477272727,22.8892045455,295909.090909,22.8892045455
1999-01-31,25.8059210526,26.8355263158,25.2072368421,26.1365131579,257557.894737,26.1365131579
1999-02-28,24.2368421053,24.8453947368,23.3848684211,23.9407894737,243652.631579,23.9407894737
1999-03-31,20.2698863636,20.8579545455,19.6676136364,20.1136363636,295768.181818,20.1136363636
1999-04-30,21.5505952381,22.2961309524,21.125,21.7589285714,197014.285714,21.7589285714
1999-05-31,23.0,23.478125,22.38125,22.88125,182335.0,22.88125
1999-06-30,23.380952381,24.0133928571,22.9285714286,23.5133928571,146590.47619,23.5133928571
1999-07-31,26.6666666667,27.494047619,26.0654761905,26.7916666667,262776.190476,26.7916666667
1999-08-31,26.1107954545,26.8181818182,25.3948863636,25.9673295455,242645.454545,25.9673295455
1999-09-30,24.59375,25.037202381,24.0089285714,24.5238095238,169052.380952,24.5238095238
1999-10-31,20.90625,21.5046875,20.40625,20.9484375,446340.0,20.9484375
1999-11-30,23.1458333333,23.7485119048,22.4880952381,23.1845238095,403738.095238,23.1845238095
1999-12-31,26.1079545455,27.0142045455,25.2556818182,26.2301136364,543513.636364,26.2301136364
2000-01-31,29.60625,30.621875,28.625,29.6984375,694175.0,29.69825
2000-02-29,34.878125,36.53125,33.846875,35.6765625,755935.0,35.6765625
2000-03-31,40.8192934783,41.9184782609,39.1997282609,40.308423913,363613.043478,40.308423913
2000-04-30,32.0416666667,33.46875,30.1536455,31.8263888889,586033.333333,31.8263888889
2000-05-31,27.0227272727,27.7911931818,25.7166190455,26.5255681818,517768.181818,26.5255681818
2000-06-30,26.9303977273,27.7684664545,26.1931818182,27.1832386364,347704.545455,27.1832386364
2000-07-31,27.8108552632,28.625,26.7993421053,27.6019736842,445847.368421,27.6019736842
2000-08-31,24.4592391304,25.3335600435,23.8125,24.534647,516078.26087,24.534647
2000-09-30,25.2015625,25.84453095,24.14375,24.740625,448685.0,24.740625
2000-10-31,19.6321022727,20.6875,18.4261363636,19.6619318182,583331.818182,19.6619318182
2000-11-30,20.508928,21.1220238095,19.755952381,20.3995532857,225828.571429,20.3906247143
2000-12-31,19.9484369,21.35546905,19.303125,20.40234345,318510.0,20.40234345
2001-01-31,30.5372022857,32.1279761905,29.6986604286,31.2291666667,1135476.19048,31.2291666667
2001-02-28,33.329861,34.3602428333,31.9704855556,33.125,962238.888889,33.125
2001-03-31,30.3401990455,31.7556818182,28.9147727273,30.3132099545,1219972.72727,30.3132099545
2001-04-30,25.9901557,27.23662485,24.97524985,25.9640001,622390.0,25.9640001
2001-05-31,27.3747620476,27.9342855238,26.4942859048,27.0214287143,764885.714286,27.0214287143
2001-06-30,23.6657142857,24.53,23.0809522381,23.9352382857,523128.571429,23.9352382857
2001-07-31,21.1261905238,21.8057142381,20.4923809048,21.0638095714,586990.47619,21.0604762381
2001-08-31,22.0799998261,22.6726088261,21.6226086522,22.1852175217,384586.956522,22.1852175217
2001-09-30,21.1413330667,21.5633333333,20.0693330667,20.6799997333,592220.0,20.6799997333
2001-10-31,21.6563638636,22.4790910909,21.0636361818,21.8954543636,557731.818182,21.8954543636
2001-11-30,26.3676188571,27.0738097143,25.763809619,26.4176192381,352900.0,26.4176192381
2001-12-31,30.0620003,30.88350005,29.6685001,30.33300015,1151010.0,30.33300015
2002-01-31,33.30349965,33.9305004,32.73449995,33.49100065,612575.0,33.49100065
2002-02-28,32.2857894211,32.9252629474,31.3694737895,31.9263161053,568173.684211,31.9263161053
2002-03-31,32.44300005,33.25349995,31.8644997,32.6714998,590600.0,32.6714998
2002-04-30,33.1433332857,33.7928572857,32.400952381,33.1085712857,551852.380952,33.1085712857
2002-05-31,28.8440912273,29.4650002273,27.8200001818,28.4668180455,1156890.90909,28.4668180455
2002-06-30,20.3221051053,20.9052630526,19.586842,20.0778949474,862184.210526,20.0778949474
2002-07-31,15.2927274545,15.8259090909,14.5259091364,15.1568180455,926609.090909,15.1568180455
2002-08-31,11.6454545455,12.1618181818,11.2304545455,11.6677272727,735013.636364,11.6677272727
2002-09-30,11.7731578947,12.1105263158,11.3368421053,11.6831578947,608173.684211,11.6831578947
2002-10-31,9.92782608696,10.4326086957,9.56130434783,10.0573913043,589017.391304,10.0573913043
2002-11-30,13.6475,14.2905,13.12599995,13.81699995,694370.0,13.81699995
2002-12-31,13.6771428571,14.0914285714,13.1723809524,13.6123809524,623947.619048,13.0204761905
2003-01-31,13.2028571429,13.499047619,12.7461904762,13.1104761905,456319.047619,13.1104761905
2003-02-28,11.1631578947,11.5526315789,10.8989473684,11.1831578947,397052.631579,11.1831578947
2003-03-31,11.850952381,12.1228571429,11.5342857143,11.8633333333,444338.095238,11.8633333333
2003-04-30,12.0735,12.3705,11.8065,12.075,1043430.0,12.075
2003-05-31,14.0828570952,14.4528570952,13.8209523333,14.2009524286,1111009.52381,14.2009524286
2003-06-30,16.85850015,17.26200035,16.36850005,16.8085001,746180.0,16.8085001
2003-07-31,18.2527273636,18.6263635909,17.9190907273,18.2822726818,508681.818182,18.2822726818
2003-08-31,19.732381,20.2390478571,19.345714,19.9323809524,780566.666667,19.9323809524
2003-09-30,23.93799995,24.293,23.3825001,23.84000005,820795.0,23.84000005
2003-10-31,21.9791303043,22.4869566522,21.5656523043,21.9413044348,662230.434783,21.9413044348
2003-11-30,20.0505262632,20.3531577368,19.6257891579,19.8921053684,973121.052632,19.8921053684
2003-12-31,18.3933332857,18.747143,18.0752380952,18.3952381905,900628.571429,18.3952381905
2004-01-31,20.67899985,21.03899995,20.22150025,20.65000015,599455.0,20.65000015
2004-02-29,19.1326312632,19.4821053684,18.6605263158,18.9510527895,646584.210526,18.9510527895
2004-03-31,17.4209090909,17.7818183182,17.0577273182,17.3822728636,635431.818182,17.3822728636
2004-04-30,17.6114284286,17.904762,17.162857381,17.4428571905,463814.285714,17.4428571905
2004-05-31,16.1545001,16.658,15.7599999,16.2529999,575525.0,16.2529999
2004-06-30,17.5310001,17.8805002,17.1834999,17.53650035,542755.0,17.53650035
2004-07-31,15.561904619,15.8033332857,15.1095238095,15.3847617619,582857.142857,15.3847617619
2004-08-31,13.9681818182,14.3140909091,13.6968181818,13.9804545455,533231.818182,13.9804545455
2004-09-30,15.662,15.9745,15.3944998,15.75399985,459325.0,15.75399985
2004-10-31,17.6166668095,17.9133331429,17.285238,17.5666664286,695671.428571,17.5666664286
2004-11-30,17.9514282857,18.2457141905,17.6376189048,17.9719046667,520614.285714,17.9719046667
2004-12-31,17.039047381,17.3404763333,16.76,16.994762,527047.619048,16.994762
2005-01-31,15.1735,15.397,14.846,15.036,505265.0,15.036
2005-02-28,16.7463156316,17.2263158421,16.5615788421,16.9152632632,697563.157895,16.9152632632
2005-03-31,18.0980951429,18.4109524286,17.8761906667,18.0909524286,515757.142857,18.0909524286
2005-04-30,17.0214287143,17.2000001429,16.7314286667,16.9076190952,416633.333333,16.9076190952
2005-05-31,18.9728570476,19.3671428095,18.7604760476,19.1814285238,1041509.52381,19.1814285238
2005-06-30,23.9447619048,24.4152382381,23.517619,23.9423809524,1060857.14286,23.9423809524
2005-07-31,25.283,25.7994999,24.96600025,25.5185,842420.0,25.5185
2005-08-31,23.5647823043,23.8695654783,23.0730433913,23.4682607826,1120817.3913,23.4682607826
2005-09-30,20.3635,20.62000005,20.0,20.29349975,709635.0,20.29349975
2005-10-31,18.8676189524,19.0752379524,18.4319050476,18.7042857143,495014.285714,18.7042857143
2005-11-30,16.623809381,16.8795237619,16.3761905238,16.5980951905,688561.904762,16.5980951905
2005-12-31,15.9435,16.1684999,15.66199995,15.885,753260.0,15.885
2006-01-31,16.92000005,17.2950001,16.69350005,17.1099999,945660.0,17.1099999
2006-02-28,18.2999998947,18.5615787895,17.9073685263,18.2331575789,994594.736842,18.2331575789
2006-03-31,17.3681816364,17.6013634545,17.1481816818,17.4113636818,458027.272727,17.4113636818
2006-04-30,18.5784208421,18.8084212632,18.1931576316,18.4963157368,598057.894737,18.4963157368
2006-05-31,17.9899999048,18.2780952857,17.6433330952,17.9028570952,710071.428571,17.9028570952
2006-06-30,15.7249999545,15.9649999545,15.3222726818,15.5504544545,620736.363636,15.5504544545
2006-07-31,14.353,14.6435,14.05,14.282,513105.0,14.282
2006-08-31,13.9526086957,14.2673913043,13.6895652174,14.0008695652,587008.695652,14.0008695652
2006-09-30,14.6657894737,14.8942105263,14.4015789474,14.6478947368,485863.157895,14.6478947368
2006-10-31,14.4486363636,14.6336363636,14.275,14.44,542263.636364,14.44
2006-11-30,14.899047619,15.1442857143,14.74,14.9876190476,421538.095238,14.9876190476
2006-12-31,16.1894735789,16.4384211579,16.0315787895,16.2189471053,519094.736842,16.2189471053
2007-01-31,16.25300045,16.4549999,16.00800005,16.26200005,543475.0,16.26200005
2007-02-28,16.1552636316,16.3431576316,15.9268421579,16.1189473158,651205.263158,16.1189473158
2007-03-31,15.4223809524,15.6252380952,15.2838095238,15.4614285714,421714.285714,15.4614285714
2007-04-30,15.6285,15.725,15.432,15.581,357815.0,15.581
2007-05-31,14.9072727273,15.1140909091,14.785,14.9395454545,502704.545455,14.9395454545
2007-06-30,14.99,15.1585,14.828,15.006,490315.0,15.006
2007-07-31,15.1671428571,15.2942857143,14.9061904762,15.1061904762,386295.238095,15.1061904762
2007-08-31,12.1813043478,12.4043478261,11.8669565217,12.087826087,838834.782609,12.087826087
2007-09-30,11.9521052632,12.0968421053,11.7547368421,11.9452631579,432178.947368,11.9452631579
2007-10-31,11.4409090909,11.5686363636,11.2340909091,11.3659090909,275613.636364,11.3659090909
2007-11-30,9.99666666667,10.1485714286,9.77761904762,9.96952380952,337314.285714,9.96952380952
2007-12-31,11.656,11.928,11.494,11.778,523350.0,11.778
2008-01-31,11.8185,12.1215,11.534,11.8425,426315.0,11.8425
2008-02-29,11.559,11.7895,11.216,11.4635,424550.0,11.4635
2008-03-31,9.708,9.886,9.4205,9.6565,362055.0,9.6565
2008-04-30,10.5676190476,10.7657142857,10.3752380952,10.6066666667,199090.47619,10.6066666667
2008-05-31,9.82047619048,10.0066666667,9.61095238095,9.76857142857,345447.619048,9.76857142857
2008-06-30,8.27857142857,8.43142857143,8.07523809524,8.1980952381,287847.619048,8.1980952381
2008-07-31,5.82863636364,5.95409090909,5.60772727273,5.74,518722.727273,5.73272727273
2008-08-31,3.39714285714,3.58428571429,3.28047619048,3.39333333333,530852.380952,3.39333333333
2008-09-30,2.96380952381,3.08904761905,2.75666666667,2.89095238095,745204.761905,2.89095238095
2008-10-31,1.13409090909,1.25454545455,0.999545454545,1.07818181818,723254.545455,1.07818181818
2008-11-30,0.7,0.782105263158,0.609473684211,0.665789473684,609526.315789,0.665789473684
2008-12-31,0.908181818182,1.01136363636,0.858636363636,0.963181818182,590004.545455,0.963181818182
2009-01-31,1.7955,1.8885,1.695,1.791,323205.0,1.791
2009-02-28,1.29222222222,1.38722222222,1.20388888889,1.27333333333,231355.555556,1.27333333333
2009-03-31,0.910454545455,1.01454545455,0.848636363636,0.913181818182,146695.454545,0.913181818182
2009-04-30,1.3719047619,1.46,1.2919047619,1.4119047619,211395.238095,1.4119047619
2009-05-31,2.28052631579,2.5,2.13,2.34736842105,604489.473684,2.34736842105
2009-06-30,3.82545454545,3.96636363636,3.66590909091,3.86045454545,355345.454545,3.86045454545
2009-07-31,4.67545454545,4.88954545455,4.52045454545,4.72136363636,323890.909091,4.72136363636
2009-08-31,4.883,5.011,4.693,4.8695,252730.0,4.8695
2009-09-30,4.66523809524,4.80047619048,4.56428571429,4.70142857143,1468023.80952,4.70142857143
2009-10-31,4.81318181818,4.95636363636,4.66727272727,4.785,734413.636364,4.785
2009-11-30,4.212,4.3235,4.0535,4.199,478520.0,4.199
2009-12-31,4.52714285714,4.65428571429,4.40428571429,4.55904761905,657242.857143,4.55904761905
2010-01-31,4.24105263158,4.31842105263,4.11789473684,4.18947368421,525431.578947,4.18947368421
2010-02-28,4.10105263158,4.21894736842,3.97526315789,4.13157894737,476389.473684,4.13157894737
2010-03-31,4.87956521739,5.00869565217,4.76,4.90695652174,517200.0,4.90695652174
2010-04-30,5.5235,5.6365,5.3925,5.534,694820.0,5.534
2010-05-31,4.992,5.1345,4.775,4.9615,528890.0,4.9615
2010-06-30,4.85227272727,4.95409090909,4.71272727273,4.81818181818,417077.272727,4.81818181818
2010-07-31,4.6385,4.7655,4.4825,4.6225,299670.0,4.6225
2010-08-31,4.36636363636,4.49454545455,4.26090909091,4.37090909091,420927.272727,4.37090909091
2010-09-30,4.70857142857,4.83142857143,4.60238095238,4.74714285714,376761.904762,4.74714285714
2010-10-31,5.9875,6.1195,5.843,6.003,574040.0,6.003
2010-11-30,6.31285714286,6.42666666667,6.17952380952,6.32,539376.190476,6.32
2010-12-31,6.35,6.42136363636,6.21045454545,6.31090909091,524804.545455,6.31090909091
2011-01-31,6.1815,6.2845,6.079,6.196,652590.0,6.196
2011-02-28,8.06722222222,8.29222222222,7.83333333333,8.07777777778,1151677.77778,8.07777777778
2011-03-31,8.72130434783,8.90217391304,8.48739130435,8.71304347826,1565821.73913,8.71304347826
2011-04-30,8.755,8.8835,8.5495,8.7265,932265.0,8.7265
2011-05-31,8.68238095238,8.90428571429,8.48523809524,8.7019047619,1046180.95238,8.69952380952
2011-06-30,8.77090909091,8.89863636364,8.57454545455,8.69590909091,764377.272727,8.69590909091
2011-07-31,8.108,8.225,7.9315,8.0615,631815.0,8.0615
2011-08-31,6.43545454545,6.68090909091,6.12681818182,6.38409090909,1443709.09091,6.38409090909
2011-09-30,6.03238095238,6.17619047619,5.82380952381,5.9780952381,835066.666667,5.9780952381
2011-10-31,5.97,6.16380952381,5.81952380952,6.02,907652.380952,6.02
2011-11-30,5.75333333333,5.8919047619,5.60523809524,5.75857142857,591466.666667,5.75857142857
2011-12-31,6.052,6.1845,5.892,6.03,515720.0,6.03
2012-01-31,6.781,6.939,6.649,6.8185,657920.0,6.8185
2012-02-29,7.337,7.4435,7.1605,7.3335,641280.0,7.3335
2012-03-31,6.56857142857,6.65619047619,6.45952380952,6.54095238095,606166.666667,6.54095238095
2012-04-30,6.2465,6.354,6.1365,6.237,354710.0,6.237
2012-05-31,5.76954545455,5.89136363636,5.66909090909,5.78590909091,426854.545455,5.78590909091
2012-06-30,5.8219047619,5.95428571429,5.71857142857,5.83095238095,295704.761905,5.83095238095
2012-07-31,6.139,6.244,6.0005,6.125,276690.0,6.125
2012-08-31,5.9852173913,6.09173913043,5.86391304348,5.98652173913,349295.652174,5.98652173913
2012-09-30,5.80263157895,5.85789473684,5.69736842105,5.76842105263,323326.315789,5.76842105263
2012-10-31,5.06619047619,5.14047619048,5.00095238095,5.04047619048,403857.142857,5.04047619048
2012-11-30,4.942,5.018,4.8675,4.945,373045.0,4.945
2012-12-31,5.454,5.557,5.349,5.484,421955.0,5.484
2013-01-31,5.9519047619,6.02380952381,5.86857142857,5.94952380952,327647.619048,5.94952380952
2013-02-28,6.37166666667,6.46333333333,6.29222222222,6.38777777778,467488.888889,6.38777777778
2013-03-31,6.4295,6.498,6.3425,6.428,258800.0,6.428
2013-04-30,7.08090909091,7.19727272727,6.975,7.14,674059.090909,7.14
2013-05-31,7.62142857143,7.71523809524,7.50666666667,7.62476190476,412676.190476,7.62476190476
2013-06-30,7.693,7.8155,7.571,7.705,345015.0,7.705
2013-07-31,8.29181818182,8.36136363636,8.09090909091,8.22045454545,261713.636364,8.22045454545
2013-08-31,7.54181818182,7.66954545455,7.38909090909,7.52681818182,248372.727273,7.52681818182
2013-09-30,7.70578947368,7.80210526316,7.60210526316,7.71789473684,181736.842105,7.71789473684
2013-10-31,8.30130434783,8.42739130435,8.19173913043,8.32434782609,183382.608696,8.32434782609
2013-11-30,8.213,8.397,8.1035,8.2665,263760.0,8.2665
2013-12-31,8.72238095238,8.88428571429,8.59095238095,8.72523809524,332080.952381,8.6780952381
2014-01-31,8.49285714286,8.59095238095,8.31333333333,8.44285714286,298980.952381,8.44285714286
2014-02-28,8.24894736842,8.42157894737,8.13,8.28210526316,379205.263158,8.28210526316
2014-03-31,8.7119047619,8.80619047619,8.59380952381,8.68,252842.857143,8.68
2014-04-30,8.42,8.5375,8.3015,8.43,272390.0,8.43
2014-05-31,8.75904761905,8.90380952381,8.6780952381,8.80047619048,278371.428571,8.80047619048
2014-06-30,8.7880952381,8.90047619048,8.68285714286,8.78619047619,296838.095238,8.78619047619
2014-07-31,8.51727272727,8.59818181818,8.43727272727,8.49681818182,167377.272727,8.49681818182
2014-08-31,8.489,8.5895,8.3915,8.48,206525.0,8.48
2014-09-30,8.43571428571,8.56238095238,8.3480952381,8.41571428571,242714.285714,8.41571428571
2014-10-31,8.28217391304,8.43565217391,8.14782608696,8.31913043478,276300.0,8.31913043478
2014-11-30,8.92894736842,9.02157894737,8.8,8.93368421053,156415.789474,8.93368421053
2014-12-31,8.48,8.58619047619,8.33619047619,8.46619047619,304061.904762,8.46619047619
2015-01-31,8.233,8.3575,8.1455,8.2545,259455.0,8.2545
2015-02-28,8.53052631579,8.63473684211,8.40157894737,8.51157894737,210984.210526,8.51157894737
2015-03-31,8.45857142857,8.59142857143,8.36571428571,8.49,246461.904762,8.49
2015-04-30,8.6880952381,8.78333333333,8.57,8.70857142857,180404.761905,8.70857142857
2015-05-31,9.3715,9.51,9.2305,9.3855,414245.0,9.3855
2015-06-30,10.0459090909,10.1559090909,9.91590909091,10.0140909091,334336.363636,10.0140909091
2015-07-31,8.9080952381,8.98666666667,8.74619047619,8.84047619048,294147.619048,8.84047619048
2015-08-31,8.36238095238,8.51619047619,8.25,8.37238095238,572728.571429,8.37238095238
2015-09-30,9.12761904762,9.22142857143,9.01952380952,9.11571428571,310776.190476,9.11571428571
2015-10-31,9.51333333333,9.63952380952,9.40904761905,9.52238095238,250066.666667,9.52238095238
2015-11-30,10.1795,10.3235,10.098,10.2425,454570.0,10.2425
2015-12-31,12.4322727273,12.6281818182,12.2436363636,12.4195454545,1098559.09091,12.4195454545
2016-01-31,11.9347368421,12.12,11.7473684211,11.9084210526,910952.631579,11.9084210526
2016-02-29,10.5357894737,10.7268421053,10.35,10.4973684211,1037626.31579,10.4973684211
2016-03-31,10.0031818182,10.1372727273,9.91318181818,10.0240909091,625104.545455,10.0240909091
2016-04-30,10.6614285714,10.7657142857,10.5657142857,10.6804761905,427876.190476,10.6804761905
2016-05-31,9.8535,9.9845,9.7105,9.8255,463555.0,9.8255
2016-06-30,9.28636363636,9.37727272727,9.17272727273,9.27636363636,343536.363636,9.27636363636
2016-07-31,9.2485,9.3595,9.165,9.276,312635.0,9.276
2016-08-31,9.634,9.782,9.528,9.658,322860.0,9.658
