Date,Open,High,Low,Close,Volume,Adj Close
1996-11-30,9.1375,9.35,8.975,9.04375,173240.0,8.5122649
1996-12-31,9.28571428571,9.38095238095,9.24404761905,9.33333333333,17633.3333333,8.78483
1997-01-31,11.1704545455,11.4318181818,10.9943181818,11.2869318182,14190.9090909,10.6236190455
1997-02-28,13.3092105263,13.4934210526,12.9210526316,13.1118421053,20410.5263158,12.3412823684
1997-03-31,11.7039473684,11.7960526316,11.5394736842,11.5493421053,20878.9473684,10.8706080526
1997-04-30,10.9659090909,11.0227272727,10.9204545455,10.96875,6618.18181818,10.3241365
1997-05-31,11.9702380952,12.0595238095,11.8630952381,11.9404761905,14133.3333333,11.2387554762
1997-06-30,13.0357142857,13.1607142857,12.9464285714,13.0833333333,5047.61904762,12.314449
1997-07-31,13.0568181818,13.0965909091,13.0227272727,13.0625,4400.0,12.29484
1997-08-31,13.8571428571,13.9285714286,13.7857142857,13.8928571429,1157.14285714,13.0763987143
1997-09-30,14.0238095238,14.2023809524,13.9107142857,14.0892857143,4852.38095238,13.2612835714
1997-10-31,14.3238636364,14.3693181818,14.2613636364,14.2784090909,1377.27272727,13.4392925455
1997-11-30,13.4572368421,13.4671052632,13.3684210526,13.3684210526,1736.84210526,12.5827826842
1997-12-31,12.1363636364,12.2215909091,12.1136363636,12.1875,2963.63636364,11.471262
1998-01-31,11.825,11.9,11.8,11.875,1480.0,11.1771274
1998-02-28,11.8815789474,11.9276315789,11.8355263158,11.8881578947,13384.2105263,11.1895117895
1998-03-31,12.5511363636,12.625,12.5113636364,12.5909090909,6740.90909091,11.8509635455
1998-04-30,13.953125,13.990625,13.853125,13.91875,2445.0,13.1007699
1998-05-31,14.44375,14.45,14.4125,14.41875,2240.0,13.5713859
1998-06-30,13.4772727273,13.5795454545,13.4204545455,13.5170454545,6204.54545455,12.7226727273
1998-07-31,13.5909090909,13.6846590909,13.5681818182,13.6193181818,2813.63636364,12.8189350909
1998-08-31,13.0773809524,13.1369047619,13.0595238095,13.119047619,2538.0952381,12.3480644286
1998-09-30,9.34523809524,9.58630952381,9.12202380952,9.38988095238,7090.47619048,8.83805438095
1998-10-31,8.24107142857,8.36607142857,8.08333333333,8.17261904762,17138.0952381,7.69232866667
1998-11-30,8.784375,8.80625,8.6640625,8.690625,3890.0,8.17989235
1998-12-31,9.03693181818,9.14488636364,8.93465909091,9.01704545455,21750.0,8.48712972727
1999-01-31,8.70394736842,8.76315789474,8.61184210526,8.67763157895,2905.26315789,8.16766252632
1999-02-28,8.54934210526,8.61513157895,8.50986842105,8.55921052632,5068.42105263,8.05620084211
1999-03-31,8.44565217391,8.48369565217,8.41304347826,8.44565217391,8500.0,7.94931608696
1999-04-30,8.64285714286,8.69642857143,8.53571428571,8.56547619048,7319.04761905,8.06209828571
1999-05-31,8.21546052632,8.22532894737,8.12171052632,8.13651315789,5921.05263158,7.65834457895
1999-06-30,8.01420454545,8.0625,7.88920454545,7.93181818182,13545.4545455,7.46567909091
1999-07-31,7.94196428571,7.97767857143,7.83035714286,7.86011904762,3980.95238095,7.39819361905
1999-08-31,7.86647727273,7.86931818182,7.85795454545,7.86079545455,3836.36363636,7.39883022727
1999-09-30,9.4806547619,9.65029761905,9.31547619048,9.47619047619,11533.3333333,8.91929171429
1999-10-31,9.1625,9.1625,9.06875,9.1,5370.0,8.5652092
1999-11-30,10.0133928571,11.0416666667,9.65178571429,10.6339285714,308471.428571,10.0089915238
1999-12-31,24.2769886364,26.5795454545,22.28125,24.4857954545,448431.818182,23.046809
2000-01-31,48.9796875,53.24375,44.93125,49.14375,368330.0,46.25565965
2000-02-29,39.7734375,41.35625,37.509375,39.228125,198400.0,36.922757
2000-03-31,44.3940217391,46.5461956522,41.2377717391,43.6331521739,192730.434783,41.0689098261
2000-04-30,26.890625,29.3368055556,24.3194444444,26.8020833333,163777.777778,25.2269728333
2000-05-31,22.1115054091,22.6590909091,20.8494318182,21.7336645,49477.2727273,20.4564158182
2000-06-30,24.6434659091,25.7599431818,23.5710227273,24.703125,57295.4545455,23.2513665455
2000-07-31,26.5213815789,27.1546052632,25.5625,26.3947368421,32489.4736842,24.8435654211
2000-08-31,21.285326087,21.6793478261,20.6494565217,21.160326087,28178.2608696,19.9167716522
2000-09-30,17.409375,18.121875,16.84921845,17.5625,44615.0,16.53038315
2000-10-31,16.3005958095,16.997024381,15.4761904762,15.9196428571,19961.9047619,14.984074
2000-11-30,12.9828871429,13.4040180952,12.290922381,12.7291666667,22090.4761905,11.9810962381
2000-12-31,10.3359375,11.1421875,9.7085935,10.4359375,63805.0,9.82263605
2001-01-31,13.8406255,14.502344,13.23125,14.00625,42130.0,13.18312775
2001-02-28,13.0320726316,13.3157894737,12.4276315789,12.8363484211,19421.0526316,12.0819790526
2001-03-31,9.88636363636,10.2421877273,9.23934681818,9.64204545455,18263.6363636,9.07539968182
2001-04-30,8.48516421053,8.90240105263,8.01401315789,8.34092105263,40715.7894737,7.85073984211
2001-05-31,9.19409090909,9.44045454545,9.04454545455,9.25318181818,45136.3636364,8.70938886364
2001-06-30,9.6780952381,9.98523809524,9.48,9.74047619048,128580.952381,9.1680457619
2001-07-31,10.169,10.344,9.9645,10.0795,29915.0,9.48714575
2001-08-31,9.04434782609,9.23130434783,8.85391304348,8.99565217391,17417.3913043,8.46699373913
2001-09-30,7.51666666667,7.68,7.30266666667,7.39533333333,11393.3333333,6.96072266667
2001-10-31,7.64434782609,7.84086956522,7.5452173913,7.71739130435,4878.26086957,7.26385395652
2001-11-30,8.119,8.31,7.9075,8.0855,20550.0,7.6103296
2001-12-31,9.1435,9.436,8.937,9.2045,151605.0,8.66356795
2002-01-31,9.17333333333,9.37333333333,9.03428571429,9.16333333333,37252.3809524,8.6248207619
2002-02-28,9.02055555556,9.20111111111,8.89611111111,9.09777777778,22555.5555556,8.56311766667
2002-03-31,9.1305,9.2925,8.921,9.106,21200.0,8.5708565
2002-04-30,9.265,9.46727272727,9.16363636364,9.33363636364,20454.5454545,8.78511513636
2002-05-31,9.35636363636,9.45318181818,9.18954545455,9.29454545455,16945.4545455,8.74832154545
2002-06-30,8.03894736842,8.12263157895,7.85105263158,7.91263157895,28610.5263158,7.44762036842
2002-07-31,6.46363636364,6.62818181818,6.25545454545,6.45090909091,20781.8181818,6.07180068182
2002-08-31,6.07545454545,6.16136363636,5.95727272727,6.03954545455,28954.5454545,5.68461222727
2002-09-30,7.16894736842,7.25210526316,6.89842105263,7.08947368421,17473.6842105,6.672838
2002-10-31,6.90434782609,7.03086956522,6.70391304348,6.89565217391,14717.3913043,6.49040704348
2002-11-30,7.418,7.5015,7.2915,7.424,31995.0,6.9877048
2002-12-31,7.19142857143,7.26761904762,7.06095238095,7.14333333333,15709.5238095,6.72348614286
2003-01-31,7.30095238095,7.37857142857,7.23428571429,7.31238095238,11985.7142857,6.88264547619
2003-02-28,7.33684210526,7.39473684211,7.21263157895,7.28789473684,25157.8947368,6.85959810526
2003-03-31,7.2819047619,7.35285714286,7.19571428571,7.27285714286,26352.3809524,6.84544442857
2003-04-30,8.379,8.4455,8.097,8.3055,18020.0,7.8174005
2003-05-31,8.96333333333,9.09428571429,8.83619047619,8.99428571429,12876.1904762,8.46570780952
2003-06-30,10.5323809524,10.74,10.28,10.5595238095,23200.0,9.93895942857
2003-07-31,12.6747619048,12.909047619,12.439047619,12.7895238095,26776.1904762,12.0379064286
2003-08-31,13.689047619,13.8547619048,13.2847619048,13.6014285714,24433.3333333,12.8020969524
2003-09-30,14.070952381,14.5019047143,13.8366666667,14.240952381,54600.0,13.4040371429
2003-10-31,15.4991304783,15.7191303913,15.157826087,15.4569565217,31534.7826087,14.5485788261
2003-11-30,13.8136842105,14.1884210526,13.3431578947,13.7163157895,96768.4210526,12.9102324737
2003-12-31,12.4086363636,12.6295454545,12.1831818182,12.4322727273,57659.0909091,11.7016502727
2004-01-31,13.7347368421,14.2142105263,13.6215789474,13.8994736842,50821.0526316,13.0826264737
2004-02-29,13.7463157895,14.0984210526,13.3173684211,13.5847368421,35642.1052632,12.7863861579
2004-03-31,13.397826087,13.6869565217,13.2373913043,13.4804347826,26339.1304348,12.6882136957
2004-04-30,12.5857142857,12.7904761905,12.4071428571,12.6219047619,23147.6190476,11.880138
2004-05-31,11.201,11.487,10.9325,11.2525,22535.0,10.5912107
2004-06-30,11.4076190476,11.6676190476,11.1095238095,11.31,18452.3809524,10.6453315238
2004-07-31,9.75,9.86380952381,9.5880952381,9.71238095238,16690.4761905,9.14160171429
2004-08-31,10.150952381,10.3714285714,9.96571428571,10.2295238095,13504.7619048,9.62835304762
2004-09-30,10.6885714286,10.8042857143,10.4733333333,10.630952381,10228.5714286,10.0061902857
2004-10-31,10.1514285714,10.2904761905,9.96571428571,10.12,11971.4285714,9.52526571429
2004-11-30,10.9785,11.3255,10.757,11.072,21340.0,10.4213183
2004-12-31,11.9045454545,12.1231818182,11.6659090909,11.8854545455,17677.2727273,11.1869675455
2005-01-31,12.1725,12.433,11.965,12.2695,19990.0,11.5484434
2005-02-28,13.3988888889,13.8872222222,13.0855555556,13.4788888889,75544.4444444,12.6867587222
2005-03-31,12.5631818182,12.7459090909,12.3304545455,12.4977272727,32477.2727273,11.7632581364
2005-04-30,11.199047619,11.3804761905,10.9761904762,11.2042857143,15933.3333333,10.5458297619
2005-05-31,11.909047619,12.0723809524,11.790952381,11.9723809524,11257.1428571,10.7606296667
2005-06-30,12.5518181818,12.7190909091,12.2654545455,12.4463636364,58554.5454545,11.714913
2005-07-31,12.687,12.841,12.52,12.6995,31180.0,11.9531731
2005-08-31,12.8930434783,13.0547826087,12.6160869565,12.862173913,20434.7826087,12.1062868261
2005-09-30,12.7465,12.894,12.5365,12.757,12115.0,12.0072939
2005-10-31,13.3319047619,13.4361904762,13.1323809524,13.2719047619,23185.7142857,12.4919387143
2005-11-30,13.89,14.0757142857,13.6923809524,13.8452380952,11142.8571429,13.0315781429
2005-12-31,14.0105,14.1235,13.8875,13.998,8765.0,13.17536245
2006-01-31,14.247,14.384,14.046,14.204,7660.0,13.36925635
2006-02-28,14.0942105263,14.2452631579,14.0268421053,14.1489473684,10331.5789474,13.3174391579
2006-03-31,13.935,14.0868181818,13.8377272727,13.9872727273,23009.0909091,13.1652656818
2006-04-30,14.3215789474,14.4968421053,14.0889473684,14.3194736842,20600.0,13.4779437895
2006-05-31,13.5922727273,13.7531818182,13.4886363636,13.6531818182,11086.3636364,12.8508087727
2006-06-30,13.0104545455,13.2531818182,12.815,13.0095454545,20645.4545455,12.2449976818
2006-07-31,10.1284210526,10.2331578947,9.94263157895,10.0436842105,14010.5263158,9.45343478947
2006-08-31,9.63956521739,9.73347826087,9.53956521739,9.64869565217,8382.60869565,9.08165921739
2006-09-30,9.7275,9.8235,9.637,9.718,10375.0,9.1468905
2006-10-31,10.6885714286,10.8514285714,10.4814285714,10.6642857143,10571.4285714,10.0375648095
2006-11-30,10.11,10.1923809524,9.97523809524,10.0571428571,14200.0,9.46610271429
2006-12-31,10.298,10.3575,10.224,10.2945,11710.0,9.6895107
2007-01-31,10.75,10.8335,10.595,10.703,17250.0,10.0740039
2007-02-28,10.9861111111,11.04,10.8527777778,10.9127777778,9261.11111111,10.2714531667
2007-03-31,10.7313636364,10.8590909091,10.6259090909,10.715,8259.09090909,10.0852984545
2007-04-30,10.4775,10.6285,10.3025,10.4275,14695.0,9.81469445
2007-05-31,9.9,10.0657142857,9.73476190476,9.83523809524,16042.8571429,9.25723880952
2007-06-30,9.66476190476,9.74857142857,9.57285714286,9.65047619048,8571.42857143,9.083335
2007-07-31,9.48619047619,9.6180952381,9.26047619048,9.42714285714,41023.8095238,8.87312657143
2007-08-31,7.68956521739,7.92869565217,7.43347826087,7.69608695652,31756.5217391,7.24380169565
2007-09-30,8.44315789474,8.69210526316,8.35631578947,8.63105263158,13163.1578947,8.11884510526
2007-10-31,9.66173913043,10.037826087,9.58304347826,9.94782608696,11347.826087,9.36321017391
2007-11-30,10.1557142857,10.3976190476,10.0261904762,10.31,7009.52380952,9.70409971429
2007-12-31,9.3315,9.637,9.2215,9.491,12500.0,8.93323085
2008-01-31,9.0785,9.3295,8.998,9.253,6290.0,8.7092177
2008-02-29,9.8395,10.006,9.644,9.8585,11675.0,9.27913365
2008-03-31,9.186,9.3585,9.0725,9.2505,9460.0,8.70686465
2008-04-30,11.4795454545,11.7881818182,11.2886363636,11.6709090909,11509.0909091,10.9850305909
2008-05-31,12.15,12.346,11.937,12.2185,10755.0,11.50044055
2008-06-30,12.5942857143,12.8071428571,12.4519047619,12.6742857143,9433.33333333,11.9294406667
2008-07-31,12.155,12.3995454545,11.8995454545,12.24,2795.45454545,11.520677
2008-08-31,12.9385,13.0835,12.7665,13.0345,16820.0,12.2684857
2008-09-30,12.1161904762,12.3214285714,11.739047619,12.0633333333,7280.95238095,11.3543928095
2008-10-31,9.2352173913,9.38,8.86260869565,9.10130434783,9421.73913043,8.56643695652
2008-11-30,9.02421052632,9.25,8.88421052632,9.04842105263,20300.0,8.51666147368
2008-12-31,10.3204761905,10.5452380952,10.2457142857,10.4104761905,14900.0,9.7986712381
2009-01-31,10.583,10.6555,10.437,10.525,12270.0,9.90646465
2009-02-28,10.4310526316,10.6521052632,10.3810526316,10.5157894737,11678.9473684,9.89779521053
2009-03-31,11.4904761905,11.6152380952,11.2752380952,11.5314285714,15238.0952381,10.853747
2009-04-30,11.860952381,12.0833333333,11.6728571429,11.9285714286,10590.4761905,11.2275505714
2009-05-31,13.8455,14.189,13.7185,14.017,12410.0,13.1932459
2009-06-30,14.7080952381,15.0019047619,14.2933333333,14.7604761905,42028.5714286,13.8930291905
2009-07-31,14.9981818182,15.205,14.8568181818,15.0909091364,16168.1818182,14.2040434545
2009-08-31,16.1447616667,16.4180951905,15.8242856667,16.0695237143,11761.9047619,15.1251465238
2009-09-30,15.6019047619,15.740952381,15.3623809524,15.539047619,11633.3333333,14.6258455238
2009-10-31,15.5342857143,15.7719047619,15.3680952381,15.4919047619,11276.1904762,14.581473
2009-11-30,15.7195,15.9595,15.553,15.7405,17330.0,14.81545905
2009-12-31,16.1622725909,16.3786364091,16.0040908182,16.2286364091,14872.7272727,15.2749085455
2010-01-31,16.3538885556,16.4894445,16.2166665,16.3138886111,11405.5555556,15.3551505
2010-02-28,16.0321053684,16.1715789474,15.8757895263,16.0205262105,18905.2631579,15.0790283684
2010-03-31,16.82,17.0613043478,16.7091306522,16.9547824783,10969.5652174,15.9583801304
2010-04-30,17.8210002,18.1135001,17.65300035,17.9380001,12215.0,16.88381585
2010-05-31,17.98299995,18.13899995,17.65649995,17.8814999,15195.0,16.83063595
2010-06-30,17.8145455455,18.1795455909,17.5354546818,17.9113636818,17636.3636364,16.8587447273
2010-07-31,17.5555,17.74650015,17.2220001,17.48899985,19775.0,16.4612024
2010-08-31,18.0936364545,18.4336364545,17.9054544545,18.1486361818,19600.0,17.0820735
2010-09-30,20.1969997,20.5629999,19.8939999,20.3414997,25605.0,19.1460661
2010-10-31,20.7361905714,20.9247617143,20.358095,20.6361904286,9495.23809524,19.4234383333
2010-11-30,23.4085713333,23.7852378571,23.0295237619,23.440952381,17519.047619,22.0633694762
2010-12-31,23.6933332381,23.9799998571,23.4914284286,23.6976189048,13038.0952381,22.304952381
2011-01-31,24.6375,24.96599995,24.4059999,24.72749985,14675.0,23.27430905
2011-02-28,27.7742105789,28.231579,27.2705264211,27.7584210526,26905.2631579,26.1271082105
2011-03-31,26.692608913,27.0652178696,26.1930436522,26.592173913,16343.4782609,25.0215625652
2011-04-30,27.3909997,27.6094998,27.16949995,27.3645001,13195.0,25.7563373
2011-05-31,26.2704765238,26.5028572857,25.9752380952,26.1571429048,18547.6190476,24.619934381
2011-06-30,24.5000001429,24.8919045714,24.1633332381,24.5761904286,24333.3333333,23.1318916667
2011-07-31,27.061,27.47850005,26.61799995,27.11600005,15735.0,25.52244115
2011-08-31,24.9117391304,25.5460868696,24.307391087,24.8600000435,18039.1304348,23.3990222609
2011-09-30,23.81699985,24.34400015,23.3764999,23.834,20770.0,22.4333183
2011-10-31,25.4314287143,26.0099997143,24.9690474762,25.6109521429,24938.0952381,24.1058423333
2011-11-30,27.30149985,27.7165,26.9305002,27.3635003,10180.0,25.75539615
2011-12-31,28.0566665714,28.5366667143,27.6261905714,28.0947620476,10828.5714286,26.4436832381
2012-01-31,28.6974998,29.1405002,28.17349995,28.6945,24515.0,27.00817555
2012-02-29,32.4157899474,32.726842,31.9868421579,32.4468422105,10905.2631579,30.5399992105
2012-03-31,31.8899995909,32.3004547273,31.4549998636,31.8618183182,9190.90909091,29.9893560909
2012-04-30,30.2975004,30.53400015,29.76399995,30.1014999,10220.0,28.3324886
2012-05-31,30.3942855238,30.7723807619,30.165714381,30.4576192381,7014.28571429,28.6676793333
2012-06-30,32.3971430476,32.8038094286,31.9190478095,32.4133335714,13519.047619,30.5084598095
2012-07-31,32.639,32.9210003,32.3524999,32.73450005,5855.0,30.8107519
2012-08-31,34.188696087,34.9539134348,33.5434783043,34.1417387826,15086.9565217,32.1352899565
2012-09-30,35.9326321579,36.5400006316,35.39,36.0915791579,22031.5789474,33.9705414737
2012-10-31,38.4752383333,39.0342858095,37.8814288571,38.225714381,17685.7142857,35.9792537619
2012-11-30,37.4433330952,38.056666619,37.048095,37.6690475714,15100.0,35.4553049048
2012-12-31,40.4747368421,41.0442108421,39.8705262105,40.6426313158,24289.4736842,39.6313849474
2013-01-31,44.8347618571,45.5209527619,44.0285716667,45.1104767619,19342.8571429,45.1104767619
2013-02-28,46.7094734211,47.4894732105,45.9815791053,46.7615791053,14652.6315789,46.7615791053
2013-03-31,47.0363159474,47.5742107895,46.4794741053,47.1173684737,14052.6315789,47.1173684737
2013-04-30,44.239091,44.8259089091,43.5668185909,44.1945456364,16386.3636364,44.1945456364
2013-05-31,47.4331816818,48.2386364091,47.0036364545,47.7804545455,21418.1818182,47.7804545455
2013-06-30,56.5547369474,57.9873681053,55.7547370526,57.1499993684,30531.5789474,57.1499993684
2013-07-31,63.1718179091,63.8613631818,62.1995454091,63.1690915909,26331.8181818,63.1690915909
2013-08-31,57.5571427619,58.2857144286,56.4342857143,57.158095381,23652.3809524,57.158095381
2013-09-30,54.3605002,54.92649975,53.39600005,54.306,27130.0,54.306
2013-10-31,52.9717393043,53.6508692174,52.4826091304,53.0665214783,17573.9130435,53.0665214783
2013-11-30,52.3952632105,53.3200001053,51.3668419474,52.5526316316,44342.1052632,52.5526316316
2013-12-31,55.0304761429,55.7485715238,54.3757143333,55.0514285714,26952.3809524,55.0514285714
2014-01-31,56.0528570952,56.7442856667,55.2257135714,55.9157144762,18814.2857143,55.9157144762
2014-02-28,56.3244442222,57.0188888889,55.3250001667,56.3166668889,19500.0,56.3166668889
2014-03-31,56.8090472857,57.3585711429,56.0961901429,56.612380381,17900.0,56.612380381
2014-04-30,57.0514288571,57.7195241429,56.0585711429,56.6757144286,62590.4761905,56.6757144286
2014-05-31,52.2155,53.1519999,51.58249965,52.44300005,62270.0,52.44300005
2014-06-30,57.331429,58.0123814286,56.5585715238,57.4985715714,49795.2380952,57.4985715714
2014-07-31,57.1018179091,57.4954548636,56.2913633636,56.7940906364,32154.5454545,56.7940906364
2014-08-31,56.96849975,57.52149965,56.0990002,57.0064998,21710.0,57.0064998
2014-09-30,56.5304765714,57.0885717143,55.770000619,56.4195233333,23719.047619,56.4195233333
2014-10-31,58.080869087,58.9573913478,57.417826,58.4247827826,29000.0,58.4247827826
2014-11-30,67.6038897778,68.8088891667,66.7499993889,67.9022222222,47683.3333333,67.9022222222
2014-12-31,72.1531819545,73.2631814545,71.2118182273,72.3945451364,47154.5454545,72.3945451364
2015-01-31,68.1310004,68.9369999,66.69450075,67.7145,49530.0,67.7145
2015-02-28,78.6105550556,79.9538883333,77.3794433333,79.0488883333,61033.3333333,79.0488883333
2015-03-31,85.913635,87.1227270909,84.9686366364,86.1527269545,68909.0909091,86.1527269545
2015-04-30,85.44999935,86.6990009,84.30750005,85.3145001,59460.0,85.3145001
2015-05-31,85.1934997,86.3674999,83.8209994,85.08149985,89490.0,85.08149985
2015-06-30,80.2036372273,81.1559094545,79.0795458636,80.3763633636,77304.5454545,80.3763633636
2015-07-31,78.0390471429,79.1085720952,76.9690474286,77.9676194286,71604.7619048,77.9676194286
2015-08-31,75.8966659524,76.9500001905,74.6761906667,75.7228575714,137519.047619,75.7228575714
2015-09-30,75.8266667619,76.9742868095,75.0799989048,76.0976188571,83671.4285714,76.0976188571
2015-10-31,84.9371436667,85.9504764762,83.6204764762,85.098095,75290.4761905,85.098095
2015-11-30,90.5619995,91.9524994,88.5234998,90.0575005,122630.0,90.0575005
2015-12-31,93.9752382381,95.9595241905,92.6800007143,94.4190472857,109566.666667,94.4190472857
2016-01-31,92.9378951053,94.0215779474,91.6668416316,93.0442103158,115678.947368,93.0442103158
2016-02-29,77.8240006,79.43399955,76.03699945,77.82699925,112685.0,77.82699925
2016-03-31,77.3123812857,78.7471426667,76.4290477143,77.7738091905,85471.4285714,77.7738091905
2016-04-30,80.5071421905,81.6699999524,79.6785707619,80.57381,67638.0952381,80.57381
2016-05-31,82.398095619,84.0428571429,81.0676197143,82.6509523333,59933.3333333,82.6509523333
2016-06-30,85.9028568095,87.1076184286,84.737143,85.8019044762,75261.9047619,85.8019044762
2016-07-31,82.59450005,83.65549925,81.7469998,82.56600005,50020.0,82.56600005
2016-08-31,84.3860016,85.5580016,82.3479996,83.540001,140400.0,83.540001
