Date,Open,High,Low,Close,Volume,Adj Close
2010-07-31,44.8647365789,45.348421,43.9157893158,44.5478947368,93431.5789474,32.3356223684
2010-08-31,42.7172726818,43.1227271364,42.2122730455,42.7640909545,42963.6363636,31.0408272727
2010-09-30,45.2490002,45.73399975,44.9644998,45.44900015,31025.0,32.98970055
2010-10-31,45.524285619,45.6933331905,45.0123807143,45.3395238571,36690.4761905,32.9102358571
2010-11-30,43.3352379524,43.7309520952,42.9142856667,43.3819048571,35580.952381,31.4892747143
2010-12-31,42.9652376667,43.2323811429,42.4061904286,42.7747620952,25028.5714286,31.048573
2011-01-31,42.83550005,43.34400005,42.39199995,43.01449995,150445.0,31.22258955
2011-02-28,44.1647370526,44.4026314737,43.7957894737,44.1584204211,24505.2631579,32.0529181053
2011-03-31,43.2581819545,43.5045459545,42.8927272273,43.1740914091,53445.4545455,31.3384309091
2011-04-30,41.5245004,41.7195,41.09500025,41.3535002,44710.0,30.01693295
2011-05-31,41.283,41.67249985,41.00949975,41.3570003,69660.0,30.04863615
2011-06-30,40.3677271364,40.7236361364,39.7681820455,40.2245453182,258822.727273,29.3402093636
2011-07-31,36.5009997,36.8020003,36.02500055,36.2940004,88260.0,26.47322805
2011-08-31,23.0073913043,23.6060869565,21.9269564783,22.5547826087,209847.826087,16.4446845652
2011-09-30,19.4719048095,20.110476381,18.8852381429,19.3528571905,196438.095238,14.2569187143
2011-10-31,18.092,18.7645003,17.4074999,18.02750005,189055.0,13.28055065
2011-11-30,15.8085714762,16.3347618095,15.1209523333,15.6914287143,353619.047619,11.584304619
2011-12-31,14.85,15.1833332381,14.3804761429,14.712381,188828.571429,11.003201381
2012-01-31,13.8557894737,14.0821053158,13.3826315789,13.6431578421,250700.0,10.2035431053
2012-02-29,13.5585,13.99549995,13.2755,13.603,279240.0,10.17350935
2012-03-31,14.0227272727,14.2940909091,13.7090909091,13.9836363636,335650.0,10.5896047273
2012-04-30,12.905,13.1275,12.7165,12.9005,229700.0,9.83970125
2012-05-31,12.8481818182,13.17,12.515,12.7604545455,273231.818182,9.73288331818
2012-06-30,12.959,13.228,12.7105,13.0525,183615.0,10.1130899
2012-07-31,15.6242857143,15.8980952381,15.316666619,15.6852380952,210895.238095,12.1975759524
2012-08-31,16.1273913478,16.4421741304,15.9308695217,16.2508695652,175026.086957,12.6374372609
2012-09-30,18.6789473158,18.9205263684,18.3357894211,18.6226315789,185721.052632,14.6601425789
2012-10-31,18.4161903333,18.7795238571,18.2014286667,18.5147617619,109685.714286,14.5958285238
2012-11-30,16.42200005,16.745,15.92700005,16.26900005,153010.0,12.8356449
2012-12-31,17.7505002,18.29949985,17.49150015,18.01349985,212570.0,14.4252187
2013-01-31,21.3685715238,21.5938097143,21.0519047619,21.3723810952,163623.809524,17.1150121905
2013-02-28,21.4022223889,21.6044447778,21.0755553333,21.3627777778,120961.111111,17.1073218333
2013-03-31,23.1365001,23.54450015,22.88700015,23.35800005,207885.0,18.8413744
2013-04-30,22.1436362273,22.3722726364,21.7045455,22.0154544545,130504.545455,17.8584515909
2013-05-31,22.2504763333,22.6419049048,21.8957144762,22.3166665714,120014.285714,18.1027882381
2013-06-30,23.9489998,24.2949999,23.63499995,23.98750005,158585.0,19.6779594
2013-07-31,26.1214285238,26.7485714762,25.806666619,26.2599998571,145909.52381,21.5830519524
2013-08-31,31.2695453636,32.0999999545,30.8131819545,31.4704544091,191418.181818,25.8655161818
2013-09-30,30.99549995,31.42250015,30.5180001,30.89450005,97570.0,25.607853
2013-10-31,31.8513636818,32.3995455909,31.5672728636,32.0927269091,154854.545455,26.6267423636
2013-11-30,27.22099985,27.84150015,26.4400003,26.92650015,269880.0,22.3404195
2013-12-31,25.7514999,26.24100005,25.3845001,25.77899995,140005.0,21.60604555
2014-01-31,25.1576191429,25.4366667143,24.6485714762,24.9671428571,130385.714286,20.9622665238
2014-02-28,23.9189472632,24.3710526842,23.2510524211,23.8384214211,262784.210526,20.0145984737
2014-03-31,22.77749995,23.08949975,22.5585002,22.80050005,255345.0,19.34861545
2014-04-30,22.3404760952,22.571904619,22.0080951429,22.2238097143,181847.619048,18.9082087619
2014-05-31,20.4780951429,20.7466668095,20.137143,20.4476188571,159809.52381,17.397010381
2014-06-30,21.6457142381,22.0247619524,21.3557141429,21.7309528571,125780.952381,18.7166073333
2014-07-31,21.8159089091,22.0781817273,21.5263634545,21.7604547727,95359.0909091,18.7785935455
2014-08-31,21.8645,22.1889999,21.5905,21.8729999,77050.0,18.87571645
2014-09-30,21.4471428095,21.6757139048,21.0538098095,21.2861901429,120400.0,18.5955030952
2014-10-31,19.8791303478,20.2652173043,19.5913041304,19.9234781739,124208.695652,17.4285438696
2014-11-30,21.9566666111,22.2249998333,21.6133331667,21.851111,108072.222222,19.1147873333
2014-12-31,21.6559091364,21.9899999091,21.4077275,21.7054542273,165877.272727,19.2223339091
2015-01-31,21.49399995,21.6825,21.0725004,21.2735,178460.0,18.87523125
2015-02-28,22.0349999444,22.441111,21.8299999444,22.141111,279366.666667,19.6450322222
2015-03-31,23.0081817727,23.2231819545,22.7586364091,23.0045454091,279090.909091,20.6404881364
2015-04-30,22.7347620952,22.898571619,22.5109525238,22.6642859524,222242.857143,20.3717454286
2015-05-31,21.22450025,21.4009999,20.93900025,21.15400025,187485.0,19.01423195
2015-06-30,19.5786364091,19.7463638636,19.2786364091,19.4450000909,269140.909091,17.7024761364
2015-07-31,17.0009522857,17.1833332857,16.7028571905,16.9076191905,201728.571429,15.4248862381
2015-08-31,15.0604761905,15.3376190952,14.7247618571,15.053333381,261014.285714,13.7332141429
2015-09-30,13.5476190476,13.7114285714,13.290952381,13.4633333333,231071.428571,12.5369591429
2015-10-31,12.7709090909,13.01,12.5477272727,12.8063636364,208568.181818,11.9421570909
2015-11-30,10.016,10.219,9.752,9.9615,403100.0,9.289272
2015-12-31,9.42571428571,9.6080952381,9.20952380952,9.41666666667,324147.619048,9.02756652381
2016-01-31,8.64210526316,8.94684210526,8.43526315789,8.69368421053,525268.421053,8.36009236842
2016-02-29,10.383,10.6915,10.195,10.492,335735.0,10.08940385
2016-03-31,12.8952380952,13.1504761905,12.6576190476,12.9433333333,293485.714286,12.7161608571
2016-04-30,12.6038095238,12.7952380952,12.3676190476,12.5776190476,194314.285714,12.3841172857
2016-05-31,16.8161903333,17.3576192381,16.5852382857,17.0566665714,432333.333333,16.7942562857
2016-06-30,20.8395455455,21.2649999091,20.4549998182,21.0490911364,402750.0,21.0354547727
2016-07-31,24.8514999,25.2974998,24.5259997,24.9685003,301880.0,24.9685003
2016-08-31,27.4860006,28.4800006,27.1700006,28.1320002,714700.0,28.1320002
