Date,Open,High,Low,Close,Volume,Adj Close
1980-01-31,24.8352286364,25.1022736364,24.6477259091,24.914775,129640.909091,2.78480468182
1980-02-29,24.5855257895,24.7434236842,24.2960526316,24.3684221053,87900.0,2.72373694737
1980-03-31,20.0714271429,20.2619057143,19.7023785714,19.8869014286,97585.7142857,2.24851961905
1980-04-30,18.3630928571,18.58333,18.2142828571,18.4107128571,62642.8571429,2.08161390476
1980-05-31,18.5119042857,18.7559514286,18.3154742857,18.5654714286,184714.285714,2.12327147619
1980-06-30,19.3249995,19.5375,19.0125,19.206249,109230.0,2.27346345
1980-07-31,21.7954527273,22.2159068182,21.6818209091,21.9829540909,93231.8181818,2.60214504545
1980-08-31,25.2440485714,25.5178585714,25.0773814286,25.2797642857,86071.4285714,2.9923917619
1980-09-30,26.5062495,26.9875005,26.1750015,26.581248,154560.0,3.1816931
1980-10-31,27.2663073913,27.6358695652,27.0543469565,27.3478252174,89726.0869565,3.27345008696
1980-11-30,29.8194466667,30.1527766667,29.6111133333,29.8125016667,76833.3333333,3.57697133333
1980-12-31,27.6022745455,27.9261368182,27.1988659091,27.5000031818,96286.3636364,3.31978577273
1981-01-31,27.5374995,27.8125005,27.3874965,27.549999,50835.0,3.32582115
1981-02-28,28.0526305263,28.4013173684,27.8881563158,28.1447368421,52357.8947368,3.39761773684
1981-03-31,31.9602272727,32.4261381818,31.681815,32.0340913636,103459.090909,3.90106154545
1981-04-30,35.206248,35.724999,34.956249,35.2999995,136185.0,4.30042635
1981-05-31,34.29375,34.487499,34.0749975,34.2687495,92910.0,4.215332
1981-06-30,34.4829531818,34.81818,34.2272727273,34.5113631818,145772.727273,4.37015986364
1981-07-31,33.4999990909,33.7897704545,33.1761354545,33.5227268182,139895.454545,4.24496931818
1981-08-31,36.7000005,37.2437505,36.2062545,36.6812505,168900.0,4.6449318
1981-09-30,33.89881,34.2619042857,33.4047628571,33.9583342857,113542.857143,4.33332138095
1981-10-31,35.4943186364,35.8522718182,35.011365,35.4204572727,217486.363636,4.5198985
1981-11-30,32.2687485,32.5124985,31.931253,32.1937455,136560.0,4.11891955
1981-12-31,30.6647740909,30.8125036364,30.3863631818,30.5511368182,89836.3636364,3.93350340909
1982-01-31,25.8812505,26.162502,25.493751,25.793751,133200.0,3.32098305
1982-02-28,25.5723694737,25.7697347368,25.2236842105,25.3947378947,122621.052632,3.26960952632
1982-03-31,25.6647736364,25.9488627273,25.4204536364,25.71591,193486.363636,3.34360090909
1982-04-30,29.6428542857,30.0357128571,29.48214,29.8630942857,109314.285714,3.88647533333
1982-05-31,29.3125005,29.5500015,29.0312475,29.2249995,111015.0,3.8404406
1982-06-30,28.7440485714,28.9464314286,28.5476185714,28.7619057143,90600.0,3.896459
1982-07-31,30.4107128571,30.6964285714,30.1071428571,30.4821428571,84442.8571429,4.12950466667
1982-08-31,32.6079531818,33.0681790909,32.3977268182,32.7499977273,159013.636364,4.43673763636
1982-09-30,37.662498,37.9937505,37.4812485,37.749999,156975.0,5.1498535
1982-10-31,41.3333342857,41.9226214286,41.0773785714,41.4880971429,181400.0,5.66182952381
1982-11-30,46.7499985714,47.3333328571,46.4345228571,46.9285714286,138171.428571,6.41686566667
1982-12-31,48.5454531818,49.0284122727,48.13068,48.5170459091,168981.818182,6.63861813636
1983-01-31,49.9464285714,50.3154757143,49.3690485714,49.8630942857,130057.142857,6.84386257143
1983-02-28,48.8947373684,49.3881584211,48.6381584211,49.0723689474,106752.631579,6.73533305263
1983-03-31,49.4565221739,49.7608721739,49.0326065217,49.3315213043,159195.652174,6.80488113043
1983-04-30,49.0562475,49.537497,48.5750025,49.168746,257160.0,6.77928735
1983-05-31,55.3630928571,56.02381,55.0416671429,55.5595242857,110414.285714,7.6767442381
1983-06-30,55.9829563636,56.3295477273,55.3863640909,55.8920413636,121131.818182,7.74938613636
1983-07-31,56.9868410526,57.4671047368,56.4736847368,56.8157889474,170115.789474,7.87746289474
1983-08-31,51.2282621739,51.4945669565,50.9456543478,51.2173917391,147091.304348,7.10454134783
1983-09-30,56.9404757143,57.44048,56.6607142857,57.1726185714,118314.285714,7.96831104762
1983-10-31,59.1624975,59.4812505,58.775001,59.049999,127110.0,8.22996685
1983-11-30,57.8035685714,58.1845242857,57.6071457143,57.92857,118785.714286,8.08828452381
1983-12-31,57.9940428571,58.2976185714,57.6250028571,57.9404742857,134128.571429,8.11237528571
1984-01-31,56.92857,57.2499971429,56.4880971429,56.7916671429,188357.142857,7.9515282381
1984-02-29,48.9802642105,49.2302636842,48.1644757895,48.5723715789,161163.157895,6.80072631579
1984-03-31,46.7897740909,47.1875004545,46.4147740909,46.84659,130636.363636,6.59567509091
1984-04-30,45.031251,45.2812515,44.625,44.8499985,168060.0,6.31622355
1984-05-31,41.92857,42.1726185714,41.5535685714,41.8035728571,139528.571429,5.89593261905
1984-06-30,42.2916657143,42.7916657143,42.0892857143,42.5357157143,109500.0,6.03050628571
1984-07-31,42.3214271429,42.6488085714,42.0238085714,42.3035728571,87842.8571429,5.99759419048
1984-08-31,49.5170454545,50.0284090909,49.2329536364,49.7159086364,206440.909091,7.05543304545
1984-09-30,51.1250005263,51.4934178947,50.6381573684,51.0131589474,114157.894737,7.27060715789
1984-10-31,49.9076086957,50.1793473913,49.5326073913,49.8043473913,134530.434783,7.09832226087
1984-11-30,50.8499985,51.100002,50.3625,50.600001,122190.0,7.2278022
1984-12-31,47.2687485,47.6374995,46.9625025,47.412498,209145.0,6.79235825
1985-01-31,51.4261377273,51.9943186364,51.0795477273,51.6534081818,237586.363636,7.39991513636
1985-02-28,55.5657884211,55.9407884211,55.2434210526,55.5723694737,199736.842105,7.96134894737
1985-03-31,42.31874925,42.56874975,41.78749875,42.09375,161090.0,7.5168791
1985-04-30,24.6726192857,24.8273821429,24.2976185714,24.5952364286,193047.619048,7.08519928571
1985-05-31,25.1931825,25.5965911364,24.9602277273,25.3295454545,228200.0,7.30634459091
1985-06-30,26.6973671053,27.0460539474,26.4736855263,26.835525,147142.105263,7.77355152632
1985-07-31,29.2556822727,29.6420440909,28.9715897727,29.2840909091,274140.909091,8.482837
1985-08-31,28.7556825,28.9886359091,28.5056809091,28.6875006818,159150.0,8.31401804545
1985-09-30,28.3611108333,28.6111108333,28.0347241667,28.2916675,143111.111111,8.23930094444
1985-10-31,27.6793480435,27.9456508696,27.4565217391,27.7010876087,137152.173913,8.067308
1985-11-30,30.425001,30.8124975,30.16875075,30.58125,212230.0,8.92652225
1985-12-31,33.718749,34.12500075,33.37500075,33.78125025,180100.0,9.88684015
1986-01-31,34.2159088636,34.5397718182,33.9090913636,34.2499984091,132136.363636,10.0240298182
1986-02-28,37.6315784211,37.9999989474,37.467105,37.8092115789,102642.105263,11.0657133158
1986-03-31,40.4013134211,40.7499994737,39.9605265789,40.335525,190257.894737,11.8531888947
1986-04-30,42.9545461364,43.3238625,42.4431804545,42.9147715909,164831.818182,12.6138543182
1986-05-31,42.0833335714,42.4523814286,41.4940485714,41.97024,251123.809524,12.3757566667
1986-06-30,28.5535714286,28.9642857143,28.2142857143,28.5833333333,101004.761905,12.6496002381
1986-07-31,27.0833333333,27.4761904762,26.4583333333,26.9464285714,156966.666667,11.9251854762
1986-08-31,27.2797619048,27.7202380952,26.9583333333,27.4285714286,122433.333333,12.1408552381
1986-09-30,27.6607142857,28.0416666667,27.1726190476,27.7023809524,167761.904762,12.3066156667
1986-10-31,31.0909090909,31.6534090909,30.5681818182,31.1875,229350.0,13.8548586818
1986-11-30,33.7171052632,34.0592105263,33.3618421053,33.6973684211,170605.263158,14.993105
1986-12-31,33.3068181818,33.6988636364,32.875,33.2840909091,188418.181818,14.834968
1987-01-31,35.9625,36.51875,35.5125,36.1625,281090.0,16.1178964
1987-02-28,38.4934210526,38.9144736842,38.0263157895,38.4934210526,208473.684211,17.1568052632
1987-03-31,39.8693181818,40.3636363636,39.3636363636,39.9147727273,201081.818182,17.8458593182
1987-04-30,39.1369047619,39.7738095238,38.5654761905,39.1726190476,297709.52381,17.5166362857
1987-05-31,37.8289473684,38.1381578947,37.2763157895,37.7171052632,198852.631579,16.8819742105
1987-06-30,38.8863636364,39.1931818182,38.3636363636,38.7329545455,162586.363636,17.3841463636
1987-07-31,36.4659090909,36.8068181818,36.0511363636,36.4829545455,308686.363636,16.3743000455
1987-08-31,39.325,39.8,39.03125,39.4625,239770.0,17.7115813
1987-09-30,37.1904761905,37.6369047619,36.7380952381,37.0714285714,217409.52381,16.6912779048
1987-10-31,30.4829545455,31.4034090909,29.8011363636,30.6477272727,366686.363636,13.8013341818
1987-11-30,24.575,25.05,23.95625,24.4625,271595.0,10.9972715
1987-12-31,24.0681818182,24.5511363636,23.7840909091,24.2272727273,293627.272727,10.9662464545
1988-01-31,26.00625,26.45625,25.55,26.0375,163140.0,11.7856287
1988-02-29,28.38125,28.7,27.9875,28.36875,257765.0,12.84084705
1988-03-31,31.1931818182,31.5056818182,30.7613636364,31.125,285590.909091,14.1513222727
1988-04-30,30.0375,30.3625,29.625,30.0,142640.0,13.6426181
1988-05-31,27.2202380952,27.3511904762,26.75,27.0297619048,251747.619048,12.309816619
1988-06-30,27.8035714286,28.2023809524,27.3571428571,27.8333333333,170447.619048,12.7248621905
1988-07-31,26.7625,27.05,26.35625,26.65625,233715.0,12.18672255
1988-08-31,24.722826087,24.972826087,24.3804347826,24.6413043478,282882.608696,11.2655282609
1988-09-30,24.2619047619,24.494047619,23.9345238095,24.244047619,333814.285714,11.1463301429
1988-10-31,25.1547619048,25.4345238095,24.7321428571,25.1130952381,357166.666667,11.5458794762
1988-11-30,23.8511904762,24.0952380952,23.5297619048,23.8154761905,212923.809524,10.9777260952
1988-12-31,24.75,24.9583333333,24.5297619048,24.755952381,202861.904762,11.4521556667
1989-01-31,26.5875,26.86875,26.31875,26.5875,261000.0,12.29943365
1989-02-28,26.9934210526,27.2236842105,26.6776315789,26.8289473684,398400.0,12.4111275263
1989-03-31,25.7272727273,26.0056818182,25.4659090909,25.6988636364,241377.272727,11.9548339091
1989-04-30,25.0875,25.3375,24.8125,25.0625,240165.0,11.66189855
1989-05-31,24.8095238095,25.0297619048,24.5535714286,24.7797619048,313738.095238,11.5493197619
1989-06-30,25.6534090909,26.0170454545,25.3238636364,25.6931818182,358168.181818,12.0257573636
1989-07-31,26.575,27.125,26.2,26.725,723470.0,12.50870245
1989-08-31,28.7826086957,29.2554347826,28.2934782609,28.8369565217,602804.347826,13.5001995217
1989-09-30,27.4539473684,27.7105263158,27.0723684211,27.3618421053,374584.210526,12.8716767895
1989-10-31,24.6647727273,24.9204545455,24.1761363636,24.5056818182,439381.818182,11.5280695909
1989-11-30,21.8333333333,22.119047619,21.5238095238,21.7797619048,268671.428571,10.278698
1989-12-31,21.2894736842,21.5592105263,20.9736842105,21.1907894737,272010.526316,10.0370985263
1990-01-31,20.1590909091,20.3409090909,19.8636363636,20.1193181818,306395.454545,9.52959186364
1990-02-28,18.1052631579,18.2960526316,17.9605263158,18.1381578947,252847.368421,8.59120784211
1990-03-31,19.5511363636,19.7556818182,19.3636363636,19.5852272727,207181.818182,9.35193536364
1990-04-30,19.3355263158,19.5,19.125,19.2828947368,153847.368421,9.20757184211
1990-05-31,20.6534090909,20.9431818182,20.4659090909,20.7897727273,232763.636364,9.95345131818
1990-06-30,22.3214285714,22.5892857143,22.0952380952,22.3154761905,228438.095238,10.7313784762
1990-07-31,21.8035714286,22.0535714286,21.4464285714,21.7678571429,197561.904762,10.4680317143
1990-08-31,18.4772727273,18.6704545455,18.1079545455,18.3863636364,240477.272727,8.84517545455
1990-09-30,15.1776315789,15.3223684211,14.7894736842,15.0197368421,183757.894737,7.2872
1990-10-31,13.4673913043,13.7445652174,13.25,13.472826087,200860.869565,6.53667782609
1990-11-30,13.0875,13.35,12.9,13.15625,340620.0,6.415996
1990-12-31,14.875,15.09375,14.69375,14.925,176635.0,7.32259845
1991-01-31,15.2443181818,15.6079545455,15.0340909091,15.3863636364,228931.818182,7.54895568182
1991-02-28,18.1513157895,18.4736842105,17.8289473684,18.0921052632,327173.684211,8.87646378947
1991-03-31,18.1513157895,18.4144736842,17.8289473684,18.1381578947,213057.894737,8.97082521053
1991-04-30,17.5738636364,17.8579545455,17.2784090909,17.5625,171659.090909,8.68611477273
1991-05-31,18.4147727273,18.7272727273,18.2272727273,18.5340909091,250790.909091,9.19456963636
1991-06-30,20.48125,20.66875,20.14375,20.4125,192185.0,10.17934185
1991-07-31,18.9285714286,19.1904761905,18.6428571429,18.8511904762,168033.333333,9.40074528571
1991-08-31,18.2613636364,18.4375,17.9943181818,18.2159090909,173027.272727,9.08727595455
1991-09-30,17.775,17.94375,17.55625,17.78125,147810.0,8.9411817
1991-10-31,18.6902173913,18.902173913,18.4673913043,18.7065217391,129917.391304,9.40644852174
1991-11-30,18.3421052632,18.5657894737,18.0789473684,18.3486842105,221963.157895,9.26212452632
1991-12-31,17.75,18.0654761905,17.5297619048,17.8928571429,195176.190476,9.072384
1992-01-31,21.7784090909,22.3238636364,21.4375,21.8409090909,234940.909091,11.0742020455
1992-02-29,23.6111111111,24.0277777778,23.3055555556,23.7569444444,258333.333333,12.0499371667
1992-03-31,24.1704545455,24.4375,23.875,24.1193181818,189472.727273,12.3047810455
1992-04-30,24.8392857143,25.1904761905,24.4821428571,24.9345238095,314000.0,12.7206688571
1992-05-31,25.625,25.85,25.3875,25.6125,145590.0,13.08933915
1992-06-30,24.875,25.0833333333,24.5357142857,24.8214285714,235400.0,12.7375328571
1992-07-31,25.1704545455,25.4488636364,24.8920454545,25.2443181818,192122.727273,12.9545456364
1992-08-31,24.2380952381,24.4047619048,23.9226190476,24.1607142857,173647.619048,12.423927619
1992-09-30,24.4625,24.75625,24.2125,24.51875,181770.0,12.6626058
1992-10-31,22.9715909091,23.2272727273,22.6022727273,22.9545454545,224259.090909,11.8547790455
1992-11-30,24.35,24.6375,24.1375,24.44375,151860.0,12.6685743
1992-12-31,27.5511363636,27.8863636364,27.1647727273,27.6420454545,228145.454545,14.3654027727
1993-01-31,28.83125,29.18125,28.59375,28.88125,161425.0,15.00461325
1993-02-28,30.3092105263,30.5855263158,29.8026315789,30.2105263158,292078.947368,15.7042639474
1993-03-31,29.1032608696,29.3641304348,28.6956521739,28.9673913043,160513.043478,15.1301434783
1993-04-30,28.25,28.5833333333,27.9285714286,28.2202380952,206457.142857,14.7398930476
1993-05-31,27.9539473684,28.1842105263,27.625,27.9539473684,130742.105263,14.6260192632
1993-06-30,29.6193181818,29.8806818182,29.3125,29.6022727273,161322.727273,15.5461663636
1993-07-31,31.5178571429,31.9047619048,31.1845238095,31.5892857143,241266.666667,16.589682
1993-08-31,30.9821428571,31.1785714286,30.619047619,30.8214285714,228295.238095,16.197786
1993-09-30,29.4583333333,29.8392857143,29.2380952381,29.4821428571,348133.333333,15.5615385238
1993-10-31,29.9761904762,30.1845238095,29.5297619048,29.8511904762,374528.571429,15.7563326667
1993-11-30,27.6845238095,27.9880952381,27.3452380952,27.7142857143,283709.52381,14.6749890952
1993-12-31,27.0535714286,27.3214285714,26.7976190476,27.119047619,150714.285714,15.6022620476
1994-01-31,26.4345238095,26.7083333333,26.130952381,26.4583333333,197666.666667,16.1926020476
1994-02-28,26.9210526316,27.1381578947,26.7368421053,26.9539473684,290957.894737,16.5007785789
1994-03-31,26.9565217391,27.1304347826,26.6141304348,26.8913043478,275721.73913,16.5499542609
1994-04-30,24.7222222222,25.0208333333,24.4236111111,24.7569444444,229377.777778,15.2363860556
1994-05-31,23.5297619048,23.75,23.2321428571,23.4880952381,251185.714286,14.482901619
1994-06-30,24.6818181818,24.9545454545,24.4261363636,24.7329545455,157672.727273,15.3215444545
1994-07-31,25.675,26.0375,25.4875,25.74375,168940.0,15.9477109
1994-08-31,26.8352272727,27.0909090909,26.5681818182,26.8636363636,176200.0,16.6540632727
1994-09-30,26.2083333333,26.4345238095,25.9166666667,26.1547619048,157504.761905,16.2903812381
1994-10-31,25.5,25.6845238095,25.2202380952,25.4285714286,160100.0,15.8380765238
1994-11-30,22.89375,23.0375,22.55625,22.75,278465.0,14.21887955
1994-12-31,21.5892857143,21.875,21.2619047619,21.5505952381,248100.0,13.509855381
1995-01-31,22.380952381,22.5833333333,22.1339285714,22.3392857143,188971.428571,14.004277619
1995-02-28,22.2302631579,22.4407894737,22.0263157895,22.25,251968.421053,13.9582412632
1995-03-31,22.9602272727,23.1875,22.7556818182,22.9772727273,149195.454545,14.4982683636
1995-04-30,24.3684210526,24.4605263158,24.1513157895,24.3355263158,176905.263158,15.3553033158
1995-05-31,24.3409090909,24.5795454545,24.1590909091,24.3863636364,192086.363636,15.4171189545
1995-06-30,24.3295454545,24.4318181818,24.0738636364,24.2613636364,224577.272727,15.3999934545
1995-07-31,24.58125,24.80625,24.35625,24.625,246450.0,15.595305
1995-08-31,24.5,24.6576086957,24.2445652174,24.4347826087,165891.304348,15.5184022609
1995-09-30,25.21875,25.4,24.9375,25.2375,212245.0,16.11879285
1995-10-31,25.0738636364,25.2272727273,24.8068181818,24.9943181818,204622.727273,15.9634764091
1995-11-30,23.8,24.040625,23.60625,23.84375,179420.0,15.2808126
1995-12-31,24.28125,24.590625,24.025,24.33125,142790.0,15.63928125
1996-01-31,23.8920454545,24.0710227273,23.6136363636,23.8295454545,159218.181818,15.3168031364
1996-02-29,25.7875,26.1125,25.53125,25.8546875,421175.0,16.618494
1996-03-31,27.0416666667,27.4226190476,26.75,27.1726190476,435500.0,17.5313362857
1996-04-30,27.6666666667,27.9196428571,27.3601190476,27.7202380952,334333.333333,17.9166841429
1996-05-31,28.8238636364,29.0113636364,28.6477272727,28.8977272727,358418.181818,18.7044721818
1996-06-30,28.6973684211,28.9078947368,28.5328947368,28.6907894737,333447.368421,18.6399899474
1996-07-31,26.8636363636,27.1875,26.4602272727,26.7613636364,235581.818182,17.3864698182
1996-08-31,27.3636363636,27.6590909091,27.1931818182,27.4886363636,253727.272727,17.8589684091
1996-09-30,29.28125,29.6375,29.08125,29.45,446055.0,19.23492055
1996-10-31,29.1195652174,29.3695652174,28.8532608696,29.0760869565,353252.173913,18.9907025217
1996-11-30,30.05625,30.175,29.84375,30.04375,247510.0,19.66264295
1996-12-31,29.244047619,29.3422619048,28.994047619,29.1369047619,297242.857143,19.126458381
1997-01-31,28.5965909091,28.8181818182,28.2982954545,28.5511363636,380059.090909,18.7419400455
1997-02-28,30.4444444444,30.7430555556,30.2777777778,30.6041666667,347505.555556,20.0896191111
1997-03-31,30.9875,31.25625,30.68125,30.9625,324125.0,20.41637245
1997-04-30,30.2613636364,30.4914772727,30.0710227273,30.3295454545,305422.727273,20.0038538182
1997-05-31,32.53125,32.8875,32.33125,32.69375,206315.0,21.5781115
1997-06-30,33.8779761905,34.1398809524,33.5476190476,33.8095238095,258776.190476,22.4016780476
1997-07-31,34.8380681818,35.1321022727,34.6846590909,34.9801136364,309618.181818,23.177293
1997-08-31,35.681547619,35.9226190476,35.4702380952,35.7113095238,292966.666667,23.661772381
1997-09-30,35.965625,36.196875,35.753125,35.99375,198220.0,23.9495771
1997-10-31,36.2581521739,36.5027173913,35.9266304348,36.1766304348,323586.956522,24.0712626087
1997-11-30,36.1118421053,36.4407894737,35.9835526316,36.1743421053,269757.894737,24.1115236316
1997-12-31,34.1101190476,34.3244047619,33.6458333333,33.818452381,234300.0,22.5943962857
1998-01-31,33.0625,33.53125,32.734375,33.240625,237145.0,22.20834485
1998-02-28,36.2039473684,36.6282894737,35.9342105263,36.3355263158,274421.052632,24.2760747895
1998-03-31,36.3869047619,36.7321428571,35.9761904762,36.4494047619,276623.809524,24.4489025238
1998-04-30,38.1994047619,38.5386904762,37.6904761905,38.1339285714,319361.904762,25.5838317619
1998-05-31,33.80625,34.2125,33.3875,33.765625,237660.0,22.67356985
1998-06-30,32.3863636364,32.75,32.0056818182,32.2642045455,233577.272727,21.7434475909
1998-07-31,29.9147727273,30.1875,29.5482954545,29.7670454545,394868.181818,20.0608690909
1998-08-31,26.625,26.8541666667,26.0267857143,26.3869047619,266133.333333,17.7828950476
1998-09-30,23.834375,24.29375,23.378125,23.821875,426315.0,16.1571047
1998-10-31,24.0482954545,24.6136363636,23.5340909091,24.1136363636,271150.0,16.3549907273
1998-11-30,26.4625,26.940625,26.26875,26.6375,245505.0,18.11571275
1998-12-31,26.4821428571,26.75,26.0297619048,26.3928571429,257638.095238,18.0049887143
1999-01-31,25.9111842105,26.2828947368,25.5065789474,25.7697368421,246115.789474,17.5799013158
1999-02-28,25.8980263158,26.5394736842,25.4638157895,25.9111842105,455678.947368,17.6763955789
1999-03-31,27.1107954545,27.5539772727,26.5965909091,27.125,364504.545455,18.6019620455
1999-04-30,25.9464285714,26.4345238095,25.3958333333,25.9226190476,514390.47619,17.7818549048
1999-05-31,25.875,26.2921875,25.484375,25.8375,321590.0,17.73856705
1999-06-30,26.3511904762,26.7827380952,26.0148809524,26.4375,434847.619048,18.244509619
1999-07-31,24.6339285714,25.0,24.3035714286,24.5535714286,619057.142857,16.9444111429
1999-08-31,22.7897727273,23.0568181818,22.453125,22.7642045455,354145.454545,15.7141252273
1999-09-30,22.5833333333,22.837797619,22.2648809524,22.4910714286,213080.952381,15.6232483333
1999-10-31,20.45625,20.778125,20.203125,20.496875,570985.0,14.23799525
1999-11-30,22.0505952381,22.3392857143,21.8125,22.0833333333,340233.333333,15.3897862381
1999-12-31,22.8125,23.5767045455,22.3948863636,22.9943181818,439013.636364,16.0800251818
2000-01-31,23.5296052632,23.8914473684,22.9901315789,23.4572368421,282768.421053,16.4037462105
2000-02-29,20.51875,20.803125,20.065625,20.328125,301650.0,14.2155448
2000-03-31,20.3125,21.1032608696,20.0244565217,20.5407608696,749804.347826,14.4816609565
2000-04-30,22.5822368421,23.2631578947,21.9210526316,22.6184210526,839857.894737,15.9464538947
2000-05-31,20.3636363636,20.7698863636,19.9204545455,20.2755681818,514668.181818,14.3189531818
2000-06-30,19.3068181818,19.6704545455,18.8629264091,19.3231531364,524340.909091,13.7319900455
2000-07-31,19.65,20.140625,19.346875,19.875,574270.0,13.5101466
2000-08-31,20.9592391304,21.347826087,20.4619565217,20.9347826087,436913.043478,14.8864263478
2000-09-30,19.7625,20.059375,19.425,19.721875,416235.0,14.1232903
2000-10-31,16.755952381,17.2291666667,16.1979166667,16.7797619048,760819.047619,12.0163751905
2000-11-30,18.1339285714,18.4761904762,17.7261904762,18.0892857143,291766.666667,13.0067974762
2000-12-31,16.640625,17.115625,16.2984375,16.684375,380975.0,12.044099
2001-01-31,18.4501190952,18.9769047143,18.0605951905,18.6696429524,400457.142857,13.4768523333
2001-02-28,19.6842107368,20.0700000526,19.4236841053,19.6863161053,366752.631579,14.2168641053
2001-03-31,20.1609524762,20.5004764286,19.807143,20.1576190952,478823.809524,14.6582511905
2001-04-30,18.5769999,18.97899995,18.29649975,18.6029999,438485.0,13.52776075
2001-05-31,21.5018182273,21.7695453182,21.2290909091,21.6336365,290036.363636,15.7604146364
2001-06-30,20.33849995,20.508,20.04449975,20.23550015,362475.0,14.8119494
2001-07-31,19.1723810952,19.3304761429,18.9209524286,19.1104759524,399628.571429,13.988456
2001-08-31,20.4530434348,20.7243477391,20.2682607826,20.5373911739,513104.347826,15.0475381739
2001-09-30,20.1378571429,20.3771427143,19.5042856429,19.8607145,605192.857143,14.6371414286
2001-10-31,19.7873912609,20.0530436522,19.369565,19.7278264783,324091.304348,14.5392043043
2001-11-30,19.65599995,19.95399995,19.4870001,19.75750015,280585.0,14.62491845
2001-12-31,21.4155001,21.7285001,21.21700005,21.5039999,329115.0,15.9720406
2002-01-31,23.3595238095,23.6776190476,23.0995237143,23.5042859524,447680.952381,17.4577479048
2002-02-28,26.2816667222,26.6749998889,25.9666667222,26.4261111111,658144.444444,19.6719887222
2002-03-31,28.9569997,29.27149985,28.6274997,29.0454999,573770.0,21.69444305
2002-04-30,29.0790909545,29.3990908182,28.7418182727,28.9813633636,416000.0,21.6465385455
2002-05-31,29.6036362273,29.9181817273,29.3127272727,29.6286362273,399095.454545,22.1701423182
2002-06-30,28.13100015,28.3929997,27.6784999,28.0134999,454125.0,21.02786425
2002-07-31,25.8971428095,26.4361905714,25.3199997143,25.8504760476,445328.571429,19.4042266667
2002-08-31,26.4304544545,26.8486364545,26.0213637727,26.4559089545,391072.727273,19.8991208182
2002-09-30,25.7474999,26.0860002,25.4524999,25.7645,321830.0,19.4466982
2002-10-31,23.4404545909,23.765909,22.8813636818,23.2563635455,471722.727273,17.5535904545
2002-11-30,23.3055001,23.58249995,22.92199995,23.30299995,285435.0,17.6281687
2002-12-31,22.4490475714,22.6919047143,22.2033331429,22.446190381,351071.428571,17.0523815238
2003-01-31,22.73199995,22.9900002,22.43800005,22.7175001,306030.0,17.2584956
2003-02-28,22.4542105789,22.6973684737,22.1931580526,22.4478946316,276073.684211,17.1003315789
2003-03-31,22.1225,22.30099995,21.75299995,22.023,405370.0,16.83905845
2003-04-30,21.7528570952,22.0723808571,21.5461902381,21.8000000476,497604.761905,16.6685498095
2003-05-31,25.4538098095,25.7352378571,25.2171429048,25.5833332857,398704.761905,19.6053429524
2003-06-30,26.3352382381,26.5647618571,26.0614288095,26.2676190952,283771.428571,19.3182159048
2003-07-31,26.4050000909,26.8431816818,26.2100001818,26.5777270909,441650.0,20.4415734091
2003-08-31,28.75500025,28.9945002,28.4575001,28.79800005,311340.0,22.1895256
2003-09-30,29.9352381429,30.153333381,29.5323810476,29.9442858095,380752.380952,23.1488212857
2003-10-31,30.4091302174,30.6986955217,30.0634783478,30.4404347391,378330.434783,23.5323757391
2003-11-30,30.0000003158,30.2705263158,29.7284208947,30.0184211579,542821.052632,23.2484876316
2003-12-31,32.6249995455,32.9259092273,32.3595456364,32.7204544545,372613.636364,25.4185665909
2004-01-31,36.3984207895,36.756316,36.0931581053,36.5257889474,529000.0,28.3747036842
2004-02-29,36.2305264211,36.6357888421,35.8394739474,36.2726314737,420384.210526,28.2205270526
2004-03-31,37.1534780435,37.5595653478,36.7895652174,37.2013045652,443339.130435,29.0184643478
2004-04-30,39.0590478095,39.4328573333,38.5176188571,38.9961905238,569238.095238,30.4185449524
2004-05-31,36.70400035,37.0490004,36.3139997,36.7025003,499310.0,28.6843282
2004-06-30,38.3909525714,38.723809381,38.0980955714,38.4819050952,392504.761905,30.1453343333
2004-07-31,39.9571424286,40.3714285238,39.6519044286,40.0209524286,555890.47619,31.3509684762
2004-08-31,43.2540911364,43.6631814091,42.9009093182,43.2790909091,512640.909091,33.9573378182
2004-09-30,45.5074999,45.92750005,45.25550005,45.67200035,425720.0,35.9030085
2004-10-31,48.091428619,48.5999999524,47.6638094762,48.2233328571,497985.714286,37.908625
2004-11-30,52.8442855714,53.2952382857,52.4138096667,52.9219050476,534833.333333,41.6522442381
2004-12-31,51.1422727727,51.5522725909,50.497727,50.9186364545,856459.090909,40.1383375
2005-01-31,45.7239995,46.1605,45.27999995,45.65150015,586655.0,35.9863392
2005-02-28,44.303889,44.6111108333,43.8466665,44.2349998889,563872.222222,34.9240808333
2005-03-31,42.8709088636,43.1945458636,42.4736359545,42.8477279091,625486.363636,33.8980797727
2005-04-30,40.3359993,40.60400035,39.68999975,40.003,569710.0,31.64753315
2005-05-31,36.8619053333,37.1614285238,36.475238,36.8414290476,618390.47619,29.2023763333
2005-06-30,36.2763639091,36.5200000455,35.9399998636,36.1840905455,605768.181818,28.7536517727
2005-07-31,38.269474,38.7705262105,37.9610525789,38.4100001053,568705.263158,30.5224683158
2005-08-31,36.4017387826,36.7217392174,35.965217087,36.214348087,549939.130435,28.8268744348
2005-09-30,33.9585001,34.27350025,33.5779999,33.8610003,648985.0,27.02830695
2005-10-31,34.1114285238,34.7047621429,33.6809519048,34.2523808095,637114.285714,27.3407121905
2005-11-30,42.3557142381,42.8728572857,41.9214287619,42.4138095714,696142.857143,33.904677
2005-12-31,41.5252375714,41.889999619,41.0814282381,41.435238381,459476.190476,33.1985488571
2006-01-31,42.3139994,42.91400015,41.78950015,42.47700045,674760.0,34.03324
2006-02-28,43.2955557222,43.7411108889,42.6777774444,43.3283330556,700605.555556,34.7807236111
2006-03-31,44.7482604348,45.2121743043,44.3004344783,44.7856520435,458639.130435,36.0321333043
2006-04-30,47.5573680526,48.3421055263,47.0852632632,47.8831576842,490200.0,38.52422
2006-05-31,53.1971430476,53.8976191905,52.5933331429,53.2761901905,672119.047619,42.9270174286
2006-06-30,55.1118179545,55.8027274091,54.4959092727,55.1690911364,824745.454545,44.5414683636
2006-07-31,53.904737,54.4921053684,52.9568420526,53.7321057368,898463.157895,43.3812998421
2006-08-31,49.5786955652,50.2004346087,48.963912913,49.5813043913,592843.478261,40.0980553043
2006-09-30,51.278947,51.9710526842,50.728947,51.3542107368,602078.947368,41.6082423684
2006-10-31,53.2013638182,53.8086361818,52.5436360455,53.1963636364,690490.909091,43.1007927273
2006-11-30,53.1847621429,53.7252379524,52.6785710476,53.183809381,574504.761905,43.1604126667
2006-12-31,51.59100045,52.05250035,51.0875,51.58850005,601205.0,41.93634745
2007-01-31,53.02350035,53.549,52.61950015,53.1780001,564870.0,43.23106545
2007-02-28,53.4463154737,53.7999995789,52.8178946842,53.3178946842,701236.842105,43.4262171579
2007-03-31,49.9047619524,50.2876191429,49.321905,49.7361905714,643271.428571,40.593194619
2007-04-30,51.5440001,51.9935001,51.15849975,51.6719997,615245.0,42.1731442
2007-05-31,53.2177272727,53.6609093636,52.8568178636,53.254091,578309.090909,43.5393811818
2007-06-30,53.1019047619,53.6014290476,52.7552379048,53.0580952857,779433.333333,43.4746685714
2007-07-31,54.3844997,54.78800015,53.89300025,54.2774998,776680.0,44.4738225
2007-08-31,54.2417392609,55.0173911739,53.5786958261,54.2265215652,1077704.34783,44.5252592174
2007-09-30,51.0442103684,51.4726322632,50.4494736842,50.7794737368,731094.736842,41.7763256842
2007-10-31,47.4234782174,47.9921734783,46.7847823478,47.4460868696,1086965.21739,39.033161087
2007-11-30,44.2552381429,44.7923807619,43.5104764286,44.1090479048,1281690.47619,36.3692838571
2007-12-31,46.4363156316,47.2052632632,45.8647366842,46.6257896316,929136.842105,38.5322074737
2008-01-31,45.8214287143,47.1542859048,44.8485712381,46.2042857619,1098638.09524,38.1838709048
2008-02-29,58.2500002,59.46999995,57.31499955,58.66700005,1586185.0,48.5784721
2008-03-31,59.661,60.8915002,58.48349995,59.75800015,1402160.0,49.57743315
2008-04-30,64.2942859048,65.6776190952,63.3661908095,64.6628575238,1266757.14286,53.6466830952
2008-05-31,72.3104760952,73.2942857143,71.4409529048,72.526190619,1179500.0,60.2688167143
2008-06-30,70.3576188571,71.4214277143,69.3747613333,70.22381,1260704.7619,58.4405805238
2008-07-31,67.5833336667,69.1138098095,66.0800000476,67.6057139048,1476038.09524,56.2617888571
2008-08-31,67.4957148571,68.5628566667,66.2257149524,67.4576189048,991576.190476,56.2429259048
2008-09-30,63.97499925,65.71350005,62.30200055,63.9794995,1251525.0,53.4189032
2008-10-31,46.2760866522,48.1317393043,43.8400003478,45.5886954783,1286056.52174,38.0637256522
2008-11-30,36.0210525789,37.0368422632,34.6563158421,35.873684,1360621.05263,28.5162635789
2008-12-31,35.1554546818,36.3363636818,33.9781819091,35.3404549091,1013768.18182,29.6960204091
2009-01-31,36.393684,37.0731574211,35.1578944211,36.0578947368,911221.052632,30.2988738421
2009-02-28,29.2568417368,30.1736843158,28.1105264737,28.9868423158,1751784.21053,24.4516205263
2009-03-31,24.1799999524,25.2333331429,23.3814284762,24.4252380952,1566071.42857,20.6746647619
2009-04-30,26.3900001905,27.361904381,25.6966666667,26.5323808571,2001557.14286,22.4582492857
2009-05-31,27.5344998,28.4164999,26.9345001,27.66900005,1284665.0,23.5331681
2009-06-30,29.0395238571,29.6176188571,28.2809525714,28.9347617619,1022014.28571,24.7133385714
2009-07-31,28.2172727273,29.0227270455,27.6977273182,28.5304548636,915104.545455,24.3680175
2009-08-31,38.5455004,39.21999995,37.7625003,38.63700005,790395.0,33.0869742
2009-09-30,40.0733331905,40.7161904286,39.2971428095,40.0738092381,726219.047619,34.4493408571
2009-10-31,41.5333333333,42.3885715238,40.6714284762,41.5538095714,1226114.28571,35.7216190476
2009-11-30,42.2609999,42.84950015,41.73600045,42.2954999,832490.0,36.482184
2009-12-31,42.4313635,42.8477272273,41.9377274545,42.3677271818,451277.272727,36.6271191818
2010-01-31,39.3077778333,39.7138891667,38.5127777778,39.0050002222,763100.0,33.7200243889
2010-02-28,34.3605265263,34.8331577895,33.8099997368,34.4931578421,1087184.21053,29.8886387368
2010-03-31,37.2430435217,37.6956523478,36.9626083043,37.3260867826,655360.869565,32.5002160435
2010-04-30,43.8133331905,44.5319048571,43.3276191429,44.103809381,839300.0,38.4047410476
2010-05-31,45.0004997,45.9049997,44.04799995,45.01750015,1148345.0,39.2690068
2010-06-30,43.1133331429,43.6419044762,42.2066670952,42.7871425714,789685.714286,37.4798303333
2010-07-31,41.5952383333,42.1757143333,40.8757138571,41.5790474286,757114.285714,36.4215871429
2010-08-31,40.920952,41.3895238095,40.3271431905,40.8638096667,542128.571429,35.890749
2010-09-30,41.973809381,42.4385718095,41.5747616667,42.0461904286,516166.666667,37.0739821905
2010-10-31,44.2895235714,44.8114288095,43.7385718095,44.256666619,559019.047619,39.0010719524
2010-11-30,43.9738095714,44.4414281905,43.6176191429,44.0047622857,427604.761905,38.8934717143
2010-12-31,48.4522725909,49.0454545909,48.1118181364,48.7536360909,544236.363636,43.2594855455
2011-01-31,50.8800002632,51.2421051053,50.2510522632,50.6168423158,560010.526316,44.9127230526
2011-02-28,48.9494735789,49.5610526842,48.4284211579,48.9500003158,684394.736842,43.5201566842
2011-03-31,48.2168183182,48.8336365,47.6709089091,48.3136364091,591018.181818,43.105383
2011-04-30,51.0969995,51.69000025,50.63449975,51.08649945,780985.0,45.57932895
2011-05-31,53.914286,54.4228573333,53.369048,53.9666666667,688571.428571,48.2399965714
2011-06-30,52.498095619,53.184762,51.9828567619,52.5619050476,539985.714286,47.1260269048
2011-07-31,57.84699995,58.3709998,57.02200015,57.6715004,600735.0,51.7071951
2011-08-31,46.3522723636,47.3218183182,45.0945449091,46.0927272727,1086377.27273,41.4279553182
2011-09-30,42.7085710952,43.3161905238,41.7428572381,42.4028570476,667409.52381,38.2591780952
2011-10-31,43.4209998,44.56800015,42.7635002,43.9164998,837075.0,39.6249049
2011-11-30,50.5833335238,51.2861902381,49.6857144286,50.5728572381,687285.714286,45.7371988571
2011-12-31,52.5195238571,53.0195234286,51.7252382381,52.349999619,473457.142857,47.497036
2012-01-31,55.5436841053,56.0978945789,55.0005268421,55.598421,442389.473684,50.4443211579
2012-02-29,53.3215002,53.97800045,52.7044997,53.37099995,715930.0,48.5408968
2012-03-31,53.802380619,54.2638094286,53.237619381,53.7957144286,516223.809524,49.074742
2012-04-30,50.65450025,51.04899975,50.02600005,50.40150045,871635.0,45.97839525
2012-05-31,45.0249993636,45.5431816364,44.3936363636,44.8827271818,784950.0,41.0632906818
2012-06-30,40.1133333333,40.541428381,39.534286,40.0057140476,975395.238095,36.7394281429
2012-07-31,35.6809525714,36.0952383333,35.2176188571,35.7176191905,1016480.95238,32.8014580952
2012-08-31,40.5427270455,40.9163635455,40.1577273182,40.5236363636,468136.363636,37.3703485455
2012-09-30,40.9494733684,41.3326314737,40.4468422105,40.9315786316,442010.526316,37.8742167895
2012-10-31,42.6015003,43.1465,42.16199975,42.67650025,474585.0,39.4888025
2012-11-30,45.6709525238,46.2533335238,45.1490474286,45.7609518095,475185.714286,42.5004227619
2012-12-31,49.14949965,49.70600015,48.72400015,49.32299995,462500.0,45.96259965
2013-01-31,53.6600000476,54.2204766667,53.2409520476,53.9523807143,455100.0,50.2765315238
2013-02-28,57.1842106842,57.7447363684,56.4921052105,57.0236843158,660789.473684,53.2874816842
2013-03-31,58.8936847368,59.5089474737,58.2247371579,58.9715789474,549894.736842,55.2507616842
2013-04-30,57.9909091818,58.7895451818,56.9354546364,57.9104545,860045.454545,54.2565889091
2013-05-31,61.1671428095,61.9914289524,60.6576189048,61.3961905714,602109.52381,57.662896381
2013-06-30,61.51050015,62.0654999,60.73849985,61.33449985,470035.0,57.75200725
2013-07-31,61.1736365,61.7313632727,60.5527269091,61.1277274091,551990.909091,57.5573121364
2013-08-31,59.9557140476,60.4447620476,59.2195238095,59.719523619,621261.904762,56.4097201429
2013-09-30,58.98099965,59.6865,58.5075001,59.1095002,532145.0,55.97495425
2013-10-31,61.4926080435,62.1878257391,60.9791306087,61.7513042174,549982.608696,58.476665
2013-11-30,67.07200055,67.6585,66.67049955,67.2385006,525755.0,63.85756045
2013-12-31,70.1560002,70.6355003,69.66450005,70.15299985,442475.0,66.77687645
2014-01-31,72.689524,73.2761901905,72.0361905238,72.6071431905,486038.095238,69.1129137619
2014-02-28,71.4110523684,72.3694742632,70.6700007368,71.6857887895,622010.526316,68.427117
2014-03-31,77.79699975,78.45949965,77.19150005,77.7844997,595865.0,74.39457745
2014-04-30,80.8961902381,81.6352389524,80.0080950952,80.7842849524,720885.714286,77.2636292857
2014-05-31,83.1366667619,83.9585720476,82.609524381,83.3490472857,532176.190476,79.8853657143
2014-06-30,86.9623813333,87.5885725238,86.3276185714,87.0538091429,430052.380952,83.6027201905
2014-07-31,88.9595235714,89.5771430476,88.1457153333,88.8347614762,594761.904762,85.3130700476
2014-08-31,88.2219042857,88.8238094286,87.7142853333,88.3290470476,412657.142857,85.037269
2014-09-30,91.905238381,92.5871432381,91.214762,91.8895226667,416623.809524,88.5852528095
2014-10-31,85.0347821739,86.2665212174,83.4569559565,84.8608697391,866152.173913,81.8432363913
2014-11-30,91.5626312105,92.4721053158,90.9863165263,91.8784207895,517352.631579,88.8186532632
2014-12-31,91.7309090909,92.607273,90.8472729545,91.5445452273,488495.454545,88.6441845455
2015-01-31,89.2540005,90.0355004,87.93349955,88.73249895,609575.0,85.9215444
2015-02-28,91.3072217222,92.5855556111,90.8366666111,92.0466660556,673311.111111,89.2716813889
2015-03-31,94.4495450455,95.1790906818,93.6709088182,94.5081819091,451609.090909,91.8765935
2015-04-30,95.7220006,96.5434998,95.0689999,95.8825001,630995.0,93.2126438
2015-05-31,95.43600005,96.05750085,94.24450035,95.05450015,557215.0,92.6078091
2015-06-30,92.5413630455,93.3890904545,91.761818,92.3749996364,593063.636364,90.1581053182
2015-07-31,89.9209521905,90.919999619,89.0895237619,90.0557138095,791195.238095,87.8944797143
2015-08-31,86.6057144286,87.5880962381,85.4933330476,86.3333333333,869676.190476,84.403552
2015-09-30,79.8149991,80.605,78.715001,79.4149998,706410.0,77.87813555
2015-10-31,71.9672726364,73.0327277273,71.0000007727,72.0986359545,1272150.0,70.7033603636
2015-11-30,68.6915793158,69.2705262632,67.736842,68.3936847368,645005.263158,67.2189037368
2015-12-31,58.4227277727,59.1800003636,57.3790906364,58.0736365,992072.727273,57.3028078182
2016-01-31,51.4405555556,52.3505556111,50.1816664444,51.2400004444,1041188.88889,50.5598765556
2016-02-29,55.49299985,56.68649975,54.2674994,55.81250035,1176680.0,55.23158695
2016-03-31,61.9233337143,63.1385712857,61.0771429524,62.384285381,814485.714286,61.9934897143
2016-04-30,65.421428,66.4971431905,64.6147621905,65.6233329524,819542.857143,65.2122469048
2016-05-31,67.8995237619,68.8861905238,67.1576189524,67.9966669524,749204.761905,67.7340306667
2016-06-30,65.2123805238,65.8852382381,64.2547617143,65.0099992381,742576.190476,65.0099992381
2016-07-31,65.8115005,66.74449965,65.06650045,66.06299965,769060.0,66.06299965
2016-08-31,64.731429,65.337143,63.9571428571,64.6285717143,868442.857143,64.6285717143
