Date,Open,High,Low,Close,Volume,Adj Close
1996-02-29,27.249999,29.625001,27.125,27.625001,843200.0,258.174992
1996-03-31,26.9285715714,27.1845238095,26.6071428571,26.8809520952,30157.1428571,251.221333619
1996-04-30,26.7312499,26.9874999,26.43125005,26.70624995,9470.0,249.58861785
1996-05-31,27.2045455909,27.6079544091,26.9374998636,27.3636362273,12640.9090909,255.732353818
1996-06-30,28.92499995,29.1312502,28.63750015,28.8812501,4525.0,269.91551855
1996-07-31,26.6249999091,26.8806819091,26.1988634091,26.5227271364,5931.81818182,247.873469045
1996-08-31,29.0178569524,29.2202379048,28.8809525238,29.0892855714,3019.04761905,271.859755762
1996-09-30,30.1812494,30.4562494,29.9937494,30.25624945,4545.0,282.7658508
1996-10-31,32.7499997391,33.1086951304,32.5326079565,32.9239126522,8486.95652174,307.697035391
1996-11-30,34.01874995,34.1999999,33.30000005,33.6187498,11020.0,314.1907749
1996-12-31,29.95624965,30.23124965,29.67499995,30.0437495,7600.0,280.77988985
1997-01-31,31.8068175455,32.1818175909,31.4659082273,31.8352264091,8050.0,297.522498227
1997-02-28,35.7894732105,36.4671046842,35.4671047368,36.2434199474,9710.52631579,338.720156632
1997-03-31,40.4736842105,40.7302631579,40.092105,40.3486838421,8663.15789474,377.086725211
1997-04-30,35.4204542727,35.8977271364,34.8806820455,35.2556816818,8168.18181818,329.489049727
1997-05-31,39.6369040476,40.1785714762,39.3749990476,39.845237619,5252.38095238,372.381665571
1997-06-30,43.9218746,44.62812435,43.60937425,44.32812445,6525.0,414.27738535
1997-07-31,49.3835217727,49.9943174091,48.7301132727,49.3437496364,6272.72727273,461.151916136
1997-08-31,51.7470231905,52.0654758095,51.175594619,51.5119044286,4347.61904762,481.414843048
1997-09-30,50.74999935,51.21874935,50.3218745,50.89999925,11080.0,475.69615975
1997-10-31,43.7961948696,44.2717386522,42.9429343043,43.3695644783,8017.39130435,405.318970304
1997-11-30,35.9999998421,36.6644730526,35.6052628947,36.1480257368,11021.0526316,337.828630579
1997-12-31,37.5178563333,38.1495534762,36.6934516667,37.4233624762,13285.7142857,349.747545714
1998-01-31,37.4624997,38.1187496,37.20312465,37.79999955,13700.0,353.2674829
1998-02-28,44.4013151579,45.0526308421,43.9243414737,44.5953940526,8468.42105263,416.775206579
1998-03-31,49.3660711429,49.9940467143,48.8630944286,49.4702376667,7847.61904762,462.33403581
1998-04-30,52.4613090476,53.0386899048,51.9345233333,52.5595230952,6971.42857143,491.205573143
1998-05-31,53.50937465,53.99062525,53.01874965,53.5687495,3330.0,500.6375004
1998-06-30,50.5654760476,51.1101184762,50.0327381429,50.5327378095,6919.04761905,472.263843571
1998-07-31,52.1534079091,52.5681810455,51.5738629545,52.0624993636,6968.18181818,486.560537955
1998-08-31,42.90937455,43.40937475,41.5281246,42.28437405,10665.0,395.17710455
1998-09-30,34.6934521429,35.5357133333,33.9523803333,34.7142853333,11400.0,324.429321048
1998-10-31,16.9801135,17.4943180455,16.0624998182,16.5880680455,50831.8181818,147.027837818
1998-11-30,21.8781247,22.6874996,21.34374955,21.92187475,14210.0,204.87528075
1998-12-31,17.3551135,17.7045451364,16.8323862727,17.2187499091,16222.7272727,160.921282409
1999-01-31,17.5986840526,18.0197364737,17.075658,17.3749999474,17826.3157895,162.381549
1999-02-28,15.6513156316,15.8092104737,15.3124997895,15.4835524737,10421.0526316,144.704645947
1999-03-31,16.119564913,16.8614125652,15.516304087,16.1711953478,61900.0,151.131151957
1999-04-30,23.68437475,24.2906247,22.96875,23.58749965,30565.0,220.44171215
1999-05-31,26.0593749,26.7687499,25.2906247,26.05312475,34450.0,243.48470685
1999-06-30,28.8806811818,29.5767037727,28.1732950455,28.9318176818,24713.6363636,270.388109318
1999-07-31,26.2218746,26.5874996,25.40312505,25.90937475,28095.0,242.1412619
1999-08-31,20.2812496364,21.0028406818,19.6988635909,20.2897725,17513.6363636,189.622141682
1999-09-30,21.9124995,22.58749955,21.2562497,22.0656247,23295.0,206.21872485
1999-10-31,10.773809619,11.1607142857,10.1755953333,10.5892857143,97557.1428571,98.964293619
1999-11-30,10.6428571429,10.8779761429,10.4315478571,10.6726190476,23838.0952381,99.7431027619
1999-12-31,8.559659,8.76136345455,8.27556818182,8.50568163636,29195.4545455,79.4915555
2000-01-31,7.51644768421,7.66776342105,7.31907942105,7.48026342105,16173.6842105,69.9083
2000-02-29,7.6375002,7.90624995,7.3687502,7.61250015,16775.0,71.14414545
2000-03-31,9.27989126087,9.59782573913,9.01086934783,9.37228243478,18495.6521739,87.5905473478
2000-04-30,8.31249983333,8.58333311111,8.10069422222,8.34027783333,11722.2222222,77.9457405556
2000-05-31,7.50852286364,7.65625009091,7.36079568182,7.50852286364,7277.27272727,70.1724059545
2000-06-30,6.77840913636,6.93465940909,6.52556827273,6.71875013636,8359.09090909,62.7914269091
2000-07-31,6.7031253,6.8031251,6.509375,6.6468751,8390.0,62.11970335
2000-08-31,6.36413052174,6.53804347826,6.27445652174,6.4402173913,6456.52173913,60.188344087
2000-09-30,7.08223694737,7.27960531579,6.93092121053,7.13486857895,6378.94736842,66.6803438947
2000-10-31,6.52272736364,6.65909104545,6.346591,6.50284109091,5500.0,60.7736046818
2000-11-30,6.13392861905,6.28273819048,5.9791667619,6.08035719048,6004.76190476,56.8251975714
2000-12-31,4.91828942105,5.12131573684,4.70460521053,4.91065784211,17326.3157895,45.8935386842
2001-01-31,5.59999980952,5.76428552381,5.47714257143,5.66428561905,5319.04761905,52.9367184286
2001-02-28,5.41210521053,5.58421036842,5.26473684211,5.43894715789,6347.36842105,50.8307726842
2001-03-31,5.01590909091,5.14863640909,4.86454531818,5.02227281818,5127.27272727,46.9366588182
2001-04-30,4.80899975,5.00349985,4.69950005,4.90549995,4655.0,45.8453189
2001-05-31,6.41454536364,6.55590913636,6.230909,6.39545459091,4813.63636364,59.7700040455
2001-06-30,6.07809514286,6.22857142857,5.95238090476,6.15666661905,4371.42857143,57.5383634286
2001-07-31,7.66809528571,7.84238104762,7.47476185714,7.76714280952,6523.80952381,72.589295381
2001-08-31,8.02869556522,8.16260856522,7.86347813043,8.055652,4404.34782609,75.2857128696
2001-09-30,6.7333334,6.95666646667,6.39466666667,6.66866646667,9693.33333333,62.3233614
2001-10-31,5.90590909091,6.09409095455,5.79272731818,5.98136354545,3227.27272727,55.9000324545
2001-11-30,6.49857119048,6.63952366667,6.34476190476,6.50333338095,3538.0952381,60.7782064762
2001-12-31,6.7014999,6.82050005,6.5665,6.70299975,4840.0,62.64423055
2002-01-31,5.7794998,5.8554998,5.62000005,5.68449985,4495.0,53.12563425
2002-02-28,4.67157884211,4.83894721053,4.49315784211,4.64631584211,9005.26315789,43.4230770526
2002-03-31,5.5684999,5.7110001,5.45949985,5.626,4780.0,52.57891315
2002-04-30,5.21590904545,5.29090890909,5.06272731818,5.15863640909,4340.90909091,48.2110719545
2002-05-31,4.96333314286,5.11142861905,4.85190461905,5.00095238095,3942.85714286,46.7374051429
2002-06-30,4.9999996,5.13699995,4.9144998,5.0209998,4385.0,46.9247621
2002-07-31,4.79318181818,4.92409068182,4.68181809091,4.82363627273,3018.18181818,45.0802604545
2002-08-31,4.11666666667,4.20380957143,3.9919047619,4.08238095238,3376.19047619,38.1527104286
2002-09-30,3.697,3.7925,3.59899995,3.67249985,2785.0,34.32208535
2002-10-31,2.96956517391,3.14739121739,2.79130434783,2.99,4947.82608696,27.943646
2002-11-30,3.74249995,3.9105,3.5724999,3.7974999,5085.0,35.4902972
2002-12-31,3.49,3.57249995,3.33299995,3.41949985,4010.0,31.9576225
2003-01-31,3.23714280952,3.32857142857,3.12285714286,3.20619042857,2909.52380952,29.9640953333
2003-02-28,2.88736842105,2.97947363158,2.79473684211,2.88421047368,2668.42105263,26.9549678421
2003-03-31,2.72300005,2.81149995,2.622,2.74000005,2390.0,25.60722005
2003-04-30,2.89333333333,2.95714280952,2.81333328571,2.89809509524,2219.04761905,27.0847308095
2003-05-31,3.24428571429,3.31428571429,3.15666661905,3.237619,4366.66666667,31.1381835714
2003-06-30,2.99619047619,3.03619047619,2.95952380952,2.99142857143,5714.28571429,29.6344163333
2003-07-31,3.38857142857,3.47333333333,3.31428571429,3.42380952381,4342.85714286,33.9177732381
2003-08-31,3.07761904762,3.11952380952,3.0180952381,3.07666666667,4761.9047619,30.4788225714
2003-09-30,2.9619047619,2.99238095238,2.90380952381,2.94,7928.57142857,29.1249420952
2003-10-31,2.83130434783,2.89913043478,2.74739130435,2.83043478261,4147.82608696,28.0395405652
2003-11-30,2.49263157895,2.57736842105,2.38210526316,2.47052631579,12794.7368421,24.4741270526
2003-12-31,2.39772727273,2.47136363636,2.33227272727,2.39363636364,13327.2727273,23.7124219091
2004-01-31,2.6735,2.7725,2.5985,2.7015,20365.0,26.7622556
2004-02-29,3.25368421053,3.37947368421,3.09473684211,3.21210526316,61757.8947368,31.8205374737
2004-03-31,3.02954545455,3.11,2.92181818182,2.98318181818,121959.090909,29.5527201818
2004-04-30,3.0319047619,3.10333333333,2.95095238095,3.03142857143,252200.0,30.0306740476
2004-05-31,3.172,3.2315,3.0385,3.1645,134285.0,31.3489385
2004-06-30,3.18142857143,3.24380952381,3.10666666667,3.18238095238,122676.190476,31.526075
2004-07-31,2.6255,2.68,2.534,2.587,88780.0,25.6279677
2004-08-31,2.38409090909,2.44409090909,2.33454545455,2.38227272727,111918.181818,23.5998488182
2004-09-30,2.62238095238,2.67523809524,2.56523809524,2.61380952381,78171.4285714,25.893555
2004-10-31,2.372,2.4225,2.3265,2.364,78265.0,23.4188311
2004-11-30,2.25619047619,2.28380952381,2.1819047619,2.22666666667,166509.52381,22.0583464286
2004-12-31,2.23181818182,2.27681818182,2.20636363636,2.23636363636,60390.9090909,22.1544086818
2005-01-31,2.2955,2.3505,2.2575,2.2895,65365.0,22.68080105
2005-02-28,2.37263157895,2.41210526316,2.33421052632,2.37368421053,41084.2105263,23.4739533158
2005-03-31,2.725,2.79136363636,2.64590909091,2.72181818182,159022.727273,26.9635360909
2005-04-30,3.09476190476,3.17952380952,3.01285714286,3.10476190476,156723.809524,30.757147
2005-05-31,2.94571428571,3.00428571429,2.89428571429,2.96095238095,134728.571429,29.3325059048
2005-06-30,3.05714285714,3.10523809524,3.02428571429,3.06666666667,59590.4761905,30.3797580952
2005-07-31,3.2905,3.3895,3.2495,3.3205,80245.0,32.8943438
2005-08-31,3.66043478261,3.71826086957,3.56739130435,3.64173913043,76226.0869565,36.076681
2005-09-30,3.4745,3.521,3.388,3.4595,63960.0,34.27133945
2005-10-31,2.96333333333,3.02142857143,2.8919047619,2.94904761905,56309.5238095,29.2145718571
2005-11-30,2.65761904762,2.71,2.57857142857,2.62857142857,66142.8571429,26.039793
2005-12-31,2.994,3.071,2.9195,3.023,55095.0,29.947177
2006-01-31,3.175,3.2805,3.1025,3.186,45965.0,31.56192705
2006-02-28,3.46631578947,3.54157894737,3.35421052632,3.47684210526,52121.0526316,34.4431378947
2006-03-31,3.19695652174,3.26260869565,3.12391304348,3.19608695652,73608.6956522,31.661852913
2006-04-30,3.33111111111,3.38388888889,3.25333333333,3.33888888889,83066.6666667,33.0765121667
2006-05-31,3.15090909091,3.20136363636,3.08272727273,3.13590909091,53972.7272727,31.0657045455
2006-06-30,1.60181818182,1.63590909091,1.47863636364,1.53681818182,564381.818182,15.2244015455
2006-07-31,1.15526315789,1.17578947368,1.08421052632,1.12578947368,275047.368421,11.1525690526
2006-08-31,1.17565217391,1.20869565217,1.1352173913,1.17913043478,209600.0,11.6809882174
2006-09-30,1.316,1.3465,1.2555,1.297,264850.0,12.8486565
2006-10-31,1.31909090909,1.35090909091,1.28818181818,1.32818181818,153345.454545,13.1575574545
2006-11-30,1.504,1.5465,1.453,1.5125,228725.0,14.98349485
2006-12-31,1.3585,1.3935,1.318,1.3535,168890.0,13.4083705
2007-01-31,1.298,1.328,1.27,1.301,186125.0,12.8882822
2007-02-28,1.37789473684,1.41105263158,1.34263157895,1.37421052632,165236.842105,13.6135382105
2007-03-31,1.14,1.15619047619,1.10142857143,1.12952380952,186923.809524,11.1895631429
2007-04-30,1.1995,1.225,1.1715,1.204,219235.0,11.92735715
2007-05-31,1.29863636364,1.32090909091,1.27318181818,1.30318181818,207777.272727,12.9098963182
2007-06-30,1.39333333333,1.41571428571,1.37095238095,1.39333333333,152928.571429,13.8029772381
2007-07-31,1.2365,1.252,1.2,1.225,167885.0,12.13539245
2007-08-31,1.14391304348,1.17826086957,1.10434782609,1.14347826087,151086.956522,11.3278020435
2007-09-30,1.14105263158,1.16578947368,1.12105263158,1.14526315789,83215.7894737,11.3454841579
2007-10-31,1.17,1.18391304348,1.15173913043,1.16913043478,73821.7391304,11.5819238696
2007-11-30,1.10619047619,1.12619047619,1.06666666667,1.08952380952,144185.714286,10.7505870476
2007-12-31,1.1635,1.2135,1.121,1.174,112160.0,11.63016405
2008-01-31,1.12571428571,1.15571428571,1.10333333333,1.11904761905,106200.0,11.0857814286
2008-02-29,1.0575,1.079,1.036,1.056,88350.0,10.4612036
2008-03-31,0.990526315789,1.00947368421,0.946842105263,0.970526315789,90915.7894737,9.61446352632
2008-04-30,0.945909090909,0.97,0.912727272727,0.943181818182,74459.0909091,9.34357681818
2008-05-31,0.899523809524,0.923333333333,0.864285714286,0.88380952381,58909.5238095,8.75540852381
2008-06-30,0.838095238095,0.870952380952,0.811428571429,0.838571428571,149609.52381,8.30725985714
2008-07-31,0.830952380952,0.875714285714,0.801904761905,0.842380952381,76166.6666667,8.34499885714
2008-08-31,1.28333333333,1.33047619048,1.23095238095,1.29380952381,104495.238095,12.8170500952
2008-09-30,7.62047619048,8.03857142857,7.44,7.88714285714,255571.428571,13.3284111429
2008-10-31,12.1486363636,12.4859090909,11.5722727273,12.025,217477.272727,11.9124973636
2008-11-30,8.84368421053,9.24157894737,8.25631578947,8.65631578947,209368.421053,8.57532968421
2008-12-31,6.59590909091,6.79545454545,6.37409090909,6.58863636364,149540.909091,6.526995
2009-01-31,6.461,6.5915,6.2675,6.436,120500.0,6.359771
2009-02-28,3.95052631579,4.06789473684,3.65894736842,3.78473684211,198500.0,3.74932794737
2009-03-31,2.73090909091,2.89363636364,2.56409090909,2.68454545455,167009.090909,2.65942963636
2009-04-30,3.18047619048,3.42285714286,2.99333333333,3.21666666667,580595.238095,3.18657204762
2009-05-31,5.001,5.2125,4.7605,5.0325,466250.0,4.9854174
2009-06-30,5.03909090909,5.16772727273,4.86545454545,5.03318181818,387268.181818,4.98609281818
2009-07-31,5.16380952381,5.34857142857,5.02142857143,5.20523809524,213561.904762,5.15653933333
2009-08-31,5.3780952381,5.48047619048,5.17952380952,5.30380952381,238995.238095,5.25418852381
2009-09-30,4.76523809524,4.86333333333,4.62904761905,4.74238095238,260866.666667,4.69801257143
2009-10-31,5.5119047619,5.79047619048,5.38238095238,5.65523809524,377361.904762,5.6023292381
2009-11-30,14.6324999,15.4540001,14.29200015,15.0879998,986905.0,14.94684075
2009-12-31,18.4909522381,18.8504762857,18.0780951905,18.3647621905,304676.190476,18.2316568571
2010-01-31,16.6084209474,16.9884208947,16.2226315263,16.5226315263,219421.052632,16.5226315263
2010-02-28,15.5994736842,15.9726317368,15.1621052105,15.6731577895,205989.473684,15.6731577895
2010-03-31,15.3695453182,15.6849999091,15.1345454091,15.4359092727,182359.090909,15.4359092727
2010-04-30,15.7861904286,16.1747618095,15.5500000952,15.9319047143,149561.904762,15.9319047143
2010-05-31,15.35250005,15.711,14.7280002,15.1860001,208785.0,15.1860001
2010-06-30,12.3990909091,12.63,12.0168181818,12.2795454545,220795.454545,12.2795454545
2010-07-31,12.489,12.757,12.1575,12.531,116765.0,12.531
2010-08-31,11.6140909091,11.8718181818,11.3227272727,11.5754545455,100295.454545,11.5754545455
2010-09-30,12.0138095238,12.2295238095,11.7619047619,12.0342857143,90833.3333333,12.0342857143
2010-10-31,13.475,13.718,13.0565,13.3745,124065.0,13.3745
2010-11-30,10.4119047619,10.5304761905,10.1738095238,10.34,139528.571429,10.34
2010-12-31,10.0236363636,10.1281818182,9.86954545455,9.985,103077.272727,9.985
2011-01-31,9.87526315789,10.0121052632,9.70789473684,9.86526315789,120568.421053,9.86526315789
2011-02-28,11.5126315789,11.9389473684,11.3042105263,11.7,288626.315789,11.7
2011-03-31,14.6926086957,14.9152174348,14.4447826087,14.7143478261,139586.956522,14.7143478261
2011-04-30,16.1557895263,16.3505265263,15.867895,16.1521054211,117100.0,16.1521054211
2011-05-31,16.7133332857,16.9928570476,16.4552381429,16.7595238571,86252.3809524,16.7595238571
2011-06-30,15.7772725909,16.0795455455,15.4845454545,15.7454545909,90763.6363636,15.7454545909
2011-07-31,18.2100003,18.58150005,17.8735,18.3105001,128895.0,18.31050005
2011-08-31,14.0439130435,14.3965216522,13.506086913,13.9217391304,113560.869565,13.9217391304
2011-09-30,12.5328571429,12.8519047619,12.2119047619,12.5138095238,92161.9047619,12.5138095238
2011-10-31,13.656,13.97449995,13.315,13.7315,73510.0,13.7315
2011-11-30,14.4495238095,14.700952381,14.1876190476,14.4914285714,65504.7619048,14.4914285714
2011-12-31,14.8823809524,15.0776190476,14.5776190476,14.8138095238,53676.1904762,14.8138095238
2012-01-31,14.901,15.1085,14.6885,14.9255,44020.0,14.9255
2012-02-29,15.7794735789,15.9726315263,15.5068421053,15.7436841579,47852.6315789,15.7436841579
2012-03-31,16.2995454091,16.5854543636,16.1127271818,16.4149998182,46418.1818182,16.4149998182
2012-04-30,17.3035001,17.5450001,16.99349985,17.3025,40990.0,17.3025
2012-05-31,15.111428619,15.263333381,14.883333381,15.0752380476,42871.4285714,15.0752380476
2012-06-30,14.4033333333,14.6166666667,14.1328571429,14.3761904762,82566.6666667,14.3761904762
2012-07-31,14.5033333333,14.6842857143,14.2866666667,14.4814285714,37614.2857143,14.4814285714
2012-08-31,13.66,13.7990909091,13.4022727273,13.5981818182,35659.0909091,13.5981818182
2012-09-30,14.3147368421,14.58,14.1426315789,14.4063157895,64178.9473684,14.4063157895
2012-10-31,15.1371428571,15.3276190476,14.8661904762,15.119047619,29538.0952381,15.119047619
2012-11-30,15.0280952381,15.1947619048,14.8138095238,15.0171428571,35742.8571429,15.0171428571
2012-12-31,14.6568421053,14.7936842105,14.44,14.6368421053,40600.0,14.6368421053
2013-01-31,15.3971428571,15.5704764286,15.1995237619,15.4552382381,83142.8571429,15.4552382381
2013-02-28,20.0010525789,20.5752630526,19.6621051579,20.2652631053,113357.894737,20.2652631053
2013-03-31,22.7089474211,22.9115791579,22.4042102632,22.6863156316,45210.5263158,22.6863156316
2013-04-30,20.8463636364,21.1322726364,20.3527270909,20.7063635,49609.0909091,20.7063635
2013-05-31,19.2236363182,19.4609089091,18.9659092273,19.2504544545,39077.2727273,19.2504544545
2013-06-30,20.4768421579,20.7894735789,20.1842108947,20.5294736316,67168.4210526,20.5294736316
2013-07-31,24.3140909091,24.759091,24.0413635455,24.4204544091,66077.2727273,24.4204544091
2013-08-31,24.2522729545,24.6004546364,23.7840909545,24.1004544545,64522.7272727,24.1004544545
2013-09-30,25.4778945263,25.9742105789,25.2242106842,25.6984207895,61552.6315789,25.6984207895
2013-10-31,27.0943476957,27.3743477826,26.5904346957,26.9373913043,66800.0,26.9373913043
2013-11-30,24.39649975,24.8950002,24.10449975,24.5165003,72260.0,24.5165003
2013-12-31,24.92600005,25.21749985,24.4810001,24.85749985,57530.0,24.85749985
2014-01-31,24.0876189048,24.3966665238,23.6690475238,24.0490479048,65819.047619,24.0490479048
2014-02-28,23.5084208421,23.9021054211,23.1542107368,23.5242103158,48278.9473684,23.5242103158
2014-03-31,26.01049985,26.47100015,25.54849995,26.08350015,72435.0,26.08350015
2014-04-30,27.1076186667,27.4571426667,26.7752380952,27.1847618095,68295.2380952,27.1847618095
2014-05-31,29.899047619,30.2819046667,29.5099998095,29.954762,70295.2380952,29.954762
2014-06-30,30.53650025,30.85500005,30.1315002,30.557,48555.0,30.557
2014-07-31,30.5086362727,30.8518183182,30.2290909545,30.5222728636,50245.4545455,30.5222728636
2014-08-31,32.0009525238,32.4390477619,31.715714381,32.138095381,42761.9047619,32.138095381
2014-09-30,33.14300025,33.4209999,32.62399975,33.0144999,33975.0,33.0144999
2014-10-31,32.4304348261,33.0247828261,31.9813046957,32.4960869565,48495.6521739,32.4960869565
2014-11-30,33.4426318421,33.7647369474,33.0436843684,33.3436842105,39700.0,33.3436842105
2014-12-31,34.0042856667,34.4599998571,33.6023812857,34.0314282381,40904.7619048,34.0314282381
2015-01-31,33.3064999,33.81699985,32.7299996,33.18700025,47065.0,33.18700025
2015-02-28,33.5236842105,33.9957897895,33.1600000526,33.5615786316,41421.0526316,33.5615786316
2015-03-31,36.41381,36.9633333333,36.1214284762,36.7009523333,75338.0952381,36.7009523333
2015-04-30,40.3642855238,40.8333335714,39.9747615714,40.2900001429,51452.3809524,40.2900001429
2015-05-31,36.95700015,37.3615004,36.4644998,36.9599999,62880.0,36.9599999
2015-06-30,36.8147621905,37.1304762857,36.4485708571,36.8057144286,39933.3333333,36.8057144286
2015-07-31,35.9895454545,36.3572725,35.4799999545,35.9077271818,49540.9090909,35.9077271818
2015-08-31,34.8609525238,35.2976188571,34.3566664762,34.8580956667,54233.3333333,34.8580956667
2015-09-30,31.6700002,31.94349995,31.07349995,31.5065001,43000.0,31.5065001
2015-10-31,30.8327271818,31.2813635909,30.5104544545,30.9263638182,32981.8181818,30.9263638182
2015-11-30,28.9179999,29.36000035,28.3095,28.743,56680.0,28.743
2015-12-31,27.8666667143,28.306190381,27.5004759524,27.9295238095,53200.0,27.9295238095
2016-01-31,27.6378950526,28.3273685789,27.1184212632,27.7189474737,70289.4736842,27.7189474737
2016-02-29,29.28149995,30.10249995,28.8704999,29.6529998,59505.0,29.6529998
2016-03-31,35.9323810952,36.6728571429,35.2571429524,36.0742857619,87752.3809524,36.0742857619
2016-04-30,36.5752382381,37.0142858571,36.1533335714,36.620000381,48433.3333333,36.620000381
2016-05-31,33.46450025,33.81999965,32.8619999,33.23599985,49385.0,33.23599985
2016-06-30,31.8254546818,32.3277274091,31.3618180455,31.8509094545,51736.3636364,31.8509094545
2016-07-31,32.6595,33.1935,32.17700015,32.75249965,68170.0,32.75249965
2016-08-31,35.2366671667,35.6466671667,34.7499993333,35.1966668333,35800.0,35.1966668333
