Date,Open,High,Low,Close,Volume,Adj Close
1997-06-30,15.9652,16.56,15.6224,16.094,2792440.0,2.01175
1997-07-31,20.4378181818,20.8276363636,19.8781818182,20.2763636364,929054.545455,2.53454545455
1997-08-31,18.936,19.556952381,18.2476190476,18.9375238095,1021485.71429,2.36719047619
1997-09-30,17.4768,18.0004,16.9272,17.5064,1455560.0,2.1883
1997-10-31,17.1662608696,17.5659130435,16.3506086957,16.9544347826,710782.608696,2.11930434783
1997-11-30,14.2631578947,14.6025263158,13.8850526316,14.1587368421,346694.736842,1.76984210526
1997-12-31,12.5371428571,12.9085714286,12.0304761905,12.4708571429,439161.904762,1.55885714286
1998-01-31,12.0524444444,12.4173333333,11.5555555556,11.9928888889,1094444.44444,1.49911111111
1998-02-28,12.9793684211,13.5629473684,12.5402105263,13.1292631579,1300378.94737,1.64115789474
1998-03-31,15.0749090909,15.54,14.6392727273,15.1509090909,1406690.90909,1.89386363636
1998-04-30,15.5076,15.8096,15.1756,15.5032,1036680.0,1.9379
1998-05-31,13.788,14.0888,13.3232,13.6944,553960.0,1.7118
1998-06-30,12.392,12.6229090909,11.8981818182,12.1672727273,622836.363636,1.52090909091
1998-07-31,14.2829090909,14.8810909091,13.7076363636,14.4672727273,2420145.45455,1.80840909091
1998-08-31,16.26,16.7508,15.5964,16.1092,925920.0,2.01365
1998-09-30,17.5748571429,18.3634285714,16.9714285714,17.7561904762,2043390.47619,2.21952380952
1998-10-31,19.0043636364,19.7254545455,18.4465454545,19.2392727273,2580909.09091,2.40490909091
1998-11-30,25.4262222222,26.1777777778,25.0337777778,25.664,1971422.22222,3.208
1998-12-31,42.0858181818,43.4469090909,40.8898181818,42.5094545455,5346109.09091,5.31368181818
1999-01-31,59.7802105263,63.0147368421,57.5557894737,60.736,4016378.94737,7.592
1999-02-28,70.4088888889,72.6555555556,67.7915555556,70.6511111111,2311777.77778,8.83138888889
1999-03-31,90.5088695652,92.8459130435,86.5589565217,89.272,3291721.73913,11.159
1999-04-30,56.181,58.2448,52.536,55.2296,2525980.0,13.8074
1999-05-31,49.352,50.6858,46.8574,48.542,3146140.0,12.1355
1999-06-30,56.0472727273,58.5265454545,54.146,57.1603636364,3355181.81818,14.2900909091
1999-07-31,75.705,77.5518,72.592,75.1794,3517920.0,18.79485
1999-08-31,62.4217272727,64.0433636364,59.8647272727,61.8320909091,3110909.09091,19.9431818182
1999-09-30,48.8855238095,49.9202857143,46.812952381,48.4305714286,2749704.7619,24.2152857143
1999-10-31,47.5415,49.2553,45.9223,47.9774,4350380.0,23.9887
1999-11-30,67.8481904762,69.6939047619,64.6672380952,66.818952381,4044257.14286,33.4094761905
1999-12-31,68.3657272727,69.7332727273,65.4209090909,67.5689090909,4620372.72727,33.7844545455
2000-01-31,79.5821052632,83.3161052632,76.2932631579,80.2294736842,5133515.78947,40.1147368421
2000-02-29,100.8863,104.4565,96.8847,101.0225,3727000.0,50.51125
2000-03-31,153.095272727,159.540090909,141.443454545,150.533272727,4731827.27273,75.2666363636
2000-04-30,100.416842105,108.427894737,90.7176842105,99.5730526316,6642705.26316,49.7865263158
2000-05-31,99.3954545455,105.011636364,94.4578181818,99.7417272727,4506218.18182,49.8708636364
2000-06-30,108.797428571,112.576285714,102.562952381,106.345904762,9577295.2381,53.172952381
2000-07-31,84.6409,86.8988,80.141,82.9286,10261920.0,41.4643
2000-08-31,67.3218181818,70.0146363636,65.3668181818,67.3783181818,6821095.45455,37.7275454545
2000-09-30,37.146,38.24705,35.3595,36.60015,5388170.0,36.60015
2000-10-31,22.8768181818,24.3324545455,21.1265,22.7246363636,8143259.09091,22.7246363636
2000-11-30,21.739,23.3471,20.46725,21.89705,4641525.0,21.89705
2000-12-31,28.11265,30.55475,26.60325,28.55955,8401645.0,28.55955
2001-01-31,22.2223809524,24.0195714286,20.9643809524,22.5419047619,5309023.80952,22.5419047619
2001-02-28,16.6705555556,17.3333888889,15.5938888889,16.0245555556,3767533.33333,16.0245555556
2001-03-31,12.4304545455,13.2330454545,11.7559090909,12.4320454545,3416104.54545,12.4320454545
2001-04-30,17.88,19.6783,17.22095,18.70805,8643275.0,18.70805
2001-05-31,30.2663636364,31.8685909091,29.0113636364,30.3381363636,7735654.54545,29.1240454545
2001-06-30,24.2452380952,25.6338095238,23.07,24.4166666667,7272376.19048,24.4166666667
2001-07-31,23.7361904762,24.7261904762,22.8014285714,23.5823809524,9295938.09524,23.5823809524
2001-08-31,26.9659090909,27.9690454545,25.9654545455,26.8709090909,7924331.81818,26.8709090909
2001-09-30,21.2946666667,22.2947333333,19.9272,20.9299333333,13116666.6667,20.9299333333
2001-10-31,19.5409090909,20.6584545455,18.6090909091,19.7495454545,12426227.2727,19.7495454545
2001-11-30,24.6433333333,25.7247142857,23.8096666667,24.8619047619,8405352.38095,24.8619047619
2001-12-31,22.6305,23.15605,21.86085,22.3065,6747990.0,22.3065
2002-01-31,19.146,19.7475,18.1615,18.854,11334320.0,18.854
2002-02-28,17.2268421053,17.7363157895,16.5110526316,16.9989473684,6247221.05263,16.9989473684
2002-03-31,18.783,19.52715,18.2885,19.0045,7315385.0,19.0045
2002-04-30,18.2576190476,18.8235238095,17.7357142857,18.2195238095,6394333.33333,18.2195238095
2002-05-31,17.5159090909,17.8820454545,16.8753636364,17.3481818182,5131295.45455,17.3481818182
2002-06-30,9.888,10.239,9.3972,9.691,9510940.0,9.691
2002-07-31,7.88047619048,8.27285714286,7.45004761905,7.78752380952,6599161.90476,7.78752380952
2002-08-31,7.02636363636,7.35363636364,6.71381818182,7.03177272727,5151972.72727,7.03177272727
2002-09-30,6.478,6.70445,6.16685,6.4251,6949070.0,6.4251
2002-10-31,7.00681818182,7.42154545455,6.71718181818,7.12990909091,8333363.63636,7.12990909091
2002-11-30,9.3665,9.856,9.10355,9.4995,9814455.0,9.4995
2002-12-31,9.18238095238,9.47857142857,8.73495238095,8.98714285714,11631823.8095,8.98714285714
2003-01-31,7.216,7.38085,6.92695,7.109,13415295.0,7.109
2003-02-28,6.29626315789,6.45321052632,6.17515789474,6.31052631579,7634210.52632,6.31052631579
2003-03-31,6.40519047619,6.53485714286,6.25571428571,6.39614285714,5600661.90476,6.39614285714
2003-04-30,5.473,5.5235,5.29895,5.381,8191930.0,5.381
2003-05-31,5.19333333333,5.31204761905,5.07552380952,5.19857142857,6853528.57143,5.19857142857
2003-06-30,5.7319047619,5.91152380952,5.53695238095,5.72138095238,14207285.7143,5.72138095238
2003-07-31,6.57857142857,6.77566666667,6.36242857143,6.56947619048,14227814.2857,6.56947619048
2003-08-31,8.08380952381,8.24542857143,7.88552380952,8.09019047619,10435661.9048,8.09019047619
2003-09-30,9.75285714286,9.97728571429,9.50204761905,9.71904761905,13061466.6667,9.71904761905
2003-10-31,11.0518181818,11.2626363636,10.8368181818,11.0735454545,11879672.7273,11.0735454545
2003-11-30,11.5305263158,11.6882105263,11.2410526316,11.4313157895,10565631.5789,11.4313157895
2003-12-31,10.3004545455,10.4468636364,10.0236363636,10.2246363636,10628186.3636,10.2246363636
2004-01-31,10.695,10.88365,10.44295,10.6259,17754910.0,10.5834
2004-02-29,9.36631578947,9.54478947368,9.17715789474,9.29815789474,9520284.21053,9.29815789474
2004-03-31,8.85,8.97847826087,8.67813043478,8.79913043478,8032895.65217,8.79913043478
2004-04-30,8.3315,8.528,8.1575,8.304,11844495.0,8.304
2004-05-31,7.369,7.5294,7.2375,7.3945,6054765.0,7.3945
2004-06-30,7.63428571429,7.75123809524,7.50428571429,7.60047619048,4904414.28571,7.60047619048
2004-07-31,6.31333333333,6.46433333333,6.15519047619,6.29857142857,6048761.90476,6.29857142857
2004-08-31,5.28142857143,5.39119047619,5.15852380952,5.26904761905,5509957.14286,5.26904761905
2004-09-30,5.87142857143,6.04095238095,5.7480952381,5.90666666667,7883914.28571,5.90666666667
2004-10-31,6.7519047619,6.9219047619,6.58952380952,6.75380952381,7480909.52381,6.75380952381
2004-11-30,6.83333333333,6.95195238095,6.69904761905,6.82047619048,5879714.28571,6.81619047619
2004-12-31,7.09090909091,7.23095454545,6.96722727273,7.09272727273,5685250.0,7.09272727273
2005-01-31,5.793,5.8965,5.63545,5.727,7013770.0,5.727
2005-02-28,5.65722222222,5.76083333333,5.55827777778,5.66111111111,4653111.11111,5.66111111111
2005-03-31,5.59636363636,5.6955,5.49272727273,5.56727272727,3963440.90909,5.56727272727
2005-04-30,4.68476190476,4.76895238095,4.56666666667,4.63047619048,4396166.66667,4.63047619048
2005-05-31,4.23904761905,4.33095238095,4.17761904762,4.27428571429,3111328.57143,4.27428571429
2005-06-30,4.96523809524,5.06357142857,4.89466666667,4.9880952381,3272542.85714,4.9880952381
2005-07-31,6.046,6.1815,5.9555,6.087,4830385.0,6.087
2005-08-31,6.17434782609,6.30913043478,6.08956521739,6.19130434783,5251352.17391,6.19130434783
2005-09-30,6.027,6.12065,5.871,5.974,9057300.0,5.974
2005-10-31,5.4480952381,5.55719047619,5.31714285714,5.4380952381,8515185.71429,5.4380952381
2005-11-30,5.28357142857,5.38285714286,5.20404761905,5.30428571429,4868228.57143,5.30428571429
2005-12-31,5.8495,5.93075,5.769,5.85,4473255.0,5.85
2006-01-31,6.439,6.5935,6.337,6.5062,8110375.0,6.5062
2006-02-28,7.04315789474,7.13894736842,6.90368421053,7.00263157895,5678352.63158,7.00263157895
2006-03-31,7.74181818182,7.96136363636,7.62568181818,7.82954545455,7334604.54545,7.82954545455
2006-04-30,8.51473684211,8.72078947368,8.32368421053,8.55736842105,9928942.10526,8.55736842105
2006-05-31,8.33113636364,8.45409090909,8.10818181818,8.23681818182,7434795.45455,8.23681818182
2006-06-30,6.63119047619,6.76047619048,6.44861904762,6.58619047619,8620861.90476,6.58619047619
2006-07-31,5.83075,6.011,5.684,5.849,7929640.0,5.849
2006-08-31,6.34304347826,6.444,6.22695652174,6.36347826087,5255934.78261,6.36347826087
2006-09-30,7.023,7.17,6.92495,7.077,7000330.0,7.077
2006-10-31,7.74095238095,7.88047619048,7.61677142857,7.74380952381,7143590.47619,7.74380952381
2006-11-30,7.3,7.42571428571,7.18619047619,7.32857142857,6246785.71429,7.32857142857
2006-12-31,7.266445,7.3775,7.1555,7.2145,5055790.0,7.2145
2007-01-31,7.17105263158,7.33368421053,7.06421052632,7.20736842105,10559052.6316,7.20736842105
2007-02-28,8.03631578947,8.16673684211,7.93678947368,8.06147368421,7813194.73684,8.06147368421
2007-03-31,7.47918181818,7.59409090909,7.36372727273,7.46772727273,14292359.0909,7.46772727273
2007-04-30,6.36,6.43684210526,6.28736842105,6.36052631579,11037657.8947,6.36052631579
2007-05-31,6.24340909091,6.31818181818,6.17125,6.22909090909,7787036.36364,6.22909090909
2007-06-30,6.38857142857,6.47142857143,6.3081,6.36952380952,7449142.85714,6.36952380952
2007-07-31,6.53904761905,6.64333333333,6.42686190476,6.53333333333,12987038.0952,6.53333333333
2007-08-31,6.24818181818,6.33295454545,6.09977272727,6.20272727273,14152336.3636,6.20272727273
2007-09-30,6.22052631579,6.32052631579,6.13605263158,6.21947368421,12849221.0526,6.21947368421
2007-10-31,6.86826086957,6.95913043478,6.70463043478,6.83130434783,16102213.0435,6.83130434783
2007-11-30,5.94523809524,6.05666666667,5.83285714286,5.92,13414714.2857,5.91714285714
2007-12-31,5.827,5.9,5.715,5.8195,7799640.0,5.8195
2008-01-31,4.00019047619,4.0719047619,3.84571428571,3.91452380952,15930704.7619,3.91452380952
2008-02-29,3.28105263158,3.37578947368,3.20052631579,3.28684210526,11807847.3684,3.28684210526
2008-03-31,2.8665,2.9245,2.778,2.83145,8438210.0,2.83145
2008-04-30,2.905,2.99704545455,2.84318181818,2.92090909091,7259181.81818,2.92090909091
2008-05-31,3.578,3.698,3.51505,3.608,9539260.0,3.608
2008-06-30,3.62142857143,3.70514761905,3.47880952381,3.57285714286,11030614.2857,3.57285714286
2008-07-31,3.03340909091,3.14090909091,2.91090909091,3.05181818182,8772240.90909,3.05181818182
2008-08-31,3.63238095238,3.7219047619,3.57142857143,3.67047619048,5937457.14286,3.67047619048
2008-09-30,3.31142857143,3.38476190476,3.15471428571,3.26619047619,9477919.04762,3.26333333333
2008-10-31,2.25325652174,2.35717391304,2.08869565217,2.22206521739,6153160.86957,2.22206521739
2008-11-30,1.42789473684,1.49841052632,1.32525789474,1.39842105263,3856689.47368,1.39842105263
2008-12-31,0.861752380952,0.901761904762,0.807995238095,0.839952380952,3538095.2381,0.839952380952
2009-01-31,1.053545,1.133755,0.999935,1.08301,3381140.0,1.08301
2009-02-28,1.09691052632,1.15688421053,1.04873684211,1.08842105263,2192394.73684,1.08842105263
2009-03-31,1.01476190476,1.0859,0.975523809524,1.03047619048,3312919.04762,1.03047619048
2009-04-30,2.15047619048,2.26866666667,2.03047619048,2.18142857143,6541733.33333,2.18142857143
2009-05-31,2.389,2.491005,2.303,2.4055,5410055.0,2.4055
2009-06-30,3.36333333333,3.47098571429,3.25381904762,3.389,8166419.04762,3.389
2009-07-31,4.07681818182,4.22359090909,3.96317272727,4.12681818182,8115404.54545,4.12681818182
2009-08-31,5.05761904762,5.14804285714,4.92904761905,5.0319047619,7237733.33333,5.0319047619
2009-09-30,5.2915,5.4055,5.1645,5.283,6819455.0,5.283
2009-10-31,4.55909090909,4.63406363636,4.36636363636,4.45772727273,12205004.5455,4.45772727273
2009-11-30,4.2925,4.373,4.201,4.2995,6690980.0,4.2995
2009-12-31,4.90619047619,4.98380952381,4.81523809524,4.90619047619,6676280.95238,4.90619047619
2010-01-31,4.48131578947,4.53315789474,4.34,4.42578947368,10539000.0,4.42578947368
2010-02-28,4.14894736842,4.22184210526,4.07578947368,4.16421052632,6303305.26316,4.16421052632
2010-03-31,4.91304347826,4.99380434783,4.82086956522,4.91,9308721.73913,4.91
2010-04-30,5.402,5.51,5.3135,5.4295,8934640.0,5.4295
2010-05-31,5.1275,5.236,4.945495,5.08575,10475930.0,5.08575
2010-06-30,4.51954545455,4.61045454545,4.39216363636,4.47636363636,8244890.90909,4.47636363636
2010-07-31,4.08476190476,4.16814761905,3.98092857143,4.08476190476,7891452.38095,4.08047619048
2010-08-31,4.485,4.62318181818,4.40477727273,4.54477272727,7451100.0,4.54477272727
2010-09-30,5.56952380952,5.69780952381,5.45619047619,5.60302380952,7920261.90476,5.60302380952
2010-10-31,6.51952380952,6.67814285714,6.38683333333,6.56047619048,9149719.04762,6.56047619048
2010-11-30,7.25761904762,7.35380952381,7.12714285714,7.23714285714,7580447.61905,7.23714285714
2010-12-31,7.63909090909,7.73818181818,7.54545454545,7.63840909091,5277781.81818,7.63840909091
2011-01-31,7.7585,7.88819,7.591,7.739875,8419045.0,7.739875
2011-02-28,7.69222222222,7.87388888889,7.52666666667,7.70055555556,8842655.55556,7.70055555556
2011-03-31,6.52434782609,6.63046086957,6.38130434783,6.47152173913,7780347.82609,6.47152173913
2011-04-30,6.1915,6.2837,6.083995,6.1895,5910510.0,6.1895
2011-05-31,6.0995,6.18602,5.984,6.0825,5565740.0,6.0825
2011-06-30,5.76818181818,5.86906363636,5.66022727273,5.76090909091,5859577.27273,5.76090909091
2011-07-31,6.2835,6.447715,6.16925,6.31375,6292620.0,6.31375
2011-08-31,5.82954545455,6.0225,5.63959545455,5.83727272727,7589295.45455,5.83727272727
2011-09-30,6.47333333333,6.65642857143,6.32669047619,6.49976190476,9939195.2381,6.49976190476
2011-10-31,7.02142857143,7.18642857143,6.83952380952,7.02,8258000.0,7.02
2011-11-30,6.61952380952,6.7380952381,6.45,6.58285714286,6933333.33333,6.58285714286
2011-12-31,5.60318181818,5.70659090909,5.47013636364,5.55636363636,6213327.27273,5.55636363636
2012-01-31,4.93045454545,5.02406363636,4.85295454545,4.9575,7292818.18182,4.9575
2012-02-29,5.085,5.16797,4.99437,5.06475,4634935.0,5.06475
2012-03-31,4.75772727273,4.83772272727,4.69228636364,4.76681818182,3523518.18182,4.76681818182
2012-04-30,4.42285714286,4.47733333333,4.32428571429,4.38976190476,3695552.38095,4.38976190476
2012-05-31,3.93391304348,4.00435217391,3.84695652174,3.9197826087,3725060.86957,3.9197826087
2012-06-30,4.07619047619,4.18333333333,3.98428571429,4.09071428571,4597942.85714,4.08928571429
2012-07-31,4.07363636364,4.16068181818,3.98522727273,4.07886363636,4553390.90909,4.07886363636
2012-08-31,3.75869565217,3.82434782609,3.68195652174,3.74956521739,3412830.43478,3.74956521739
2012-09-30,4.05684210526,4.12236842105,3.95285789474,4.02736842105,4295363.15789,4.02736842105
2012-10-31,3.92695652174,3.99565217391,3.83782608696,3.91006521739,6748978.26087,3.91006521739
2012-11-30,4.16,4.25421818182,4.07159090909,4.15455454545,4888804.54545,4.15455454545
2012-12-31,4.4405,4.5035,4.368,4.436995,4925985.0,4.436995
2013-01-31,4.85652173913,4.92956521739,4.787,4.86520869565,4904478.26087,4.86520869565
2013-02-28,5.0005,5.08105,4.88859,4.98385,6963795.0,4.98385
2013-03-31,4.83857142857,4.93332380952,4.77333333333,4.851,5460623.80952,4.851
2013-04-30,5.25428571429,5.34857142857,5.16490952381,5.27380952381,5022423.80952,5.27380952381
2013-05-31,5.52434782609,5.60673913043,5.44486086957,5.51782608696,4095456.52174,5.51782608696
2013-06-30,5.2905,5.35775,5.186,5.26545,5525460.0,5.26545
2013-07-31,5.36954545455,5.41977272727,5.29836363636,5.35636363636,3950268.18182,5.35636363636
2013-08-31,4.97318181818,5.03613636364,4.90227727273,4.96295454545,3949536.36364,4.96295454545
2013-09-30,5.45,5.51714285714,5.35952380952,5.445,5108461.90476,5.445
2013-10-31,5.75272727273,5.82420454545,5.65772727273,5.747,6598336.36364,5.747
2013-11-30,5.13619047619,5.18047619048,5.06357142857,5.13166666667,3299528.57143,5.13166666667
2013-12-31,5.17272727273,5.22386363636,5.09545454545,5.15340909091,3716972.72727,5.15340909091
2014-01-31,4.91227272727,4.98431818182,4.80795454545,4.88840909091,9065100.0,4.88840909091
2014-02-28,5.9585,6.101,5.87632,6.01025,11589395.0,6.01025
2014-03-31,7.5519047619,7.6730952381,7.45096666667,7.55619047619,9488952.38095,7.55619047619
2014-04-30,8.01285714286,8.12952380952,7.8611952381,7.9730952381,11241933.3333,7.9730952381
2014-05-31,8.99227272727,9.12976818182,8.87995454545,9.02772727273,9719922.72727,9.02772727273
2014-06-30,9.67761904762,9.8024047619,9.54173809524,9.66238095238,7997780.95238,9.66238095238
2014-07-31,10.1668181818,10.3356818182,10.0075727273,10.2071590909,11825250.0,10.2071590909
2014-08-31,11.5438095238,11.7234,11.3763238095,11.5788095238,10256719.0476,11.5788095238
2014-09-30,12.0786363636,12.2406818182,11.8543181818,12.0334090909,8995200.0,12.0334090909
2014-10-31,10.6793227273,10.9494045455,10.3599863636,10.6813636364,15317518.1818,10.6813636364
2014-11-30,13.84204,14.06,13.63165,13.88275,9921285.0,13.88275
2014-12-31,15.7006521739,15.987826087,15.4471,15.7782608696,11321369.5652,15.7782608696
2015-01-31,16.59,16.59,16.59,16.59,0.0,16.59
