Date,Open,High,Low,Close,Volume,Adj Close
1990-03-31,19.500016,19.56251375,19.281271,19.46877075,107275.0,2.72787125
1990-04-30,20.3750164,20.58126505,20.168769,20.3875158,214750.0,2.85660145
1990-05-31,20.6136522727,20.8125155,20.4602457273,20.6875165,217200.0,2.89863613636
1990-06-30,21.7619234286,21.9643021905,21.5952532857,21.8452563333,176414.285714,3.06085314286
1990-07-31,22.0535865238,22.1607308095,21.7619231429,21.910732,177495.238095,3.07002742857
1990-08-31,19.157626913,19.3587131304,18.7500115652,19.0869716957,170465.217391,2.67437543478
1990-09-30,17.9079084211,18.0986957368,17.5986996316,17.8223796842,114305.263158,2.49718689474
1990-10-31,17.5326247391,17.788057913,17.2934933478,17.5489277391,171930.434783,2.47392613043
1990-11-30,19.24376345,19.43751845,19.02501365,19.306264,103415.0,2.7502386
1990-12-31,17.33125735,17.5187549,17.15625455,17.37500655,148700.0,2.9316426
1991-01-31,16.9715913636,17.1761367727,16.8124995909,17.0170451364,116604.545455,3.06070395455
1991-02-28,19.0972225,19.4097226667,18.9097225556,19.2152799444,264700.0,3.47090761111
1991-03-31,20.80624895,21.00624735,20.6000011,20.81250195,198295.0,3.75941845
1991-04-30,21.2840912727,21.7102263636,20.9829542273,21.3409099545,272090.909091,3.85486618182
1991-05-31,21.2670434091,21.4829528182,21.1136357727,21.3522708636,152104.545455,3.85691831818
1991-06-30,22.5921030526,22.822369,22.4078941053,22.6118423158,189063.157895,4.08443789474
1991-07-31,21.9659064091,22.1988622727,21.7500010455,21.9772721818,156950.0,3.969814
1991-08-31,21.0170455455,21.2272710455,20.7159064545,20.9999989545,170386.363636,3.79328640909
1991-09-30,20.36250235,20.5062492,20.1187488,20.34375245,144425.0,3.6747469
1991-10-31,19.6761340909,19.8636363182,19.4090892273,19.6193195455,359009.090909,3.55868231818
1991-11-30,19.26250105,19.4187505,19.05000175,19.2312519,237160.0,3.50075385
1991-12-31,21.2380947619,21.5714288571,21.0476192381,21.3749974762,128138.095238,3.89098961905
1992-01-31,22.3238648636,22.4545507727,22.1250005,22.2556842273,256750.0,4.07243827273
1992-02-29,23.0416646111,23.2916665556,22.8958326111,23.1458300556,123416.666667,4.24559822222
1992-03-31,21.6250023182,21.8977284545,21.3863658636,21.6477271364,175481.818182,3.97080368182
1992-04-30,21.5952365714,21.9642857143,21.3035712381,21.6845235714,265000.0,3.99726366667
1992-05-31,22.81250025,23.0437543,22.637501,22.86874855,118600.0,4.22762695
1992-06-30,22.7727282727,22.9999996818,22.5511360909,22.7386370909,110509.090909,4.19107377273
1992-07-31,22.5227280909,22.8124985,22.3181838182,22.5284072273,113709.090909,4.18507204545
1992-08-31,23.4523820952,23.6547607143,23.2738091429,23.4583314762,202638.095238,4.37000733333
1992-09-30,24.5500019,24.8187541,24.26249865,24.60000025,161015.0,4.58268655
1992-10-31,24.1136421364,24.2784127727,23.7443205,24.0625024545,267486.363636,4.50332472727
1992-11-30,25.10625,25.25625125,24.83124725,25.1812488,148165.0,4.72568545
1992-12-31,18.9318198182,19.0397742273,18.6079544545,18.9261370909,152745.454545,4.8841365
1993-01-31,17.4934211579,17.6513158947,17.0855262105,17.4276316316,139447.368421,4.93000278947
1993-02-28,17.7434208421,17.9078946316,17.4802628421,17.7236839474,135568.421053,5.022942
1993-03-31,18.4347825217,18.6032607826,18.130434913,18.4184783043,147286.956522,5.21984878261
1993-04-30,18.3630954286,18.5833335714,17.9226189048,18.244047619,188447.619048,5.19499390476
1993-05-31,18.2763160526,18.4407894737,18.0065789474,18.2894737895,146242.105263,5.21807594737
1993-06-30,17.5795455909,17.7386361818,17.2500000909,17.3977274091,94081.8181818,4.96365636364
1993-07-31,17.0952384286,17.3452384762,16.8809525714,17.2023810952,135204.761905,4.9315737619
1993-08-31,17.9374999545,18.0397725909,17.5909091818,17.8068180909,74640.9090909,5.11648809091
1993-09-30,17.964285619,18.1666666667,17.7023806667,17.9702381905,107600.0,5.16344404762
1993-10-31,17.7559521905,17.9345238571,17.5059523333,17.7857139048,119747.619048,5.13555066667
1993-11-30,17.244047619,17.4821426667,17.0595238095,17.3095238095,153500.0,5.010556
1993-12-31,17.1193181818,17.3295454545,16.9431818636,17.2443181818,205486.363636,4.99168113636
1994-01-31,18.4702381429,18.7440474762,18.2440474286,18.5416665238,172476.190476,5.39777038095
1994-02-28,18.4861111111,18.6666665556,18.1319443333,18.5000000556,141966.666667,5.39467172222
1994-03-31,18.630434913,18.8695652174,18.3913045217,18.6684782609,92830.4347826,5.44380065217
1994-04-30,17.513158,17.6578946842,17.1644743684,17.3651319474,130036.842105,5.09052868421
1994-05-31,18.1071428571,18.273809619,17.749999381,18.0595237619,91690.4761905,5.30453757143
1994-06-30,17.6420453636,17.7784091364,17.2499998636,17.5170453636,107513.636364,5.14519790909
1994-07-31,16.93749995,17.12499995,16.6375001,16.9406251,190335.0,5.00223965
1994-08-31,17.6956515652,17.7934773478,17.4347826087,17.661005,141891.304348,5.22687334783
1994-09-30,18.2976192857,18.4404765238,18.0178568095,18.3125001429,198890.47619,5.419687
1994-10-31,18.9880951905,19.130952381,18.6369048095,18.9285712857,181852.380952,5.62299166667
1994-11-30,18.7321427143,18.8988093333,18.4523808095,18.6190475238,168252.380952,5.55012304762
1994-12-31,18.160714381,18.392857619,17.9821424286,18.2529763333,164004.761905,5.44113519048
1995-01-31,18.6488095238,18.7976190476,18.4047619048,18.5863095238,142190.47619,5.56559533333
1995-02-28,18.5789474737,18.6578947368,18.269737,18.5526315789,254594.736842,5.57097731579
1995-03-31,19.0710228182,19.3437500455,18.9318184091,19.1846590909,179131.818182,5.76076240909
1995-04-30,19.9802632105,20.0921053684,19.6907896316,19.9177633684,145636.842105,6.01322184211
1995-05-31,20.1022727727,20.2386363636,19.8977274545,20.1221590909,128804.545455,6.08382209091
1995-06-30,19.7784094091,19.9261365455,19.5909089091,19.7897731364,104709.090909,5.98332709091
1995-07-31,20.0296053684,20.2171053684,19.8355262632,20.0559212105,165473.684211,6.09039689474
1995-08-31,19.9048917391,20.0597826087,19.7173922174,19.9103263478,181934.782609,6.06168395652
1995-09-30,20.4375,20.628125,20.2500001,20.43124995,238955.0,6.2202789
1995-10-31,19.5852270455,19.6704546818,19.3579544091,19.5710225,246450.0,5.97583318182
1995-11-30,20.6937502,20.84375035,20.5375003,20.75937525,270655.0,6.36529745
1995-12-31,17.8999999,17.97187485,17.54375,17.734375,211205.0,6.32553225
1996-01-31,15.8181818182,15.9659090909,15.6022727273,15.7585227273,198300.0,6.06152309091
1996-02-29,15.36875,15.53125,15.15625,15.321875,274680.0,5.9162341
1996-03-31,14.925,15.0875,14.75,14.959375,284845.0,5.77626205
1996-04-30,15.1458333333,15.3214285714,14.9047619048,15.1220238095,237552.380952,5.87039242857
1996-05-31,15.8465909091,16.0681818182,15.6988636364,15.9154829545,224236.363636,6.19521313636
1996-06-30,15.815625,15.96875,15.56875,15.765625,196090.0,6.13687985
1996-07-31,15.3630952381,15.630952381,15.1666666667,15.3571428571,180985.714286,5.99926885714
1996-08-31,15.3920454545,15.6136363636,15.3018465909,15.484375,168754.545455,6.07405004545
1996-09-30,16.125,16.38125,15.99375,16.234375,181905.0,6.3682525
1996-10-31,16.964673913,17.1630434783,16.7717391304,16.9565217391,286004.347826,6.66435673913
1996-11-30,17.2171052632,17.4671052632,17.0526315789,17.2779605263,253457.894737,6.82834373684
1996-12-31,17.6488095238,17.7619047619,17.3571428571,17.5357142857,126042.857143,6.93020938095
1997-01-31,17.8693181818,18.0795454545,17.6647727273,17.9630681818,310759.090909,7.13038254545
1997-02-28,18.1447368421,18.2828947368,17.8355263158,18.0625,240278.947368,7.19069415789
1997-03-31,17.59375,17.6625,17.275,17.44765625,256115.0,6.94592435
1997-04-30,16.4285714286,16.5952380952,16.1339285714,16.3630952381,261976.190476,6.54137328571
1997-05-31,17.9702380952,18.3035714286,17.7886904762,18.1078869048,249723.809524,7.26735209524
1997-06-30,18.7619047619,18.9464285714,18.4821428571,18.6830357143,207509.52381,7.49818009524
1997-07-31,19.0170454545,19.3323863636,18.8380681818,19.1605113182,265495.454545,7.69285736364
1997-08-31,20.0416667619,20.273809619,19.773809619,20.0386904762,259800.0,8.09821457143
1997-09-30,20.4017856667,20.5833332381,20.1517858571,20.3869046667,270023.809524,8.23893819048
1997-10-31,20.2065216087,20.3423914348,19.9184783478,20.0869566522,248430.434783,8.13393608696
1997-11-30,19.6597222222,19.7881944444,19.3802083333,19.6076388889,360000.0,7.97833472222
1997-12-31,16.9715908636,17.1960227273,16.6875,16.9005680909,229340.909091,8.042908
1998-01-31,16.04375,16.2140625,15.8,16.0515625,287580.0,8.1987783
1998-02-28,16.5486111111,16.71875,16.3923611111,16.5763888889,253983.333333,8.4905855
1998-03-31,17.2017045455,17.3551136364,17.0170454545,17.2059659091,263459.090909,8.81306086364
1998-04-30,17.2261904762,17.4017857143,16.943452381,17.1741071429,194500.0,8.82963361905
1998-05-31,16.603125,16.784375,16.328125,16.5359375,329985.0,8.52521805
1998-06-30,16.4613095238,16.5863095238,16.2232142857,16.3883928571,216209.52381,8.44915057143
1998-07-31,16.3636363636,16.4431818182,16.1789772727,16.2869318182,340831.818182,8.43019827273
1998-08-31,15.2023809524,15.3839285714,14.9047619048,15.0744047619,226652.380952,7.82523685714
1998-09-30,14.0803571429,14.3422619048,13.818452381,14.0863095238,198095.238095,7.31230933333
1998-10-31,15.2113095238,15.5208333333,14.9821428571,15.3363095238,186680.952381,7.99782847619
1998-11-30,16.4375,16.571875,16.140625,16.325,188590.0,8.5419081
1998-12-31,14.9829545455,15.34375,14.7471590909,15.0539772727,234263.636364,7.87685704545
1999-01-31,15.0104166667,15.2638888889,14.71875,14.9826388889,284866.666667,7.87389755556
1999-02-28,14.2861842105,14.4407894737,14.0723684211,14.2302631579,165652.631579,7.50161605263
1999-03-31,13.5842391304,13.7608695652,13.4076086957,13.5733695652,232904.347826,7.15532834783
1999-04-30,13.3333333333,13.6101190476,13.1428571429,13.369047619,226895.238095,7.08793595238
1999-05-31,14.1809210526,14.4210526316,14.0197368421,14.1973684211,191526.315789,7.55250094737
1999-06-30,13.8579545455,14.0568181818,13.6818181818,13.8494318182,184627.272727,7.36741081818
1999-07-31,13.9613095238,14.1726190476,13.8035714286,13.9821428571,168166.666667,7.47797947619
1999-08-31,14.1547619048,14.3363095238,13.9077380952,14.1071428571,203985.714286,7.56916714286
1999-09-30,12.8363095238,12.9851190476,12.7172619048,12.8005952381,224528.571429,6.86814090476
1999-10-31,12.1577380952,12.318452381,11.9583333333,12.1607142857,203133.333333,6.56156357143
1999-11-30,11.9226190476,12.0625,11.7589285714,11.931547619,311157.142857,6.46678638095
1999-12-31,10.7083333333,10.8333333333,10.4851190476,10.6517857143,416457.142857,5.77316742857
2000-01-31,10.309375,10.49375,10.1375,10.275,510010.0,5.6117954
2000-02-29,9.8875,10.040625,9.721875,9.890625,514235.0,5.42416595
2000-03-31,10.2961956522,10.5298913043,10.1440217391,10.3559782609,364382.608696,5.67937278261
2000-04-30,10.3333333333,10.4791666667,10.1666666667,10.2673611111,300672.222222,5.67272488889
2000-05-31,10.2471590909,10.4147727273,10.1534090909,10.25,255740.909091,5.68518645455
2000-06-30,9.32670454545,9.50497181818,9.20738636364,9.34659090909,412686.363636,5.18410836364
2000-07-31,10.0032894737,10.1842105263,9.77631578947,10.0032894737,416878.947368,5.59007547368
2000-08-31,9.19836956522,9.32880434783,9.07608695652,9.21739130435,301417.391304,5.17454234783
2000-09-30,9.25,9.41875,9.08125,9.25,419770.0,5.1928484
2000-10-31,8.76420454545,8.94602272727,8.58806818182,8.77556818182,228327.272727,4.95535463636
2000-11-30,9.171875,9.31875,9.009375,9.171875,180470.0,5.2241577
2000-12-31,9.040625,9.221875,8.821875,9.01875,268280.0,5.13694005
2001-01-31,9.23011904762,9.4094047619,9.00464285714,9.23869047619,341233.333333,5.31325814286
2001-02-28,9.255,9.35555555556,9.12055555556,9.23833333333,186077.777778,5.33311916667
2001-03-31,9.50545454545,9.71454545455,9.37545454545,9.57954545455,318440.909091,5.53009472727
2001-04-30,9.661,9.804,9.4,9.611,266190.0,5.59513015
2001-05-31,8.9819047619,9.09428571429,8.80428571429,8.9,312214.285714,5.20136104762
2001-06-30,9.18857142857,9.34714285714,9.09142857143,9.22714285714,435700.0,5.3925507619
2001-07-31,8.5519047619,8.63761904762,8.39857142857,8.51285714286,507547.619048,5.03026447619
2001-08-31,10.2286363636,10.4354545455,10.1390909091,10.3381818182,428995.454545,6.13562654545
2001-09-30,9.78066666667,10.0133333333,9.43266666667,9.7,530926.666667,5.75687086667
2001-10-31,11.322173913,11.5991304348,11.122173913,11.417826087,600930.434783,6.80974630435
2001-11-30,13.4075,13.69,13.2535,13.519,678460.0,8.1078024
2001-12-31,13.975,14.1935,13.7725,14.0105,427930.0,8.40257175
2002-01-31,14.7357142857,14.9761904762,14.4166666667,14.7042857143,505709.52381,8.87215357143
2002-02-28,15.9538891667,16.2683333333,15.7877778333,16.062778,565350.0,9.71606811111
2002-03-31,15.78499985,16.0324999,15.4844999,15.74850015,804785.0,9.52596755
2002-04-30,16.0354546364,16.2918179091,15.7663635909,16.0800000455,587318.181818,9.78227886364
2002-05-31,16.937142619,17.1638094762,16.674762,16.8676190476,420371.428571,10.287446381
2002-06-30,15.4385,15.84499995,15.0865,15.40549995,588315.0,9.3957098
2002-07-31,13.8636363636,14.2345454545,13.4086363636,13.8927272727,488550.0,8.52450259091
2002-08-31,14.75,15.0085714286,14.4871428571,14.7476190476,374071.428571,9.07187790476
2002-09-30,14.298,14.4685,13.949,14.2685,376250.0,8.7771518
2002-10-31,14.49,14.7869565217,14.1630434783,14.5052173913,488417.391304,8.96179726087
2002-11-30,15.0185,15.2535,14.708,14.984,345810.0,9.26765065
2002-12-31,15.1476190476,15.3347619048,14.9380952381,15.1276190476,285080.952381,9.38969866667
2003-01-31,12.8175,12.9985,12.3035,12.478,1412720.0,7.7902121
2003-02-28,10.0442105263,10.1473684211,9.77578947368,9.92894736842,650215.789474,6.21508231579
2003-03-31,10.3585714286,10.5733333333,10.2080952381,10.3866666667,598014.285714,6.50159447619
2003-04-30,11.1980952381,11.3995238095,11.050952381,11.2404761905,499666.666667,7.09259366667
2003-05-31,12.0542857143,12.199047619,11.8895238095,12.0642857143,637166.666667,7.64202433333
2003-06-30,13.0980952381,13.2680952381,12.919047619,13.08,554423.809524,8.28542042857
2003-07-31,13.5685714286,13.6819047619,13.3471428571,13.529047619,454700.0,8.62893395238
2003-08-31,13.7423809524,13.8338095238,13.54,13.6623809524,413614.285714,8.73797328571
2003-09-30,13.5033333333,13.6285714286,13.339047619,13.4761904762,570285.714286,8.61889233333
2003-10-31,14.0204545455,14.1640909091,13.8618181818,14.0604545455,446881.818182,9.04159077273
2003-11-30,14.7894736842,14.9910526316,14.6536842105,14.85,376552.631579,9.59170031579
2003-12-31,15.6777273182,15.7963635909,15.5436363636,15.7131818182,375445.454545,10.1492342273
2004-01-31,16.8110527368,16.948421,16.5905262632,16.7805262632,479742.105263,10.9115838947
2004-02-29,16.5421052632,16.6657893158,16.2684211579,16.4831579474,402052.631579,10.7370096842
2004-03-31,15.6139129565,15.7795652609,15.4743477826,15.6500000435,560808.695652,10.1942967826
2004-04-30,15.94100005,16.04250015,15.68050005,15.8405,450955.0,10.39060515
2004-05-31,14.13,14.2995,13.9675,14.126,575805.0,9.2782083
2004-06-30,14.9857142857,15.1219047619,14.8595238095,14.9866666667,487295.238095,9.84350933333
2004-07-31,14.5257142857,14.6757142857,14.3514285714,14.5052380952,462866.666667,9.600563
2004-08-31,15.44,15.5754545455,15.2963636364,15.4522727273,586004.545455,10.2463845909
2004-09-30,16.29949995,16.49750015,16.1810001,16.3715003,404895.0,10.8559234
2004-10-31,17.5828570952,17.682857381,17.3338093333,17.5042855238,631619.047619,11.6657437143
2004-11-30,18.396666619,18.5023808095,18.1480953333,18.3314284286,491219.047619,12.263375381
2004-12-31,19.1686365455,19.2727273182,18.9068182727,19.0736362273,502068.181818,12.7587591818
2005-01-31,18.60199985,18.7255,18.2395,18.3574999,636500.0,12.3477873
2005-02-28,18.6531580526,18.8194738421,18.493158,18.6984211579,583900.0,12.614655
2005-03-31,18.6813637273,18.8136361364,18.5204546364,18.6363637273,482036.363636,12.5352951364
2005-04-30,17.4695240476,17.5895238095,17.2100001429,17.4242857143,782666.666667,11.8155389048
2005-05-31,17.16449985,17.2815001,16.96049985,17.12400005,490685.0,11.65056065
2005-06-30,18.1431818636,18.2704545,17.9799998636,18.1336365,427850.0,12.3374812727
2005-07-31,18.7265001,18.87050025,18.5670002,18.75300005,325385.0,12.8247256
2005-08-31,18.4609091818,18.5722727727,18.3200001364,18.4772728182,318945.454545,12.6706302273
2005-09-30,18.3909521905,18.5100000476,18.229047619,18.3642859048,403200.0,12.5931505238
2005-10-31,17.6390474762,17.8323810952,17.452857381,17.638571381,460409.52381,12.144152381
2005-11-30,18.5419999,18.6659998,18.39949995,18.5625001,317545.0,12.84824565
2005-12-31,18.3190478571,18.3985715238,18.1338096667,18.268571619,363052.380952,12.6447998095
2006-01-31,18.1585001,18.3625002,18.03850005,18.2345001,542910.0,12.69918145
2006-02-28,18.2738889444,18.3705556111,18.0999999444,18.2466665556,383800.0,12.7401823333
2006-03-31,17.8421740435,17.9956521739,17.6908696087,17.8434782174,374839.130435,12.4586682609
2006-04-30,18.8952632105,19.148421,18.7505264211,18.9584208421,528410.526316,13.3144763158
2006-05-31,18.8257144286,19.0171427619,18.661428381,18.8790477619,419838.095238,13.2937888571
2006-06-30,18.2077272273,18.4099999091,18.0345454091,18.2336361818,359545.454545,12.8393184545
2006-07-31,18.16850015,18.43300005,18.0105001,18.25849995,478930.0,12.9341008
2006-08-31,18.5945456818,18.7936364545,18.4831816364,18.6622728182,368695.454545,13.2540664091
2006-09-30,19.04950005,19.2680001,18.95550025,19.128,537635.0,13.5848291
2006-10-31,18.8013637727,18.9699999091,18.6554546364,18.8618179091,597895.454545,13.4536576818
2006-11-30,19.7847619524,19.9347619524,19.6847617619,19.8357144286,417695.238095,14.2205652857
2006-12-31,20.4420001,20.59400015,20.33699965,20.47199985,338660.0,14.67676945
2007-01-31,22.1921051053,22.3947365263,22.0431577895,22.2521053158,748394.736842,16.0500503684
2007-02-28,23.4773684211,23.6321052632,23.2684211579,23.4915788421,546847.368421,16.9791255263
2007-03-31,22.8277275455,22.9699999545,22.5518181818,22.7663638182,573390.909091,16.4549581818
2007-04-30,22.0194735263,22.1636841053,21.7478949474,21.9031578947,548426.315789,15.9172178421
2007-05-31,22.2736360909,22.5059090455,22.1213636818,22.3450002727,506768.181818,16.2809232273
2007-06-30,22.847619,23.034285619,22.6885712381,22.8761905238,392161.904762,16.667957
2007-07-31,23.8247618095,24.1276190476,23.5352382381,23.8338091905,752042.857143,17.4601278571
2007-08-31,22.3469566957,22.6747825652,21.8991304348,22.2999999565,658608.695652,16.3722213043
2007-09-30,23.2189475263,23.4773683158,23.0052631053,23.2663157368,458321.052632,17.0816516316
2007-10-31,22.0639130435,22.218261,21.6773913913,21.9378261304,619847.826087,16.1718988261
2007-11-30,19.2519047619,19.4195236667,18.8233334762,19.1428570476,844004.761905,14.1793230952
2007-12-31,19.9894736842,20.1868422105,19.7794738947,20.0200001053,711778.947368,14.8290325263
2008-01-31,20.6900000476,21.112381,20.328571381,20.7219044762,1087104.7619,15.4501363333
2008-02-29,21.8284208421,22.0515787895,21.5894738421,21.8199997895,623057.894737,16.3100193684
2008-03-31,20.2750002,20.50650025,19.92950015,20.2445003,725715.0,15.13236445
2008-04-30,22.3063639545,22.544091,21.9486365455,22.3036364091,782450.0,16.7682165909
2008-05-31,23.5249997,23.7434998,23.2865,23.6254998,626255.0,17.8102614
2008-06-30,23.7919046667,24.046666619,23.4295237619,23.6623808571,920757.142857,17.8380644762
2008-07-31,20.3419049048,20.6361904762,20.0357142857,20.3566667143,1047852.38095,15.4502290476
2008-08-31,20.8914285238,21.1590478095,20.726666619,20.9861905238,726485.714286,15.9706681429
2008-09-30,20.6204760476,20.9304761429,20.1709521429,20.5485712857,719085.714286,15.6376362857
2008-10-31,15.3695455455,15.9350000455,14.6654545,15.1918183636,1402904.54545,11.6369369091
2008-11-30,12.7710526316,13.1657894737,12.3515789474,12.6815789474,1493200.0,9.78567026316
2008-12-31,12.8131818182,13.1459090909,12.4586363636,12.8536363636,1357927.27273,9.91843740909
2009-01-31,13.1305263158,13.3826315789,12.7957894737,13.0910526316,1410005.26316,10.1979507368
2009-02-28,12.3410526316,12.5610526316,12.0742105263,12.2931578947,1280710.52632,9.63301636842
2009-03-31,11.0131818182,11.3268181818,10.7863636364,11.1009090909,1008981.81818,8.69876081818
2009-04-30,13.7057142857,14.030952381,13.4857142857,13.8123809524,1067928.57143,10.9152170952
2009-05-31,14.4765,14.7545,14.236,14.5305,963995.0,11.5556538
2009-06-30,14.8754545455,15.0540909545,14.6281818182,14.8090909091,816140.909091,11.7772058636
2009-07-31,14.3945454545,14.6409091364,14.2509090909,14.5077272727,785736.363636,11.6401833182
2009-08-31,16.2047618571,16.4028572381,15.9947618571,16.2295238571,611509.52381,13.093754619
2009-09-30,17.5415001,17.80250005,17.34449995,17.6215,683585.0,14.21678165
2009-10-31,18.8254544091,19.0704545909,18.4636364545,18.7104545455,1290713.63636,15.1824252727
2009-11-30,19.1384211579,19.4031581579,18.9947366316,19.2710525263,814942.105263,15.7116980526
2009-12-31,20.3531819091,20.5409088182,20.1281818182,20.3372727273,767486.363636,16.5809878182
2010-01-31,20.4884213684,20.6684214211,20.1021053684,20.3715792105,1113557.89474,16.7104976316
2010-02-28,18.9861112778,19.1566666667,18.7716665556,19.0161111667,748583.333333,15.6559517778
2010-03-31,20.6965219565,20.9591303913,20.5734781304,20.8230437391,569134.782609,17.1435983913
2010-04-30,21.7399996667,21.9904761905,21.4919047619,21.7923811429,777176.190476,18.0499324286
2010-05-31,20.3973682632,20.6694734737,19.988421,20.3447367895,750936.842105,16.9123508947
2010-06-30,18.6745452273,18.8931818182,18.4209092727,18.5786362727,839513.636364,15.4442115
2010-07-31,18.27849985,18.53299995,18.03899995,18.3134997,735515.0,15.32570445
2010-08-31,17.6804544545,17.8595455455,17.4990909545,17.6404544091,770800.0,14.8269398182
2010-09-30,18.838095381,19.0604761429,18.707619,18.9152382381,747623.809524,15.8984055238
2010-10-31,20.5080001,20.71400025,20.27450005,20.52100005,750785.0,17.35265825
2010-11-30,21.0261903333,21.221428381,20.8533332381,21.035714619,696161.904762,17.8591029524
2010-12-31,21.3109524286,21.5757140476,21.1300001429,21.3466666667,989004.761905,18.1230982381
2011-01-31,22.6609999,22.9864999,22.433,22.701,758125.0,19.39012955
2011-02-28,23.5494735789,23.7236842105,23.3042103684,23.5000001579,570684.210526,20.1361522105
2011-03-31,22.8368182727,23.0781817727,22.6486359545,22.8377274091,663309.090909,19.5686789091
2011-04-30,23.6155003,23.8354999,23.36100015,23.5405001,852625.0,20.292912
2011-05-31,23.1966666667,23.3538094762,23.0252382381,23.2080952381,679823.809524,20.0608361429
2011-06-30,22.3428570476,22.5495237143,22.1342857143,22.323809619,642771.428571,19.2964689048
2011-07-31,22.6520001,22.8685002,22.3929998,22.59999995,593330.0,19.65015425
2011-08-31,19.534091,19.9209091364,19.0995455909,19.4900001364,975200.0,17.0022592727
2011-09-30,18.6857145238,18.953333381,18.2980950952,18.5952381429,1281857.14286,16.2217064762
2011-10-31,21.0809522381,21.3814287143,20.7128575238,21.0999997143,956600.0,18.527260381
2011-11-30,22.7366665714,23.05,22.430952381,22.7376189524,787180.952381,20.0368943333
2011-12-31,23.7499997619,24.0247620476,23.4728570952,23.7347620476,822476.190476,20.917953
2012-01-31,24.3305264737,24.5510526316,24.0305263158,24.3363158947,722126.315789,21.5829081579
2012-02-29,25.43500005,25.62449985,25.1540002,25.35249995,656940.0,22.5476433
2012-03-31,24.9963635,25.26,24.8159091364,25.1104545,784795.454545,22.3323763182
2012-04-30,26.2105258421,26.4557893158,25.9605263158,26.2331582105,715800.0,23.4782068947
2012-05-31,26.1845452273,26.4718180909,25.9245452273,26.2177270455,527695.454545,23.5170750455
2012-06-30,26.0947619524,26.360476381,25.782381,26.0952382381,715576.190476,23.4072024286
2012-07-31,26.8447618095,27.1428572381,26.4528571905,26.7952379524,1154061.90476,24.1728261429
2012-08-31,26.8947826957,27.080435,26.6643476957,26.9156522174,423830.434783,24.3388738696
2012-09-30,28.5694443889,28.7583334444,28.3627781667,28.5949999444,418300.0,25.8574487778
2012-10-31,26.9409521429,27.1980951905,26.511905,26.8409524762,1212128.57143,24.4007697143
2012-11-30,27.0624998,27.37649995,26.84049965,27.17800025,530845.0,24.78849885
2012-12-31,28.9300001,29.19750005,28.71050015,28.9799999,605110.0,26.55764235
2013-01-31,31.0247619524,31.2804762857,30.723333381,31.0895238571,780285.714286,28.5794731905
2013-02-28,31.0868421579,31.3131578421,30.7773685789,31.0463155789,715489.473684,28.5397532632
2013-03-31,31.26900005,31.4780003,30.98449975,31.28499985,467055.0,28.75916725
2013-04-30,30.839091,31.0531817273,30.4999997727,30.8472729545,608654.545455,28.501661
2013-05-31,33.2209083636,33.5159088182,32.8663634091,33.2586357727,484745.454545,29.5279311364
2013-06-30,32.28800005,32.51849975,31.9740001,32.22749985,425115.0,29.84684475
2013-07-31,33.8338093333,34.1385714762,33.5995234286,33.9019042857,522700.0,31.5518515238
2013-08-31,35.1654546364,35.4549999091,34.9536366818,35.1645457727,353868.181818,32.7877384545
2013-09-30,35.4995002,35.82099965,35.2394999,35.54900015,342225.0,33.14620735
2013-10-31,37.4568180455,37.7486361364,37.1100002727,37.4981819091,788618.181818,35.0797879545
2013-11-30,39.2730002,39.51200025,38.9754999,39.3044998,425925.0,36.8873335
2013-12-31,40.09800005,40.42050035,39.886,40.1785003,547665.0,37.70758415
2014-01-31,41.7895240952,42.0538101429,41.3428573333,41.6809521429,1114842.85714,39.2863464762
2014-02-28,39.5283331667,39.8955554444,39.2344446111,39.6016665556,757755.555556,37.3765002222
2014-03-31,42.2080954762,42.4885713333,41.884285619,42.1080952381,507128.571429,39.742096
2014-04-30,42.5128567619,42.874761619,41.9833330952,42.389523619,729547.619048,40.171991619
2014-05-31,42.4761905714,42.8076192857,42.1838095238,42.4961904286,436804.761905,40.3393854286
2014-06-30,44.8133336667,45.2290475714,44.6071427619,45.0080949048,659409.52381,42.7238073333
2014-07-31,45.1842856667,45.4409521429,44.843809381,45.1023807619,773285.714286,42.9858732381
2014-08-31,45.6738098571,45.9557143333,45.418095,45.7704761429,403771.428571,43.6785492381
2014-09-30,46.8176191429,47.1223805714,46.5438090476,46.8247620952,570380.952381,44.6846492857
2014-10-31,43.381739087,43.7839130435,42.7199995652,43.3243477391,974482.608696,41.4792062174
2014-11-30,46.8173681579,47.1326315789,46.5289471053,46.8936843684,566952.631579,45.0357352105
2014-12-31,49.4180953333,49.8752379524,49.034285381,49.5242854762,526976.190476,47.5621105238
2015-01-31,46.7390002,47.3840002,46.2190003,46.9019998,1404750.0,45.2500906
2015-02-28,49.5326320526,49.904737,49.2136841579,49.6557894211,741652.631579,47.9638767895
2015-03-31,48.6985711905,48.936190381,48.3142858095,48.5738097143,904942.857143,46.9187631905
2015-04-30,48.0833329524,48.3328575714,47.7100005714,48.0371429524,1106857.14286,46.5956978095
2015-05-31,49.53749975,49.86899985,49.2844999,49.6419997,634185.0,48.215082
2015-06-30,50.0454545455,50.2922722727,49.6809093182,49.9968181364,615359.090909,46.5442741818
2015-07-31,47.6786365455,47.9927274091,47.1677271364,47.5690910909,769709.090909,46.3960654091
2015-08-31,45.571428381,46.0861903333,45.0780954762,45.5528569524,536728.571429,44.4856185714
2015-09-30,43.4633330476,43.8071428095,43.0385717619,43.3900001429,547523.809524,42.3737117619
2015-10-31,43.836666619,44.3266664762,43.4380955238,44.0442857143,793357.142857,43.155569619
2015-11-30,46.0569999,46.497,45.7045004,46.1860005,520495.0,45.3878961
2015-12-31,45.0222727727,45.3304545909,44.6281818636,44.9081815909,698850.0,44.1321583636
2016-01-31,40.4344445556,40.8066667222,39.8250001111,40.2072226667,1020155.55556,39.6689313333
2016-02-29,39.1075,39.59600035,38.74600035,39.23999975,835595.0,38.81922245
2016-03-31,44.1177275,44.6186365909,43.9004546364,44.4386361364,596404.545455,43.9621128182
2016-04-30,49.7814285714,50.2538096667,49.5142859048,50.0442858095,831980.952381,49.6651300476
2016-05-31,49.973809381,50.3371427143,49.6180948095,49.9419050476,625000.0,49.6765647619
2016-06-30,50.3245451818,50.6850001364,49.9463634545,50.3549997727,549595.454545,50.0874643182
2016-07-31,51.38400005,51.8160001,51.0555,51.5184998,580425.0,51.4105003
2016-08-31,54.1657148571,54.5185717143,53.8600008571,54.2371434286,493157.142857,54.2371434286
