Date,Open,High,Low,Close,Volume,Adj Close
2002-02-28,15.0166666667,15.0366666667,15.0,15.0066666667,318833.333333,3.62079866667
2002-03-31,15.1105263158,15.1868421053,15.0189473684,15.0910526316,84152.6315789,3.64115921053
2002-04-30,15.2595454545,15.3336363636,15.1495454545,15.2581818182,97977.2727273,3.69764540909
2002-05-31,15.2290909091,15.2968181818,15.1222727273,15.1981818182,91372.7272727,3.70836745455
2002-06-30,15.207,15.2645,15.1125,15.217,110825.0,3.7390224
2002-07-31,14.4980952381,14.7057142857,14.1404761905,14.4957142857,118885.714286,3.58744333333
2002-08-31,14.6504545455,14.7495454545,14.4927272727,14.6809090909,68790.9090909,3.65751372727
2002-09-30,14.9505,15.063,14.7535,14.9285,95840.0,3.7471366
2002-10-31,13.5109090909,13.6768181818,13.2504545455,13.4386363636,95450.0,3.39945822727
2002-11-30,13.174,13.3305,13.0525,13.229,92335.0,3.37022655
2002-12-31,13.1328571429,13.4023809524,13.0033333333,13.260952381,94266.6666667,3.40608219048
2003-01-31,13.556,13.685,13.4305,13.6125,93985.0,3.5234418
2003-02-28,13.5294736842,13.6347368421,13.4305263158,13.5389473684,69868.4210526,3.53074031579
2003-03-31,13.8028571429,13.9204761905,13.6747619048,13.8066666667,65861.9047619,3.6294142381
2003-04-30,14.434,14.5365,14.3065,14.4555,73150.0,3.82716025
2003-05-31,14.9123809524,14.9971428571,14.829047619,14.9371428571,94561.9047619,3.985068
2003-06-30,15.2357142857,15.3180952381,15.1242857143,15.230952381,103685.714286,4.09459466667
2003-07-31,15.6609524762,15.7790475714,15.4838095238,15.6366666667,96419.047619,4.23301114286
2003-08-31,15.2966666667,15.3938095238,15.119047619,15.2661904762,77023.8095238,4.1611427619
2003-09-30,15.8004760952,15.897619,15.6566666667,15.7938095714,82561.9047619,4.33711704762
2003-10-31,16.463913,16.5826085217,16.3269564348,16.4769565217,84100.0,4.55623713043
2003-11-30,16.8842106842,17.0405262632,16.6842104211,16.8694738947,107921.052632,4.69300410526
2003-12-31,17.3199998182,17.4799999545,17.1931818182,17.3400000909,75381.8181818,4.87099695455
2004-01-31,17.6131581053,17.7131578947,17.5010528421,17.595789,84094.7368421,4.99273236842
2004-02-29,17.8357893158,17.9863156842,17.7294737368,17.8378946842,94094.7368421,5.092664
2004-03-31,18.8843477826,19.0178262174,18.7695652609,18.9030436087,117234.782609,5.43050126087
2004-04-30,16.5142857143,16.7580952857,16.0976190952,16.3785713333,290033.333333,4.73672609524
2004-05-31,15.73550005,15.92550005,15.54400005,15.77,151095.0,4.5961039
2004-06-30,16.5209525714,16.6404762381,16.3852383333,16.5099997619,86857.1428571,4.8450217619
2004-07-31,16.9305,17.05550005,16.8575002,16.9665002,68440.0,5.01412415
2004-08-31,17.4672729091,17.5781819091,17.3959090455,17.515,69227.2727273,5.21222109091
2004-09-30,17.6423808095,17.6966665714,17.5071429524,17.6204763333,109009.52381,5.2773662381
2004-10-31,18.17449995,18.2755,18.0835002,18.1999999,79070.0,5.4859163
2004-11-30,18.6390475714,18.7590475714,18.4509522381,18.5795238571,105790.47619,5.63686885714
2004-12-31,19.8549998182,20.0313637273,19.7581817727,19.9259090909,115377.272727,6.08814677273
2005-01-31,19.6089473684,19.7715791579,19.3994738421,19.5573685789,138657.894737,6.03269647368
2005-02-28,19.8299998421,19.9531579474,19.6899998947,19.818421,101821.052632,6.15210426316
2005-03-31,19.0522725,19.2518182273,18.8954545909,19.0695452273,125422.727273,5.96333031818
2005-04-30,19.0495002,19.1915,18.94549995,19.0965001,72435.0,6.01670625
2005-05-31,19.9709523333,20.0714285714,19.8399997619,19.9614287143,81123.8095238,6.33486285714
2005-06-30,20.7199999091,20.8545455,20.6368182273,20.7681815909,84859.0909091,6.63472618182
2005-07-31,21.5184210526,21.6431581053,21.3073684211,21.4647368421,81736.8421053,6.90419431579
2005-08-31,20.294347913,20.4278262174,20.0921741739,20.2465218696,116526.086957,6.55522982609
2005-09-30,20.50799965,20.61950025,20.35349995,20.50700025,65780.0,6.6850682
2005-10-31,19.3947621429,19.5033334286,19.1709523333,19.3519046667,86480.952381,6.353539
2005-11-30,19.1947619524,19.3223807619,19.0700000476,19.2138095714,76538.0952381,6.35510190476
2005-12-31,19.4779999,19.57899975,19.37250025,19.47799995,72835.0,6.57358465
2006-01-31,20.56150015,20.79149995,20.45000005,20.69499985,79935.0,7.32897305
2006-02-28,20.8057894211,20.8894736316,20.6694737895,20.7978947368,66189.4736842,7.40909342105
2006-03-31,21.7309090909,21.8672725455,21.5968180909,21.7281818182,59722.7272727,7.79486409091
2006-04-30,21.1147367895,21.3031578947,20.9594735263,21.1457895789,78289.4736842,7.63838873684
2006-05-31,20.8445453636,20.9445456364,20.6586366364,20.7968183636,60231.8181818,7.56042877273
2006-06-30,20.54,20.7057142381,20.383333381,20.5519045238,51471.4285714,7.52276695238
2006-07-31,21.72300005,21.89399985,21.61750015,21.8249999,57055.0,8.0478836
2006-08-31,22.7960867391,22.8678262174,22.6608697826,22.8091307826,59752.173913,8.46333830435
2006-09-30,23.746842,23.8342105263,23.5915789474,23.7378948421,66642.1052632,8.86488678947
2006-10-31,24.7745455909,24.874091,24.6399997727,24.79,62104.5454545,9.31304481818
2006-11-30,24.34799985,24.5415004,24.10149995,24.34299995,102385.0,9.19645245
2006-12-31,25.0694999,25.241,24.93050005,25.09450005,71335.0,9.5346919
2007-01-31,26.06249975,26.268,25.87,26.13849975,116115.0,9.99246125
2007-02-28,25.6244446111,25.8572224444,25.2872221111,25.5511111667,98877.7777778,9.81496655556
2007-03-31,23.8545453636,24.0981815,23.5709092273,23.8495453636,84195.4545455,9.22136227273
2007-04-30,24.21049995,24.37599995,24.11249985,24.2365001,66905.0,9.43137895
2007-05-31,23.1466668571,23.3619049048,22.954285619,23.1628570952,108757.142857,9.06498419048
2007-06-30,21.8723812381,22.0261908571,21.5842858571,21.7823809524,115604.761905,8.58134342857
2007-07-31,20.5171427619,20.67,20.2147617619,20.4642859048,134052.380952,8.12414085714
2007-08-31,18.4327270909,18.7913635909,18.1404545455,18.5627271364,207831.818182,7.42607281818
2007-09-30,20.9426317368,21.1721053158,20.7084211053,20.9805262632,85521.0526316,8.45771947368
2007-10-31,21.0322728636,21.2540911818,20.811818,21.0659091818,88759.0909091,8.54831077273
2007-11-30,19.1304763333,19.327619,18.7514286667,18.9371428095,109138.095238,7.7387302381
2007-12-31,16.7874999,17.01000015,16.342,16.5269999,191390.0,6.99014135
2008-01-31,15.51199995,15.90349995,15.18449995,15.584,201855.0,7.10697765
2008-02-29,15.81050005,16.0299999,15.5739999,15.7835,125065.0,7.261636
2008-03-31,14.7954999,15.0239999,14.528,14.77600005,142785.0,6.87433785
2008-04-30,16.6419047619,16.8947619524,16.4733333333,16.7252380476,89271.4285714,7.85633390476
2008-05-31,17.9090475714,18.129524,17.766666619,17.9414287143,101723.809524,8.49901590476
2008-06-30,17.4555,17.58,17.16550005,17.3074999,121435.0,8.26719415
2008-07-31,14.8222727273,15.1340909545,14.4504545455,14.8163636364,145486.363636,7.14952895455
2008-08-31,15.3590476667,15.5657143333,15.179047619,15.3961904286,73828.5714286,7.49726028571
2008-09-30,14.0115,14.32649995,13.638,13.9465,159130.0,6.85831005
2008-10-31,7.62304347826,7.98173913043,6.98043478261,7.45913043478,272830.434783,3.73863730435
2008-11-30,4.79736842105,4.94578947368,4.41736842105,4.64263157895,287168.421053,2.37948336842
2008-12-31,3.32285714286,3.50428571429,3.15571428571,3.33714285714,285680.952381,1.78510971429
2009-01-31,3.7205,3.847,3.589,3.7525,255075.0,2.03598765
2009-02-28,3.12263157895,3.22315789474,2.97157894737,3.08263157895,190947.368421,1.67253821053
2009-03-31,1.98181818182,2.07090909091,1.86681818182,1.96,196472.727273,1.07929145455
2009-04-30,2.87428571429,3.03857142857,2.77380952381,2.94761904762,185714.285714,1.72688228571
2009-05-31,3.7835,3.9035,3.6605,3.8045,199710.0,2.2288917
2009-06-30,4.14857142857,4.24476190476,4.03571428571,4.1480952381,187533.333333,2.45266814286
2009-07-31,4.12,4.18772727273,4.03227272727,4.12954545455,123772.727273,2.47478063636
2009-08-31,5.485,5.595,5.2975,5.4265,275110.0,3.2520279
2009-09-30,5.7780952381,5.86380952381,5.62761904762,5.74285714286,167466.666667,3.4621067619
2009-10-31,5.67272727273,5.75863636364,5.56772727273,5.64363636364,153477.272727,3.43307609091
2009-11-30,5.3625,5.45,5.289,5.379,139970.0,3.27209525
2009-12-31,5.82952380952,5.90380952381,5.77428571429,5.85285714286,208528.571429,3.60816119048
2010-01-31,6.03157894737,6.09210526316,5.94947368421,6.02263157895,282126.315789,3.72406536842
2010-02-28,5.80684210526,5.89,5.72684210526,5.83473684211,308147.368421,3.60788147368
2010-03-31,6.81909090909,6.91954545455,6.75545454545,6.86636363636,488931.818182,4.30431381818
2010-04-30,7.4880952381,7.62476190476,7.42380952381,7.52476190476,460771.428571,4.7228402381
2010-05-31,7.0185,7.1705,6.624,6.9995,605355.0,4.393165
2010-06-30,6.71619047619,6.82428571429,6.60904761905,6.71333333333,388685.714286,4.23492814286
2010-07-31,6.55666666667,6.6919047619,6.45952380952,6.60714285714,433823.809524,4.20274242857
2010-08-31,6.935,7.03772727273,6.87,6.96363636364,396954.545455,4.42950472727
2010-09-30,7.6315,7.715,7.544,7.6585,685750.0,4.91114735
2010-10-31,8.21285714286,8.29761904762,8.14619047619,8.24333333333,559495.238095,5.36298071429
2010-11-30,8.64666666667,8.72523809524,8.55333333333,8.66285714286,414666.666667,5.63591609524
2010-12-31,8.65142857143,8.73952380952,8.56523809524,8.64714285714,365452.380952,5.66551114286
2011-01-31,8.9375,9.035,8.8695,8.9805,321230.0,5.9677675
2011-02-28,9.66842105263,9.74526315789,9.56421052632,9.67684210526,370731.578947,6.43050452632
2011-03-31,9.72956521739,9.81260869565,9.60913043478,9.72260869565,325626.086957,6.50233530435
2011-04-30,9.8645,9.92,9.766,9.8625,285790.0,6.6751218
2011-05-31,10.1280952381,10.1914285714,10.0333333333,10.1476190476,258842.857143,6.86809561905
2011-06-30,9.64857142857,9.72714285714,9.53095238095,9.62952380952,346819.047619,6.56496857143
2011-07-31,9.8685,9.952,9.7645,9.8735,340245.0,6.8121854
2011-08-31,8.48956521739,8.66434782609,8.24652173913,8.47304347826,479730.434783,5.84594543478
2011-09-30,8.32857142857,8.41761904762,8.17714285714,8.30047619048,296842.857143,5.776319
2011-10-31,7.95761904762,8.10285714286,7.84666666667,8.01095238095,292600.0,5.64403509524
2011-11-30,8.27333333333,8.37,8.14904761905,8.2580952381,230361.904762,5.81815690476
2011-12-31,8.218,8.306,8.141,8.2205,288995.0,5.83787305
2012-01-31,8.9425,9.0695,8.89,9.013,267540.0,6.4918293
2012-02-29,9.5395,9.6,9.463,9.539,231640.0,6.8706934
2012-03-31,9.52333333333,9.60285714286,9.47761904762,9.54952380952,245700.0,6.94663809524
2012-04-30,10.047,10.136,9.9625,10.0595,340780.0,7.38230545
2012-05-31,9.965,10.0395454545,9.85136363636,9.95454545455,281527.272727,7.30528322727
2012-06-30,9.96095238095,10.0757142857,9.88380952381,9.98476190476,255142.857143,7.36512638095
2012-07-31,10.6919047619,10.809047619,10.6038095238,10.7066666667,226390.47619,7.99937885714
2012-08-31,10.8286956522,10.8747826087,10.7286956522,10.8282608696,249639.130435,8.09022682609
2012-09-30,10.8726315789,10.9352631579,10.7715789474,10.8668421053,299268.421053,8.18118147368
2012-10-31,10.506,10.5615,10.4085,10.496,243445.0,7.9706555
2012-11-30,10.2195238095,10.3028571429,10.0685714286,10.199047619,296076.190476,7.74515019048
2012-12-31,10.273,10.359,10.1605,10.255,286260.0,7.84200865
2013-01-31,10.56,10.633,10.525,10.5975,355060.0,8.18975325
2013-02-28,10.8210526316,10.8831578947,10.7610526316,10.8347368421,306973.684211,8.37309026316
2013-03-31,11.1605,11.248,11.0805,11.192,298445.0,8.71192855
2013-04-30,11.8152380952,11.8976190476,11.7195238095,11.8466666667,314295.238095,9.30159166667
2013-05-31,12.5172727273,12.6109090909,12.3527272727,12.4709090909,352822.727273,9.79172509091
2013-06-30,10.9235,11.0845,10.732,10.9215,494780.0,8.6342426
2013-07-31,11.0733333333,11.1466666667,10.959047619,11.0428571429,226957.142857,8.80629828571
2013-08-31,9.88363636364,9.97045454545,9.76772727273,9.85,391522.727273,7.85503590909
2013-09-30,9.812,9.9175,9.747,9.829,324355.0,7.89461175
2013-10-31,9.99863636364,10.0795454545,9.92545454545,10.0263636364,290618.181818,8.13917131818
2013-11-30,9.855,9.908,9.774,9.833,307505.0,7.98220325
2013-12-31,9.32380952381,9.41428571429,9.2719047619,9.34714285714,577795.238095,7.64452304762
2014-01-31,9.633,9.7115,9.59,9.658,347795.0,7.993038
2014-02-28,10.0326315789,10.1110526316,9.99947368421,10.0678947368,259089.473684,8.33227005263
2014-03-31,10.4057142857,10.4823809524,10.349047619,10.419047619,332500.0,8.68904552381
2014-04-30,10.5455,10.602,10.4965,10.5595,227405.0,8.897113
2014-05-31,10.9995238095,11.0542857143,10.9480952381,11.0204761905,309323.809524,9.28551742857
2014-06-30,11.2419047619,11.2919047619,11.1757142857,11.2519047619,244595.238095,9.54226304762
2014-07-31,11.3195454545,11.3695454545,11.255,11.3113636364,190622.727273,9.69433690909
2014-08-31,11.1605,11.228,11.098,11.1775,192945.0,9.5796097
2014-09-30,10.9580952381,11.01,10.8823809524,10.9504761905,192347.619048,9.46201895238
2014-10-31,10.9330434783,11.0452173913,10.8986956522,10.99,213217.391304,9.58569817391
2014-11-30,11.6478947368,11.7057894737,11.6047368421,11.6594736842,266094.736842,10.1696249474
2014-12-31,11.9890909091,12.0786363636,11.9327272727,12.0204545455,304595.454545,10.5452004545
2015-01-31,12.596,12.691,12.529,12.622,325380.0,11.1828939
2015-02-28,12.3583333333,12.4427777778,12.2633333333,12.3438888889,351777.777778,10.9364916667
2015-03-31,12.1886363636,12.2977272727,12.1263636364,12.2159090909,335509.090909,10.9224994545
2015-04-30,12.2528571429,12.3076190476,12.1685714286,12.2271428571,255542.857143,11.0488184762
2015-05-31,11.7826315789,11.8778947368,11.6921052632,11.7610526316,331352.631579,10.6276452105
2015-06-30,11.195,11.255,11.1,11.1527272727,340004.545455,10.1652035455
2015-07-31,11.1945454545,11.2695454545,11.1263636364,11.2081818182,218650.0,10.3476327727
2015-08-31,11.2845,11.395,11.146,11.269,250670.0,10.4037814
2015-09-30,10.9404761905,11.0419047619,10.8504761905,10.9766666667,254728.571429,10.2285317143
2015-10-31,11.6431818182,11.765,11.5895454545,11.6545454545,289390.909091,10.9909095455
2015-11-30,11.465,11.5495,11.3645,11.4495,199565.0,10.79753995
2015-12-31,11.5386363636,11.6622727273,11.4713636364,11.5872727273,235240.909091,11.0312218636
2016-01-31,11.3189473684,11.4157894737,11.1547368421,11.2973684211,311205.263158,10.8737431579
2016-02-29,10.9036842105,11.0042105263,10.7694736842,10.9031578947,257215.789474,10.4943146842
2016-03-31,11.7531818182,11.8713636364,11.675,11.8081818182,233818.181818,11.4603435
2016-04-30,12.2842857143,12.369047619,12.2028571429,12.2933333333,265604.761905,12.0709972381
2016-05-31,12.452,12.5515,12.3845,12.4775,254430.0,12.25183345
2016-06-30,12.9968181818,13.1259090909,12.9054545455,13.0472727273,309345.454545,12.9091212727
2016-07-31,13.97,14.117,13.882,14.009,322660.0,14.009
2016-08-31,14.236,14.304,14.024,14.122,393720.0,14.122
