Date,Open,High,Low,Close,Volume,Adj Close
2003-10-31,7.36736842105,7.74894947368,7.24210578947,7.702635,9142.10526316,5.13509
2003-11-30,8.27579052632,8.46157894737,7.992105,8.18000052632,9947.36842105,5.45333368421
2003-12-31,8.83428642857,9.18762071429,8.71904857143,9.03571571429,36033.3333333,6.02381047619
2004-01-31,9.98450025,10.23950025,9.741501,10.039998,31620.0,6.693332
2004-02-29,11.1363158421,11.5442093158,10.9452647368,11.4489473684,18352.6315789,7.63263157895
2004-03-31,11.777726,11.9927265455,11.4913636364,11.8918165909,21222.7272727,7.92787772727
2004-04-30,12.0076186667,12.2919020952,11.7433329524,12.0642850952,115080.952381,8.04285666667
2004-05-31,12.35300115,12.5404987,12.0450009,12.293001,71155.0,8.195334
2004-06-30,12.6814295714,12.984284381,12.4571430952,12.7023808095,82195.2380952,8.46825380952
2004-07-31,12.98700075,13.21549945,12.77750245,12.944001,60525.0,8.629334
2004-08-31,11.4281829091,11.6359084091,11.1550002727,11.3050002727,38600.0,7.53666681818
2004-09-30,10.9566657143,11.2276192857,10.7314278571,10.9480957143,20600.0,7.29873047619
2004-10-31,12.47150125,12.7969987,12.2785007,12.63850135,35215.0,8.4256675
2004-11-30,14.6238094762,14.9952392857,14.3890470952,14.7695244762,331080.952381,9.84634952381
2004-12-31,15.4399996818,15.7390922273,15.1700011818,15.4981805455,125750.0,10.3321204545
2005-01-31,15.7100004,15.8729993,15.22849875,15.49599925,117015.0,10.330666
2005-02-28,15.3247364211,15.4915792105,15.0768433158,15.3163160526,106789.473684,10.2108773684
2005-03-31,16.0531813182,16.1813646364,15.8140906364,16.0272709545,118913.636364,10.6848472727
2005-04-30,15.62749975,15.82950015,15.2210001,15.42599975,94565.0,10.284
2005-05-31,14.369048,14.5576192381,14.1133324286,14.3219066667,155052.380952,9.54793761905
2005-06-30,13.8509101364,14.0859081818,13.6213643182,13.8295465909,197750.0,9.21969772727
2005-07-31,14.7752627368,15.0873688421,14.5652628421,14.9073686316,267015.789474,9.93824578947
2005-08-31,15.9282599565,16.1839121739,15.5513047391,15.8904345652,193152.173913,10.5936230435
2005-09-30,15.7790471429,15.9223815714,15.3947612857,15.6947642381,127261.904762,10.4631761905
2005-10-31,14.72250155,14.86099955,14.42700085,14.63500045,133615.0,9.756667
2005-11-30,15.2552385238,15.374761381,14.9395250476,15.2028572381,137895.238095,10.1352380952
2005-12-31,15.1233335714,15.2376194286,14.7985720952,14.9823829048,116204.761905,9.9882552381
2006-01-31,16.5405251053,16.7694724211,16.2684196842,16.5768424737,184931.578947,11.0512284211
2006-02-28,17.629474,17.8952627895,17.305263,17.6252604737,225336.842105,11.7501736842
2006-03-31,18.6560862174,18.8413034348,18.3308692609,18.5704357391,286904.347826,12.3802904348
2006-04-30,18.3361117222,18.6972208889,18.0433342222,18.4122217222,320027.777778,12.2748144444
2006-05-31,18.4309082727,18.6490907273,18.0322716818,18.3954545455,211986.363636,12.2636363636
2006-06-30,17.342274,17.6504566818,16.961818,17.3918183182,230640.909091,11.5945454545
2006-07-31,17.9215777895,18.3568428947,17.4657898947,18.0226318421,148715.789474,12.0150878947
2006-08-31,17.3678268696,17.6756532609,17.07,17.3347825217,102234.782609,11.5565217391
2006-09-30,16.50049945,16.8359999,16.15699915,16.47950105,141990.0,10.986334
2006-10-31,17.8859100909,18.1904559545,17.6800000455,18.0122721818,143463.636364,12.0078781818
2006-11-30,18.1399987143,18.4219057143,17.8638087143,18.1123801429,113500.0,12.07492
2006-12-31,17.9169988,18.1045007,17.61949995,17.867,112405.0,11.9113335
2007-01-31,17.4857896842,17.7784216316,17.2705254737,17.5684191053,115094.736842,11.7122794737
2007-02-28,19.1231588947,19.3763172105,18.8694733158,19.1378944211,117936.842105,12.7585963158
2007-03-31,19.047142619,19.3595248095,18.8190484762,19.0480954762,140214.285714,12.6987304762
2007-04-30,20.15350105,20.4654999,19.78849865,20.18749855,141275.0,13.4583325
2007-05-31,22.8977276818,23.2977273636,22.5995454545,23.0568175909,196390.909091,15.3712117273
2007-06-30,23.48399915,23.8279997,23.0320019,23.2869995,162140.0,15.52466635
2007-07-31,26.5100006667,26.9990478095,26.0861899048,26.6333328095,437419.047619,17.7555551429
2007-08-31,26.4181812727,27.0836358182,25.7922716818,26.2654548636,332409.090909,17.5103031818
2007-09-30,25.5510520526,26.0552636842,25.0663147368,25.5394743158,237752.631579,17.0263162105
2007-10-31,20.2669566522,20.683043,19.8043472174,20.2265206087,209260.869565,17.1311586522
2007-11-30,15.7035,16.0714999,15.2095,15.66350005,266235.0,15.66350005
2007-12-31,17.35150015,17.7685,17.04149985,17.4365001,402145.0,17.4365001
2008-01-31,16.560952381,17.0761904762,16.0314285238,16.5704762857,292357.142857,16.5704762857
2008-02-29,16.24800015,16.57499975,15.82249985,16.23799995,219710.0,15.49199995
2008-03-31,15.4295,15.89400005,15.029,15.477,235170.0,15.477
2008-04-30,15.8504546364,16.2454545455,15.4631817727,15.8590909545,179322.727273,15.8590909545
2008-05-31,16.113,16.51949985,15.70850005,16.12949995,173765.0,16.12949995
2008-06-30,14.1471427619,14.4604761429,13.760952381,13.9790475238,209157.142857,13.9790475238
2008-07-31,11.8477272727,12.1868181818,11.4072727273,11.8495454545,268250.0,11.8495454545
2008-08-31,12.6066666667,12.9757142857,12.3647619048,12.7052380952,159438.095238,12.7033333333
2008-09-30,13.49,13.8685714286,13.0504761905,13.440952381,257666.666667,13.440952381
2008-10-31,8.68130434783,9.17043478261,8.25173913043,8.59130434783,311452.173913,8.59130434783
2008-11-30,7.525,7.90111111111,7.17444444444,7.47611111111,243372.222222,7.47611111111
2008-12-31,8.82727272727,9.26318181818,8.25909090909,8.82681818182,242577.272727,8.82681818182
2009-01-31,8.748,9.1545,8.3875,8.8265,142350.0,8.8265
2009-02-28,9.31105263158,9.71473684211,8.94526315789,9.31736842105,122842.105263,9.31736842105
2009-03-31,7.90523809524,8.34285714286,7.50285714286,7.96761904762,176100.0,7.96761904762
2009-04-30,10.5233333333,11.0347619048,10.0947619048,10.8166666667,204914.285714,10.8166666667
2009-05-31,12.339,12.733,11.9395,12.262,192480.0,12.262
2009-06-30,12.1514285714,12.4519047619,11.8395238095,12.0623809524,150771.428571,12.0623809524
2009-07-31,11.9045454545,12.255,11.555,11.9627272727,101590.909091,11.9627272727
2009-08-31,13.6728571429,14.03,13.3285714286,13.7138095238,104742.857143,13.7138095238
2009-09-30,13.2425,13.4275,12.9055,13.1585,103565.0,13.1585
2009-10-31,12.3213636364,12.48,12.0345454545,12.2163636364,88018.1818182,12.2163636364
2009-11-30,11.2135,11.5115,10.9555,11.222,97060.0,11.222
2009-12-31,11.5557142857,11.79,11.3261904762,11.5676190476,98652.3809524,11.5676190476
2010-01-31,11.87,12.1005263158,11.5163157895,11.8257894737,91726.3157895,11.8257894737
2010-02-28,11.5542105263,11.74,11.2610526316,11.5315789474,87210.5263158,11.5315789474
2010-03-31,12.1863636364,12.4604545455,12.065,12.2981818182,101127.272727,12.2981818182
2010-04-30,15.5428570476,15.868571619,15.3271429048,15.6723809524,141461.904762,15.6723809524
2010-05-31,15.33850005,15.66050005,14.90449995,15.2755,111470.0,15.2755
2010-06-30,14.395,14.6459090909,14.0236363636,14.3,116722.727273,14.3
2010-07-31,13.796,14.1495,13.536,13.879,99595.0,13.879
2010-08-31,13.83,14.1340909091,13.4972727273,13.7677272727,98568.1818182,13.7677272727
2010-09-30,14.4876190476,14.7871428571,14.2395238095,14.5457142857,99704.7619048,14.5457142857
2010-10-31,15.64200005,15.867,15.3265,15.617,165395.0,15.617
2010-11-30,17.0857142857,17.3957143333,16.902857,17.2009522857,99352.3809524,17.2009522857
2010-12-31,19.86,20.1736362273,19.6377272727,19.8959089545,148500.0,19.8959089545
2011-01-31,19.7052632632,19.9031577895,19.3242102632,19.5736842105,183563.157895,19.5736842105
2011-02-28,19.7552631579,20.0547365789,19.4231579474,19.7721052632,224600.0,19.7721052632
2011-03-31,19.0265216957,19.3730435217,18.7813044783,19.0404348696,172269.565217,19.0404348696
2011-04-30,20.7689474211,21.0763155263,20.5463155789,20.7847366842,158552.631579,20.7847366842
2011-05-31,20.1166665238,20.4238096667,19.8004762857,20.0999998571,124080.952381,20.0999998571
2011-06-30,18.2740911818,18.5031817273,18.0168181364,18.249091,132322.727273,18.249091
2011-07-31,19.8526314211,20.1005266842,19.5205263158,19.8389475789,109642.105263,19.8389475789
2011-08-31,16.9508693478,17.4891305652,16.4252172609,16.8943478696,155078.26087,16.8943478696
2011-09-30,16.6280952381,17.1509521429,16.1095237143,16.48,142076.190476,16.48
2011-10-31,16.8757141429,17.3804760952,16.3347618571,16.9785714286,140485.714286,16.9557142857
2011-11-30,19.005714381,19.3595237143,18.6076192381,19.0019047143,131290.47619,19.0019047143
2011-12-31,19.7423809524,20.094285619,19.4152383333,19.767619381,120461.904762,19.767619381
2012-01-31,21.6105263158,21.9278944737,21.2815786842,21.6863156316,144215.789474,21.6863156316
2012-02-29,23.6725,23.9419998,23.249,23.6915,195015.0,23.6915
2012-03-31,22.8827275,23.1345454545,22.4559092727,22.7486363182,122922.727273,22.7486363182
2012-04-30,19.78899985,20.0639998,19.37950005,19.6380001,190640.0,19.6375001
2012-05-31,16.8050002727,17.0218180909,16.4768180455,16.7459090909,226636.363636,16.7459090909
2012-06-30,16.0542857619,16.2961905714,15.7890477143,16.0414287143,168214.285714,16.0414287143
2012-07-31,15.343,15.59950005,15.07199995,15.32549995,179640.0,15.32549995
2012-08-31,17.0721738696,17.339999913,16.8539129565,17.0717393478,100991.304348,17.0717393478
2012-09-30,18.2600001579,18.5157891579,18.0047370526,18.3357896842,138178.947368,18.3357896842
2012-10-31,18.82549995,19.03499985,18.5495001,18.82450015,160070.0,18.82450015
2012-11-30,19.2604761429,19.5576191905,18.7852378095,19.2747620476,101985.714286,19.2747620476
2012-12-31,19.7944998,20.06800015,19.36800025,19.83900005,75860.0,19.83900005
2013-01-31,22.52999985,22.8310002,22.27349975,22.66300015,130295.0,22.66300015
2013-02-28,23.9621051579,24.2815787895,23.6336844211,23.9731581053,139189.473684,23.9731581053
2013-03-31,25.2329999,25.44150005,24.9955,25.2309999,122285.0,25.2309999
2013-04-30,23.0671428571,23.3371430952,22.6819047619,22.9971425714,91023.8095238,22.9971425714
2013-05-31,25.8754543636,26.3572725909,25.5568180455,26.0231818636,83959.0909091,26.0231818636
2013-06-30,25.3350001,25.77950015,24.86249985,25.249,152445.0,25.249
2013-07-31,25.5109090909,25.8727272273,25.1963634091,25.6027273182,174813.636364,25.5718182273
2013-08-31,25.2659091364,25.6863637273,25.0500000909,25.3186362273,98890.9090909,25.3186362273
2013-09-30,26.46750005,26.8905002,26.1420002,26.56950015,109620.0,26.56950015
2013-10-31,27.9418179091,28.3840907727,27.5977272273,28.0268179545,90868.1818182,28.0268179545
2013-11-30,28.6220004,28.9654997,28.1915002,28.6020002,64240.0,28.6020002
2013-12-31,28.5394999,29.00549995,28.094,28.6505001,99320.0,28.6505001
2014-01-31,28.6190475714,29.0233332857,28.2266668571,28.5552380476,69590.4761905,28.5552380476
2014-02-28,27.9763156842,28.4205263158,27.6289472105,28.0294738947,83689.4736842,28.0294738947
2014-03-31,30.284285619,30.7404760476,30.0152380952,30.4842857143,85871.4285714,30.4842857143
2014-04-30,33.4819045238,33.9961903333,32.9952378571,33.5680951905,170404.761905,33.5361905238
2014-05-31,32.5842856667,32.9871425714,32.2066667143,32.6714285714,128238.095238,32.6714285714
2014-06-30,33.3070005,33.725,32.91450035,33.4365004,145165.0,33.4365004
2014-07-31,34.7245450909,35.010909,34.2940905909,34.6927269091,143859.090909,34.6927269091
2014-08-31,36.059999619,36.373333381,35.7147618571,36.0666669524,105052.380952,36.0666669524
2014-09-30,35.3190003,35.71550045,34.8589998,35.2369997,109730.0,35.2369997
2014-10-31,33.9413038696,34.5443477391,33.3539126522,34.0378258696,188504.347826,34.0378258696
2014-11-30,36.4252632105,36.8042105789,35.9673685789,36.2531578421,134594.736842,36.2531578421
2014-12-31,33.6371427619,34.1066667619,33.0666670952,33.5276188571,181133.333333,33.5276188571
2015-01-31,29.09200005,29.41699985,28.3454998,28.83650035,207795.0,28.83650035
2015-02-28,29.1626317368,29.7473684737,28.7121051053,29.1573682105,178742.105263,29.1573682105
2015-03-31,27.5399999524,27.9980952857,27.1857141905,27.5614287619,169990.47619,27.5614287619
2015-04-30,27.3157141905,27.6176188095,26.9333335714,27.2652380952,226880.952381,27.2652380952
2015-05-31,26.9480004,27.20600015,26.61200005,26.97050005,225815.0,26.97050005
2015-06-30,26.9509525238,27.2938097143,26.6033333333,26.8790477143,207966.666667,26.8790477143
2015-07-31,25.0009088636,25.4095455,24.6090906818,24.9595457273,242181.818182,24.9595457273
2015-08-31,25.156666619,25.5590475714,24.7599998095,25.2038097143,169209.52381,25.2038097143
2015-09-30,25.18450015,25.6065,24.86199995,25.15500015,168750.0,25.15500015
2015-10-31,25.6872729091,26.0436364091,25.2345453636,25.7404545,267668.181818,25.7404545
2015-11-30,24.2389998,24.5925,23.8260001,24.2670001,129805.0,24.2670001
2015-12-31,21.8019048571,22.0914287143,21.3085716667,21.7442857143,214885.714286,21.7442857143
2016-01-31,19.1373684211,19.6278948421,18.7189471579,19.0931576842,296994.736842,19.0931576842
2016-02-29,17.25749985,17.691,16.8764998,17.28799985,316380.0,17.28799985
2016-03-31,18.0640910455,18.3613635909,17.7122724545,18.0904545455,211722.727273,18.0718181818
2016-04-30,17.840476381,18.283809381,17.4652380476,17.9390479048,168152.380952,17.9390479048
2016-05-31,19.763,20.24599995,19.5845001,19.89449995,175405.0,19.89449995
2016-06-30,21.7527274091,22.1322728182,21.4022728636,21.7663634545,147972.727273,21.7663634545
2016-07-31,22.2695,22.71250005,21.9764999,22.3865002,172685.0,22.3865002
2016-08-31,23.1242858571,23.4500001429,22.8200001429,23.1,228385.714286,23.1
