Date,Open,High,Low,Close,Volume,Adj Close
1993-10-31,14.6500078,15.550011,14.5500062,14.799999,24680.0,1.670782
1993-11-30,14.047617381,14.0833322381,13.9940464286,14.0059513333,3019.04761905,1.5811417619
1993-12-31,13.5681777727,13.6193162273,13.5681777727,13.6193162273,4509.09090909,1.53749409091
1994-01-31,13.2261758095,13.261890619,13.2142708571,13.2380807619,2628.57142857,1.49445614286
1994-02-28,13.6644699474,13.6842085263,13.6118375789,13.6513147368,12736.8421053,1.54110673684
1994-03-31,13.7386291818,13.749993,13.7386291818,13.749993,500.0,1.552246
1994-04-30,13.4342074737,13.4342074737,13.3289456316,13.3289456316,1389.47368421,1.51856936842
1994-05-31,12.8511870476,12.8511870476,12.8511870476,12.8511870476,580.952380952,1.522762
1994-06-30,13.8749956818,13.8749956818,13.8636318182,13.8636318182,409.090909091,1.64612445455
1994-07-31,13.71874445,13.7249931,13.69999275,13.7249931,1230.0,1.64094985
1994-08-31,14.1141336522,14.1141336522,14.0978302609,14.0978302609,800.0,1.68552565217
1994-09-30,15.732148,15.735123619,15.7083407619,15.711316381,2380.95238095,1.88214838095
1994-10-31,16.4047633333,16.4047633333,16.4047633333,16.4047633333,66.6666666667,1.97721871429
1994-11-30,15.4047734762,15.422629619,15.3333464286,15.345251381,2114.28571429,1.84951890476
1994-12-31,14.5595298095,14.595244619,14.5595298095,14.595244619,276.19047619,1.76261857143
1995-01-31,13.8062455,13.83749455,13.7562448,13.81249425,1750.0,1.67876665
1995-02-28,13.4210408947,13.447357,13.3552504211,13.3815665263,2000.0,1.62639210526
1995-03-31,13.0978193913,13.1195588261,13.0978193913,13.1195588261,1165.2173913,1.59454769565
1995-04-30,12.513138,12.5526093684,12.513138,12.5526093684,1705.26315789,1.52564047368
1995-05-31,12.9943161818,13.0227244545,12.9943161818,13.0227244545,2809.09090909,1.58277863636
1995-06-30,12.9431627727,12.9545265909,12.9431627727,12.9545265909,1681.81818182,1.57532086364
1995-07-31,13.4249888,13.4499892,13.4124886,13.4499892,2340.0,1.64056565
1995-08-31,13.3641194348,13.3858589565,13.3369438261,13.369553087,3356.52173913,1.63075482609
1995-09-30,14.14375415,14.1625059,14.14375415,14.1625059,2140.0,1.72840915
1995-10-31,15.4166680476,15.4523802857,15.3928581429,15.440475381,2942.85714286,1.88998633333
1995-11-30,15.9464213333,15.9702285714,15.8988015238,15.9226087619,5590.47619048,1.94900142857
1995-12-31,15.874985,15.874985,15.874985,15.874985,810.0,1.94412255
1996-01-31,16.4204375455,16.4488483182,16.4204375455,16.4488483182,763.636363636,2.01993040909
1996-02-29,16.7624853,16.7624853,16.74998505,16.74998505,890.0,2.05691005
1996-03-31,17.291664619,17.3154745238,17.2113055714,17.2380936667,4752.38095238,2.11685014286
1996-04-30,16.1071313333,16.1071313333,16.1071313333,16.1071313333,1619.04761905,1.97796728571
1996-05-31,16.0227316364,16.0227316364,16.0227316364,16.0227316364,2109.09090909,1.96760295455
1996-06-30,15.0329040526,15.0657978421,15.0000102632,15.0526397368,4673.68421053,1.84918852632
1996-07-31,14.6590984545,14.6590984545,14.6590984545,14.6590984545,181.818181818,1.80700313636
1996-08-31,14.8750084545,14.9204637273,14.8181919091,14.8409195455,2436.36363636,1.82941595455
1996-09-30,14.9687527,15.0062505,14.9687527,15.0062505,2420.0,1.84979605
1996-10-31,15.9565116522,15.9673814348,15.9347746087,15.9456443913,3600.0,1.96559334783
1996-11-30,16.48748155,16.49998175,16.48748155,16.49998175,710.0,2.03392575
1996-12-31,17.1904688095,17.1904688095,17.1190390476,17.1547539048,1209.52380952,2.1156102381
1997-01-31,18.1363709091,18.1477347727,18.1022794545,18.1136433182,4681.81818182,2.23988054545
1997-02-28,18.1907961053,18.2763251579,18.1842155789,18.2697446316,8863.15789474,2.25918352632
1997-03-31,18.6118424737,18.6118424737,18.2500056316,18.3552683158,3463.15789474,2.30750678947
1997-04-30,20.9886413636,21.1022773182,20.9090940455,21.0397764545,2400.0,2.86188904545
1997-05-31,22.6130917619,22.8035671905,22.464281619,22.6071381429,2095.23809524,3.07508604762
1997-06-30,21.2976252857,21.3095300476,21.0476263333,21.077387,11314.2857143,2.86700514286
1997-07-31,24.0227235455,24.1562463182,23.9999964091,24.1562463182,4236.36363636,3.29484372727
1997-08-31,26.1577239048,26.419627381,25.8779644286,26.1785550952,9180.95238095,3.57108385714
1997-09-30,28.5906335,29.08750175,28.30313225,28.80625185,16670.0,3.9295345
1997-10-31,13.6195652174,13.8260869565,13.3940217391,13.6222826087,283252.173913,4.71252313043
1997-11-30,13.9736842105,14.1480263158,13.8223684211,14.01398,41621.0526316,4.84802784211
1997-12-31,15.7023809524,15.8988095238,15.4791666667,15.6785714286,37142.8571429,5.42544195238
1998-01-31,16.240625,16.3875,15.959375,16.10859405,32220.0,5.58249445
1998-02-28,16.4078947368,16.6348684211,16.25,16.3947368421,18652.6315789,5.68165842105
1998-03-31,16.3409090909,16.5511363636,16.2301136364,16.40625,44145.4545455,5.68731618182
1998-04-30,16.7678571429,16.9761904762,16.5595238095,16.7916666667,34657.1428571,5.83131090476
1998-05-31,17.8552631579,18.0953947368,17.6414473684,17.9309210526,27452.6315789,6.22694436842
1998-06-30,16.6960227273,16.7982954545,16.6022727273,16.7045454545,11345.4545455,5.80391468182
1998-07-31,16.5767045455,16.7357954545,16.4744318182,16.625,15309.0909091,5.79434340909
1998-08-31,14.5327380952,14.6845238095,14.2351190476,14.3392857143,21361.9047619,4.99769885714
1998-09-30,12.971875,13.24375,12.865625,13.021875,17580.0,4.54178845
1998-10-31,12.7471590909,12.9289772727,12.4488636364,12.65625,64081.8181818,4.43098509091
1998-11-30,12.89375,12.978125,12.54375,12.758594,18340.0,4.4668158
1998-12-31,12.0397727273,12.2095172727,11.9517045455,12.0198863636,20200.0,4.21109118182
1999-01-31,12.2894736842,12.4062505263,12.1480263158,12.2697368421,19263.1578947,4.31725178947
1999-02-28,12.6493055556,12.7968755556,12.5781255556,12.6909722222,26055.5555556,4.46546838889
1999-03-31,12.8722826087,12.9558426087,12.7989130435,12.8668478261,34460.8695652,4.53004913043
1999-04-30,11.5595238095,11.693452381,11.4642857143,11.5833333333,8285.71428571,4.09490880952
1999-05-31,11.857813,11.971876,11.796875,11.929688,23390.0,4.2173512
1999-06-30,11.7883518182,11.8409090909,11.6903409091,11.7585227273,23900.0,4.16122440909
1999-07-31,11.2232142857,11.25,11.1458333333,11.1785714286,7114.28571429,3.98404885714
1999-08-31,11.9843754545,12.1193181818,11.8771309091,12.0340909091,19863.6363636,4.28895654545
1999-09-30,12.3258933333,12.4627980952,12.1547619048,12.3244047619,34809.5238095,4.39705619048
1999-10-31,11.5922619048,11.7827380952,11.4404761905,11.6830352381,11819.047619,4.19434428571
1999-11-30,11.2529761905,11.4345238095,11.2083333333,11.3422619048,21390.4761905,4.07170795238
1999-12-31,10.5937509091,10.7088072727,10.3210227273,10.4545454545,15600.0,3.75745568182
2000-01-31,10.135937,10.178125,10.045312,10.101562,30010.0,3.65793115
2000-02-29,9.773437,9.928125,9.65625,9.75625,95870.0,3.53288825
2000-03-31,8.73579545455,8.8125,8.51988636364,8.61079545455,14481.8181818,3.1225835
2000-04-30,8.22861894737,8.36842210526,8.14309157895,8.23684210526,8515.78947368,3.01583857895
2000-05-31,8.46306818182,8.54261363636,8.44318181818,8.48579545455,6054.54545455,3.10699018182
2000-06-30,8.83522727273,8.90340909091,8.74147727273,8.76704545455,6954.54545455,3.21494490909
2000-07-31,8.44375,8.5,8.384375,8.453125,5070.0,3.1324306
2000-08-31,8.60582454545,8.63139272727,8.53835272727,8.56392090909,5854.54545455,3.1734875
2000-09-30,8.646875,8.715625,8.56875,8.625,25280.0,3.2017991
2000-10-31,8.40696,8.48721727273,8.37286909091,8.43039818182,7563.63636364,3.16065372727
2000-11-30,8.54464285714,8.55654761905,8.49404761905,8.51785714286,9609.52380952,3.19344295238
2000-12-31,8.247656,8.3125,8.195312,8.229687,8490.0,3.0911728
2001-01-31,8.89880952381,8.99404761905,8.82663714286,8.89211333333,10133.3333333,3.37257514286
2001-02-28,9.53042736842,9.57154631579,9.50986842105,9.54276315789,4200.0,3.62262394737
2001-03-31,9.41761454545,9.45241454545,9.36931818182,9.39914727273,2363.63636364,3.57333763636
2001-04-30,9.454031,9.507781,9.398281,9.417031,3510.0,3.61396395
2001-05-31,9.86636363636,9.92681818182,9.82409090909,9.89045454545,4327.27272727,3.79564890909
2001-06-30,10.004,10.059,9.9725,10.0345,3690.0,3.8552594
2001-07-31,10.3323809524,10.4161904762,10.2742857143,10.3728571429,9752.38095238,4.02505580952
2001-08-31,11.3469565217,11.4830434783,11.2347826087,11.3226086957,31304.3478261,4.39359478261
2001-09-30,11.1266666667,11.2626666667,10.9246666667,11.0106666667,16346.6666667,4.281159
2001-10-31,11.2639130435,11.3704347826,11.2,11.2769565217,8591.30434783,4.41967865217
2001-11-30,11.8185714286,11.89,11.7966666667,11.8476190476,11809.5238095,4.64332071429
2001-12-31,12.153,12.2065,12.123,12.17,6940.0,4.77618745
2002-01-31,12.0842857143,12.1228571429,12.050952381,12.0761904762,9257.14285714,4.77615619048
2002-02-28,12.3531578947,12.4036842105,12.3373684211,12.3721052632,9326.31578947,4.89319073684
2002-03-31,12.9545,13.027,12.91,13.001,5020.0,5.14873
2002-04-30,13.6638095238,13.8,13.4842857143,13.7204761905,5104.76190476,5.47155852381
2002-05-31,13.9340909091,14.0936363636,13.845,13.9245454545,20372.7272727,5.55293890909
2002-06-30,14.295,14.482,14.1905,14.3385,13700.0,5.72527205
2002-07-31,14.4636363636,14.7159090909,14.2972727273,14.5009090909,16809.0909091,5.83217586364
2002-08-31,14.9527272727,15.0313636364,14.8831818182,14.9786363636,14972.7272727,6.024351
2002-09-30,15.3485,15.413,15.2665,15.3235,8180.0,6.17056335
2002-10-31,14.7156521739,14.8317391304,14.5743478261,14.6813043478,6626.08695652,5.95246104348
2002-11-30,14.8884210526,14.9594736842,14.8031578947,14.8778947368,3926.31578947,6.03216757895
2002-12-31,14.9171428571,14.9876190476,14.8142857143,14.9257142857,4019.04761905,6.05882295238
2003-01-31,15.0838095238,15.1614285714,14.9757142857,15.0961904762,6742.85714286,6.1721092381
2003-02-28,16.0847367895,16.2089472105,15.9784211579,16.0805265263,18368.4210526,6.574557
2003-03-31,16.68399985,16.7690001,16.56299995,16.70250005,8260.0,6.8366584
2003-04-30,16.9514284762,17.078095,16.8542857143,16.9876189048,6028.57142857,6.99929752381
2003-05-31,17.1733333333,17.2880951905,17.0700002381,17.1928570952,14409.5238095,7.08386033333
2003-06-30,17.7965,17.9309998,17.7599999,17.86249995,8700.0,7.36857835
2003-07-31,18.9104546364,19.140909,18.7295455,18.9659089545,6536.36363636,7.87572327273
2003-08-31,18.5785715714,18.6747620476,18.4185712381,18.544285619,26847.6190476,7.70064119048
2003-09-30,18.696666381,18.8004762381,18.6176189524,18.7504761429,10114.2857143,7.79455671429
2003-10-31,19.8468182273,19.9490909091,19.7731817727,19.8840908636,5609.09090909,8.31800604545
2003-11-30,21.2921052632,21.4489472632,21.2284208947,21.3968420526,9873.68421053,8.95082710526
2003-12-31,21.3977271818,21.4781818636,21.2999999091,21.3909091818,8463.63636364,8.95639704545
2004-01-31,21.2805263684,21.3773682105,21.1831578947,21.2752628421,20536.8421053,8.95915942105
2004-02-29,20.6673683684,20.8031576316,20.5400001579,20.6536843158,5631.57894737,8.69740842105
2004-03-31,19.8656522174,19.9469563043,19.7921738696,19.8808693043,18156.5217391,8.37968508696
2004-04-30,19.7942857619,19.9176191429,19.6819049524,19.7709526667,6647.61904762,8.38422719048
2004-05-31,19.9010525789,20.0300002105,19.8489474211,19.9852632632,7378.94736842,8.47510963158
2004-06-30,19.9990477143,20.1828570952,19.8757143333,20.0328571429,4352.38095238,8.50476642857
2004-07-31,20.4933332857,20.6919047619,20.3690478095,20.5480950952,7104.76190476,8.78017552381
2004-08-31,20.9472724545,21.1354544545,20.8331815,20.9404541818,6781.81818182,8.94782995455
2004-09-30,21.0765001,21.1514999,20.98250015,21.0745,6650.0,9.01512615
2004-10-31,21.494286,21.5523812381,21.4119049048,21.4590478095,3285.71428571,9.236703
2004-11-30,21.5861905238,21.755238,21.4004762381,21.5919047619,5190.47619048,9.29388914286
2004-12-31,21.910909,22.0649998636,21.8572725,22.0104543636,8090.90909091,9.48347645455
2005-01-31,21.6705261053,21.8499997895,21.5036842105,21.6778947895,3589.47368421,9.39778263158
2005-02-28,21.3684210526,21.4626315789,21.1421054211,21.3147368421,23473.6842105,9.24034668421
2005-03-31,21.3218180909,21.4309089091,21.1531818636,21.2277274091,5900.0,9.21191845455
2005-04-30,20.970476381,21.1204763333,20.904762,21.0566669524,4057.14285714,9.19599004762
2005-05-31,21.25849995,21.37849995,20.98750015,21.224,12720.0,9.26906875
2005-06-30,21.3563635909,21.6072726818,21.2154545909,21.5768181364,7854.54545455,9.43326518182
2005-07-31,21.10349985,21.23899975,20.86700005,21.14799975,6000.0,9.30917815
2005-08-31,21.5995456818,21.7809091818,21.4995456364,21.774091,5545.45454545,9.58477845455
2005-09-30,21.370952381,21.5152383333,21.1947617619,21.4252381905,14304.7619048,9.44180685714
2005-10-31,21.1466667143,21.5314285714,21.0314285714,21.4576190476,6076.19047619,9.52164319048
2005-11-30,21.7647618571,22.0233332857,21.5947619524,21.9514285238,7419.04761905,9.740767
2005-12-31,23.2350002,23.44949995,23.03800015,23.35549995,15510.0,10.3751552
2006-01-31,23.58299975,23.7085001,23.3524998,23.571,22480.0,10.53571915
2006-02-28,25.068421,25.1352633158,24.8915791579,25.0294737368,6810.52631579,11.187625
2006-03-31,26.8700000455,27.1431817727,26.6577273636,26.8622728636,10945.4545455,12.0172321818
2006-04-30,26.6815791579,26.8378947368,26.4510526842,26.6473683684,10031.5789474,11.9865118421
2006-05-31,26.2318181818,26.3768179545,26.0390908182,26.1595455,14854.5454545,11.7670792273
2006-06-30,25.5461904286,25.826190381,25.3985715714,25.6290475238,9780.95238095,11.5405826667
2006-07-31,25.8755,25.9890002,25.56499985,25.79999995,11090.0,11.6892209
2006-08-31,23.4204346957,23.485217,23.2208694783,23.3695649565,11591.3043478,11.8814804783
2006-09-30,13.2805,13.4005,13.1575,13.249,53570.0,12.01918505
2006-10-31,13.8027272727,13.885,13.6018181818,13.755,13622.7272727,12.5573351818
2006-11-30,14.0152380952,14.1704761905,13.8723809524,14.0233333333,21519.047619,12.8023043333
2006-12-31,15.565,15.657,15.367,15.464,22060.0,14.12652815
2007-01-31,15.7931578947,15.8552632105,15.6521052632,15.7873684211,9784.21052632,14.5050133158
2007-02-28,16.8763156316,17.0068420526,16.7315789474,16.9142104737,10121.0526316,15.5403258421
2007-03-31,16.1722728636,16.3009089545,15.9954545909,16.1163635,12236.3636364,14.8198006818
2007-04-30,15.1885,15.3680001,15.0175,15.1470001,10365.0,13.3389853
2007-05-31,14.1663636364,14.3290909091,14.0077272727,14.1413636364,26054.5454545,13.0757287273
2007-06-30,14.11,14.2133333333,13.9638095238,14.089047619,20976.1904762,13.0420154286
2007-07-31,14.3095,14.48,14.091,14.299,31210.0,13.3273351
2007-08-31,14.472173913,14.77,14.3030434783,14.5556521739,29534.7826087,13.5665468696
2007-09-30,14.9863157895,15.2068421053,14.88,15.0252631579,16621.0526316,14.0206842105
2007-10-31,14.1243478261,14.362173913,14.0026086957,14.2,27560.8695652,13.334126087
2007-11-30,13.3195238095,13.5766666667,13.2142857143,13.4023809524,11176.1904762,12.5851834762
2007-12-31,12.4225,12.6145,12.1765,12.4275,22180.0,11.68470325
2008-01-31,11.071,11.385,10.8705,11.141,8030.0,10.55640215
2008-02-29,12.1495,12.2735,11.898,12.042,6605.0,11.4101243
2008-03-31,10.405,10.4945,10.1815,10.374,7685.0,9.8424963
2008-04-30,9.37761904762,9.53857142857,9.19666666667,9.34238095238,7038.0952381,8.93255495238
2008-05-31,8.83523809524,9.12380952381,8.53523809524,8.8219047619,16238.0952381,8.43491052381
2008-06-30,8.20285714286,8.31095238095,8.04380952381,8.16238095238,6714.28571429,7.82073638095
2008-07-31,6.65619047619,6.88333333333,6.31857142857,6.55666666667,25419.047619,6.34397147619
2008-08-31,6.42095238095,6.54523809524,6.30380952381,6.43619047619,15923.8095238,6.22740347619
2008-09-30,6.36666666667,6.50095238095,6.23761904762,6.39095238095,10052.3809524,6.18950109524
2008-10-31,5.06727272727,5.40090909091,4.75363636364,5.01727272727,35790.9090909,4.88835713636
2008-11-30,4.46105263158,4.63315789474,4.24789473684,4.41631578947,9131.57894737,4.30284136842
2008-12-31,3.32,3.51090909091,3.13636363636,3.23590909091,12186.3636364,3.15276454545
2009-01-31,2.22315789474,2.33526315789,2.1,2.22263157895,32005.2631579,2.16552236842
2009-02-28,3.73684210526,3.91421052632,3.52263157895,3.75789473684,22289.4736842,3.66133789474
2009-03-31,3.23909090909,3.42954545455,3.06090909091,3.29590909091,11772.7272727,3.21122272727
2009-04-30,3.46523809524,3.59952380952,3.2780952381,3.44619047619,8195.23809524,3.35764280952
2009-05-31,3.27526315789,3.33526315789,3.13947368421,3.20052631579,7110.52631579,3.11829078947
2009-06-30,2.97590909091,3.02818181818,2.94681818182,2.99545454545,3468.18181818,2.91848822727
2009-07-31,3.19545454545,3.29454545455,3.11954545455,3.20045454545,8122.72727273,3.11822081818
2009-08-31,3.28952380952,3.41619047619,3.17285714286,3.29285714286,17385.7142857,3.2082492381
2009-09-30,4.0045,4.1265,3.9235,4.0315,29695.0,3.9279131
2009-10-31,3.55545454545,3.68363636364,3.45772727273,3.55318181818,10231.8181818,3.46188495455
2009-11-30,3.022,3.118,2.956,3.0165,9620.0,2.9389928
2009-12-31,2.67863636364,2.75954545455,2.57227272727,2.66272727273,20427.2727273,2.59431013636
2010-01-31,2.55,2.64388888889,2.47111111111,2.54944444444,15888.8888889,2.48393816667
2010-02-28,2.50631578947,2.59947368421,2.45789473684,2.52526315789,12478.9473684,2.46037805263
2010-03-31,2.40695652174,2.44,2.3747826087,2.39652173913,20773.9130435,2.33494486957
2010-04-30,2.71333333333,2.85380952381,2.63285714286,2.76047619048,49809.5238095,2.68954752381
2010-05-31,3.13157894737,3.21526315789,2.99473684211,3.08578947368,16373.6842105,3.00650215789
2010-06-30,2.63954545455,2.69136363636,2.55590909091,2.59227272727,8109.09090909,2.52566586364
2010-07-31,2.25523809524,2.32714285714,2.18047619048,2.24761904762,73647.6190476,2.18986790476
2010-08-31,2.03571428571,2.06476190476,1.95238095238,1.99095238095,60523.8095238,1.93979609524
2010-09-30,1.90380952381,1.95380952381,1.86428571429,1.90714285714,25261.9047619,1.85813990476
2010-10-31,2.0519047619,2.09333333333,2.01095238095,2.06047619048,26528.5714286,2.00753347619
2010-11-30,2.40952380952,2.48714285714,2.3419047619,2.41619047619,24614.2857143,2.354108
2010-12-31,2.52142857143,2.58428571429,2.45428571429,2.54142857143,18866.6666667,2.47612814286
2011-01-31,2.7765,2.82,2.7315,2.783,51885.0,2.7114924
2011-02-28,3.13578947368,3.19263157895,3.07894736842,3.12578947368,15763.1578947,3.04547421053
2011-03-31,3.05043478261,3.07347826087,3.02,3.04869565217,13082.6086957,2.97036117391
2011-04-30,3.07210526316,3.10526315789,3.04368421053,3.07631578947,11200.0,2.99727178947
2011-05-31,3.07857142857,3.11285714286,3.03,3.07142857143,12185.7142857,2.99251014286
2011-06-30,3.00045454545,3.06818181818,2.93727272727,3.01636363636,29718.1818182,2.93886
2011-07-31,3.023,3.058,2.984,3.0295,8310.0,2.95165885
2011-08-31,2.77090909091,2.83181818182,2.69,2.77181818182,19781.8181818,2.70059795455
2011-09-30,2.46095238095,2.50523809524,2.3919047619,2.4580952381,12228.5714286,2.39493614286
2011-10-31,2.40285714286,2.4380952381,2.36142857143,2.39,28104.7619048,2.32859061905
2011-11-30,2.19904761905,2.25,2.14523809524,2.21571428571,16780.952381,2.158783
2011-12-31,2.24380952381,2.29523809524,2.21047619048,2.25666666667,11728.5714286,2.19868304762
2012-01-31,2.25421052632,2.29368421053,2.21210526316,2.25526315789,9215.78947368,2.19731573684
2012-02-29,2.208,2.2515,2.187,2.227,12455.0,2.16977875
2012-03-31,2.24272727273,2.27590909091,2.20909090909,2.25409090909,9218.18181818,2.19617363636
2012-04-30,2.1105,2.1265,2.064,2.0915,38240.0,2.03776035
2012-05-31,1.51047619048,1.53428571429,1.46333333333,1.49714285714,29528.5714286,1.4586747619
2012-06-30,1.28428571429,1.32238095238,1.25047619048,1.2780952381,15271.4285714,1.24525538095
2012-07-31,1.3680952381,1.4019047619,1.34047619048,1.36,8723.80952381,1.3250557619
2012-08-31,1.36956521739,1.38739130435,1.3447826087,1.36347826087,5239.13043478,1.32844456522
2012-09-30,1.32277777778,1.37388888889,1.28611111111,1.34444444444,5955.55555556,1.30989988889
2012-10-31,1.50333333333,1.54904761905,1.46238095238,1.51761904762,11033.3333333,1.47862471429
2012-11-30,1.80523809524,1.87857142857,1.74428571429,1.81857142857,8180.95238095,1.77184438095
2012-12-31,1.704,1.742,1.6515,1.6975,18345.0,1.65388375
2013-01-31,1.9235,1.9855,1.8615,1.926,20600.0,1.8765126
2013-02-28,2.15,2.20947368421,2.09263157895,2.12368421053,21310.5263158,2.06911742105
2013-03-31,2.552,2.6175,2.4605,2.579,54505.0,2.5127341
2013-04-30,2.58363636364,2.635,2.53181818182,2.58590909091,30490.9090909,2.51946581818
2013-05-31,2.47619047619,2.53904761905,2.40904761905,2.46523809524,21128.5714286,2.40189542857
2013-06-30,2.417,2.458,2.382,2.4105,16065.0,2.3485637
2013-07-31,2.67818181818,2.73590909091,2.61,2.69363636364,56936.3636364,2.62442513636
2013-08-31,2.69227272727,2.73318181818,2.64,2.67863636364,13968.1818182,2.60981040909
2013-09-30,2.69315789474,2.72894736842,2.64526315789,2.70368421053,11236.8421053,2.63421463158
2013-10-31,2.63391304348,2.68565217391,2.57782608696,2.65391304348,29704.3478261,2.58572230435
2013-11-30,2.6715,2.705,2.645,2.682,12000.0,2.61308765
2013-12-31,2.83285714286,2.87619047619,2.79714285714,2.85047619048,40095.2380952,2.77723514286
2014-01-31,3.014,3.075,2.968,3.0255,60020.0,2.94776165
2014-02-28,3.32736842105,3.36736842105,3.27631578947,3.32789473684,36121.0526316,3.24238647368
2014-03-31,3.41619047619,3.43619047619,3.36857142857,3.41333333333,26890.4761905,3.32562971429
2014-04-30,3.46047619048,3.5080952381,3.40857142857,3.45857142857,26609.5238095,3.36970552381
2014-05-31,3.71,3.7585,3.66,3.7075,58375.0,3.61223815
2014-06-30,3.73666666667,3.79952380952,3.69761904762,3.75380952381,26295.2380952,3.6573577619
2014-07-31,3.89090909091,3.92772727273,3.83954545455,3.87954545455,22390.9090909,3.77986286364
2014-08-31,3.73047619048,3.77761904762,3.70238095238,3.7519047619,30404.7619048,3.65550190476
2014-09-30,3.865,3.8995,3.81,3.8675,57535.0,3.768127
2014-10-31,3.93608695652,4.00608695652,3.88782608696,3.96086956522,74800.0,3.85909743478
2014-11-30,4.15894736842,4.20473684211,4.10631578947,4.15842105263,31910.5263158,4.05157278947
2014-12-31,4.31545454545,4.39409090909,4.26727272727,4.33272727273,21172.7272727,4.22140040909
2015-01-31,4.38315789474,4.47631578947,4.32263157895,4.40315789474,17605.2631579,4.29002152632
2015-02-28,4.43421052632,4.50210526316,4.35157894737,4.43052631579,13047.3684211,4.31668673684
2015-03-31,4.58545454545,4.645,4.52272727273,4.58136363636,10654.5454545,4.46364822727
2015-04-30,4.39285714286,4.46285714286,4.34047619048,4.42333333333,13119.047619,4.33859995238
2015-05-31,4.27368421053,4.37421052632,4.22631578947,4.29473684211,14531.5789474,4.21545631579
2015-06-30,4.23590909091,4.33318181818,4.16090909091,4.24363636364,27263.6363636,4.16529922727
2015-07-31,4.285,4.35454545455,4.225,4.27045454545,10686.3636364,4.20318159091
2015-08-31,4.31857142857,4.4080952381,4.28285714286,4.36476190476,13680.952381,4.29718
2015-09-30,4.3415,4.4545,4.277,4.3545,51495.0,4.2870772
2015-10-31,4.87090909091,4.98909090909,4.76863636364,4.87727272727,16000.0,4.81379295455
2015-11-30,4.6725,4.769,4.602,4.6805,8135.0,4.62212135
2015-12-31,4.46619047619,4.56238095238,4.4280952381,4.49476190476,9366.66666667,4.43955695238
2016-01-31,4.51263157895,4.58684210526,4.45,4.51210526316,16642.1052632,4.47314247368
2016-02-29,4.3345,4.41,4.2725,4.3255,9780.0,4.2881487
2016-03-31,4.33,4.38454545455,4.28409090909,4.31136363636,6068.18181818,4.2741345
2016-04-30,4.556,4.6415,4.466,4.5345,10685.0,4.51170145
2016-05-31,4.54,4.62142857143,4.49523809524,4.54285714286,23480.952381,4.5240072381
2016-06-30,4.71454545455,4.78181818182,4.66454545455,4.73909090909,33163.6363636,4.71942636364
2016-07-31,4.8305,4.8885,4.7865,4.824,32855.0,4.820029
2016-08-31,4.83166666667,4.88,4.79333333333,4.82833333333,277183.333333,4.82833333333
