Date,Open,High,Low,Close,Volume,Adj Close
2008-04-30,7.0175,7.01875,7.00875,7.010625,10887.5,28.0425005625
2008-05-31,7.0,7.00095238095,6.99952380952,7.00095238095,338.095238095,28.003809619
2008-06-30,7.13238095238,7.13380952381,7.13238095238,7.13333333333,2390.47619048,28.533333
2008-07-31,7.15476190476,7.15904761905,7.15476190476,7.15904761905,7214.28571429,28.6361899524
2008-08-31,7.20428571429,7.20523809524,7.20428571429,7.20523809524,1352.38095238,28.8209517143
2008-09-30,7.25,7.25095238095,7.23047619048,7.23142857143,195.238095238,28.9257142857
2008-10-31,6.56304347826,6.57391304348,6.54869565217,6.55956521739,1604.34782609,26.2382616522
2008-11-30,6.71157894737,6.71210526316,6.69894736842,6.70052631579,2073.68421053,26.8021048421
2008-12-31,6.91909090909,6.91909090909,6.91863636364,6.91863636364,822.727272727,27.6745453182
2009-01-31,7.1155,7.1275,7.115,7.1175,5675.0,28.47
2009-02-28,7.43842105263,7.45789473684,7.43263157895,7.45684210526,489.473684211,29.8273675263
2009-03-31,7.43909090909,7.44136363636,7.43909090909,7.44136363636,1327.27272727,29.7654540455
2009-04-30,7.35476190476,7.35476190476,7.35476190476,7.35476190476,138.095238095,29.419047619
2009-05-31,7.35,7.35,7.35,7.35,65.0,29.4
2009-06-30,7.52681818182,7.53363636364,7.52681818182,7.52954545455,890.909090909,30.1000005909
2009-07-31,7.63409090909,7.64681818182,7.63409090909,7.64,4027.27272727,30.56
2009-08-31,7.80047619048,7.80047619048,7.80047619048,7.80047619048,1200.0,31.2019051429
2009-09-30,7.71952380952,7.72,7.71952380952,7.72,57.1428571429,30.8800003333
2009-10-31,7.74181818182,7.74409090909,7.735,7.74363636364,5650.0,30.9745450909
2009-11-30,7.739,7.739,7.7365,7.7365,485.0,30.94600015
2009-12-31,7.73636363636,7.73636363636,7.73636363636,7.73636363636,145.454545455,30.9454545455
2010-01-31,7.81368421053,7.81368421053,7.81368421053,7.81368421053,57.8947368421,31.2547368421
2010-02-28,7.94842105263,7.94842105263,7.94842105263,7.94842105263,15.7894736842,31.7936842105
2010-03-31,7.61173913043,7.61173913043,7.51956521739,7.51956521739,2847.82608696,30.078261
2010-04-30,7.0619047619,7.0619047619,7.0619047619,7.0619047619,0.0,28.2476195714
2010-05-31,6.25,6.25,6.25,6.25,0.0,25.0
2010-06-30,7.20454545455,7.20454545455,7.20454545455,7.20454545455,4.54545454545,28.8181818182
2010-07-31,8.0,8.0,8.0,8.0,0.0,32.0
2010-08-31,8.0,8.0,8.0,8.0,0.0,32.0
2010-09-30,8.0,8.0,8.0,8.0,0.0,32.0
2010-10-31,8.0,8.0,8.0,8.0,0.0,32.0
2010-11-30,8.0,8.0,8.0,8.0,0.0,32.0
2010-12-31,6.77045454545,6.825,6.73409090909,6.78772727273,6559.09090909,27.1509092727
2011-01-31,4.9665,5.0605,4.923,5.0115,1765.0,20.04600045
2011-02-28,4.67833333333,4.75555555556,4.625,4.69444444444,1533.33333333,18.7777777222
2011-03-31,4.21782608696,4.29782608696,4.13739130435,4.21826086957,930.434782609,16.8730436957
2011-04-30,3.0155,3.064,2.9845,3.0205,775.0,12.082
2011-05-31,3.44047619048,3.60095238095,3.37,3.45380952381,442.857142857,13.8152381429
2011-06-30,2.95818181818,3.25772727273,2.76363636364,2.97954545455,9890.90909091,11.9181817727
2011-07-31,3.77157894737,3.99,3.60315789474,3.78052631579,6373.68421053,15.1221053158
2011-08-31,3.21782608696,3.33913043478,3.05782608696,3.22217391304,2547.82608696,12.8886956522
2011-09-30,2.81571428571,2.84142857143,2.7180952381,2.74571428571,752.380952381,10.9828571429
2011-10-31,2.81285714286,2.84571428571,2.76047619048,2.78619047619,328.571428571,11.1447619048
2011-11-30,2.43571428571,2.49428571429,2.32142857143,2.40714285714,1247.61904762,9.62857142857
2011-12-31,1.629,1.6555,1.5845,1.618,1320.0,6.472
2012-01-31,0.927,0.9515,0.8625,0.8815,3110.0,3.526
2012-02-29,0.923,0.9395,0.8905,0.908,2715.0,3.632
2012-03-31,0.886818181818,0.908181818182,0.856363636364,0.887272727273,945.454545455,3.54909090909
2012-04-30,1.617,2.0185,1.471,1.729,147655.0,6.898
2012-05-31,1.94772727273,2.02,1.825,1.87772727273,21422.7272727,7.51090909091
2012-06-30,1.52,1.52,1.52,1.52,0.0,6.08
2012-07-31,1.52,1.52,1.52,1.52,0.0,6.08
2012-08-31,1.52,1.52,1.52,1.52,0.0,6.08
2012-09-30,1.25789473684,1.37631578947,1.15947368421,1.22947368421,11952.6315789,4.91789473684
2012-10-31,0.903333333333,0.950952380952,0.851904761905,0.898095238095,3457.14285714,3.59238095238
2012-11-30,1.104,1.2445,1.005,1.111,26685.0,4.444
2012-12-31,1.109,1.228,1.045,1.102,31045.0,4.408
2013-01-31,1.22523809524,1.27952380952,1.17952380952,1.23285714286,10047.6190476,4.93142857143
2013-02-28,1.22947368421,1.28947368421,1.21,1.26526315789,3726.31578947,5.06105263158
2013-03-31,1.1695,1.2065,1.133,1.1755,2845.0,4.702
2013-04-30,1.11333333333,1.1780952381,1.02238095238,1.09523809524,24209.5238095,4.38095238095
2013-05-31,1.07318181818,1.11727272727,1.04727272727,1.07954545455,12581.8181818,4.31818181818
2013-06-30,1.8295,2.0515,1.715,1.8605,310250.0,7.442
2013-07-31,1.79,1.88181818182,1.71318181818,1.78909090909,39372.7272727,7.15636363636
2013-08-31,2.78238095238,2.9680952381,2.60095238095,2.77761904762,166676.190476,11.1104761905
2013-09-30,3.259,3.3695,3.117,3.2445,39800.0,12.978
2013-10-31,3.15217391304,3.28217391304,3.07391304348,3.1847826087,14556.5217391,12.7391304348
2013-11-30,3.96684210526,4.27052631579,3.74789473684,3.96157894737,208136.842105,15.8463157895
2013-12-31,3.53857142857,3.67333333333,3.39523809524,3.5019047619,43857.1428571,14.0076190476
2014-01-31,3.40095238095,3.51095238095,3.29380952381,3.39,32909.5238095,13.56
2014-02-28,3.49052631579,3.66368421053,3.36736842105,3.50894736842,53000.0,14.0357894737
2014-03-31,3.694,3.79,3.563,3.651,46250.0,14.6040001
2014-04-30,2.48666666667,2.6119047619,2.36142857143,2.47428571429,56990.4761905,9.89714285714
2014-05-31,2.08238095238,2.13476190476,2.0319047619,2.0780952381,9442.85714286,8.31238095238
2014-06-30,2.11238095238,2.16666666667,2.06285714286,2.11095238095,8933.33333333,8.44380952381
2014-07-31,1.87619047619,1.92761904762,1.82095238095,1.87571428571,5861.9047619,7.50285714286
2014-08-31,1.63428571429,1.76333333333,1.56380952381,1.67,133557.142857,6.68
2014-09-30,2.32047619048,2.52238095238,2.14571428571,2.25666666667,247595.238095,9.02666666667
2014-10-31,1.57681818182,1.64090909091,1.52136363636,1.55909090909,24236.3636364,6.23636363636
2014-11-30,1.51894736842,1.57789473684,1.47789473684,1.51947368421,30173.6842105,6.07789473684
2014-12-31,1.18590909091,1.23409090909,1.13818181818,1.17136363636,35122.7272727,4.68545454545
2015-01-31,0.607,0.644,0.5875,0.6035,24500.0,2.414
2015-02-28,0.520526315789,0.545789473684,0.501578947368,0.52,14910.5263158,2.08
2015-03-31,0.565238095238,0.629047619048,0.53,0.563333333333,35823.8095238,2.25333333333
2015-04-30,0.537142857143,0.568571428571,0.520476190476,0.542380952381,20942.8571429,2.16952380952
2015-05-31,0.557,0.5785,0.532,0.5585,18215.0,2.234
2015-06-30,0.730454545455,0.782727272727,0.689545454545,0.733181818182,30545.4545455,2.93272727273
2015-07-31,0.614090909091,0.647272727273,0.590454545455,0.616363636364,4554.54545455,2.46545454545
2015-08-31,0.49,0.5375,0.4695,0.499,5610.0,1.996
2015-09-30,0.394285714286,0.418095238095,0.377619047619,0.392857142857,5704.76190476,1.57142857143
2015-10-31,0.459545454545,0.493181818182,0.428636363636,0.459545454545,12672.7272727,1.83818181818
2015-11-30,0.3895,0.414,0.3665,0.3795,4565.0,1.518
2015-12-31,0.409090909091,0.446363636364,0.375,0.403636363636,15027.2727273,1.61454545455
2016-01-31,1.20888888889,1.55333333333,1.12111111111,1.25666666667,576144.444444,2.44166666667
2016-02-29,3.337,3.4705,3.177,3.314,137955.0,3.314
2016-03-31,3.47272727273,3.59727272727,3.37681818182,3.46727272727,33563.6363636,3.46727272727
2016-04-30,3.469,3.557,3.398,3.4815,9315.0,3.4815
2016-05-31,3.69523809524,3.79380952381,3.64285714286,3.73904761905,9690.47619048,3.73904761905
2016-06-30,4.02772727273,4.09363636364,3.96727272727,4.01318181818,5327.27272727,4.01318181818
2016-07-31,4.0835,4.215,3.9965,4.0705,15460.0,4.0705
2016-08-31,3.808,3.916,3.716,3.784,14350.0,3.784
