Date,Open,High,Low,Close,Volume,Adj Close
1990-03-31,17.6,17.825,17.475,17.475,102880.0,2.0286238
1990-04-30,16.9736842105,17.3355263158,16.7105263158,16.9473684211,207831.578947,1.96737273684
1990-05-31,16.7556818182,17.1079545455,16.6477272727,16.8977272727,119000.0,1.96161004545
1990-06-30,16.8392857143,17.119047619,16.6785714286,16.8273809524,160609.52381,1.95344380952
1990-07-31,15.8928571429,16.0,15.6428571429,15.7321428571,86247.6190476,1.82630090476
1990-08-31,15.3369565217,15.5652173913,15.1847826087,15.375,124226.086957,1.8068466087
1990-09-30,14.8947368421,15.1118421053,14.8026315789,14.9210526316,50210.5263158,1.76121726316
1990-10-31,13.9782608696,14.1141304348,13.7989130435,13.9130434783,87217.3913043,1.64223621739
1990-11-30,13.4047619048,13.8035714286,13.2619047619,13.5535714286,50019.047619,1.62346280952
1990-12-31,13.2875,13.525,13.075,13.33125,65560.0,1.60389225
1991-01-31,13.3920454545,13.6534090909,13.1363636364,13.3863636364,64890.9090909,1.610523
1991-02-28,15.6041666667,16.1111111111,15.3888888889,15.7152777778,78311.1111111,1.89071638889
1991-03-31,16.6625,17.04375,16.45,16.78125,52760.0,2.018964
1991-04-30,16.4545454545,16.7386363636,16.2727272727,16.4886363636,88036.3636364,1.9837595
1991-05-31,15.7784090909,16.1136363636,15.5965909091,15.8522727273,101218.181818,1.92915190909
1991-06-30,15.24375,15.35625,15.01875,15.1625,108320.0,1.85341645
1991-07-31,14.8238636364,15.0909090909,14.5511363636,14.8125,109254.545455,1.77552290909
1991-08-31,15.4772727273,15.7329545455,15.2272727273,15.5,31909.0909091,1.91857177273
1991-09-30,16.48125,16.8125,16.225,16.475,45720.0,2.04878255
1991-10-31,16.0380434783,16.347826087,15.7826086957,16.152173913,53530.4347826,2.00863682609
1991-11-30,16.8375,17.05,16.6,16.85,52540.0,2.1194901
1991-12-31,16.99375,17.225,16.65,17.00625,43960.0,2.1472111
1992-01-31,17.6136363636,17.9659090909,17.3863636364,17.7556818182,126363.636364,2.24183431818
1992-02-29,18.4934210526,18.7631578947,18.1973684211,18.5131578947,150126.315789,2.36265978947
1992-03-31,18.9431818182,19.2045454545,18.6420454545,18.9431818182,95763.6363636,2.42633486364
1992-04-30,18.525,18.8,18.1125,18.5625,127200.0,2.37757535
1992-05-31,19.4125,19.575,19.06875,19.38125,85440.0,2.50697405
1992-06-30,20.0681818182,20.3920454545,19.7102272727,20.0340909091,66272.7272727,2.60249927273
1992-07-31,21.7613636364,22.125,21.4318181818,21.7443181818,125527.272727,2.82466363636
1992-08-31,21.7619047619,22.0773809524,21.3869047619,21.7380952381,78609.5238095,2.8511277619
1992-09-30,20.64375,20.825,20.24375,20.50625,71180.0,2.69817425
1992-10-31,20.6704545455,20.8863636364,20.4034090909,20.7102272727,72745.4545455,2.72501331818
1992-11-30,21.075,21.4125,20.85625,21.125,102880.0,2.80769325
1992-12-31,21.6931818182,21.9488636364,21.3863636364,21.6875,48109.0909091,2.89216318182
1993-01-31,22.9625,23.36875,22.6875,23.06875,142540.0,3.0763615
1993-02-28,24.2222222222,24.4930555556,23.8888888889,24.1666666667,60111.1111111,3.22277544444
1993-03-31,24.6902173913,25.0815217391,24.5380434783,24.7717391304,51147.826087,3.30346595652
1993-04-30,23.7380952381,24.1785714286,23.4047619048,23.8392857143,148400.0,3.17911714286
1993-05-31,23.1875,23.5625,22.9375,23.1875,161440.0,3.1197309
1993-06-30,24.0416666667,24.5357142857,23.9166666667,24.25,141885.714286,3.27510338095
1993-07-31,26.6130952381,27.0178571429,26.5,26.8392857143,360457.142857,3.62480157143
1993-08-31,27.3579545455,27.7556818182,27.1988636364,27.4431818182,190981.818182,3.73325540909
1993-09-30,27.5416666667,28.1488095238,27.3333333333,27.8630952381,98171.4285714,3.80074409524
1993-10-31,30.025,30.48125,29.875,30.21875,83520.0,4.12207425
1993-11-30,29.7857142857,30.1785714286,29.7023809524,29.8928571429,109695.238095,4.10658209524
1993-12-31,30.1477272727,30.5511363636,29.9261363636,30.3011363636,91090.9090909,4.17192813636
1994-01-31,29.5892857143,29.9345238095,29.2142857143,29.5119047619,66342.8571429,4.06326480952
1994-02-28,28.3355263158,28.7105263158,28.0789473684,28.4868421053,35410.5263158,3.94907226316
1994-03-31,28.3579545455,28.8863636364,28.1022727273,28.4090909091,28945.4545455,3.95058304545
1994-04-30,26.1513157895,26.4013157895,25.6578947368,25.9539473684,64842.1052632,3.60916963158
1994-05-31,25.5758933333,25.9345238095,25.2738095238,25.505952381,49695.2380952,3.5746077619
1994-06-30,24.9744326818,25.3039781364,24.6590909091,24.9375,38854.5454545,3.50557431818
1994-07-31,25.075,25.225,24.725,24.92187405,200320.0,3.5033778
1994-08-31,27.3522727273,27.6590909091,27.1420454545,27.5284090909,41472.7272727,3.90139422727
1994-09-30,26.5446419524,26.7946419524,26.244047619,26.4791657619,81276.1904762,3.7612992381
1994-10-31,25.6428571429,25.8154761905,25.3720229048,25.598213381,40361.9047619,3.63616204762
1994-11-30,24.4523809524,24.8392857143,24.2261904762,24.5654761905,93828.5714286,3.51878980952
1994-12-31,24.26875,24.69375,24.00312405,24.44375,74380.0,3.51072235
1995-01-31,25.8541657619,26.3452380952,25.6696419524,26.0416630476,75028.5714286,3.74022195238
1995-02-28,27.7302631579,28.0394736842,27.4736842105,27.7467095263,160715.789474,4.01289968421
1995-03-31,27.9836956522,28.2880434783,27.8206521739,28.1032608696,52086.9565217,4.07745995652
1995-04-30,29.0416666667,29.3437489444,28.8125,29.0902777778,73733.3333333,4.22066516667
1995-05-31,29.0284090909,29.4375,28.8238636364,29.0823872273,72054.5454545,4.24952613636
1995-06-30,31.8011363636,32.2159090909,31.625,31.9857963182,194745.454545,4.68601577273
1995-07-31,32.50312595,32.76562595,32.225,32.41562405,116840.0,4.74898675
1995-08-31,32.2897727273,32.7045454545,32.0511363636,32.5056818182,87618.1818182,4.7888735
1995-09-30,35.29375,35.71875,35.09375,35.54062595,231700.0,5.25205755
1995-10-31,36.2272727273,36.5454545455,36.0625,36.3323855,92109.0909091,5.36906059091
1995-11-30,37.7678571429,37.9702380952,37.4642857143,37.7306552857,103333.333333,5.60167757143
1995-12-31,37.7687481,37.975,37.43437405,37.5625,115240.0,5.5926005
1996-01-31,35.8693181818,36.3693181818,35.625,35.9971599545,136018.181818,5.35953772727
1996-02-29,37.25,37.69375,37.04375,37.41875,133080.0,5.58783065
1996-03-31,35.8065485238,36.1547619048,35.4345238095,35.8869047619,117542.857143,5.38331980952
1996-04-30,33.6011904762,33.7916666667,33.1071428571,33.4821428571,145028.571429,5.02258628571
1996-05-31,31.7619047619,31.9761904762,31.380952381,31.7410705238,154990.47619,4.78735942857
1996-06-30,32.60625,33.06875,32.375,32.72187405,81540.0,4.95153045
1996-07-31,32.5113636364,32.8920454545,32.1960235909,32.5823855,51600.0,4.93042263636
1996-08-31,32.5113636364,32.7840909091,32.125,32.4829545455,90400.0,4.94252809091
1996-09-30,32.88437595,33.0875,32.58437595,32.875,81020.0,5.017766
1996-10-31,34.5397727273,34.8806818182,34.2585235909,34.5880690455,83545.4545455,5.27923472727
1996-11-30,34.04375,34.25,33.6249981,33.88437405,166420.0,5.19796825
1996-12-31,37.1964285714,37.723213381,36.9404761905,37.3928571429,241542.857143,5.75543942857
1997-01-31,37.6011904762,37.994047619,37.3154761905,37.7142857143,75942.8571429,5.80491290476
1997-02-28,41.5921052632,42.2631558947,41.1940779474,41.7664483684,88484.2105263,6.45551384211
1997-03-31,41.3875,41.805468,41.18125,41.49375,128600.0,6.42899685
1997-04-30,41.1079545455,41.3977272727,40.8465909091,41.1818181818,49400.0,6.38066668182
1997-05-31,43.56562405,44.18125,43.28125,43.78437405,52300.0,6.8102974
1997-06-30,46.1011904762,46.7261904762,45.6785714286,46.4285732381,105142.857143,7.2399282381
1997-07-31,51.6704545455,52.5056818182,51.4829545455,52.2102272727,76236.3636364,8.14150163636
1997-08-31,51.0833315238,51.869047619,50.5119047619,51.2053562381,81885.7142857,8.010493
1997-09-30,51.6726172381,52.6116057143,50.9047619048,51.8169637619,143314.285714,8.12319352381
1997-10-31,53.2663043478,53.8967391304,52.9836956522,53.4782625217,71686.9565217,8.38363052174
1997-11-30,54.0526315789,54.4671052632,53.4769746842,53.7960526316,99684.2105263,8.45779157895
1997-12-31,27.5089294762,28.11756,27.0595238095,27.5773819048,76428.5714286,8.30867657143
1998-01-31,26.501563,27.053125,25.8125,26.504688,136520.0,8.35235825
1998-02-28,27.0164473684,27.2467105263,26.3190789474,26.875,59652.6315789,8.49737489474
1998-03-31,26.8096590909,27.2840909091,26.3806818182,26.8863636364,110072.727273,8.51721059091
1998-04-30,27.646875,28.26875,27.175,27.7125,78040.0,8.77891855
1998-05-31,26.809375,27.246875,26.428125,26.7125,70720.0,8.4879268
1998-06-30,24.4232954545,24.7911936364,23.9943181818,24.2599418182,119618.181818,7.724523
1998-07-31,22.2470238095,22.6041666667,21.7187495238,22.1071438095,104676.190476,7.0390582381
1998-08-31,19.2261904762,19.6339285714,18.8005952381,19.119047619,195133.333333,6.11800547619
1998-09-30,18.8273809524,19.2410714286,18.5773809524,18.9642857143,181809.52381,6.08377747619
1998-10-31,18.1949409524,18.4687504762,17.994047619,18.2663695238,245657.142857,5.85988480952
1998-11-30,20.210938,20.848438,19.7875,20.271874,109020.0,6.52917005
1998-12-31,19.7159090909,20.2400572727,19.5085227273,19.8494318182,87809.0909091,6.41066331818
1999-01-31,20.0888157895,20.5789473684,19.5,19.9210526316,233726.315789,6.43379431579
1999-02-28,18.3914473684,18.8881578947,18.1019736842,18.3700652632,179389.473684,5.95914473684
1999-03-31,18.5679347826,18.9510869565,18.3831521739,18.6997278261,120852.173913,6.0855583913
1999-04-30,18.2916666667,18.6428571429,18.0892857143,18.36756,154380.952381,5.97745914286
1999-05-31,19.13125,19.4625,18.61875,19.021875,141680.0,6.22053765
1999-06-30,18.90483,19.1278409091,18.6846590909,18.8863636364,122809.090909,6.18962745455
1999-07-31,20.181547619,20.5357142857,19.861607619,20.2529771429,100523.809524,6.6408477619
1999-08-31,18.4985790909,18.7627836364,18.1193181818,18.4573863636,100327.272727,6.08130431818
1999-09-30,18.120313,18.457813,17.846875,18.148438,126920.0,5.99632165
1999-10-31,18.1711304762,18.4776790476,17.9880952381,18.2723219048,93142.8571429,6.03725333333
1999-11-30,17.9136904762,18.0520838095,17.6517857143,17.8154761905,130419.047619,5.91917590476
1999-12-31,17.2869318182,17.4517045455,17.1732954545,17.3117900455,198045.454545,5.76838031818
2000-01-31,15.8930926316,16.1134863158,15.6381578947,15.8552631579,160557.894737,5.28305784211
2000-02-29,15.240625,15.439063,15.00625,15.182812,180760.0,5.0896739
2000-03-31,15.8804347826,16.2309782609,15.4714678261,15.9415765217,100930.434783,5.36547243478
2000-04-30,17.6805555556,18.1128466667,17.4409722222,17.8333333333,81233.3333333,6.00218294444
2000-05-31,19.1349436364,19.4346590909,18.7428972727,19.0596590909,168472.727273,6.4494145
2000-06-30,18.6647727273,18.9573863636,18.4005681818,18.7151991364,105572.727273,6.35119577273
2000-07-31,18.529688,18.83125,18.16875,18.540625,85920.0,6.2919519
2000-08-31,17.8991481818,18.1960227273,17.7244318182,17.9055400455,111690.909091,6.11129759091
2000-09-30,17.609375,17.78125,17.465625,17.595312,87220.0,6.02168165
2000-10-31,17.0163354091,17.1931818182,16.7528409091,17.0397727273,99318.1818182,5.83155831818
2000-11-30,19.064062,19.553125,18.84375,19.279688,108170.0,6.6295955
2000-12-31,21.75703195,22.579688,21.36953095,22.15,122040.0,7.6380882
2001-01-31,23.4836314286,24.0230656667,22.9769342381,23.4761904762,72457.1428571,8.09540471429
2001-02-28,23.30382,23.9131944444,22.7604166667,23.34375,271711.111111,8.07010805556
2001-03-31,22.3899145,22.9232954545,22.0085227273,22.5276991364,99545.4545455,7.81384945455
2001-04-30,23.83362505,24.3336251,23.52750015,24.0197501,100880.0,8.331375
2001-05-31,24.5704544545,25.1281818182,24.2318181364,24.6386363636,97309.0909091,8.57952181818
2001-06-30,25.4790475714,26.2223809048,25.1114284286,25.7442855714,85371.4285714,8.98523319048
2001-07-31,26.1209525714,26.7780950952,25.5904764762,26.1261904286,67876.1904762,9.11852495238
2001-08-31,26.1143478261,26.4934782174,25.7147826087,26.0786957826,67686.9565217,9.13033386957
2001-09-30,23.2120002667,23.6839998667,22.6093335333,23.1240002667,72880.0,8.11864966667
2001-10-31,22.4452176087,23.0269562174,21.826087087,22.5252176087,38765.2173913,7.90842186957
2001-11-30,22.4371428095,22.8838095238,22.2161904286,22.6123808095,69590.4761905,7.96540409524
2001-12-31,23.30750015,23.69049995,22.82,23.29049985,72960.0,8.23260665
2002-01-31,22.0114287619,22.3671430952,21.570952381,21.9638096667,93552.3809524,7.763655
2002-02-28,21.5794441667,22.0305555,21.2416665556,21.6405553889,96244.4444444,7.67825872222
2002-03-31,24.548,25.1255001,24.2165,24.83550005,127240.0,8.8418824
2002-04-30,28.0131819545,28.5727272727,27.8031817727,28.369091,109990.909091,10.0999038636
2002-05-31,28.8257143333,29.1904762857,28.1476192857,28.687619,144076.190476,10.2395577619
2002-06-30,26.63700005,27.32550015,26.26399975,26.73050025,132700.0,9.5653889
2002-07-31,24.7977274545,25.4850002273,24.1195456364,24.8272727273,101663.636364,8.88430418182
2002-08-31,23.9827273182,24.440909,23.3886363636,23.942727,100709.090909,8.596883
2002-09-30,22.89800015,23.25400015,22.34900015,22.89449995,399150.0,8.24422005
2002-10-31,21.6695453182,22.0622726364,21.3236360909,21.7368181364,270927.272727,7.82734327273
2002-11-30,24.5049999,24.8735001,24.2795,24.6814999,304290.0,8.9184739
2002-12-31,25.2528572381,25.6000000476,24.857619,25.2699997619,142314.285714,9.15554557143
2003-01-31,24.89899995,25.2735001,24.57500005,24.87800005,131900.0,9.0135206
2003-02-28,22.8515791579,23.1442103684,22.5005264737,22.8568421579,268642.105263,8.31424831579
2003-03-31,24.63549995,24.9465,24.3755002,24.7300001,246400.0,9.02115635
2003-04-30,25.1242858095,25.4490478095,24.8023810476,25.1480951905,199133.333333,9.17367152381
2003-05-31,25.514285381,25.9657141429,25.2338096667,25.601428619,332952.380952,9.36717814286
2003-06-30,25.4560001,25.6994999,25.2425,25.47650005,257760.0,9.3469619
2003-07-31,25.4036364545,25.6854545,25.1363634545,25.3836360909,201654.545455,9.3128915
2003-08-31,27.5242858095,28.1104761429,27.2047619048,27.769047619,242771.428571,10.220322381
2003-09-30,30.07149995,30.62350005,29.58649995,30.2064998,335110.0,11.1420624
2003-10-31,30.3304347391,30.7917392174,29.9556519565,30.4086953043,263921.73913,11.216644913
2003-11-30,31.4966665556,31.9916666111,31.1077776667,31.6788887778,199322.222222,11.7197152778
2003-12-31,31.7277273182,32.0536364545,31.2918180909,31.6686363182,187418.181818,11.7437012273
2004-01-31,33.4714996,33.94249985,33.0915001,33.6590005,295300.0,12.4817893
2004-02-29,36.1049997778,36.5127779444,35.6761113333,36.0822225,303477.777778,13.4185627778
2004-03-31,36.6295654783,37.0547822609,36.0786956087,36.5330434348,378913.043478,13.6099872174
2004-04-30,36.44049985,36.8495004,35.95700015,36.4625,248340.0,13.58370705
2004-05-31,35.27900045,35.64850005,34.72450005,35.24050045,195410.0,13.18175595
2004-06-30,37.6880951905,38.2019052857,37.3361901429,37.8023813333,291638.095238,14.1503417619
2004-07-31,38.15750005,38.4360001,37.44200035,37.80000005,359430.0,14.14945035
2004-08-31,35.1109089545,35.3468182273,34.6654546364,35.0481815455,254109.090909,13.1592551818
2004-09-30,35.9685714762,36.2890474286,35.5919049524,36.0080954286,180095.238095,13.543499
2004-10-31,37.79599955,38.3275,37.3299999,37.8880006,224330.0,14.250576
2004-11-30,42.1071427143,42.651904619,41.8080950952,42.4361903333,193790.47619,16.0101875714
2004-12-31,44.7438096667,45.1919045714,44.300000381,44.7623809048,226019.047619,16.9127037619
2005-01-31,43.6785001,44.1455,43.1945002,43.63999995,226550.0,16.48863125
2005-02-28,46.971052,47.4973686316,46.458947,47.1042107368,298305.263158,17.8384938421
2005-03-31,46.4976193333,46.8809520476,46.2133333333,46.4485715714,263352.380952,17.6200595714
2005-04-30,45.3214288095,45.9771424762,44.5733337619,45.2571429048,275342.857143,17.1680965238
2005-05-31,46.2350002,46.79650045,45.8720002,46.5070002,199340.0,17.68609965
2005-06-30,48.9449998636,49.3945457273,48.5700003182,49.0159091364,257618.181818,18.6704370909
2005-07-31,49.6384999,49.93000005,49.2245004,49.6310001,262710.0,18.9047287
2005-08-31,48.2045455909,48.6486363636,47.6949999545,48.1345452273,167918.181818,18.3837472273
2005-09-30,48.168095381,48.7385711905,47.6752380952,48.2752384286,244714.285714,18.4612801429
2005-10-31,49.2834999,50.0815001,48.78750005,49.61150015,317770.0,18.9722896
2005-11-30,56.7866667619,57.4438098571,56.0280953333,56.7361904762,351142.857143,21.7530908571
2005-12-31,55.1942858095,55.6933330952,54.6623808571,55.0842856667,268828.571429,21.1468682857
2006-01-31,55.7331583684,56.4552634211,55.2057903158,55.9468419474,341400.0,21.4780034737
2006-02-28,54.9478945263,55.3847370526,54.4478946316,54.9363157895,370252.631579,21.1394532105
2006-03-31,54.0782606957,54.4239126087,53.5513043478,54.0230433913,216104.347826,20.8226042609
2006-04-30,53.1373686316,53.6905267368,52.5352634211,53.0752629474,296221.052632,20.4576895263
2006-05-31,53.6059089091,54.0772724545,53.0013636364,53.5036362273,273700.0,20.6757921818
2006-06-30,53.9433335238,54.4628569524,53.3352383333,53.9914281905,244961.904762,20.8954193333
2006-07-31,54.4150004,54.7945002,53.4919992,54.13800035,241100.0,20.9521447
2006-08-31,51.5978263913,51.9626089565,51.083478087,51.5373913913,244739.130435,20.0029650435
2006-09-30,52.67000005,53.08550015,52.1730002,52.65000015,176590.0,20.46521325
2006-10-31,55.4790914091,55.8640914545,55.0472722273,55.5672726818,188936.363636,21.5997446364
2006-11-30,55.0049999,55.3615001,54.5234998,54.95950015,196550.0,21.41617215
2006-12-31,56.12399985,56.5240002,55.72650025,56.14999995,195120.0,21.91516445
2007-01-31,55.07199965,55.49700035,54.3434997,54.8995003,338410.0,21.42709855
2007-02-28,42.8057895789,43.0447367368,42.4694736316,42.7347365789,527326.315789,19.7942296842
2007-03-31,24.3386364545,24.5986361364,24.1250000455,24.4100001818,399940.909091,19.1432929545
2007-04-30,26.0605264211,26.3263156316,25.9015788421,26.1047369474,367136.842105,20.4723728421
2007-05-31,26.5595455909,26.7686364091,26.2986364091,26.5890908182,296140.909091,20.9131167727
2007-06-30,26.555714381,26.7942858571,26.273809381,26.5419045714,251209.52381,20.910481619
2007-07-31,23.17549995,23.35699995,22.69499995,22.92700015,422855.0,18.06255525
2007-08-31,20.8804349565,21.3773914348,20.3321740435,20.8769566522,385126.086957,16.5069698261
2007-09-30,20.837778,21.0838887778,20.5177777778,20.8405558333,245750.0,16.5091311111
2007-10-31,22.4600001739,22.8439131739,22.1086958696,22.503043087,326195.652174,17.8260932609
2007-11-30,22.8919050952,23.3304762857,22.3480953333,22.8680952857,293461.904762,18.1776599524
2007-12-31,23.381,23.76349995,22.86649995,23.35900015,322060.0,18.6074822
2008-01-31,22.394285619,23.0819048095,21.883333619,22.508571381,440914.285714,17.9300419524
2008-02-29,24.1245002,24.5769998,23.69600025,24.19200015,314050.0,19.33454335
2008-03-31,24.1835001,24.72699995,23.7645,24.3090001,405325.0,19.47009915
2008-04-30,24.4409090455,24.7568182727,23.9536362727,24.3231815455,338150.0,19.4814578182
2008-05-31,21.28499975,21.61100045,20.9550002,21.30449985,321015.0,17.12799275
2008-06-30,20.9847621905,21.3371429048,20.6219046667,20.8938097619,288009.52381,16.839474
2008-07-31,19.4704545,19.9872726364,19.0918179091,19.5772726364,328109.090909,15.7784041364
2008-08-31,23.6355,24.086,23.2845,23.7919998,256630.0,19.24380415
2008-09-30,24.7090480476,25.5766664286,23.6971428571,24.5395237143,325085.714286,19.8856499524
2008-10-31,20.7704545455,22.5368181364,19.7031816818,21.1349999545,309136.363636,17.1267876364
2008-11-30,21.2689472632,22.2715792105,20.3557894211,21.2778946842,282794.736842,17.3089015789
2008-12-31,21.1909523333,21.9028569048,20.4595240476,21.253809381,346419.047619,17.3301421905
2009-01-31,20.69700005,21.25950025,19.98300005,20.5165001,300710.0,16.72894755
2009-02-28,13.7036842105,14.0231578947,13.2578947368,13.5752631579,405994.736842,11.1310237895
2009-03-31,11.999047619,12.3671428571,11.6061904762,11.9533333333,403590.47619,9.83784852381
2009-04-30,12.6995238095,13.0933333333,12.3457142857,12.8061904762,342957.142857,10.5397682381
2009-05-31,13.687,13.969,13.27,13.594,258060.0,11.248998
2009-06-30,13.3077272727,13.5259090909,13.0327272727,13.2690909091,247650.0,11.0237715455
2009-07-31,13.6404545455,13.9022727273,13.4336363636,13.7459090909,213236.363636,11.4199054091
2009-08-31,16.5770002,16.834,16.3745,16.66349975,199240.0,13.9160798
2009-09-30,16.2719047619,16.5004760476,16.0242858095,16.2271429524,165495.238095,13.5882732381
2009-10-31,15.8622725909,16.1104543182,15.6054545909,15.8086362727,221781.818182,13.2378243636
2009-11-30,15.4710526316,15.6552631053,15.2978947368,15.4626315789,181584.210526,13.0230245263
2009-12-31,16.3195456818,16.5045454091,16.1286365455,16.3077274091,216963.636364,13.7711789091
2010-01-31,15.9278947368,16.0736843684,15.7326316316,15.8931577895,173347.368421,13.4210925789
2010-02-28,15.7844445,15.9561111111,15.6633333333,15.8494444444,196466.666667,13.4551601667
2010-03-31,16.5634783913,16.6830435652,16.4534783043,16.5708696522,182234.782609,14.1122887826
2010-04-30,16.9571429524,17.0933333333,16.7971429048,16.9819047619,151257.142857,14.4623396667
2010-05-31,15.8842104211,16.1578948947,15.538421,15.8747369474,210400.0,13.5879188947
2010-06-30,15.2486363182,15.4386363636,14.9872727273,15.1963636364,178181.818182,13.0467348636
2010-07-31,15.079047619,15.2438094762,14.859047619,15.080952381,186895.238095,12.9476494286
2010-08-31,15.2623809524,15.4495238571,15.0871428571,15.289047619,150061.904762,13.1975677143
2010-09-30,15.8199999524,15.9809521905,15.6566667143,15.8438095714,170957.142857,13.715444
2010-10-31,17.109523619,17.2819047619,16.9266666667,17.0895239524,131509.52381,14.7938163333
2010-11-30,16.9576188095,17.0909524286,16.735238,16.9366667143,116233.333333,14.7376576667
2010-12-31,17.9936365909,18.1709090909,17.8486365,18.0263637727,125977.272727,15.7224077273
2011-01-31,18.25300015,18.3985,18.039,18.2405,130615.0,15.90917515
2011-02-28,18.2066667778,18.438333,18.0472222778,18.2422222222,150200.0,15.9790608889
2011-03-31,17.0830436522,17.2565217826,16.8630434783,17.022174087,120113.043478,14.9518014348
2011-04-30,17.42450005,17.5910001,17.2214999,17.3969999,139950.0,15.2810313
2011-05-31,17.1304761429,17.3066665238,16.9371427619,17.0852377143,128938.095238,15.0799384286
2011-06-30,15.8186363182,15.9590910455,15.6736363636,15.8081817273,161272.727273,13.9880858182
2011-07-31,16.5479999,16.711,16.4275001,16.5934999,135720.0,14.68298425
2011-08-31,14.9647826522,15.2747827391,14.6139130435,14.9304348261,316969.565217,13.2885587826
2011-09-30,13.82,14.0080952381,13.56,13.7342857143,282709.52381,12.2636848571
2011-10-31,14.2370001,14.5974999,14.0035,14.37150005,314270.0,12.83266935
2011-11-30,15.794762,15.9933331905,15.6238094762,15.8238094762,218457.142857,14.207207381
2011-12-31,17.2439998,17.4649998,17.07550005,17.2740003,241530.0,15.5521011
2012-01-31,17.92049995,18.0675001,17.78200035,17.9554997,159410.0,16.1656676
2012-02-29,18.13350025,18.27900015,17.9345001,18.08300025,184725.0,16.35019515
2012-03-31,17.3957144762,17.573809381,17.2304760952,17.4309524762,125509.52381,15.8069388095
2012-04-30,17.45199975,17.6514998,17.32050005,17.50700005,177725.0,15.87590115
2012-05-31,17.1972726364,17.3595454091,17.0895452273,17.2250000909,172177.272727,15.6947573636
2012-06-30,16.9980952857,17.1571428095,16.85,17.023809619,176457.142857,14.8451683333
2012-07-31,17.6161903333,17.7828572381,17.4447617619,17.6385714762,175009.52381,16.1163194762
2012-08-31,17.6926087826,17.8799998261,17.5626086087,17.7213043478,130121.73913,16.2704914348
2012-09-30,18.7511113333,18.8983333889,18.5744444444,18.7611111667,165672.222222,17.2691036667
2012-10-31,19.4823811429,19.6342856667,19.278571381,19.4333333333,150138.095238,17.887866381
2012-11-30,18.0004761429,18.1590475238,17.788095381,18.026190381,237047.619048,16.6686554762
2012-12-31,19.1136841053,19.2505261579,18.9489471053,19.126842,152289.473684,17.735424
2013-01-31,20.0609524286,20.2076190952,19.9261904286,20.1147618095,141438.095238,18.6514759048
2013-02-28,21.7033333333,22.0000000556,21.5227777222,21.7950002222,147411.111111,20.2779379444
2013-03-31,22.8394998,23.0429998,22.7125,22.95949995,129620.0,21.4181735
2013-04-30,23.5072728636,23.8477272273,23.2477272727,23.6395452727,150295.454545,22.0525656364
2013-05-31,23.7047617619,23.977143,23.503333381,23.7290477619,144195.238095,22.2130549048
2013-06-30,23.123,23.2750001,22.8009997,23.0549998,154870.0,21.62700295
2013-07-31,24.7577273636,24.9736365455,24.5581818182,24.7763635909,136527.272727,23.2417478182
2013-08-31,24.05,24.2642856667,23.8323809048,24.0666665714,104814.285714,22.654422381
2013-09-30,24.0629999,24.3045001,23.8580001,24.11399975,115125.0,22.74053425
2013-10-31,25.0663635,25.2754542727,24.7995455909,25.1136364091,207031.818182,23.6832343636
2013-11-30,26.7755001,27.0495002,26.5500003,26.8675001,110465.0,25.412906
2013-12-31,26.9623809048,27.1385714286,26.611428381,26.8742855714,126371.428571,25.4684006667
2014-01-31,25.6700000952,25.8271427143,25.2995238571,25.5076193333,137223.809524,24.1732260952
2014-02-28,22.6057894737,22.8889473158,22.3431578947,22.6015791579,166752.631579,21.4997156842
2014-03-31,23.204762,23.390952381,22.9490475714,23.1428567619,128347.619048,22.061539
2014-04-30,23.00150005,23.2304999,22.7119999,22.94000015,161470.0,21.8681606
2014-05-31,23.2680951905,23.5890474762,23.0295239048,23.3433331905,174885.714286,22.3278053333
2014-06-30,24.4528570476,24.6819049524,24.2328572857,24.5185714762,147623.809524,23.5002154286
2014-07-31,23.9566666667,24.150476,23.6619048571,23.8647619524,150485.714286,22.8735615714
2014-08-31,23.637142619,23.8133331905,23.3923809524,23.6580954762,128495.238095,22.7555420476
2014-09-30,23.3670001,23.52400005,23.12050005,23.3005,116600.0,22.45863465
2014-10-31,23.233913087,23.5482609565,22.9821741739,23.342174,190378.26087,22.498802913
2014-11-30,26.5078946316,26.7189472632,26.2726316842,26.5405262632,118363.157895,25.6662214211
2014-12-31,26.8733332857,27.1000001905,26.6980952381,26.870952381,250009.52381,26.0353834762
2015-01-31,26.6985001,26.95400035,26.3189999,26.57750015,280360.0,25.75105625
2015-02-28,27.3426310526,27.6215788421,27.1063155789,27.4084211053,196573.684211,26.6423338947
2015-03-31,28.4571425238,28.7514285238,28.2019047143,28.5595237143,238585.714286,27.8128337619
2015-04-30,28.5833335238,28.8457140476,28.253333381,28.4428574286,203495.238095,27.6992175714
2015-05-31,27.1520001,27.3590001,26.8655,27.13549985,160775.0,26.50783905
2015-06-30,27.7318184091,28.0022727273,27.4845451818,27.7690909091,201959.090909,27.1832395909
2015-07-31,29.6318183182,29.9495453636,29.3736363182,29.720909,183831.818182,29.0938798636
2015-08-31,30.93849975,31.2379999,30.4950001,30.937,207445.0,30.37843925
2015-09-30,31.0890476667,31.4223809048,30.8338095714,31.1071427619,194214.285714,30.5866345714
2015-10-31,34.3447614762,34.8423809048,33.9552384286,34.4757147143,246804.761905,33.898841
2015-11-30,35.0194999,35.2644998,34.5575003,34.91200005,226395.0,34.43059865
2015-12-31,34.3959094545,34.8586361818,34.016818,34.3777274091,196413.636364,33.9485307727
2016-01-31,30.8972222778,31.426111,30.4038887222,30.8633329444,232333.333333,30.4780125
2016-02-29,33.02650035,33.50649995,32.58900025,33.13150015,243905.0,32.80899335
2016-03-31,34.9533334286,35.3861907143,34.6580948571,35.088095381,192500.0,34.8076723333
2016-04-30,35.0599999524,35.3871428095,34.6666669048,34.9980953333,164300.0,34.7183917143
2016-05-31,35.7128574762,36.1604766667,35.317619381,35.8847617143,186261.904762,35.6916454762
2016-06-30,37.1133329524,37.522381,36.769047619,37.2133335714,204528.571429,37.071513381
2016-07-31,38.8815005,39.22099975,38.39200015,38.87149975,173940.0,38.72336055
2016-08-31,39.0079995,39.3380005,38.7650005,39.071,193580.0,38.9518298
