Date,Open,High,Low,Close,Volume,Adj Close
1994-04-30,10.22596,10.2884615385,10.0288461538,10.1971169231,265261.538462,1.39497161538
1994-05-31,10.1428552381,10.2351180952,10.0416666667,10.163687619,107466.666667,1.39039847619
1994-06-30,10.9701690909,11.0681818182,10.7897727273,10.9367890909,82945.4545455,1.4961595
1994-07-31,11.371876,11.54375,11.2125,11.4625,77460.0,1.568077
1994-08-31,12.4602272727,12.6022727273,12.3863636364,12.5369309091,42345.4545455,1.71505990909
1994-09-30,12.005207619,12.1547619048,11.9218742857,12.0773809524,16952.3809524,1.65219280952
1994-10-31,11.2916666667,11.4374990476,11.1592247619,11.270087619,25466.6666667,1.54175480952
1994-11-30,10.4107142857,10.5706838095,10.3392857143,10.4761904762,23504.7619048,1.433149
1994-12-31,9.97619047619,10.1220247619,9.85119047619,10.0357142857,21885.7142857,1.37289171429
1995-01-31,10.975,11.08125,10.83125,11.00625,29660.0,1.50566165
1995-02-28,11.8026315789,11.9111831579,11.6578947368,11.7631578947,23726.3157895,1.609207
1995-03-31,12.5326086957,12.7744556522,12.347826087,12.722826087,38869.5652174,1.74049034783
1995-04-30,13.8355263158,14.0460526316,13.6052631579,13.8552631579,86357.8947368,1.89540836842
1995-05-31,14.5965909091,14.7727272727,14.4659090909,14.6079545455,37545.4545455,2.01052595455
1995-06-30,14.8806818182,14.9488636364,14.8181818182,14.8806818182,18418.1818182,2.05279281818
1995-07-31,14.9078947368,14.9736842105,14.8815789474,14.9342105263,6147.36842105,2.06017705263
1995-08-31,14.9239130435,14.9673913043,14.8369565217,14.8913043478,10121.7391304,2.06576673913
1995-09-30,15.46875,15.6375,15.36875,15.58125,34300.0,2.16780765
1995-10-31,17.1136363636,17.1761363636,17.0056818182,17.0767054091,25236.3636364,2.37586927273
1995-11-30,16.3988095238,16.4404761905,16.375,16.4047619048,46895.2380952,2.29322504762
1995-12-31,15.8125,15.871876,15.7125,15.7625,10260.0,2.2100247
1996-01-31,15.1666666667,15.25,15.1666666667,15.2321428571,4571.42857143,2.1356647619
1996-02-29,15.18125,15.225,15.11875,15.125,10520.0,2.131969
1996-03-31,14.1071428571,14.125,14.0238095238,14.0238095238,22152.3809524,1.9824972381
1996-04-30,13.9345238095,14.1726190476,13.880952381,14.0714285714,19428.5714286,1.98922866667
1996-05-31,14.3181818182,14.3636363636,14.2159090909,14.2812509091,7745.45454545,2.03000986364
1996-06-30,14.23125,14.35,14.18125,14.2375,8920.0,2.0302074
1996-07-31,14.2159090909,14.2897727273,14.1590909091,14.2386363636,12163.6363636,2.03036922727
1996-08-31,13.9261363636,13.9829545455,13.8863636364,13.8977272727,19400.0,1.989993
1996-09-30,14.3,14.3875,14.3,14.36875,7000.0,2.06689595
1996-10-31,14.2201078261,14.2228243478,14.1847826087,14.1874991304,9304.34782609,2.04082391304
1996-11-30,14.06875,14.11875,14.01875,14.075,13260.0,2.03379375
1996-12-31,14.2797619048,14.3630952381,14.1904761905,14.2827390476,15333.3333333,2.07303319048
1997-01-31,14.4715909091,14.5681818182,14.4715909091,14.5568181818,9909.09090909,2.1128135
1997-02-28,16.1319444444,16.3263888889,15.9930555556,16.1527777778,20755.5555556,2.35268266667
1997-03-31,16.2,16.28125,16.1125,16.1625,18640.0,2.3640514
1997-04-30,15.9545454545,16.0227272727,15.8380690909,15.9488636364,7000.0,2.33280327273
1997-05-31,16.2172609524,16.5059504762,16.1934514286,16.3482132857,25314.2857143,2.40355619048
1997-06-30,17.2797619048,17.3452380952,17.1369047619,17.2380952381,21219.047619,2.54187495238
1997-07-31,17.5,17.5454545455,17.4204545455,17.4431818182,10490.9090909,2.57211640909
1997-08-31,17.244047619,17.2738095238,17.2202380952,17.2619047619,18419.047619,2.557738
1997-09-30,17.70625,17.775,17.55625,17.61875,26560.0,2.6169686
1997-10-31,18.5597826087,18.7282608696,18.277173913,18.4565233913,23756.5217391,2.74140586957
1997-11-30,18.3519746842,18.4210526316,18.312501,18.3421052632,12842.1052632,2.738603
1997-12-31,19.7613636364,19.9090909091,19.4886363636,19.7556818182,12581.8181818,2.953807
1998-01-31,19.2055915789,19.5213810526,19.1069073684,19.3124989474,15663.1578947,2.88754373684
1998-02-28,20.7598694211,21.0065789474,20.6085536316,20.7894736842,11221.0526316,3.12235705263
1998-03-31,22.3181818182,22.5340909091,21.9943181818,22.1818181818,36254.5454545,3.33795254545
1998-04-30,21.4107142857,21.4702380952,21.2619047619,21.3511904762,19276.1904762,3.2129582381
1998-05-31,20.92187405,21.0624981,20.85937405,21.0484361,7780.0,3.18001135
1998-06-30,21.5965891818,21.6619292273,21.5284073636,21.5880655909,34363.6363636,3.26853377273
1998-07-31,21.0952380952,21.2083333333,21.0773809524,21.1904761905,32380.952381,3.208337
1998-08-31,18.5148800476,18.6815485238,18.3303580476,18.5208360476,37923.8095238,2.81583857143
1998-09-30,16.3333315238,16.3690458095,16.2678553333,16.2797600952,5276.19047619,2.48126352381
1998-10-31,16.3579615,16.3977342273,16.3039834091,16.3437561364,12036.3636364,2.49101763636
1998-11-30,16.9312576,16.9875057,16.8937576,16.9500057,10580.0,2.59416915
1998-12-31,15.7380988571,15.7886931905,15.625003619,15.6607179048,17257.1428571,2.4048597619
1999-01-31,14.7697347368,14.8092084211,14.73684,14.7796021053,12926.3157895,2.26955563158
1999-02-28,14.8717115789,14.8947389474,14.7467115789,14.8453957895,13031.5789474,2.29182915789
1999-03-31,14.3396852174,14.4429443478,14.1250086957,14.3043582609,9460.86956522,2.21519234783
1999-04-30,14.0624990476,14.0833333333,13.90476,13.9732133333,6838.0952381,2.16391061905
1999-05-31,13.668754,13.731254,13.650004,13.690628,9880.0,2.13314315
1999-06-30,13.8065485714,13.8125009524,13.7946438095,13.8125009524,2323.80952381,2.1590132381
1999-07-31,13.9732114286,13.9999961905,13.9404761905,13.9791657143,10323.8095238,2.18506442857
1999-08-31,14.0184654545,14.0298290909,14.0184654545,14.0284090909,6854.54545455,2.20713168182
1999-09-30,13.6264895238,13.6488114286,13.5372057143,13.59524,12400.0,2.14419842857
1999-10-31,12.4761904762,12.5535714286,12.3452380952,12.4077371429,16171.4285714,1.95690904762
1999-11-30,13.0238171429,13.0446495238,12.9762019048,13.0059619048,19942.8571429,2.0655747619
1999-12-31,12.9289781818,13.0198854545,12.8636363636,12.9715890909,22218.1818182,2.06214863636
2000-01-31,12.3875,12.4125,12.36875,12.371876,15880.0,1.9702895
2000-02-29,11.9125,12.0375,11.81875,11.89375,14400.0,1.906989
2000-03-31,11.5978191304,11.7092347826,11.5380365217,11.66032,12086.9565217,1.87693826087
2000-04-30,11.8273031579,11.9506568421,11.7812505263,11.9013157895,20484.2105263,1.91573068421
2000-05-31,12.4886363636,12.5,12.4602272727,12.4602272727,2309.09090909,2.01835554545
2000-06-30,12.6306818182,12.6825290909,12.5994327273,12.6399163636,17654.5454545,2.05496768182
2000-07-31,12.684374,12.718748,12.684374,12.706248,13720.0,2.06575195
2000-08-31,12.6847808696,12.7065182609,12.6766295652,12.6902156522,13426.0869565,2.07622747826
2000-09-30,12.925,12.946874,12.8875,12.9125,14260.0,2.1196651
2000-10-31,12.5227272727,12.5284090909,12.5113636364,12.5170454545,3636.36363636,2.05474895455
2000-11-30,12.7061028571,12.7380952381,12.6994057143,12.7232152381,7847.61904762,2.10147438095
2000-12-31,13.0386505263,13.0386505263,12.9991768421,12.9991768421,3515.78947368,2.15502152632
2001-01-31,13.1793161905,13.1912209524,13.1555066667,13.1644342857,11314.2857143,2.18241790476
2001-02-28,13.4835494737,13.5328926316,13.4736821053,13.5296042105,10863.1578947,2.255343
2001-03-31,13.5532727273,13.5760018182,13.5191818182,13.5490127273,4545.45454545,2.26756622727
2001-04-30,13.357626,13.370626,13.31525,13.34825,2740.0,2.23396615
2001-05-31,13.3718181818,13.3909090909,13.3531818182,13.3790909091,6272.72727273,2.25263259091
2001-06-30,13.9114285714,13.9428571429,13.8757142857,13.9142857143,8457.14285714,2.35070842857
2001-07-31,14.1185,14.1485,14.1035,14.1435,7320.0,2.3894324
2001-08-31,15.3608695652,15.452173913,15.3239130435,15.4147826087,59304.3478261,2.61825765217
2001-09-30,15.122,15.146,14.87,15.0553333333,21360.0,2.56432086667
2001-10-31,15.1213043478,15.1386956522,15.0952173913,15.1308695652,3217.39130435,2.57718665217
2001-11-30,15.6528572857,15.7204762857,15.580952381,15.6604761429,2000.0,2.68026142857
2001-12-31,16.1473686842,16.1478950526,16.1421055263,16.1473686842,1831.57894737,2.77305342105
2002-01-31,16.1223811429,16.1380952857,16.0990477143,16.1214285714,4095.23809524,2.76859842857
2002-02-28,16.9221054737,16.9405265263,16.9147370526,16.9278949474,1747.36842105,2.91960178947
2002-03-31,17.02149995,17.04599985,17.0065001,17.026,3140.0,2.94560325
2002-04-30,17.9068184545,18.0336367273,17.8213639545,17.9304548636,2836.36363636,3.1020795
2002-05-31,18.7727274091,18.8550001364,18.6754545,18.775,14818.1818182,3.2617085
2002-06-30,18.801,18.84550005,18.7885,18.82800005,4380.0,3.27923355
2002-07-31,18.1709094091,18.2122729091,18.1063639545,18.1445456364,8927.27272727,3.1601975
2002-08-31,18.0713635455,18.0831817273,17.9699996818,17.9863633636,2000.0,3.1482975
2002-09-30,18.57300015,18.6170001,18.5350002,18.56900015,3660.0,3.25947555
2002-10-31,18.8656521304,18.8886955217,18.8447824783,18.8630433478,1513.04347826,3.31108986957
2002-11-30,20.3257891579,20.4173681579,20.2642102105,20.3773681053,7031.57894737,3.59366631579
2002-12-31,21.3661903333,21.3847617619,21.3190473333,21.3195235238,1847.61904762,3.7692757619
2003-01-31,22.5338098571,22.750952619,22.4104764762,22.6523813333,9885.71428571,4.00492395238
2003-02-28,23.1872223889,23.3100001111,23.116111,23.2222223333,10733.3333333,4.12091327778
2003-03-31,24.1442855238,24.281904381,23.9857140476,24.1885714286,11580.952381,4.30258628571
2003-04-30,24.6933331905,24.7361904286,24.6766664762,24.7085713333,3276.19047619,4.3950822381
2003-05-31,24.5885711905,24.6647616667,24.5114282857,24.5661903333,5923.80952381,4.38532995238
2003-06-30,25.0961907143,25.1452382857,24.9838098095,25.092857381,6571.42857143,4.48919561905
2003-07-31,25.6690479524,25.8009527143,25.5738097143,25.7828574286,3638.0952381,4.61263890476
2003-08-31,26.8771428095,27.1795237619,26.8090474762,27.0604759524,5161.9047619,4.86196638095
2003-09-30,27.2366667619,27.5157144762,26.960952381,27.3142859048,10800.0,4.91985866667
2003-10-31,26.7713042609,26.8691304783,26.5917391739,26.7352173478,11443.4782609,5.15488782609
2003-11-30,14.2972222222,14.3344444444,14.24,14.3127777778,3511.11111111,5.17771638889
2003-12-31,14.0627272727,14.0877272727,13.9827272727,14.0090909091,2209.09090909,5.07849590909
2004-01-31,14.2005,14.3085,14.168,14.275,9800.0,5.174892
2004-02-29,15.3721052632,15.3847368421,15.3221052632,15.3752631579,9326.31578947,5.59477115789
2004-03-31,15.4372727273,15.5195454545,15.3990909091,15.4486363636,10536.3636364,5.63348995455
2004-04-30,15.4961905714,15.5619049048,15.3666667619,15.4595239524,3371.42857143,5.63746019048
2004-05-31,15.95999985,16.01199975,15.88899985,15.9564998,1660.0,5.8399292
2004-06-30,15.5790476667,15.674762,15.539047619,15.5985714286,5600.0,5.72022085714
2004-07-31,15.7938095238,15.824762,15.78,15.7947619524,742.857142857,5.79216685714
2004-08-31,15.3642857143,15.4161904762,15.2842857143,15.3514285714,5647.61904762,5.65032195238
2004-09-30,15.3595238095,15.4395238095,15.3352380952,15.4023809524,1847.61904762,5.68180704762
2004-10-31,15.8104762381,15.8909523333,15.7461904762,15.8299999048,3276.19047619,5.83955190476
2004-11-30,17.1314287143,17.5099999048,17.0290475714,17.4119046667,6114.28571429,6.445997
2004-12-31,17.9838095238,18.2042856667,17.8452380952,18.1033333333,2685.71428571,6.71319114286
2005-01-31,18.19899965,18.2644997,18.1284996,18.2439996,1460.0,6.76535375
2005-02-28,17.4521054211,17.5326317368,17.2868418947,17.3510525263,4831.57894737,6.45353442105
2005-03-31,16.4536367273,16.5354549091,16.3750004091,16.4159094091,5254.54545455,6.11906368182
2005-04-30,15.9004761429,15.9309523333,15.84,15.8728571429,1685.71428571,5.91663990476
2005-05-31,14.569047619,14.6361904762,14.4528571429,14.5485714286,1400.0,5.44063890476
2005-06-30,14.4477272727,14.4790909091,14.3722727273,14.4454545455,2109.09090909,5.41839072727
2005-07-31,14.226,14.3115,14.177,14.2435,830.0,5.3426389
2005-08-31,14.532173913,14.5569565217,14.5247826087,14.5495652174,1008.69565217,5.46480417391
2005-09-30,14.2980952381,14.3219047619,14.2823809524,14.3061904762,609.523809524,5.39987971429
2005-10-31,13.9428571429,14.06,13.8623809524,13.9776190476,2447.61904762,5.27585895238
2005-11-30,14.5714285714,14.6685714286,14.4271428571,14.5476190476,1780.95238095,5.51388147619
2005-12-31,14.1080952381,14.2547619048,14.0557142857,14.1676190476,2504.76190476,5.38109138095
2006-01-31,14.49,14.6945,14.429,14.6585,1740.0,5.56753585
2006-02-28,13.7378947368,13.8705263158,13.5984210526,13.7768421053,1631.57894737,5.25159915789
2006-03-31,13.3181818182,13.5595454545,13.1304545455,13.3809090909,2636.36363636,5.11493445455
2006-04-30,14.6726315789,14.8573684211,14.5152631579,14.7531578947,2378.94736842,5.639485
2006-05-31,14.3877272727,14.6386363636,14.2145454545,14.5436363636,3272.72727273,5.58052863636
2006-06-30,13.5240909091,13.7731818182,13.3840909091,13.6654545455,2572.72727273,5.25523495455
2006-07-31,13.533,13.8605,13.1965,13.5955,3560.0,5.22833305
2006-08-31,14.7040909091,14.9213636364,14.5404545455,14.7409090909,4990.90909091,5.69192322727
2006-09-30,14.799,14.962,14.7685,14.916,1590.0,5.77077365
2006-10-31,15.0236363636,15.1327272727,15.0218181818,15.0868181818,2790.90909091,5.83686081818
2006-11-30,14.95,15.0485714286,14.919047619,14.9995238095,3590.47619048,5.824504
2006-12-31,14.918,14.9685,14.863,14.9455,790.0,5.81708675
2007-01-31,14.996,15.009,14.995,15.006,370.0,5.8406375
2007-02-28,15.0342105263,15.1857894737,15.01,15.1436842105,831.578947368,5.91414594737
2007-03-31,15.1454545455,15.2381818182,15.0804545455,15.195,1636.36363636,5.94908059091
2007-04-30,14.7895,14.881,14.6655,14.7815,11750.0,5.787189
2007-05-31,14.9086363636,14.9440909091,14.8459090909,14.8931818182,2472.72727273,5.85347359091
2007-06-30,14.5265,14.5805,14.4865,14.542,2710.0,5.7280197
2007-07-31,14.8519047619,14.9123809524,14.7880952381,14.8361904762,2914.28571429,5.84390004762
2007-08-31,14.7382608696,14.7952173913,14.7060869565,14.7486956522,1547.82608696,5.835314
2007-09-30,14.8831578947,14.9336842105,14.8310526316,14.8710526316,1547.36842105,5.89780784211
2007-10-31,14.7052173913,14.7260869565,14.6813043478,14.7047826087,1121.73913043,5.83186556522
2007-11-30,14.42,14.5528571429,14.34,14.4728571429,4466.66666667,5.76360090476
2007-12-31,14.1342105263,14.1778947368,14.0473684211,14.1173684211,715.789473684,5.63680615789
2008-01-31,13.7661904762,13.809047619,13.7180952381,13.7661904762,1257.14285714,5.49658742857
2008-02-29,14.527,14.6555,14.4685,14.617,530.0,5.8605126
2008-03-31,14.4315,14.4975,14.4165,14.4825,310.0,5.8222035
2008-04-30,14.7981818182,14.8663636364,14.7440909091,14.8077272727,1163.63636364,5.95295018182
2008-05-31,14.7880952381,14.8047619048,14.7319047619,14.7504761905,2276.19047619,5.95395966667
2008-06-30,13.7685,13.9455,13.6045,13.7395,5940.0,5.5603287
2008-07-31,13.8472727273,14.0331818182,13.6395454545,13.8886363636,1181.81818182,5.62068359091
2008-08-31,14.1447619048,14.1638095238,14.04,14.1280952381,923.80952381,5.74627809524
2008-09-30,13.9695238095,14.0428571429,13.8495238095,13.91,3047.61904762,5.67550261905
2008-10-31,13.0530434783,13.1408695652,12.7060869565,12.9291304348,7660.86956522,5.27529217391
2008-11-30,11.805,11.8922222222,11.6577777778,11.7477777778,16711.1111111,4.82362238889
2008-12-31,11.1813636364,11.2645454545,11.0718181818,11.1872727273,1263.63636364,4.60883118182
2009-01-31,10.7935,10.915,10.567,10.8045,2710.0,4.45114
2009-02-28,9.63789473684,9.63947368421,9.52526315789,9.57684210526,2273.68421053,3.97597426316
2009-03-31,9.84090909091,9.96272727273,9.77045454545,9.91454545455,681.818181818,4.13540186364
2009-04-30,10.7725,10.7835,10.76,10.7685,380.0,4.49159025
2009-05-31,10.3745,10.3925,10.267,10.2765,1980.0,4.31446645
2009-06-30,9.58681818182,9.64590909091,9.52909090909,9.585,4245.45454545,4.04307909091
2009-07-31,10.6881818182,10.9895454545,10.6145454545,10.8527272727,5909.09090909,4.57782313636
2009-08-31,11.059047619,11.2180952381,10.8538095238,10.9485714286,2314.28571429,4.65069495238
2009-09-30,11.313,11.3365,11.255,11.3115,790.0,4.82278285
2009-10-31,11.2754545455,11.3227272727,11.2354545455,11.2922727273,1527.27272727,4.81458495455
2009-11-30,11.2215,11.274,11.154,11.2215,6070.0,4.8209841
2009-12-31,11.3568181818,11.3972727273,11.3254545455,11.3536363636,2018.18181818,4.89365231818
2010-01-31,12.7077777778,12.7633333333,12.6655555556,12.725,1466.66666667,5.48473844444
2010-02-28,13.6231578947,13.6936842105,13.5584210526,13.6247368421,2168.42105263,5.90643431579
2010-03-31,14.172173913,14.207826087,14.1495652174,14.1769565217,1095.65217391,6.16615443478
2010-04-30,14.4728571429,14.5238095238,14.4438095238,14.499047619,1114.28571429,6.30624557143
2010-05-31,15.4274999,15.59149985,15.2884999,15.46499985,3300.0,6.7621427
2010-06-30,15.7790909545,15.7981818636,15.7618182273,15.7636364091,2281.81818182,6.91064718182
2010-07-31,15.187,15.187,15.1445,15.169,640.0,6.6499637
2010-08-31,15.2181818182,15.2231818182,15.2181818182,15.2231818182,254.545454545,6.709908
2010-09-30,15.1276190476,15.1904761905,14.9757142857,15.0838095238,3657.14285714,6.66523680952
2010-10-31,15.3580952381,15.4019047619,15.2995238095,15.3485714286,904.761904762,6.78222957143
2010-11-30,15.6414285714,15.7133333333,15.6071428571,15.6923809524,1933.33333333,6.96976152381
2010-12-31,16.5622727727,16.7122726818,16.4122725455,16.5304544091,4636.36363636,7.36088568182
2011-01-31,18.0130001,18.18850005,17.9474999,18.10199985,3090.0,8.0606833
2011-02-28,20.0384207368,20.3842102105,19.8642102632,20.0910523684,2389.47368421,8.97860247368
2011-03-31,23.359999913,23.529565087,22.9065217826,23.1217391304,3026.08695652,10.3587149565
2011-04-30,25.4485001,25.7460001,24.9824999,25.2094998,5410.0,11.2940479
2011-05-31,22.7423810476,23.1066670476,22.1342858571,22.5514287619,11342.8571429,10.133436
2011-06-30,20.6636365455,20.8063639091,20.5636367273,20.6677276818,2881.81818182,9.30395795455
2011-07-31,21.0210526842,21.3526314737,21.0094736316,21.2863157368,2252.63157895,9.58242673684
2011-08-31,21.5134784783,21.8534785217,21.1695653478,21.4369568261,2478.26086957,9.6871463913
2011-09-30,20.9071427143,21.087619,20.8309521905,20.9876189048,1057.14285714,9.50334914286
2011-10-31,22.2614288095,22.5338098095,22.0876191905,22.2919051429,4209.52380952,10.093939381
2011-11-30,22.4552380476,22.6190476667,22.0142855238,22.2895239048,9428.57142857,10.1021859524
2011-12-31,21.9900000476,22.1671428095,21.8271430952,22.0761904286,2609.52380952,10.0485077619
2012-01-31,22.5099997,22.6424998,22.4485001,22.5279999,4000.0,10.25415975
2012-02-29,22.67249955,22.8244999,22.5744999,22.72500015,3630.0,10.3770956
2012-03-31,24.8045454091,25.0536363636,24.7177271818,24.9254544545,3563.63636364,11.4062519545
2012-04-30,24.96849985,25.31400025,24.7645,25.07200015,3480.0,11.47331335
2012-05-31,23.6823810476,23.9542855714,23.5300000952,23.8038095238,1780.95238095,10.9259769048
2012-06-30,22.5228570476,22.7133330476,22.0957141905,22.358571381,3238.0952381,10.2830025714
2012-07-31,22.7328567619,22.9233328571,22.5999996667,22.8095233333,1428.57142857,10.4904013333
2012-08-31,23.0965216087,23.2034782609,23.0234782174,23.1004348696,2504.34782609,10.6692324783
2012-09-30,23.8477777778,24.0027776111,23.7166666667,23.8955554444,2322.22222222,11.0612137222
2012-10-31,24.0852378095,24.1314281905,24.0457141905,24.1104759048,2504.76190476,11.1607001905
2012-11-30,24.348571381,24.3833334286,24.2528571905,24.344762,1085.71428571,11.3121245238
2012-12-31,23.09949985,23.3240001,22.8899998,23.04500005,4880.0,10.73320625
2013-01-31,23.36050005,23.498,23.143,23.405,3040.0,10.90087615
2013-02-28,24.8010526842,25.0384211579,24.6557896842,24.8784211053,2263.15789474,11.6278038421
2013-03-31,25.58499995,25.67499995,25.503,25.57149995,580.0,11.98219255
2013-04-30,25.4822728636,25.5654545909,25.3286364091,25.4422729545,1045.45454545,11.9216395909
2013-05-31,25.612381,25.7833333333,25.5561904762,25.7138094762,1352.38095238,12.0925827619
2013-06-30,25.155,25.5315,24.8015,25.11699995,3670.0,11.837997
2013-07-31,26.1472729091,26.2154546364,26.0463637273,26.1590908182,4027.27272727,12.3291491818
2013-08-31,27.7999998182,27.8572727273,27.6472725909,27.7231818636,2272.72727273,13.1140949091
2013-09-30,26.9378947895,27.0726316842,26.7752633158,26.894737,2094.73684211,12.7487450526
2013-10-31,28.3269566522,28.4634782174,28.1365216957,28.2908694348,4286.95652174,13.4105451739
2013-11-30,31.16650005,31.5495,31.0299999,31.35149995,3070.0,14.9082585
2013-12-31,33.6139999,34.0095,33.4059996,33.8185,11720.0,16.11399645
2014-01-31,32.7447614286,33.013332619,32.694761619,32.8538087143,1790.47619048,15.6543357619
2014-02-28,33.4526308947,33.6978945263,33.0336838421,33.2321050526,5757.89473684,15.8834219474
2014-03-31,35.521428619,35.7166668571,35.1914285238,35.4171431429,2390.47619048,16.9576964286
2014-04-30,35.23850005,35.4154999,35.03549995,35.1509998,1880.0,16.83026715
2014-05-31,35.3614288571,35.4347622381,35.2428572381,35.3480955714,1780.95238095,16.971643381
2014-06-30,35.2842860952,35.376667,35.268095381,35.3338099524,2123.80952381,16.9941527143
2014-07-31,35.3463633636,35.4804540909,35.2336361364,35.3440906818,3890.90909091,16.9990974545
2014-08-31,35.15050025,35.2975,35.10250035,35.20149995,1910.0,16.9797424
2014-09-30,35.3080956667,35.4680958095,35.2809530476,35.3585718095,1142.85714286,17.0886638571
2014-10-31,35.8043476522,35.8969564348,35.6230436522,35.7426086522,8791.30434783,17.2742675652
2014-11-30,37.5010524211,37.6031578421,37.440526,37.5426314211,873.684210526,18.1974782105
2014-12-31,38.5781818636,38.9190909545,38.1768179091,38.5581815,22218.1818182,18.7210156818
2015-01-31,37.9547365263,38.7421052105,37.1347363158,37.7894735789,6631.57894737,18.3477875789
2015-02-28,18.8242106842,19.0636843684,18.5631580526,18.8357895263,6110.52631579,18.3424948421
2015-03-31,18.6449998636,18.9263637727,18.5481819091,18.7600001364,6195.45454545,18.2988132273
2015-04-30,19.06249995,19.164,18.936,19.02950015,1905.0,18.561688
2015-05-31,19.14049995,19.246,19.0719999,19.16549995,1395.0,18.7447523
2015-06-30,19.0381817273,19.0663633636,18.9531814091,18.9922724091,2172.72727273,18.6088455909
2015-07-31,18.944091,19.1395455909,18.9049999545,19.0040908636,2836.36363636,18.6204255
2015-08-31,19.9565002,20.2445,19.5335002,19.91800015,4595.0,19.5817302
2015-09-30,20.3733334286,20.7052383333,20.1028571905,20.4619047619,3895.23809524,20.1440767619
2015-10-31,21.7631814545,22.1199998636,21.6349998636,21.9227274091,3172.72727273,21.5822087727
2015-11-30,23.1894737368,23.3573684211,22.8921055263,23.076316,6010.52631579,22.7807129474
2015-12-31,23.5031817727,23.7368183182,23.2931818636,23.6013639545,3000.0,23.3276704545
2016-01-31,23.5163156316,23.7705261579,23.2257895789,23.503684,15605.2631579,23.2311234737
2016-02-29,23.48050005,23.73649985,23.09150015,23.4935001,8050.0,23.28025565
2016-03-31,23.6372726818,23.885909,23.3659093182,23.6086362727,13772.7272727,23.4262861818
2016-04-30,24.2904760476,24.4966666667,24.1090477143,24.3247617619,26019.047619,24.1368823333
2016-05-31,24.5361905238,24.7242854286,24.349047619,24.5690475238,9000.0,24.4385562857
2016-06-30,23.5772725455,23.9581818182,23.0540906364,23.5204546364,46150.0,23.4241302273
2016-07-31,24.67350005,25.012,24.44799995,24.80800015,16555.0,24.70641085
2016-08-31,24.3519999,24.6740002,23.993,24.317,10240.0,24.2376918
