Date,Open,High,Low,Close,Volume,Adj Close
1998-06-30,28.34375,28.65625,27.84375,28.1875,3922550.0,14.120659
1998-07-31,26.5880681818,26.71875,26.2244318182,26.5539772727,477654.545455,13.3023379091
1998-08-31,24.9851190476,25.2142857143,24.7113095238,25.0386904762,507314.285714,12.5432478095
1998-09-30,25.7625,26.028125,25.528125,25.9125,496605.0,13.07971415
1998-10-31,26.8607954545,27.1818181818,26.4090909091,26.8295454545,513118.181818,13.6416239091
1998-11-30,26.334375,26.51875,26.0203125,26.278125,314250.0,13.36125125
1998-12-31,25.3630952381,25.5833333333,25.193452381,25.3779761905,412509.52381,12.999983381
1999-01-31,24.8421052632,25.0197368421,24.5328947368,24.7598684211,442168.421053,12.7877827895
1999-02-28,22.0460526316,22.2598684211,21.6940789474,21.9605263158,447336.842105,11.3420004737
1999-03-31,20.652173913,20.8152173913,20.3614130435,20.5652173913,845052.173913,10.6820946522
1999-04-30,19.7827380952,20.0163690476,19.5625,19.7857142857,615323.809524,10.4081187619
1999-05-31,21.3875,21.62265595,21.18125,21.4,757445.0,11.2573009
1999-06-30,22.3541666667,22.6778276667,22.1011904762,22.3898809524,1044238.09524,11.8676691905
1999-07-31,22.744047619,22.9017857143,22.5476190476,22.7708333333,377214.285714,12.187343619
1999-08-31,22.2642045455,22.4460227273,22.0426136364,22.2784090909,323736.363636,11.9237896818
1999-09-30,21.619047619,21.818452381,21.4107142857,21.6011904762,428990.47619,11.6660669524
1999-10-31,20.6,20.875,20.390625,20.6,418690.0,11.22161885
1999-11-30,19.4136904762,19.5982142857,19.1339285714,19.3154761905,416614.285714,10.5218888571
1999-12-31,18.0681818182,18.28125,17.8920454545,18.0369318182,1197104.54545,9.91922563636
2000-01-31,17.6447368421,17.8914473684,17.3421052632,17.6907894737,1040226.31579,9.84226221053
2000-02-29,18.703125,18.88125,18.55,18.70234405,1243880.0,10.40504
2000-03-31,17.3695652174,17.6222826087,17.1059782609,17.3851904783,820960.869565,9.7440293913
2000-04-30,17.8958333333,18.2604166667,17.5625,17.96875,587222.222222,10.1392098333
2000-05-31,18.3380681818,18.8323863636,18.1420454545,18.5227272727,377904.545455,10.451802
2000-06-30,18.46875,18.7528409091,18.1931818182,18.4019886364,567077.272727,10.4453540455
2000-07-31,18.153125,18.4625,17.9625,18.27890595,549770.0,10.45197415
2000-08-31,18.9232954545,19.2869318182,18.7982954545,19.0972997727,440604.545455,10.9199360455
2000-09-30,19.640625,19.9625,19.45625,19.7234363,673240.0,11.3484463
2000-10-31,20.2073863636,20.5426136364,19.9147727273,20.2272727273,393327.272727,11.7114320909
2000-11-30,22.509375,22.946875,22.253125,22.7375,541855.0,13.1648336
2000-12-31,22.85625,23.24375,22.3625,23.0,829355.0,13.37503515
2001-01-31,19.9205,20.284375,19.136125,19.71025,1090525.0,11.5371429
2001-02-28,21.5299997368,21.9578944211,21.2942102632,21.7957892105,698089.473684,12.7578867895
2001-03-31,22.6513635909,23.0350002273,22.3159090909,22.7645455455,733550.0,13.3971315455
2001-04-30,24.8252631579,25.4242107368,24.3842104737,24.9847366842,1097363.15789,14.7844327368
2001-05-31,27.74,28.0154544545,27.3422729091,27.6654545,777968.181818,16.3707167727
2001-06-30,26.9095239048,27.2295238571,26.3671430476,26.8271427619,878647.619048,15.9407130952
2001-07-31,26.7084999,27.0005002,26.218,26.6380003,566360.0,15.9139481
2001-08-31,26.5308694783,26.8782606957,26.303912913,26.6765218261,444052.173913,15.9369614348
2001-09-30,25.6720002,25.9393336667,25.1253330667,25.5526662667,879253.333333,15.3498690667
2001-10-31,24.3818183636,24.8572726818,23.9618183182,24.4318180909,511086.363636,14.7359624091
2001-11-30,23.3471428095,23.6352380952,22.9776188095,23.4023810476,294014.285714,14.1150613333
2001-12-31,23.9163159474,24.2447368421,23.6026314211,23.9857894211,580936.842105,14.5240714737
2002-01-31,24.9242857619,25.1519047619,24.6309525238,24.916190619,549114.285714,15.185571619
2002-02-28,23.2263157895,23.4489473684,22.9457896842,23.1852635263,516047.368421,14.1306301053
2002-03-31,24.0042104737,24.32,23.7852632632,24.1789473158,685652.631579,14.8021326316
2002-04-30,25.3568181818,25.6236368182,25.0827272727,25.4199997273,1257695.45455,15.6546834545
2002-05-31,25.0645454091,25.2549999545,24.7218181364,25.0277271364,944268.181818,15.4131057727
2002-06-30,23.6584210526,24.0168421579,23.343158,23.6178947895,1051142.10526,14.6066128421
2002-07-31,19.3109091818,19.7304543636,18.7145453636,19.2772727273,1557627.27273,11.9948387273
2002-08-31,21.9942855238,22.4704763333,21.6252380952,22.1333332857,893452.380952,13.7719564762
2002-09-30,21.13849985,21.3604999,20.5845002,20.9239999,1049050.0,13.0864921
2002-10-31,19.5108696087,19.9682608261,19.109999913,19.5934783478,1516830.43478,12.3409973478
2002-11-30,22.3168419474,22.6852632105,22.0221052105,22.3447365263,862057.894737,14.0738836316
2002-12-31,23.3642857143,23.6542857619,23.0466665238,23.3604762857,851980.952381,14.7722141905
2003-01-31,24.4647620476,24.7123811905,24.1438095714,24.4771427143,863147.619048,15.5789267143
2003-02-28,23.8288888333,24.0761111111,23.4944443333,23.7144443889,1126605.55556,15.0934932222
2003-03-31,23.6076187619,23.86,23.4123809048,23.6823808571,1267461.90476,15.152638
2003-04-30,25.9561905714,26.2142856667,25.7414284762,26.0119047619,1099133.33333,16.7317769524
2003-05-31,25.6219048571,25.9847619524,25.3895237143,25.6933335714,1351547.61905,16.5277051429
2003-06-30,28.4761906667,28.7066665714,28.221428381,28.4995235238,923580.952381,18.3940462857
2003-07-31,28.1133332857,28.2819047143,27.7909523333,27.9842858095,677380.952381,18.1576110952
2003-08-31,28.3661905238,28.6657143333,28.1957142857,28.4952381429,605923.809524,18.4891427143
2003-09-30,29.73699995,29.91799985,29.5270001,29.7214997,887610.0,19.34154425
2003-10-31,28.771739087,28.9534782609,28.4782607391,28.705652087,1344939.13043,18.7837823913
2003-11-30,27.5747366316,27.7836840526,27.3126317368,27.6000000526,943836.842105,18.0602897895
2003-12-31,28.9233334286,29.136666619,28.7347616667,28.9871427619,828700.0,19.0323191905
2004-01-31,30.65849985,30.91500025,30.42600015,30.7,806450.0,20.26281875
2004-02-29,31.0733332778,31.2966666111,30.9283331667,31.1449999444,731577.777778,20.5565306111
2004-03-31,31.9947823913,32.2104350435,31.7786958696,32.0147825652,712943.478261,21.199802
2004-04-30,31.6190471905,31.8428573333,31.3790477619,31.6142855238,845147.619048,21.0261423333
2004-05-31,31.83250025,32.1130001,31.58049985,31.9099996,875280.0,21.22065485
2004-06-30,34.144762,34.392380619,33.946190381,34.1895238571,999095.238095,22.8023961429
2004-07-31,34.9080003,35.1679999,34.66149995,34.9355006,875185.0,23.40413305
2004-08-31,36.0659089091,36.2349999545,35.7681815,36.0550000455,895472.727273,24.1541127273
2004-09-30,36.4447621429,36.5966674762,36.2252385238,36.448095381,683338.095238,24.4498320476
2004-10-31,35.14049985,35.46500045,34.83999985,35.2314997,1715165.0,23.76794475
2004-11-30,36.1204761429,36.4747619048,35.8595235238,36.2671427619,1208228.57143,24.4666121905
2004-12-31,36.3900002273,36.6722725,36.1400004091,36.4372728636,793850.0,24.6507055
2005-01-31,36.3345001,36.56449965,36.07549975,36.341,864505.0,24.68321635
2005-02-28,39.3294733684,39.6499996316,39.0747368421,39.404737,1392310.52632,26.7641408947
2005-03-31,40.2928566667,40.7138098571,39.9466672381,40.3409523333,1369400.0,27.4638473333
2005-04-30,39.8476191905,40.2123809048,39.4957145238,39.8776192381,802890.47619,27.2790825238
2005-05-31,39.042857,39.3076186667,38.6595234286,38.9819045238,1287390.47619,26.6663510952
2005-06-30,40.1686363182,40.4245455455,39.9836363182,40.2368179091,1146945.45455,27.5974567727
2005-07-31,42.06899995,42.42699995,41.89400055,42.1889999,804630.0,29.07040905
2005-08-31,43.0349995909,43.4231816818,42.6999996818,43.1009092727,1249100.0,29.698762
2005-09-30,45.6409526667,46.1280954762,45.31,45.7585714762,979976.190476,31.5688839524
2005-10-31,43.5571426667,44.0914284762,42.8942856667,43.4180952381,1072176.19048,30.108548381
2005-11-30,43.2466669048,43.6947615238,42.7614284762,43.2052379048,1252152.38095,29.9609415714
2005-12-31,45.2338095714,45.5461907143,44.9166664762,45.2447618571,949647.619048,31.4512118095
2006-01-31,47.2626318947,47.6415788947,46.9284212632,47.3147372105,1091031.57895,33.019638
2006-02-28,47.4178946842,47.8031580526,47.1421052632,47.5115792632,849815.789474,33.1570084737
2006-03-31,46.7190906364,46.9950003182,46.3159087273,46.7463636818,1123000.0,32.6993959545
2006-04-30,45.8194735789,46.1636840526,45.3984216316,45.8189475789,1051878.94737,32.1820638421
2006-05-31,45.1445455909,45.6000003182,44.7072727727,45.1009093636,1104213.63636,31.6777321818
2006-06-30,44.4390470952,44.8561904762,44.1285715714,44.5280952857,973252.380952,31.3671932857
2006-07-31,46.3520002,46.7750003,46.0474998,46.47400035,942120.0,32.8663461
2006-08-31,47.9572729091,48.2618183636,47.6027270909,47.940909,934177.272727,33.9037418182
2006-09-30,49.49099995,49.7935,49.17700005,49.49599985,1058800.0,36.71988415
2006-10-31,52.276666619,52.6342858095,52.0338092857,52.4595234762,1058228.57143,39.3029181429
2006-11-30,53.8790474286,54.1790480952,53.5623810476,53.9076191429,1146047.61905,40.3878380476
2006-12-31,55.93349995,56.2094999,55.62450035,55.93600005,990355.0,41.99681225
2007-01-31,56.2910531053,56.6794738947,55.95,56.3842104737,1035157.89474,42.4691717368
2007-02-28,59.9810528947,60.4752635789,59.6199996316,60.0484212105,1119752.63158,45.2290932632
2007-03-31,60.6281821818,61.0813635,60.0781814545,60.6290910455,1314000.0,45.7638738182
2007-04-30,63.7284209474,64.1626316316,63.2473683684,63.7410526316,1450615.78947,48.2563021053
2007-05-31,62.9595456364,63.3445455455,62.4409091364,62.8327277273,1496559.09091,47.5686385455
2007-06-30,59.8114999,60.43600025,59.0839997,59.54550025,1631040.0,45.1873172
2007-07-31,58.1500000952,58.6542860952,57.3190474762,57.7938095714,2324061.90476,43.9851423333
2007-08-31,54.6245455909,55.3709089545,53.5986360909,54.4222721818,2429172.72727,41.4191659091
2007-09-30,56.9326316842,57.5989475789,56.4884212105,57.1499999474,1701994.73684,43.5446082105
2007-10-31,59.0527272727,59.5586361818,58.6222725,59.0972722727,1340777.27273,45.2137275455
2007-11-30,60.7719047619,61.4380955238,60.1961904762,60.8161906667,1487890.47619,46.5288255714
2007-12-31,62.38749975,62.9529999,61.8440004,62.3990002,980655.0,47.8488938
2008-01-31,58.6704998,59.4349999,57.8314997,58.4510001,1738135.0,44.94763065
2008-02-29,55.69649985,56.17800035,54.9400006,55.55900015,1872540.0,42.72374155
2008-03-31,52.1736844211,52.5794741053,51.3305266842,51.9542102105,2756010.52632,40.0568033158
2008-04-30,55.8168187727,56.3359086818,55.3290911364,55.9013637273,1637850.0,43.2584387273
2008-05-31,58.1833332381,58.7290477143,57.5880955238,58.250476381,1561785.71429,45.076264619
2008-06-30,56.18999995,56.74249995,55.78950005,56.2789998,1658035.0,43.6844644
2008-07-31,55.4418182273,55.9077270455,54.7790912727,55.3822729545,2175904.54545,43.1222307273
2008-08-31,56.8419047143,57.3376189524,56.3614281905,56.8919048571,2133214.28571,44.2976709048
2008-09-30,54.8719048571,55.7700001905,53.2923809048,54.5052382381,3214176.19048,42.5167477619
2008-10-31,41.4491307826,43.2547827826,39.472608913,41.3443482174,3627213.04348,32.4040373478
2008-11-30,42.4142109474,43.8542112105,41.2305263158,42.6936844211,2023994.73684,33.4648241579
2008-12-31,41.9690905909,42.8309094091,40.9999996364,41.8872727273,1730272.72727,32.9336119091
2009-01-31,43.4931574737,44.271053,42.907368,43.7052628947,1727168.42105,34.5554076316
2009-02-28,42.8963161053,43.8226318421,42.1500003684,42.9994733684,2253036.84211,33.9973777895
2009-03-31,41.426818,42.2713635455,40.6436368636,41.5500001818,2428777.27273,33.0168145455
2009-04-30,45.7147619524,46.2071426667,45.1238099524,45.7061902381,1536452.38095,36.4811805714
2009-05-31,45.7878945789,46.3357895789,45.0810522105,45.6905265263,1640200.0,36.4686781053
2009-06-30,48.0663635909,48.7213638636,47.5950005909,48.3013638182,1552536.36364,38.6969850909
2009-07-31,49.6454541818,50.1418179545,49.1168186818,49.8136365455,1219327.27273,40.0805834545
2009-08-31,51.16300005,51.49599985,50.6200001,51.07099995,1241730.0,41.0922714
2009-09-30,49.8204762857,50.1680955238,49.377142381,49.7566670952,1489047.61905,40.1382853333
2009-10-31,51.8666665714,52.3395238095,51.4923808095,51.9600003333,1340914.28571,42.1303119524
2009-11-30,51.9890005,52.4239997,51.3965001,52.0459999,1438560.0,42.20004235
2009-12-31,55.3318178636,55.7613639545,54.9245460455,55.4063637273,1634459.09091,44.9825372727
2010-01-31,53.0711110556,53.3855553333,52.4099999444,52.8399999444,2307827.77778,43.1414699444
2010-02-28,49.5121049474,49.9778947895,48.8763154737,49.4242106316,2433768.42105,40.3526324211
2010-03-31,49.9556522609,50.3239133043,49.6269563043,49.97087,2162082.6087,39.3811784783
2010-04-30,50.0719048571,50.3971430952,49.6509524762,50.0809528095,1759123.80952,41.2086607619
2010-05-31,47.00900025,47.56100055,46.3884999,46.91999955,2711765.0,38.6076988
2010-06-30,47.5880955238,48.1476189524,47.0828574286,47.6309526667,2299390.47619,39.3598417143
2010-07-31,49.1509517143,49.5861904762,48.7185715238,49.2676190952,1609033.33333,40.863664619
2010-08-31,51.1095232857,51.6528571429,50.8380950952,51.3266665238,1627061.90476,42.571484619
2010-09-30,53.2100000952,53.6166668571,52.8580947619,53.3157145714,1348057.14286,44.2831848095
2010-10-31,53.6385716667,53.9414288571,53.3276185238,53.6190478095,1182390.47619,44.7970909524
2010-11-30,51.45599975,51.74149995,50.96299985,51.33700005,1752200.0,42.8905093
2010-12-31,51.6209092273,51.8840905455,51.3868182727,51.6877270909,1633368.18182,43.3024883636
2011-01-31,52.1463160526,52.3973683684,51.8521047895,52.1284214211,1409563.15789,43.8782299474
2011-02-28,52.8347371579,53.2421047368,52.6263156316,53.0273687368,1608636.84211,44.6349038421
2011-03-31,52.8582613043,53.2352173043,52.5243474783,52.8217390435,1785543.47826,44.6759457391
2011-04-30,53.6200002,53.93999975,53.32949985,53.67450005,881660.0,45.5529075
2011-05-31,54.9342859048,55.2409527619,54.5995240952,54.9547622381,1085876.19048,46.6887251429
2011-06-30,52.8686361818,53.1468179545,52.5290904545,52.8295452273,1281368.18182,45.0120265455
2011-07-31,52.22899955,52.49149955,51.9100003,52.17549995,1023935.0,44.73170965
2011-08-31,49.1068183182,49.8595456364,48.4554545455,49.2581816364,1948800.0,42.2306003182
2011-09-30,51.349523619,51.904761619,50.8780952857,51.4066667143,1441528.57143,44.1523937619
2011-10-31,52.4938094762,52.8890480476,51.9823811905,52.4828570476,1245495.2381,45.4255347143
2011-11-30,52.644,53.0864994,52.2669999,52.66400015,1138705.0,45.58232
2011-12-31,53.4138090476,53.8299996667,53.0152381905,53.3733333333,1126380.95238,46.3634872381
2012-01-31,56.1063154737,56.4668424737,55.6836845263,56.1221051053,1259084.21053,49.0274586842
2012-02-29,58.00299985,58.38050065,57.59799945,57.99850025,1320075.0,50.6666501
2012-03-31,58.8359088182,59.1954545909,58.4554541364,58.8768180909,1772327.27273,51.6021735909
2012-04-30,62.99700015,63.4485004,62.6085002,63.2029998,1957645.0,55.78194365
2012-05-31,64.3204548182,64.806364,63.9909083182,64.3809089091,1377254.54545,56.8215471364
2012-06-30,66.9314998,67.48800005,66.5384996,67.10999945,1208485.0,59.36511415
2012-07-31,69.2338096667,69.670952619,68.8785712381,69.347619619,895519.047619,61.7564821429
2012-08-31,68.5577270455,68.8581820455,68.0645457273,68.3413636818,779768.181818,60.8603760455
2012-09-30,65.6173684737,65.9378951579,65.1757888421,65.507368,1492878.94737,58.4207214737
2012-10-31,67.0690002,67.4985005,66.8180001,67.21150015,946345.0,60.4116684
2012-11-30,66.8942853333,67.4057140952,66.3919039048,66.8952382857,995804.761905,60.1274028571
2012-12-31,70.9785003,71.58600005,70.6185009,71.16100005,1187540.0,64.0688549
2013-01-31,72.8547620952,73.2728569524,72.4909515714,72.980000381,859252.380952,66.1500291429
2013-02-28,76.0984208421,76.6626321053,75.6694737895,76.145264,928842.105263,69.0190813158
2013-03-31,79.0752628421,79.5968423684,78.6052624211,79.2415791579,932378.947368,71.9172824737
2013-04-30,81.5454552273,81.9813634545,81.0263646364,81.6372729091,1051645.45455,74.5902962273
2013-05-31,82.4186358636,83.1849999545,81.6413637273,82.3390911818,1609327.27273,72.1574725455
2013-06-30,80.3464997,81.09649925,79.4904991,80.42550085,1272330.0,73.57143385
2013-07-31,84.0831819545,84.7790915455,83.4859085,84.2486360455,953022.727273,77.579717
2013-08-31,85.115238,85.6514286667,84.431904381,85.0266665238,747747.619048,78.2961604286
2013-09-30,85.5014996,86.16200075,84.79750065,85.4780003,1045690.0,78.8270137
2013-10-31,88.141818,88.9163638182,87.5722731818,88.3945464545,1005045.45455,81.9863326818
2013-11-30,90.05249985,90.7005013,89.3300003,89.9880001,1162925.0,83.464268
2013-12-31,88.1370015,88.5939991,87.51150055,88.12899935,1081740.0,81.82833715
2014-01-31,90.7228578571,91.5271430952,90.265714,90.9733330952,1267866.66667,84.9766642857
2014-02-28,92.583158,93.4984205263,91.9452627895,92.6426318947,1442989.47368,86.5359282632
2014-03-31,95.298,95.91300035,94.66799955,95.3505005,1282540.0,89.2205048
2014-04-30,97.1014285238,97.7871429048,96.4961900952,97.0938095714,1210095.2381,91.3206131905
2014-05-31,98.6220002,99.27200005,98.09550095,98.70799935,953545.0,92.8388233
2014-06-30,101.872381,102.616666524,101.376189905,102.18761919,966033.333333,96.1709549048
2014-07-31,102.140951952,102.652856381,101.419047048,101.960476095,899590.47619,96.5073109048
2014-08-31,101.757620333,102.610000286,101.219523905,102.004762143,1019485.71429,96.549228381
2014-09-30,105.229047095,105.853332476,104.553809095,105.214285762,869014.285714,99.764906381
2014-10-31,105.855000955,106.871817864,104.8277265,105.949545091,1380750.0,100.915430909
2014-11-30,110.923157579,111.817895211,110.199474105,111.068948,973915.789474,105.791589211
2014-12-31,110.144285286,111.299524286,109.268571,110.190475476,1153719.04762,105.239111762
2015-01-31,112.4549992,113.4054993,111.4324997,112.44799955,806270.0,107.77074035
2015-02-28,109.581666167,110.536666944,108.307777778,109.459999056,1070038.88889,104.907025444
2015-03-31,108.769091909,109.800454545,107.779544545,108.836818045,1276068.18182,104.460141091
2015-04-30,108.562857095,109.29333319,107.668095476,108.404285619,857247.619048,104.554700524
2015-05-31,106.31050005,107.16150045,105.5094993,106.3480003,1123485.0,102.57143215
2015-06-30,103.261363318,103.975454909,102.476363636,102.998182818,1099095.45455,99.4620738182
2015-07-31,100.997619286,101.698570857,100.406190048,101.019523619,1072661.90476,98.1122315238
2015-08-31,101.708571048,102.743808857,100.540000143,101.555713333,1469404.7619,98.6329900952
2015-09-30,92.458001,93.24699985,91.7205006,92.5099994,1730675.0,90.0553201
2015-10-31,99.9940904091,100.723636591,99.2513632727,100.197727909,1166322.72727,98.0521135909
2015-11-30,101.375789105,102.166842053,100.387368421,101.291579316,1096847.36842,99.1225415263
2015-12-31,95.2450002727,96.0136361818,94.1513636818,95.1072720909,1269140.90909,93.2621602727
2016-01-31,91.4021056316,92.5331581579,90.3621051053,91.5000007895,1939494.73684,90.2130071053
2016-02-29,95.99450075,97.0515003,95.12849965,96.2379998,1655395.0,94.87554075
2016-03-31,100.248181682,101.145908318,99.4690908636,100.650909545,1273200.0,99.4742105
2016-04-30,103.29299955,103.979,102.5099998,103.2999995,1067625.0,102.59983195
2016-05-31,104.329047429,105.160952571,103.563809,104.569524476,1332433.33333,103.860752143
2016-06-30,109.396190905,110.269047429,108.856190286,109.757142571,1245771.42857,109.121569333
2016-07-31,113.0520007,113.60199965,112.17550005,112.9949994,1083425.0,112.9949994
2016-08-31,108.8610002,109.3049988,107.9919999,108.4190002,851630.0,108.4190002
