Date,Open,High,Low,Close,Volume,Adj Close
2006-05-31,9.61900333333,10.0870066667,9.50518,10.0143833333,136640.0,2.00287666667
2006-06-30,9.95469318182,9.99502954545,9.90539772727,9.93924772727,69904.5454545,1.98784954545
2006-07-31,10.1717775,10.1789175,10.1598375,10.1679625,15165.0,2.0335925
2006-08-31,10.2106869565,10.2279173913,10.20405,10.2221369565,43443.4782609,2.04399782609
2006-09-30,10.4463625,10.469195,10.4247375,10.446595,12990.0,2.089319
2006-10-31,10.6687,10.6897931818,10.6551840909,10.6794431818,14222.7272727,2.13588863636
2006-11-30,10.9768428571,10.9780166667,10.9678142857,10.9711571429,13852.3809524,2.19423142857
2006-12-31,11.5839315789,11.5914368421,11.5346315789,11.5526289474,25110.5263158,2.31052578947
2007-01-31,12.49296,12.5252725,12.4773875,12.5042225,28075.0,2.5008445
2007-02-28,12.9950684211,13.0472815789,12.9767947368,13.0249947368,34142.1052632,2.60499894737
2007-03-31,13.3404022727,13.4025681818,13.3230568182,13.3753204545,31913.6363636,2.67506409091
2007-04-30,14.0890552632,14.1358973684,14.0753842105,14.1180131579,25689.4736842,2.82360263158
2007-05-31,14.3519590909,14.3787045455,14.3204522727,14.3406522727,13263.6363636,2.86813045455
2007-06-30,14.2794761905,14.3557309524,14.2291214286,14.3261857143,95990.4761905,2.86523714286
2007-07-31,14.870355,14.937565,14.83404,14.90669,50200.0,2.981338
2007-08-31,13.7854695652,13.8420130435,13.7006173913,13.759326087,86730.4347826,2.75186521739
2007-09-30,14.5033,14.5888210526,14.4729157895,14.5461236842,56657.8947368,2.90922473684
2007-10-31,15.5086272727,15.5590909091,15.4431045455,15.4955818182,61340.9090909,3.09911636364
2007-11-30,14.3676333333,14.401747619,14.3119452381,14.3501047619,58342.8571429,2.87002095238
2007-12-31,14.4536175,14.46488,14.45208,14.4633425,8970.0,2.8926685
2008-01-31,13.270865,13.297205,13.24385,13.27493,24685.0,2.654986
2008-02-29,13.9094725,13.9882525,13.892485,13.9392,24790.0,2.78784
2008-03-31,2.573658,2.576612,2.557101,2.5623945,3355.0,1.9908425
2008-04-30,1.96470045455,1.96671409091,1.96106363636,1.96257409091,845.454545455,1.96257409091
2008-05-31,1.88357809524,1.8972947619,1.88111666667,1.88305095238,2238.0952381,1.88305095238
2008-06-30,1.8522615,1.85737,1.850046,1.854847,3330.0,1.854847
2008-07-31,1.86334045455,1.86820272727,1.86272454545,1.86684272727,8072.72727273,1.86684272727
2008-08-31,1.94172333333,1.94236809524,1.93943714286,1.94008190476,342.857142857,1.94008190476
2008-09-30,1.86816380952,1.8897347619,1.86435333333,1.88662809524,1309.52380952,1.88662809524
2008-10-31,1.15039521739,1.17067913043,1.11426956522,1.13219869565,10739.1304348,1.13219869565
2008-11-30,0.61588,0.618457333333,0.599714666667,0.606558,5686.66666667,0.606558
2008-12-31,0.434908235294,0.449047058824,0.417212352941,0.432829411765,12682.3529412,0.432829411765
2009-01-31,0.64572,0.675807142857,0.628661428571,0.661826428571,10678.5714286,0.661826428571
2009-02-28,0.611366666667,0.66799,0.59085,0.59085,3966.66666667,0.59085
2009-03-31,0.816245,0.833271666667,0.761311666667,0.775879166667,11675.0,0.775879166667
2009-04-30,1.06339888889,1.09014555556,1.04657555556,1.06839888889,7377.77777778,1.06839888889
2009-05-31,1.65696090909,1.68046,1.62439818182,1.64756181818,7227.27272727,1.64756181818
2009-06-30,1.748095,1.794105,1.7457875,1.78225375,7150.0,1.78225375
2009-07-31,1.64887066667,1.65461533333,1.64509533333,1.65001933333,1486.66666667,1.65001933333
2009-08-31,2.13351809524,2.14474285714,2.12624904762,2.13999428571,2138.0952381,2.13999428571
2009-09-30,2.57113375,2.59483,2.557286875,2.57598875,15375.0,2.57598875
2009-10-31,2.70589769231,2.71849076923,2.68418692308,2.69356076923,4853.84615385,2.69356076923
2009-11-30,2.80532125,2.852275,2.7713175,2.802245,7200.0,2.802245
2009-12-31,2.87495642857,2.88128642857,2.86660285714,2.86915214286,2614.28571429,2.86915214286
2010-01-31,2.99763230769,3.04544846154,2.98418692308,3.02764769231,5200.0,3.02764769231
2010-02-28,3.60467615385,3.65287307692,3.59587,3.64179384615,3330.76923077,3.64179384615
2010-03-31,4.21885333333,4.24618055556,4.20428611111,4.23072555556,7011.11111111,4.23072555556
2010-04-30,5.08947769231,5.17024769231,5.07773692308,5.14761692308,5515.38461538,5.14761692308
2010-05-31,5.13971571429,5.17418428571,5.03526285714,5.05442857143,3785.71428571,5.05442857143
2010-06-30,5.340655,5.37306833333,5.31295833333,5.34763,12166.6666667,5.34763
2010-07-31,5.57808888889,5.58944111111,5.45800444444,5.50926555556,4288.88888889,5.50926555556
2010-08-31,5.45993714286,5.47330285714,5.44657285714,5.45993857143,2171.42857143,5.45993857143
2010-09-30,6.06352666667,6.14876833333,6.04926666667,6.14281833333,3633.33333333,6.14281833333
2010-10-31,6.78628615385,6.81232538462,6.77284230769,6.79708230769,4246.15384615,6.79708230769
2010-11-30,7.158755,7.158755,7.15096,7.15321666667,3100.0,7.15321666667
2010-12-31,7.44782375,7.52275625,7.44782375,7.52275625,2525.0,7.52275625
2011-01-31,7.89351142857,7.91531714286,7.88067571429,7.90248142857,3442.85714286,7.90248142857
2011-02-28,8.501715,8.53925833333,8.49761166667,8.53248833333,9166.66666667,8.53248833333
2011-03-31,9.07574555556,9.08162666667,9.06247888889,9.06877111111,3566.66666667,9.06877111111
2011-04-30,9.31126833333,9.31126833333,9.28706,9.28706,2416.66666667,9.28706
2011-05-31,10.82812,10.85311,10.797355,10.820124,5410.0,10.820124
2011-06-30,10.1486014286,10.1878157143,10.1311942857,10.1704085714,2114.28571429,10.1704085714
2011-07-31,10.31775,10.31775,10.31775,10.31775,1200.0,10.31775
2011-08-31,8.470244,8.486,8.35429,8.373493,4640.0,8.373493
2011-09-30,8.44822,8.46114416667,8.38328666667,8.39969916667,4575.0,8.39969916667
2011-10-31,8.69702666667,8.705435,8.66184166667,8.669225,4000.0,8.669225
2011-11-30,9.39308266667,9.42492266667,9.38709133333,9.40120666667,1120.0,9.40120666667
2011-12-31,9.34845454545,9.35410545455,9.34783909091,9.35354636364,2313.63636364,9.35354636364
2012-01-31,10.2321722727,10.2341313636,10.2317254545,10.2338527273,750.0,10.2338527273
2012-02-29,10.4815428571,10.4864095238,10.4815428571,10.4864095238,352.380952381,10.4862380952
2012-03-31,10.7826663636,10.78513,10.7774072727,10.77903,1400.0,10.77903
2012-04-30,10.991447619,10.9976571429,10.9826571429,10.9905047619,1419.04761905,10.9905047619
2012-05-31,10.4651977273,10.4857386364,10.4405822727,10.4583777273,3431.81818182,10.4583777273
2012-06-30,10.4518714286,10.4518714286,10.4391666667,10.4403380952,1719.04761905,10.4403380952
2012-07-31,10.9517272727,10.9538545455,10.9515590909,10.9538545455,640.909090909,10.9538545455
2012-08-31,12.3109782609,12.3365608696,12.310926087,12.3328130435,1260.86956522,12.3328130435
2012-09-30,12.7836052632,12.7904736842,12.7727210526,12.7795894737,673.684210526,12.7795894737
2012-10-31,13.552526087,13.5529,13.5523130435,13.552473913,1552.17391304,13.552473913
2012-11-30,13.2423363636,13.2662818182,13.2337727273,13.2607954545,2627.27272727,13.2607954545
2012-12-31,13.708052381,13.7177428571,13.6686904762,13.6790619048,5804.76190476,13.6790619048
2013-01-31,15.4090565217,15.4775869565,15.3419347826,15.4354173913,982.608695652,15.4354173913
2013-02-28,17.8029894737,17.8506210526,17.7865157895,17.8260842105,531.578947368,17.8260842105
2013-03-31,20.2317761905,20.256247619,20.1255857143,20.154247619,242.857142857,20.154247619
2013-04-30,21.87345,21.9005954545,21.8325409091,21.8574136364,522.727272727,21.8574136364
2013-05-31,23.0636956522,23.1268695652,23.009826087,23.0596521739,582.608695652,23.0596521739
2013-06-30,22.23112,22.26512,22.20862,22.24262,125.0,22.24262
2013-07-31,22.7793913043,22.8000869565,22.7737391304,22.8000869565,178.260869565,22.8000869565
2013-08-31,24.5771428571,24.6747619048,24.5771428571,24.6566666667,200.0,24.6566666667
2013-09-30,26.3511904762,26.3762380952,26.3198857143,26.3416952381,152.380952381,26.3416952381
2013-10-31,29.1565869565,29.1798782609,29.1561521739,29.1798782609,104.347826087,29.1798782609
2013-11-30,28.3888333333,28.4840714286,28.3545428571,28.4359714286,295.238095238,28.4359714286
2013-12-31,27.7777272727,28.1881818182,28.1459136364,28.1486409091,159.090909091,28.1486409091
2014-01-31,29.1075454545,29.138,29.0005409091,29.0782681818,186.363636364,29.0782681818
2014-02-28,29.439,29.534,29.3445,29.3715,180.0,29.3715
2014-03-31,32.8042857143,32.8447619048,32.8042857143,32.8447619048,76.1904761905,32.8447619048
2014-04-30,31.7022727273,31.7504545455,31.6477272727,31.6990909091,154.545454545,31.6990909091
2014-05-31,29.7722727273,29.8645454545,29.7418181818,29.7922727273,122.727272727,29.7922727273
2014-06-30,29.7491428571,29.7722380952,29.7286666667,29.7517619048,104.761904762,29.7517619048
2014-07-31,29.8682913043,29.8964043478,29.8519608696,29.8774652174,165.217391304,29.8774652174
2014-08-31,29.1824714286,29.2299238095,29.1753285714,29.2237333333,285.714285714,29.2209952381
2014-09-30,31.0292454545,31.0419727273,31.0136363636,31.0190909091,181.818181818,31.0190909091
2014-10-31,31.6621521739,31.6628478261,31.6617130435,31.6621478261,104.347826087,31.6621478261
2014-11-30,31.079,31.081,31.045,31.046,165.0,31.046
2014-12-31,29.7030434783,29.8886956522,29.5704347826,29.6482608696,521.739130435,29.6482608696
2015-01-31,28.4809818182,28.4996681818,28.4809818182,28.4996681818,54.5454545455,28.4996681818
2015-02-28,30.084395,30.084395,30.084395,30.084395,5.0,30.084395
2015-03-31,34.0345090909,34.0535681818,33.9325090909,33.9399318182,72.7272727273,33.9399318182
2015-04-30,36.1993636364,36.1993681818,36.1993636364,36.1993681818,31.8181818182,36.1993681818
2015-05-31,39.9304714286,40.0231904762,39.9285666667,40.017952381,123.80952381,40.0141428571
2015-06-30,42.2572545455,42.3098,42.2572545455,42.3007090909,59.0909090909,42.3007090909
2015-07-31,44.6944173913,44.6987652174,44.6918086957,44.6957217391,182.608695652,44.6957217391
2015-08-31,37.3119047619,37.3257142857,37.2014285714,37.2664952381,119.047619048,37.2664952381
2015-09-30,38.8740909091,38.89,38.8709090909,38.8868181818,145.454545455,38.8868181818
2015-10-31,37.9668181818,37.9777272727,37.9268181818,37.9518181818,40.9090909091,37.9518181818
2015-11-30,34.5199571429,34.5449761905,34.5140238095,34.5426666667,195.238095238,34.5426666667
2015-12-31,33.9708695652,33.9839130435,33.9652173913,33.9786956522,121.739130435,33.9786956522
2016-01-31,33.65,33.65,33.65,33.65,0.0,33.65
2016-02-29,26.023,26.1635,26.023,26.0805,175.0,26.0805
2016-03-31,27.9014913043,27.9073913043,27.8558391304,27.8617391304,121.739130435,27.8617391304
2016-04-30,25.4363285714,25.5693904762,25.400847619,25.5343904762,271.428571429,25.5343904762
2016-05-31,27.3645454545,27.3745454545,27.3645454545,27.3745454545,18.1818181818,27.3745454545
2016-06-30,27.6731818182,27.8413636364,27.5692363636,27.7222772727,1204.54545455,27.7222772727
2016-07-31,30.725352381,30.8344666667,30.6671238095,30.7194380952,995.238095238,30.7194380952
2016-08-31,31.508,31.559,31.505,31.55699,520.0,31.55699
