Date,Open,High,Low,Close,Volume,Adj Close
1995-11-30,23.7053571429,23.8660714286,23.4107142857,23.5625,108671.428571,7.03717614286
1995-12-31,22.23125,22.6,22.034375,22.31875,649580.0,6.6657177
1996-01-31,23.7272727273,24.125,23.5397727273,23.8636363636,256127.272727,7.12711340909
1996-02-29,26.5131578947,26.9868421053,26.3059210526,26.7631578947,270989.473684,7.99308394737
1996-03-31,27.2023809524,27.5,26.8928571429,27.2023809524,164961.904762,8.12426228571
1996-04-30,27.3095238095,27.5178571429,27.0654761905,27.2916666667,137304.761905,8.15092838095
1996-05-31,27.1931818182,27.4659090909,27.0227272727,27.2386363636,89627.2727273,8.16948759091
1996-06-30,28.08125,28.325,27.8625,28.0875,110070.0,8.4365505
1996-07-31,28.5113636364,28.7386363636,28.2613636364,28.5170454545,116936.363636,8.565848
1996-08-31,30.8920454545,31.3011363636,30.7386363636,31.0284090909,114827.272727,9.356496
1996-09-30,32.1875,32.41875,32.08125,32.275,53500.0,9.7427615
1996-10-31,31.4715909091,31.7159090909,31.2443181818,31.4090909091,75463.6363636,9.48137213636
1996-11-30,31.19375,31.49375,31.05625,31.325,65440.0,9.4919975
1996-12-31,32.3928571429,32.5595238095,32.1726190476,32.3571428571,63800.0,9.81410628571
1997-01-31,33.4829545455,33.8636363636,33.2329545455,33.6079545455,78545.4545455,10.1934847727
1997-02-28,33.6041666667,33.8125,33.4375,33.6041666667,61433.3333333,10.2183354444
1997-03-31,32.9625,33.175,32.54375,32.8,100210.0,9.9940278
1997-04-30,31.4943181818,31.8522727273,31.3011363636,31.6136363636,84409.0909091,9.63254754545
1997-05-31,33.6666666667,34.0297619048,33.4523809524,33.8035714286,67895.2380952,10.3357418095
1997-06-30,38.234375,38.76875,37.9375,38.41875,91450.0,11.7592882
1997-07-31,38.6931818182,39.1875,38.3465909091,38.7982954545,101263.636364,11.8754603182
1997-08-31,38.7827380952,39.1517857143,38.5208333333,38.9017857143,56352.3809524,11.943516381
1997-09-30,42.084375,42.46718695,41.925,42.25,56650.0,12.9809496
1997-10-31,42.8831521739,43.2391304348,42.5054347826,42.9619565217,42313.0434783,13.1996920435
1997-11-30,39.4078947368,39.625,38.7467105263,39.0526315789,55694.7368421,12.0346331053
1997-12-31,35.6607142857,36.0208333333,35.4077380952,35.7261904762,98380.952381,11.0162634286
1998-01-31,36.459375,36.825,36.028125,36.41875,138770.0,11.22981595
1998-02-28,34.2401315789,34.4506578947,34.0592105263,34.1809210526,90789.4736842,10.5783546316
1998-03-31,33.318452381,33.6339285714,33.0357142857,33.4523809524,175676.190476,10.3601719048
1998-04-30,33.369047619,33.6369047619,33.0952380952,33.318452381,107819.047619,10.318694381
1998-05-31,33.76875,34.025,33.5125,33.740625,67970.0,10.48686235
1998-06-30,30.5511363636,30.75,30.21875,30.375,86236.3636364,9.44918472727
1998-07-31,26.6818181818,26.8693181818,26.3267045455,26.4573863636,109281.818182,8.23047340909
1998-08-31,26.1726190476,26.4702380952,25.8988095238,26.1755952381,104666.666667,8.18573242857
1998-09-30,22.8035714286,22.9732142857,22.3869047619,22.630952381,98390.4761905,7.08306104762
1998-10-31,17.6994047619,18.2023809524,17.3333333333,17.755952381,117219.047619,5.55727804762
1998-11-30,18.94375,19.175,18.778125,18.91875,116930.0,5.9624218
1998-12-31,16.4573863636,16.6335227273,16.1846590909,16.3465909091,95254.5454545,5.15785409091
1999-01-31,15.3519736842,15.4967105263,15.1085526316,15.25,73157.8947368,4.81184568421
1999-02-28,13.2203947368,13.3453947368,12.8585526316,13.0197368421,118221.052632,4.14403884211
1999-03-31,12.5163043478,12.6358695652,12.347826087,12.4701086957,61426.0869565,3.97619495652
1999-04-30,13.4285714286,13.7946428571,13.244047619,13.6011904762,145895.238095,4.33670271429
1999-05-31,16.1375,16.271875,15.91875,16.071875,76420.0,5.16400735
1999-06-30,16.1789772727,16.3693181818,15.9460227273,16.1335227273,51927.2727273,5.19096445455
1999-07-31,16.6458333333,16.9404761905,16.4255952381,16.6994047619,94047.6190476,5.37303714286
1999-08-31,14.3154761905,14.4226190476,14.056547619,14.2410714286,41438.0952381,4.6237777619
1999-09-30,14.2857142857,14.4285714286,14.1130952381,14.2708333333,45790.4761905,4.63822
1999-10-31,12.4285714286,12.5029761905,12.2619047619,12.3958333333,86409.5238095,4.02881895238
1999-11-30,12.428125,12.6,12.2875,12.521875,115590.0,4.11420655
1999-12-31,12.9659090909,13.1647727273,12.7727272727,13.0255681818,68681.8181818,4.28736413636
2000-01-31,14.48125,14.74375,14.196875,14.496875,72700.0,4.77164465
2000-02-29,14.5125,14.645313,14.35625,14.4875,49700.0,4.7997203
2000-03-31,12.9772727273,13.1278409091,12.8579545455,12.9715909091,82890.9090909,4.31309090909
2000-04-30,14.1019736842,14.3815789474,13.9539473684,14.25,89547.3684211,4.73816547368
2000-05-31,14.7386363636,14.9346581818,14.5738636364,14.7329545455,72572.7272727,4.94165672727
2000-06-30,13.3678972727,13.5028409091,13.1299718182,13.2535509091,140436.363636,4.45154518182
2000-07-31,13.4144736842,13.6743421053,13.2664473684,13.4802631579,78905.2631579,4.52769231579
2000-08-31,13.8342391304,14.0461956522,13.7309782609,13.9076086957,62704.3478261,4.70736134783
2000-09-30,13.509375,13.653125,13.275,13.471875,73720.0,4.57455325
2000-10-31,14.4032742857,14.6071428571,14.2053571429,14.505952381,73971.4285714,4.92568795238
2000-11-30,17.5386904762,17.6904761905,17.3869047619,17.5922619048,56609.5238095,6.01018547619
2000-12-31,18.1513751,18.4588751,18.01087495,18.24237515,80340.0,6.2464935
2001-01-31,20.4514282857,20.6852380952,20.2771428095,20.4928571429,69971.4285714,7.01333033333
2001-02-28,21.1142108421,21.2610528421,21.012632,21.1568421053,30768.4210526,7.28324405263
2001-03-31,19.4709090455,19.6699998636,19.0927270455,19.3572724545,54072.7272727,6.67593818182
2001-04-30,18.53050005,19.0390001,18.28949985,18.7470002,73900.0,6.4651391
2001-05-31,21.0681817273,21.2277272727,20.8854546818,21.0731817727,37954.5454545,7.30374481818
2001-06-30,22.4719047143,22.8233331905,22.2942857619,22.5800000476,41228.5714286,7.84382319048
2001-07-31,23.7405001,24.0305001,23.53450015,23.74849985,56130.0,8.2497357
2001-08-31,24.364347913,24.5352176522,24.1186953913,24.3486956087,37034.7826087,8.49671282609
2001-09-30,21.4993333333,21.9026665333,20.9933333333,21.5326666,59893.3333333,7.52617466667
2001-10-31,22.4927271364,22.8377272273,22.1295453182,22.4818181818,38218.1818182,7.85792531818
2001-11-30,23.1966666667,23.4380952857,22.8838096667,23.1290477143,52171.4285714,8.12328428571
2001-12-31,21.73049995,21.99900005,21.47300015,21.8060001,56080.0,7.66803375
2002-01-31,23.1376191905,23.292381,22.8633334762,23.1080951905,33780.952381,8.12591252381
2002-02-28,22.6166667222,22.7627776667,22.4294442778,22.6261108333,30755.5555556,7.98505322222
2002-03-31,23.7560001,24.00099975,23.62300025,23.85949985,48870.0,8.44453015
2002-04-30,25.7263637273,26.0763635455,25.5018181364,25.8349998636,73236.3636364,9.14371363636
2002-05-31,28.6328570476,28.8895237143,28.356190619,28.6547619524,71447.6190476,10.1821456667
2002-06-30,27.13249975,27.3695,26.69550015,26.9244998,90040.0,9.579088
2002-07-31,23.1454546364,23.4186364091,22.637727,22.9409090455,102036.363636,8.16182231818
2002-08-31,23.806190619,24.1404763333,23.4623807619,23.8533335238,77647.6190476,8.52868366667
2002-09-30,22.1235,22.259,21.65100015,21.92799995,66140.0,7.84947205
2002-10-31,22.8063636364,23.1463635455,22.6259091818,22.9854547273,94245.4545455,8.22800459091
2002-11-30,25.4825001,25.8349999,25.2160001,25.4814999,76270.0,9.1512855
2002-12-31,24.9304761429,25.102381,24.7757142381,24.893333381,96152.3809524,8.96389657143
2003-01-31,24.6309998,24.878,24.4479999,24.67449995,82970.0,8.8850963
2003-02-28,23.6957892632,24.0642105789,23.3768420526,23.6494737368,77368.4210526,8.54659578947
2003-03-31,23.0342860952,23.2595239048,22.8580950952,23.0257141429,78866.6666667,8.34361561905
2003-04-30,22.1266668095,22.3842857143,21.8552381429,22.09,96809.5238095,8.00454919048
2003-05-31,23.0119047619,23.2461905238,22.908571619,23.0938092857,83790.4761905,8.410433
2003-06-30,24.4447619048,24.6719045238,24.294285619,24.4371428095,79028.5714286,8.91329342857
2003-07-31,25.0022727727,25.2540908182,24.8290906818,25.0522724545,67054.5454545,9.13748168182
2003-08-31,24.2614284762,24.4842857143,23.9852380952,24.214762,61800.0,8.86443742857
2003-09-30,25.4842859048,25.7571428095,25.334762,25.5314284762,87828.5714286,9.37166661905
2003-10-31,25.8104345652,26.0517393478,25.6486953913,25.8386958696,78043.4782609,9.45969878261
2003-11-30,27.2610523684,27.5163156842,27.0557893684,27.3057894211,57589.4736842,10.0555574737
2003-12-31,28.4257142381,28.6461902381,28.1823808571,28.4580951905,93714.2857143,10.5044063333
2004-01-31,30.40049975,30.6234997,30.17199985,30.4849996,115290.0,11.2525741
2004-02-29,32.5094736316,32.8142104737,32.2421050526,32.6047370526,100431.578947,12.0667758421
2004-03-31,32.2531817727,32.4949997727,31.8672726818,32.1495455909,114263.636364,11.9205079091
2004-04-30,32.5071428095,32.9385717143,32.0023810476,32.4676189524,121695.238095,12.0384440476
2004-05-31,29.2375002,29.43300025,28.7349999,29.06950015,137950.0,10.81182745
2004-06-30,29.15949985,29.5645001,28.89,29.2249997,157850.0,10.8931087
2004-07-31,29.4209523333,29.6819048095,29.0719047143,29.2657142857,102028.571429,10.908284381
2004-08-31,29.4631817273,29.802273,29.181818,29.5763635909,90954.5454545,11.0603373182
2004-09-30,31.91900005,32.2705003,31.62499985,31.9644998,68980.0,11.974975
2004-10-31,31.9095240476,32.2366672381,31.6100002381,31.8871431905,72704.7619048,11.9459945238
2004-11-30,33.1466669048,33.611428381,32.8490474762,33.3085716667,74047.6190476,12.5169856667
2004-12-31,34.1204760952,34.4828571429,33.7433330952,34.1399999524,77876.1904762,12.8485710952
2005-01-31,32.52100015,32.8305005,32.22750005,32.48349995,99010.0,12.2251483
2005-02-28,33.29,33.5888891111,33.0283327778,33.3894443333,86533.3333333,12.6011399444
2005-03-31,34.2331823182,34.5386366364,33.8940909091,34.1945455,102481.818182,12.9280050909
2005-04-30,32.4061905238,32.6147614762,31.8690474286,32.2066667619,112342.857143,12.1764434286
2005-05-31,29.3404999,29.67799975,29.0589999,29.39899975,81450.0,11.1496956
2005-06-30,30.9495455,31.3077274091,30.6745453636,31.0140908182,70354.5454545,11.7866770909
2005-07-31,28.93249985,29.221,28.40950005,28.71650015,137680.0,10.9134945
2005-08-31,23.5477273636,23.7,23.1986362727,23.4299999545,129836.363636,8.94152454545
2005-09-30,22.2642856667,22.4633331905,22.0080952857,22.2004760952,172400.0,8.49066304762
2005-10-31,22.92149995,23.14800005,22.67049995,22.9689997,302020.0,8.78458805
2005-11-30,23.962381,24.2066667619,23.734285381,23.9842854762,148876.190476,9.21417833333
2005-12-31,24.37,24.5580951905,24.2095236667,24.4047619524,115009.52381,9.39247728571
2006-01-31,26.125,26.3904999,25.81350015,26.13650005,123280.0,10.05895575
2006-02-28,25.5226314737,25.7926316842,25.1484212105,25.4899998947,108978.947368,9.85010647368
2006-03-31,24.5104349565,24.7517392609,24.160434913,24.4165217391,97521.7391304,9.45329569565
2006-04-30,22.8627779444,23.1988891667,22.5300001111,22.7944442778,127811.111111,8.82527922222
2006-05-31,23.7854543182,24.2086362273,23.4636365455,23.8577273636,157436.363636,9.27352163636
2006-06-30,23.6859094091,24.0027275455,23.2313636364,23.5386362727,158254.545455,9.17026990909
2006-07-31,21.1657893684,21.6163159474,20.7226316316,21.1284208947,173757.894737,8.23128926316
2006-08-31,18.5473913478,18.8060872609,18.222173913,18.4608696522,222434.782609,7.23482495652
2006-09-30,18.7890002,18.93449985,18.52899965,18.7705,139910.0,7.37518325
2006-10-31,20.3909091818,20.6999999545,20.2745452727,20.5559089091,145000.0,8.0766465
2006-11-30,24.204762,24.6457142857,23.9076190476,24.3180951905,182704.761905,9.59867157143
2006-12-31,25.9463154737,26.2426315789,25.6768420526,25.9742105789,149978.947368,10.2699935263
2007-01-31,25.85000025,26.18150015,25.504,25.86099995,167870.0,10.2252308
2007-02-28,24.6842106316,24.8642102105,24.3773680526,24.703158,115421.052632,9.81115478947
2007-03-31,23.8023809048,24.1900000952,23.4880950476,23.8485712857,119076.190476,9.48684352381
2007-04-30,27.16100005,27.56350015,26.75650005,27.26600005,157810.0,10.84627985
2007-05-31,29.6318180455,30.0909087273,29.2190910455,29.7627270909,171045.454545,11.8799097727
2007-06-30,30.50200005,30.8020002,30.0460001,30.4665001,180580.0,12.18006085
2007-07-31,30.063809381,30.4238094286,29.2823808095,29.7252382381,219123.809524,11.8837152857
2007-08-31,22.4954543182,23.2650000909,21.6636362727,22.4118182273,267354.545455,9.00414486364
2007-09-30,22.1963157368,22.6831577895,21.7947367895,22.2505264211,216726.315789,8.95540394737
2007-10-31,25.7460867391,26.5330434783,25.1134781304,25.7913041304,252913.043478,10.3804981304
2007-11-30,25.97099985,26.5965004,25.1809999,25.89300005,208250.0,10.4690953
2007-12-31,26.472,27.0350002,25.76600035,26.3815002,190290.0,10.67894725
2008-01-31,24.9709524286,25.6461904762,24.312381,24.9804762381,187714.285714,10.1102530476
2008-02-29,24.4850001,25.1345002,23.9115004,24.46649995,264450.0,9.94026905
2008-03-31,22.87799995,23.33599985,22.3140001,22.82899995,238290.0,9.29778885
2008-04-30,22.9095456364,23.3054546818,22.4081818182,22.8690907273,198545.454545,9.31407377273
2008-05-31,21.2061905714,21.6076190952,20.8214284286,21.2404759048,255695.238095,8.69507319048
2008-06-30,18.4966662857,18.7580950952,18.0933331905,18.3376187619,217657.142857,7.51939333333
2008-07-31,16.4086363182,16.846818,15.9954545455,16.4650000909,153318.181818,6.74928381818
2008-08-31,18.8642857143,19.382857381,18.3900002381,18.9238094762,156380.952381,7.79348480952
2008-09-30,19.9270002,20.46099995,19.41649985,19.98850025,187880.0,8.26017615
2008-10-31,15.7643476957,16.4856522609,14.8713042174,15.7682608696,212069.565217,6.51617747826
2008-11-30,15.4610525789,16.1321052105,14.9736842632,15.5652631053,295789.473684,6.47461389474
2008-12-31,17.1736361364,17.7686363182,16.5481819091,17.2163636818,243736.363636,7.18194463636
2009-01-31,20.07699985,20.79299975,19.5385003,20.1815001,192050.0,8.4330813
2009-02-28,18.5411111667,19.1477779444,17.96,18.4272222222,158244.444444,7.71950394444
2009-03-31,16.1709090909,16.8272726364,15.4881816364,16.2949998182,160481.818182,6.86935340909
2009-04-30,20.3419046667,21.0942855714,19.913809619,20.5447618571,244047.619048,8.66089190476
2009-05-31,22.4231578947,23.0247368421,21.8957892632,22.5226314737,295368.421053,9.51451757895
2009-06-30,24.5927272727,25.1799998182,24.2195455909,24.733182,287227.272727,10.4955603182
2009-07-31,30.2652381905,30.9528570952,29.8204759524,30.4371429048,307371.428571,12.916044
2009-08-31,44.7414283333,46.0276198095,44.1204763333,45.2104767619,686228.571429,19.2111334762
2009-09-30,52.4105,53.43699985,51.1129998,52.32250005,565170.0,22.2757799
2009-10-31,56.0954540909,56.9781817273,54.9345454545,55.9222729545,521218.181818,23.8083470455
2009-11-30,59.9235002,61.3635,58.95350035,60.4965002,795640.0,25.7776482
2009-12-31,67.0059087727,67.7390907727,66.0540912727,67.0595454545,443700.0,28.5729716364
2010-01-31,77.3915781579,78.7615785789,76.0878949474,77.5952637895,592884.210526,33.1137144211
2010-02-28,59.9221054737,60.8194733158,56.8068421579,58.7984217895,3496968.42105,25.1079905789
2010-03-31,45.5947825217,46.2813043913,45.0447824348,45.7082609565,1135313.04348,19.563377
2010-04-30,52.4234998,53.31499995,51.75949985,52.74099995,756410.0,22.5734265
2010-05-31,54.9089997,56.65250015,53.7404993,55.29950035,1103130.0,23.6928727
2010-06-30,53.4336362273,54.4354550455,52.4636361364,53.235,439100.0,22.8473892273
2010-07-31,51.0390482381,51.803333619,50.2314285714,51.1085713333,319495.238095,21.9343101429
2010-08-31,49.5386365455,50.7890911364,48.9718179545,49.9995456364,563127.272727,21.4747652727
2010-09-30,57.4730002,58.20849975,56.52199935,57.4769997,266200.0,24.74412085
2010-10-31,62.1542859048,63.1852382381,61.3285717143,62.3495240476,276142.857143,26.8417655238
2010-11-30,64.555714381,65.2195237619,63.4414285238,64.397619,289266.666667,27.7359325238
2010-12-31,61.9700004762,62.8833332381,60.9342859524,61.8852379048,699847.619048,26.704901381
2011-01-31,63.7209998,64.14999985,62.90650005,63.4500001,394590.0,27.3801322
2011-02-28,56.8166668333,57.5650000556,56.0005557222,56.658333,637044.444444,24.466153
2011-03-31,52.0499998696,52.5526089565,51.2139129565,51.7891304348,443773.913043,22.4055116522
2011-04-30,50.66600015,51.21650015,50.14200005,50.6574996,176820.0,21.91593455
2011-05-31,49.9435005,50.62300005,49.26449985,50.08300015,339370.0,21.68414855
2011-06-30,52.070909,52.8309096364,51.6595455455,52.2804543636,357181.818182,22.6883734545
2011-07-31,56.7110528947,57.2636842632,56.2526316842,56.7494731579,220568.421053,24.6278127368
2011-08-31,55.4430436087,56.8330431304,54.4647825652,55.6599998261,483634.782609,24.1692591739
2011-09-30,59.8529999,60.9099995,58.85449955,59.88849985,330370.0,26.0577533
2011-10-31,62.190476381,63.5257148571,61.2000001429,62.6609532381,321704.761905,27.2640600952
2011-11-30,69.6724998,70.50900005,68.5239998,69.5329994,216050.0,30.2639253
2011-12-31,67.4042849524,67.9761904762,66.4528572857,67.0823804762,171457.142857,29.2530910952
2012-01-31,67.70249965,68.551001,66.91749995,67.8109997,186750.0,29.57082515
2012-02-29,70.3526311579,71.0563157368,69.3242098947,70.2342107895,372968.421053,30.6517731579
2012-03-31,70.6231821364,71.2277270455,69.9927267727,70.5781818636,180900.0,30.8437175909
2012-04-30,67.3619992,67.85249945,66.8255001,67.305,214600.0,29.41328845
2012-05-31,68.4040905455,69.2081826364,67.6254539545,68.4545454545,208754.545455,29.9243392727
2012-06-30,66.3895238571,67.1542848095,65.6090471905,66.4447621905,182961.904762,29.1017558095
2012-07-31,68.4265003,69.0050002,67.7685001,68.4689999,118340.0,29.9883399
2012-08-31,53.9652181304,54.6800006087,53.2508693913,53.8252171739,179539.130435,28.5657902174
2012-09-30,33.3294444444,33.6261115556,33.0666671111,33.3716667222,184344.444444,29.3667006667
2012-10-31,33.3695236667,33.6390473333,33.1200000952,33.424761619,156457.142857,29.4134235714
2012-11-30,35.8864999,36.2979997,35.5555001,36.00800015,160470.0,31.7133595
2012-12-31,38.116,38.36300015,37.8305001,38.15049975,142115.0,33.7093108
2013-01-31,40.9100000476,41.2766667143,40.5699997143,41.0219044286,190714.285714,36.2464486667
2013-02-28,37.8583332222,38.1077777222,37.4061112222,37.7211112222,297444.444444,33.3742208333
2013-03-31,37.98400015,38.3170004,37.77500015,38.02449995,181705.0,33.87382455
2013-04-30,39.1090908636,39.4231816818,38.8368182727,39.1454549091,162972.727273,34.8724184091
2013-05-31,44.2766669524,44.8890477143,43.9971431905,44.5957145714,202890.47619,39.8469935714
2013-06-30,49.70249975,50.09749935,49.2409999,49.68850015,185710.0,44.5583328
2013-07-31,53.3466662857,53.8471428571,52.8838098095,53.4061904286,203419.047619,47.892184381
2013-08-31,56.0772732273,56.7118184545,55.5695460909,56.2095455909,156331.818182,50.4675481364
2013-09-30,59.9810531579,60.4631576316,59.4100002105,59.9747370526,137336.842105,54.0656194737
2013-10-31,61.061738913,61.6434778696,60.4078259565,61.0443478261,141300.0,55.0298451304
2013-11-30,54.5080002,55.087,53.45099985,54.0330004,231810.0,48.7737835
2013-12-31,50.1499998,50.5989998,49.54099955,50.14349975,143785.0,45.5170541
2014-01-31,47.3552380952,47.744762,46.7509520476,47.118095619,201638.095238,42.7707861429
2014-02-28,45.6488881667,46.4211109444,45.003889,45.7527778889,355455.555556,41.5878487778
2014-03-31,44.4323808571,44.6914288095,43.7433332857,44.0571429048,223876.190476,40.3053671905
2014-04-30,41.04750005,41.41600015,40.6465002,40.9834996,260905.0,37.4934663
2014-05-31,42.2942863333,42.7814285238,41.7471428095,42.2652385714,207185.714286,38.7912737619
2014-06-30,42.5714289048,43.0919050476,42.1628566667,42.6899999524,184685.714286,39.3892405714
2014-07-31,42.4054544545,42.7663639091,42.0154543636,42.3186362727,127972.727273,39.0465901364
2014-08-31,42.696190619,43.0857143333,42.3057144286,42.681428619,106009.52381,39.4451558095
2014-09-30,42.9942851429,43.3728570476,42.5314283333,42.910476381,126566.666667,39.9301868095
2014-10-31,40.2427273182,40.9004540455,39.6759093182,40.2850001364,141677.272727,37.4870596364
2014-11-30,42.86,43.2184205789,42.2968418421,42.7705268421,126194.736842,39.8761488421
2014-12-31,41.8061902381,42.4457143333,41.2847620952,41.796666381,156495.238095,39.252376619
2015-01-31,40.38550005,40.7749998,39.75450025,40.1899997,129530.0,37.7435126
2015-02-28,42.9242104211,43.5173687368,42.4810525263,43.2010524211,154226.315789,40.6282738421
2015-03-31,46.1500000476,46.5814287143,45.5376191905,46.208094619,161000.0,43.75344
2015-04-30,45.5509525714,45.9528570476,45.0561904286,45.5190473333,107314.285714,43.1009962381
2015-05-31,42.1426315789,42.4631577895,41.5368423684,42.0484209474,109526.315789,39.9258612632
2015-06-30,39.8531817273,40.2890905909,39.4722725455,39.8359095909,146681.818182,38.0668992727
2015-07-31,39.397727,39.7559088182,38.953636,39.3231822273,134645.454545,37.5769409091
2015-08-31,36.0065,36.4549997,35.49800015,35.9805002,189160.0,34.45675195
2015-09-30,34.0495235714,34.4361904762,33.576190619,33.9499998095,257209.52381,32.8015770476
2015-10-31,37.8563636364,38.2963644091,37.3713639545,38.0109097727,190127.272727,36.7247312273
2015-11-30,40.0510002,40.45700035,39.6450001,40.17000025,184305.0,38.8911185
2015-12-31,41.7631819091,42.1363636364,41.3381815909,41.7881818182,171895.454545,40.7773576818
2016-01-31,40.5794736316,41.1226315263,40.1289474737,40.6578951053,191136.842105,39.6744038947
2016-02-29,37.55950035,38.1109997,36.49649945,37.2789998,333040.0,36.4537132
2016-03-31,30.1542855714,30.5557142857,29.7709522857,30.2157144286,330095.238095,29.8628305714
2016-04-30,32.1847619048,32.5933335238,31.8676191429,32.3242858095,186214.285714,31.946776619
2016-05-31,34.2995241905,34.7028571429,33.923333381,34.3466668571,168457.142857,34.02184
2016-06-30,34.5085717619,34.8657145238,34.2009523333,34.5128570952,184504.761905,34.5128570952
2016-07-31,37.0184999,37.40700035,36.6970004,37.07700005,115995.0,37.07700005
2016-08-31,38.3320003,38.6470005,37.836,38.1470004,130440.0,38.1470004
