Date,Open,High,Low,Close,Volume,Adj Close
2002-01-31,13.176665,13.4766656667,12.63333,13.086665,4577266.66667,8.72444333333
2002-02-28,13.611053,14.0168423158,13.2094737895,13.5605272632,518800.0,9.04035157895
2002-03-31,16.4705257895,17.2136826842,15.9873686842,16.6152624737,236194.736842,11.0768415789
2002-04-30,18.5663638182,18.8995458636,18.0481826364,18.4918188182,211918.181818,12.3278790909
2002-05-31,17.6152379048,18.0899985714,17.142381619,17.554285619,94247.6190476,11.7028571429
2002-06-30,12.96600135,13.28849995,12.15449925,12.47850145,329485.0,8.319001
2002-07-31,7.65045477273,7.9013625,7.17727227273,7.47772704545,263295.454545,4.98515136364
2002-08-31,5.33952428571,5.58666642857,5.02619,5.31238142857,307666.666667,3.54158761905
2002-09-30,5.31849975,5.47650075,5.20499925,5.330001,150680.0,3.553334
2002-10-31,4.5356523913,4.76304326087,4.27434782609,4.51304152174,190630.434783,3.00869434783
2002-11-30,7.16894763158,7.46052631579,6.93000078947,7.236315,676268.421053,4.82421
2002-12-31,8.14190428571,8.33523785714,7.90095285714,8.13952357143,327857.142857,5.42634904762
2003-01-31,7.56095285714,7.75237928571,7.39761785714,7.57857071429,259352.380952,5.05238047619
2003-02-28,6.88684263158,7.04421157895,6.707895,6.91105342105,205436.842105,4.60736894737
2003-03-31,6.76300125,7.02550125,6.59099925,6.80699925,196705.0,4.5379995
2003-04-30,7.54190357143,7.67190571429,7.30333357143,7.50428642857,156666.666667,5.00285761905
2003-05-31,9.594,10.05549975,9.3859995,9.83250075,455985.0,6.5550005
2003-06-30,12.7976185238,13.0623800476,12.3914292381,12.8347612857,556866.666667,8.55650761905
2003-07-31,13.8136356364,14.1377263182,13.4372718636,13.8395462273,441763.636364,9.22636409091
2003-08-31,10.8190485714,11.0685722381,10.4795235714,10.8114292857,640733.333333,7.17809571429
2003-09-30,11.9338101429,12.236666381,11.6404749524,11.879523,235414.285714,7.91968190476
2003-10-31,12.4221744348,12.8004360435,12.0834775652,12.4195656522,521239.130435,8.27971043478
2003-11-30,12.9588891111,13.1699997222,12.711666,12.9861134444,305327.777778,8.65740888889
2003-12-31,14.5659088636,14.8990909545,14.0899988636,14.5513628636,379150.0,9.70090863636
2004-01-31,17.5025004,18.0879991,16.87950025,17.60900095,684960.0,11.739334
2004-02-29,18.1422218889,18.5666666667,17.5333333333,18.0149991111,613983.333333,12.0099994444
2004-03-31,15.8434786087,16.3147807826,15.3960872609,15.8630438696,795834.782609,10.5753626087
2004-04-30,17.1399991905,17.4452377143,16.4714278571,16.8804757143,846804.761905,11.2536504762
2004-05-31,16.844001,17.28449985,16.49799965,16.9955002,424725.0,11.3303335
2004-06-30,19.5019058095,19.9266670952,18.8590499524,19.4366672857,802504.761905,12.9577780952
2004-07-31,17.2139993,17.67750095,16.64850005,17.12849925,716155.0,11.4189995
2004-08-31,16.1459092273,16.6059088636,15.8290887727,16.2618185,841531.818182,10.8412122727
2004-09-30,19.2000005238,19.635238619,18.9142855238,19.347143381,514061.904762,12.8980957143
2004-10-31,25.7670003,26.73949955,25.2544986,26.0994984,1474325.0,17.39966565
2004-11-30,35.0423809048,36.0028562381,34.293334,35.2504765714,1115685.71429,23.5003177143
2004-12-31,32.9652380952,33.3971441905,31.8909518571,32.5576184762,1179814.28571,21.7050789048
2005-01-31,31.97250075,32.86350075,31.0175002,31.76199815,2821750.0,21.17466545
2005-02-28,27.7689473158,28.5178966316,26.4463165263,27.0163151053,8254373.68421,18.0108768421
2005-03-31,23.0081808636,23.3718184091,22.4990911818,22.8418173182,1836759.09091,15.2248477273
2005-04-30,20.9242864762,21.2971430476,20.3328579048,20.7728564762,1670347.61905,13.8485709524
2005-05-31,18.83049905,19.1284994,18.52999935,18.88400035,848975.0,12.5893335
2005-06-30,20.2622722727,20.7199984545,19.9236366818,20.3354544091,1304563.63636,13.5569695455
2005-07-31,20.8360005,21.15350025,20.44300045,20.7924986,1986830.0,13.8616655
2005-08-31,16.1443476957,16.4108695217,15.9295651739,16.164347087,1331986.95652,10.7759413043
2005-09-30,17.9038084286,18.4076178095,17.6190484286,18.0423791905,1558009.52381,12.0282528571
2005-10-31,19.4166661905,20.0542857143,19.1333333333,19.7066672857,1823990.47619,12.4479366667
2005-11-30,25.1985707143,25.7328544286,24.7885712381,25.3428571429,1230000.0,16.8952380952
2005-12-31,25.7438100476,26.1114286667,25.3123816667,25.594761381,884314.285714,17.0631743333
2006-01-31,27.758947,28.3994749474,27.2784212105,27.9621044211,1878500.0,18.6414029474
2006-02-28,26.063685,26.4473691053,25.3068411579,25.8336851053,1485642.10526,17.2224567895
2006-03-31,23.5495655217,23.9008683913,23.1530438261,23.4869575217,1167786.95652,15.6579717826
2006-04-30,24.6333326667,25.2900014444,24.3266682778,24.8522215556,1767861.11111,16.5681477222
2006-05-31,25.2845455,25.6004553182,24.8763623182,25.1981824091,746581.818182,16.7987882727
2006-06-30,21.739525,22.2295227143,21.1695231429,21.6719062857,782390.47619,14.4479375714
2006-07-31,20.35150125,20.7950003,19.8859995,20.3180004,708435.0,13.5453335
2006-08-31,22.402608913,22.8991288696,22.110435,22.629566087,580821.73913,15.0863773478
2006-09-30,24.7431574737,25.1510534211,24.3015790526,24.7499988947,779163.157895,16.4999991579
2006-10-31,24.9727275909,25.4904536818,24.5363619545,25.0781821364,1544618.18182,16.7187880909
2006-11-30,28.3628577619,28.7842846667,28.0057142857,28.4285719048,738961.904762,18.9523812381
2006-12-31,28.6321042105,29.0205259474,28.3010521053,28.6563154737,615573.684211,19.1042103158
2007-01-31,29.7610004,30.26100105,29.1030007,29.75150055,1642325.0,19.83433375
2007-02-28,26.2688901667,26.4972232222,25.8222219444,26.1472217222,899938.888889,17.4314811111
2007-03-31,24.4713629091,24.8550004091,24.1650002273,24.5236378636,636777.272727,16.349092
2007-04-30,27.05900035,27.52550025,26.66200015,27.200502,942990.0,18.13366795
2007-05-31,29.8061878571,30.2314270952,29.4409528571,29.8728562381,694385.714286,19.9152375238
2007-06-30,33.6842858095,34.2323797619,33.320953619,33.848096,1041319.04762,22.5653974762
2007-07-31,37.71600055,38.2220007,37.00500015,37.61749865,968580.0,25.0783327
2007-08-31,39.4704346957,40.5660840435,38.8213032609,39.7234772174,1323743.47826,26.482318
2007-09-30,45.5636833684,46.3563149474,44.6694735789,45.5542095263,1539073.68421,30.3694732105
2007-10-31,50.3177270455,51.4963620909,49.1359090455,50.5172724091,1529986.36364,33.6781816364
2007-11-30,56.2590468095,57.5623808095,54.1738087143,55.968570381,1792400.0,37.3123803333
2007-12-31,49.1810535263,49.9689465263,47.4636843158,48.3000026842,2025668.42105,32.2000017368
2008-01-31,32.1833335238,33.3766653333,31.0580942857,32.1576183333,3602923.80952,21.4384122381
2008-02-29,28.8336851053,29.4447376316,28.2773695789,28.8484227368,1525947.36842,19.2322820526
2008-03-31,25.31149805,25.92700055,24.5499996,25.13349955,1333795.0,16.7556664
2008-04-30,29.1052371429,30.2261891905,28.668095381,29.5414299524,1670119.04762,19.694286619
2008-05-31,39.3271430476,40.2461891905,38.8019044286,39.768096,1369880.95238,26.5120640476
2008-06-30,41.9295237143,42.7671425714,41.1076179524,41.9219037619,1734552.38095,27.9479358095
2008-07-31,43.0133338095,44.1266669524,42.1980940952,43.464285,1562323.80952,28.9761899524
2008-08-31,52.144284619,53.1514273333,51.4052385238,52.4042880952,1366285.71429,34.9361921905
2008-09-30,30.12599975,30.88349965,29.041,29.93199995,1334240.0,29.93199995
2008-10-31,27.1243477391,28.5213043913,25.8526087391,27.223913087,2109969.56522,27.223913087
2008-11-30,24.4149998889,24.9744445,23.1572222222,23.9677778333,1812922.22222,23.9677778333
2008-12-31,17.32,17.9054544091,16.5486365455,17.1313636818,1387704.54545,17.1313636818
2009-01-31,20.8974999,21.5955001,20.2395001,21.06200035,1840975.0,21.06200035
2009-02-28,23.7327780556,24.3555555556,22.9333332778,23.641111,1898427.77778,23.641111
2009-03-31,23.2936363636,24.032273,22.6536364545,23.4450000909,1453222.72727,23.4450000909
2009-04-30,30.5128571429,31.3619046667,29.5885714762,30.5928569524,1471085.71429,30.5928569524
2009-05-31,32.4452631579,33.3868427895,31.4542102105,32.5015791579,1386589.47368,32.5015791579
2009-06-30,37.8804546818,38.6072732727,36.7772728182,37.859091,1303577.27273,37.859091
2009-07-31,34.812380619,35.2828569048,33.755238,34.4852380476,2592538.09524,34.4852380476
2009-08-31,25.9123809048,26.4223810952,25.4176191429,25.9633332857,2104828.57143,25.9633332857
2009-09-30,27.2542856667,27.6819050476,26.7233333333,27.2271429048,1625076.19048,27.2271429048
2009-10-31,23.3523808095,23.8866668571,22.597143,23.0857142381,2530657.14286,23.0857142381
2009-11-30,24.8974998,25.35950015,24.5104999,25.11199995,878590.0,25.11199995
2009-12-31,27.7431816364,28.1804543636,27.3886363636,27.858182,669663.636364,27.858182
2010-01-31,29.6533330556,30.0477776667,28.8783333333,29.4444442222,1357238.88889,29.4444442222
2010-02-28,26.6289471579,27.0357893684,26.2484212105,26.7431577368,556494.736842,26.7431577368
2010-03-31,26.4195455,26.887727,26.1199999091,26.5445453636,876713.636364,26.5445453636
2010-04-30,29.9042859524,30.4757145238,29.4133331429,29.9776192381,1133100.0,29.9776192381
2010-05-31,28.8950001,29.51349995,28.14650005,28.8934999,722075.0,28.8934999
2010-06-30,28.3647619048,28.8614288095,27.8609524286,28.2433334762,506023.809524,28.2433334762
2010-07-31,29.6971429524,30.2390477143,29.271905,29.8661908571,619985.714286,29.8661908571
2010-08-31,28.8504545,29.1813636818,28.4054545455,28.6950001364,501481.818182,28.6950001364
2010-09-30,26.77849995,27.24450015,26.36750015,26.7970002,620475.0,26.7970002
2010-10-31,26.3476189524,26.8490474286,25.8757143333,26.3295236667,1021390.47619,26.3295236667
2010-11-30,28.242857,28.6247618571,27.9700000476,28.328571381,659609.52381,28.328571381
2010-12-31,29.8166665714,30.1180952857,29.546666619,29.8457142381,562228.571429,29.8457142381
2011-01-31,30.0559999,30.50250005,29.6865,30.16299985,860740.0,30.16299985
2011-02-28,29.6789475263,30.1552631579,29.3747371579,29.8121055263,538563.157895,29.8121055263
2011-03-31,27.7877274091,28.095909,27.4277271364,27.6595456364,377077.272727,27.6595456364
2011-04-30,26.47050005,26.90899995,26.07000005,26.51200045,520900.0,26.51200045
2011-05-31,28.6223808095,28.950952381,28.302381,28.6333333333,435423.809524,28.6333333333
2011-06-30,26.3138095238,26.6328571905,26.0433332381,26.2395235714,428166.666667,26.2395235714
2011-07-31,24.8344999,25.2394999,24.5075,24.87599985,421980.0,24.87599985
2011-08-31,24.4069565217,24.9082608696,23.8895653043,24.4073913913,498295.652174,24.4073913913
2011-09-30,23.93599995,24.4289998,23.5559998,23.90850025,405475.0,23.90850025
2011-10-31,28.8342857619,29.7180951905,28.4499999524,29.2028569048,870957.142857,29.2028569048
2011-11-30,32.776666,33.2847624286,32.2528571429,32.7495234286,439747.619048,32.7495234286
2011-12-31,31.4080001,31.8245001,30.8609999,31.2219996,400680.0,31.2219996
2012-01-31,32.9070002,33.76350005,32.4460004,33.2980003,538650.0,33.2980003
2012-02-29,38.0614999,38.55699955,37.49800015,37.9940001,468795.0,37.9940001
2012-03-31,36.245238,36.6295238095,35.8661904286,36.2495232381,336228.571429,36.2495232381
2012-04-30,33.2925003,33.741,32.71200015,33.1144994,579110.0,33.1144994
2012-05-31,27.7161905714,28.0866665714,27.2014285714,27.6095236667,646419.047619,27.6095236667
2012-06-30,27.3561905714,27.8133334286,26.9066667143,27.3999998095,460085.714286,27.3999998095
2012-07-31,26.6466665714,27.0333336667,26.1571428095,26.5647619524,369461.904762,26.5647619524
2012-08-31,29.3352173478,29.9826084348,28.9034779565,29.5200001304,615891.304348,29.4969566087
2012-09-30,27.0973683684,27.4273683158,26.5694737368,26.8852629474,507605.263158,26.8852629474
2012-10-31,23.7485715238,24.1533335238,23.2509524286,23.5861904286,512257.142857,23.5861904286
2012-11-30,24.6535,25.11099995,24.36849985,24.85449985,352055.0,24.85449985
2012-12-31,27.9705,28.43150005,27.6870003,28.09200015,456725.0,28.09200015
2013-01-31,32.3599998,32.97299965,31.9545003,32.3354999,861715.0,32.3354999
2013-02-28,34.5773684737,35.0357896842,34.1626314737,34.5389471579,499889.473684,34.5389471579
2013-03-31,37.4659997,38.09949995,37.0374996,37.66950025,660755.0,37.66950025
2013-04-30,39.3300004545,39.9390909545,38.3868183182,39.0218183182,961263.636364,38.9963637273
2013-05-31,42.0536361818,42.7154549545,41.3927270455,42.1018178636,917263.636364,42.1018178636
2013-06-30,39.049,39.54449935,38.1454995,38.73050025,1092785.0,38.73050025
2013-07-31,40.5600001429,41.0566669048,39.9561905238,40.5733333333,811838.095238,40.5733333333
2013-08-31,40.7772725909,41.2504546818,40.1486366364,40.6927268182,701590.909091,40.6927268182
2013-09-30,41.2931579474,42.0089476842,40.7773683684,41.4599998421,685136.842105,41.4599998421
2013-10-31,49.1191303043,50.3273912174,48.0508698261,49.2508693043,1725682.6087,49.2508693043
2013-11-30,47.60099995,48.3220005,46.78799985,47.63799975,1112225.0,47.63799975
2013-12-31,50.118,50.7900007,49.4320001,50.0490001,674805.0,50.0490001
2014-01-31,55.7799999048,56.8704765714,54.734286,55.9042854762,1426104.7619,55.9042854762
2014-02-28,60.4794444444,61.817222,59.4033331667,60.7177777778,1546411.11111,60.7177777778
2014-03-31,61.7928579048,62.7271435714,60.6623811905,61.4409527143,1095461.90476,61.4409527143
2014-04-30,61.721429,63.0457137619,59.7076189524,61.4161909048,1645361.90476,61.4161909048
2014-05-31,60.4469997,61.9440001,59.19599995,60.8465,1214310.0,60.8465
2014-06-30,80.593332619,82.243333,79.2599999524,81.1723799524,1420033.33333,81.1723799524
2014-07-31,85.0428565238,86.0138091905,83.1409522381,84.4642852857,823595.238095,84.4642852857
2014-08-31,80.0285709524,81.5047625714,79.2619048571,80.3480954286,783752.380952,80.3480954286
2014-09-30,80.8823812381,81.8719049048,79.251429,80.1890477143,841152.380952,80.1890477143
2014-10-31,70.1604342609,71.9099993043,68.5604341739,70.3213048261,1312491.30435,70.3213048261
2014-11-30,63.3784208947,64.3168419474,61.8105264211,62.9515786316,985326.315789,62.9515786316
2014-12-31,66.6523808095,67.8123800952,65.428095381,66.8066670952,737838.095238,66.8066670952
2015-01-31,63.7930001,65.1569995,62.3774995,63.92999935,1072625.0,63.92999935
2015-02-28,79.6715782632,80.6500007895,78.6621053158,80.1663156316,797700.0,80.1663156316
2015-03-31,82.1042854762,83.0138102857,80.9052378095,81.925713619,776371.428571,81.925713619
2015-04-30,85.8300003333,87.0433328095,84.877619381,86.1938090476,730866.666667,86.1938090476
2015-05-31,90.62500035,91.92499965,89.5649998,91.1055009,733045.0,91.1055009
2015-06-30,96.8068180909,97.9195456364,94.9899993182,96.2495454091,860000.0,96.2313635
2015-07-31,83.136364,84.1731820455,80.8549998182,82.6390901364,1423595.45455,82.6390901364
2015-08-31,72.95650025,74.26950005,71.3175002,72.75649995,862385.0,72.75649995
2015-09-30,70.6119042857,72.4323803333,69.2976192857,71.1071425238,972800.0,71.1071425238
2015-10-31,84.3568176818,86.1231817273,82.6213636364,84.5663635455,699813.636364,84.5663635455
2015-11-30,89.0126322105,90.5078951579,87.8989478947,89.2968425263,405336.842105,89.2968425263
2015-12-31,81.7250002273,83.0122725909,80.0481816818,81.3859082273,424063.636364,81.3859082273
2016-01-31,69.4616670556,71.3477783333,66.5194447222,68.4333333889,921922.222222,68.4333333889
2016-02-29,75.3935001,77.6115001,73.7945003,75.92400015,547155.0,75.92400015
2016-03-31,81.6918177727,83.1154541364,80.0109093636,81.6831820455,579122.727273,81.6831820455
2016-04-30,81.6879996,83.30500005,80.0995004,81.6385005,806290.0,81.6385005
2016-05-31,66.0095234762,66.9904755238,64.9366659048,65.853809619,646266.666667,65.853809619
2016-06-30,59.5961899048,60.4085714286,58.1380945714,59.2033330952,1129852.38095,59.2033330952
2016-07-31,51.23850045,52.0795005,50.1580001,51.12150015,750510.0,51.12150015
2016-08-31,54.9329998,56.2699997,54.2059998,55.2650001,632400.0,55.2650001
