Date,Open,High,Low,Close,Volume,Adj Close
1990-03-31,29.5999996,29.8499994,29.4,29.6499996,23200.0,11.528489
1990-04-30,29.9562501,30.20000015,29.4874999,29.86249975,63210.0,11.61469815
1990-05-31,28.7619049524,28.9761904762,28.4107142381,28.8571429048,28771.4285714,11.6901920476
1990-06-30,25.119047619,25.4285714286,24.6607142857,25.005952381,67361.9047619,12.1596752381
1990-07-31,21.5952380952,22.1071428571,21.2857142857,21.630952381,48914.2857143,10.5185097143
1990-08-31,16.6413043478,17.0217391304,16.0869565217,16.4076086957,76147.826087,7.97854804348
1990-09-30,10.9583333333,11.3819444444,10.4305555556,10.6875,96855.5555556,5.19702388889
1990-10-31,9.01086956522,9.33695652174,8.63586956522,8.86956521739,98008.6956522,4.31301447826
1990-11-30,8.58928571429,9.14285714286,8.25,8.50595238095,50523.8095238,4.13619990476
1990-12-31,9.4125,9.68125,9.2125,9.40625,48480.0,4.57398895
1991-01-31,9.92261904762,10.2619047619,9.65476190476,9.89285714286,47457.1428571,4.81061195238
1991-02-28,14.0394736842,14.5657894737,13.7105263158,14.1578947368,83957.8947368,6.88457694737
1991-03-31,15.5375,15.8,15.2125,15.4625,60400.0,7.5189689
1991-04-30,13.5625,13.7556818182,13.3409090909,13.5568181818,40045.4545455,6.59229059091
1991-05-31,11.0238095238,11.1726190476,10.8214285714,10.9702380952,52923.8095238,5.33811485714
1991-06-30,12.3875,12.46875,12.10625,12.25,46300.0,5.9644366
1991-07-31,9.25568181818,9.35227272727,9.06818181818,9.18181818182,30227.2727273,4.47056113636
1991-08-31,9.63068181818,9.82954545455,9.47727272727,9.67613636364,57736.3636364,4.71124118182
1991-09-30,11.7625,12.08125,11.6625,11.88125,49980.0,5.7848948
1991-10-31,12.5397727273,12.6761363636,12.3522727273,12.5056818182,43200.0,6.08892636364
1991-11-30,14.1375,14.40625,13.88125,14.1625,51820.0,6.8956192
1991-12-31,12.4821428571,12.6547619048,12.2619047619,12.4523809524,34466.6666667,6.06297447619
1992-01-31,15.1136363636,15.3920454545,14.9147727273,15.1875,27427.2727273,7.39468409091
1992-02-29,15.7631578947,15.9276315789,15.6052631579,15.7960526316,22831.5789474,7.69098426316
1992-03-31,16.9886363636,17.1477272727,16.75,16.9318181818,23972.7272727,8.24398013636
1992-04-30,15.8571428571,15.994047619,15.6726190476,15.7738095238,9923.80952381,7.68015414286
1992-05-31,13.04375,13.1,12.8625,12.95625,6880.0,6.30830465
1992-06-30,12.3630952381,12.5119047619,12.1011904762,12.2619047619,38885.7142857,5.97023290476
1992-07-31,10.4772727273,10.5965909091,10.3295454545,10.4886363636,19127.2727273,5.10684127273
1992-08-31,10.4285714286,10.4702380952,10.2083333333,10.2857142857,44847.6190476,5.00804009524
1992-09-30,10.0952380952,10.3154761905,9.91666666667,10.1369047619,29304.7619048,4.93558566667
1992-10-31,8.1875,8.32954545455,7.92045454545,8.11363636364,65218.1818182,3.95047104545
1992-11-30,9.43125,9.825,9.08125,9.43125,121590.0,4.5919582
1992-12-31,9.17613636364,9.38636363636,8.96590909091,9.17045454545,90736.3636364,4.46502827273
1993-01-31,9.725,9.8375,9.5375,9.63125,30200.0,4.68938625
1993-02-28,10.4144736842,10.6710526316,10.2368421053,10.5460526316,39663.1578947,5.13479684211
1993-03-31,10.7897727273,10.9602272727,10.6534090909,10.7784090909,21227.2727273,5.24792954545
1993-04-30,8.71428571429,8.95238095238,8.39880952381,8.6369047619,53295.2380952,4.2052467619
1993-05-31,7.725,7.925,7.475,7.73125,92990.0,3.7642899
1993-06-30,7.51136363636,7.61363636364,7.38068181818,7.5,30754.5454545,3.65169595455
1993-07-31,7.67857142857,7.81547619048,7.61904761905,7.7380952381,28380.952381,3.76762290476
1993-08-31,7.16071428571,7.30952380952,7.0,7.125,52247.6190476,3.46911128571
1993-09-30,7.0,7.07738095238,6.90476190476,6.97023809524,67666.6666667,3.39375885714
1993-10-31,7.07142857143,7.25,6.9880952381,7.08928571429,59104.7619048,3.45172219048
1993-11-30,7.98214285714,8.22023809524,7.83333333333,8.03571428571,62209.5238095,3.91253147619
1993-12-31,7.22159090909,7.30681818182,7.02840909091,7.17613636364,60381.8181818,3.49400913636
1994-01-31,7.49375,7.73125,7.38125,7.6,88520.0,3.70038525
1994-02-28,8.46052631579,8.59210526316,8.21710526316,8.42763157895,37463.1578947,4.10335310526
1994-03-31,8.49456521739,8.63586956522,8.30434782609,8.46195652174,159130.434783,4.12006582609
1994-04-30,7.20394736842,7.36184210526,7.03947368421,7.20394736842,18863.1578947,3.50755015789
1994-05-31,6.7875,6.9,6.61875,6.74375,22730.0,3.2834833
1994-06-30,5.6875,5.77840909091,5.54545454545,5.67045454545,29972.7272727,2.76090354545
1994-07-31,5.20625,5.3375,5.01875,5.2125,55240.0,2.5379287
1994-08-31,6.42934782609,6.55434782609,6.28804347826,6.39130434783,59530.4347826,3.11188004348
1994-09-30,6.19047619048,6.33333333333,6.06547619048,6.20833333333,34857.1428571,3.0227927619
1994-10-31,7.35625,7.5875,7.23125,7.40625,81810.0,3.60604975
1994-11-30,7.8630952381,7.9494047619,7.72619047619,7.80952380952,41580.952381,3.80240085714
1994-12-31,6.61904761905,6.7619047619,6.45238095238,6.60714285714,45590.4761905,3.21697028571
1995-01-31,6.60714285714,6.72619047619,6.5119047619,6.60714285714,19628.5714286,3.21697033333
1995-02-28,6.34868421053,6.44736842105,6.23026315789,6.38157894737,20863.1578947,3.10714494737
1995-03-31,6.45108695652,6.58695652174,6.35326086957,6.51630434783,27356.5217391,3.17274173913
1995-04-30,6.33333333333,6.42361111111,6.20138888889,6.30555555556,50455.5555556,3.07012955556
1995-05-31,6.19318181818,6.28977272727,6.09659090909,6.19318181818,37018.1818182,3.01541568182
1995-06-30,5.38068181818,5.45454545455,5.26704545455,5.375,34545.4545455,2.61704877273
1995-07-31,4.75,4.83125,4.64375,4.8,39360.0,2.33708535
1995-08-31,4.22282608696,4.34239130435,4.07608695652,4.22282608696,88330.4347826,2.05606369565
1995-09-30,4.84210526316,4.99342105263,4.74342105263,4.875,65547.3684211,2.37360231579
1995-10-31,4.84090909091,4.98295454545,4.72727272727,4.89772727273,100790.909091,2.38466813636
1995-11-30,4.75595238095,4.8630952381,4.64880952381,4.77976190476,55638.0952381,2.32723166667
1995-12-31,4.34375,4.46875,4.223438,4.35625,151810.0,2.12102675
1996-01-31,4.52840909091,4.60227272727,4.44886363636,4.54545454545,46581.8181818,2.21314909091
1996-02-29,4.98684210526,5.08552631579,4.84210526316,4.96710526316,74642.1052632,2.41844773684
1996-03-31,5.46428571429,5.65476190476,5.375,5.56845238095,155228.571429,2.71123933333
1996-04-30,7.09523809524,7.2380952381,6.95238095238,7.14285714286,105685.714286,3.47780557143
1996-05-31,7.96590909091,8.10795454545,7.84090909091,8.02272727273,91072.7272727,3.90620818182
1996-06-30,8.61875,8.71875,8.44375,8.625,60780.0,4.1994504
1996-07-31,8.69642857143,8.82142857143,8.39880952381,8.63095238095,208790.47619,4.20234857143
1996-08-31,7.78977272727,7.86931818182,7.61931818182,7.76704545455,36000.0,3.78171859091
1996-09-30,7.5875,7.7125,7.46875,7.6,64610.0,3.7003853
1996-10-31,7.20108695652,7.32608695652,7.0652173913,7.1902173913,56347.826087,3.500865
1996-11-30,7.67105263158,7.82236842105,7.58552631579,7.75,82126.3157895,3.77341931579
1996-12-31,9.30952380952,9.48214285714,9.22023809524,9.41071428571,86676.1904762,4.582009
1997-01-31,9.84659090909,9.95454545455,9.75568181818,9.88068181818,108036.363636,4.81083268182
1997-02-28,10.1776315789,10.3618421053,10.1184210526,10.3026315789,93126.3157895,5.01627694737
1997-03-31,11.9473684211,12.1052631579,11.8223684211,11.9802631579,80515.7894737,5.83310368421
1997-04-30,13.6875,13.8636363636,13.5625,13.7272727273,104436.363636,6.68371
1997-05-31,15.5714285714,15.7916666667,15.3154761905,15.619047619,73171.4285714,7.60480171429
1997-06-30,17.6666666667,17.9553571429,17.4523809524,17.75,132561.904762,8.64234704762
1997-07-31,20.7886904762,21.2202380952,20.3273809524,20.6577380952,738028.571429,10.0581037619
1997-08-31,21.4136904762,21.8392857143,21.0863095238,21.5208333333,385095.238095,10.4783387143
1997-09-30,21.7291666667,22.005952381,21.3988095238,21.7053571429,297142.857143,10.5681819048
1997-10-31,22.0170454545,22.5738636364,21.5198863636,22.1221590909,250500.0,10.7711199545
1997-11-30,20.7796052632,20.9868421053,20.3322368421,20.6743421053,159884.210526,10.0661881053
1997-12-31,22.28125,22.8125,21.9176136364,22.3892045455,279345.454545,10.9011423636
1998-01-31,21.528125,21.832812,21.123438,21.375,226600.0,10.40733345
1998-02-28,23.2430555556,23.71875,22.9305555556,23.3888888889,191566.666667,11.3878813333
1998-03-31,25.0625,25.5511363636,24.7954545455,25.1846590909,265409.090909,12.262229
1998-04-30,29.0803571429,29.4732142857,28.7767857143,29.1904761905,321066.666667,14.212632381
1998-05-31,30.3914473684,30.6184210526,30.1019736842,30.4013157895,213126.315789,14.8021812632
1998-06-30,28.4943181818,28.7088063636,28.1505681818,28.3863636364,116209.090909,13.8211159545
1998-07-31,27.5539772727,27.7698863636,26.8892045455,27.2073863636,230363.636364,13.2470803182
1998-08-31,21.3720238095,21.938987619,20.5535714286,21.1220238095,297990.47619,10.2841610476
1998-09-30,16.425,16.871875,16.0,16.396875,296060.0,7.98352005
1998-10-31,17.0880681818,17.7130681818,16.8508527273,17.3693181818,232854.545455,8.45699572727
1998-11-30,24.840625,25.409375,24.571875,25.065625,240870.0,12.2042721
1998-12-31,26.2678571429,26.7351190476,25.806547619,26.2470238095,244209.52381,12.7794866667
1999-01-31,26.2861842105,26.4901315789,25.75,26.0657894737,126210.526316,12.6912449474
1999-02-28,25.0526315789,25.3881578947,24.7105263158,25.0131578947,154989.473684,12.1787263684
1999-03-31,23.9801136364,24.2698863636,23.5852272727,23.8607954545,207163.636364,11.6176492727
1999-04-30,27.4226190476,27.9880952381,26.9761904762,27.4672619048,417571.428571,13.3736117619
1999-05-31,33.13125,33.565625,32.671875,33.13125,366920.0,16.13136675
1999-06-30,30.7172619048,31.1488095238,30.2202380952,30.6837799524,471561.904762,14.9397111905
1999-07-31,30.3154761905,30.5744047619,29.9107142857,30.2976190476,221495.238095,14.7516920952
1999-08-31,27.5397727273,27.8948863636,27.0,27.4090909091,303927.272727,13.3452889091
1999-09-30,28.15625,28.55625,27.80625,28.228125,217270.0,13.74407065
1999-10-31,29.1339285714,29.369047619,28.4360114286,28.8779761905,264828.571429,14.060478381
1999-11-30,27.1339285714,27.5922619048,26.6726190476,27.1577380952,287161.904762,13.2229069048
1999-12-31,27.2073863636,27.6193181818,26.6818181818,27.21875,246972.727273,13.2526133182
2000-01-31,25.9901315789,26.3059210526,25.2894736842,25.7828947368,389357.894737,12.5535054211
2000-02-29,19.8625,20.140625,18.809375,19.225,868520.0,9.3605139
2000-03-31,13.5163043478,14.0407608696,13.1576086957,13.5135869565,834826.086957,6.579668
2000-04-30,14.3611111111,14.7326388889,13.9895833333,14.34375,489344.444444,6.98386833333
2000-05-31,16.1363636364,16.3409090909,15.90625,16.1420454545,271072.727273,7.85944559091
2000-06-30,15.4602272727,15.6534090909,15.1051136364,15.3778409091,170845.454545,7.48735981818
2000-07-31,14.9013157895,15.1907894737,14.7006578947,15.0427631579,192873.684211,7.32421278947
2000-08-31,17.6630434783,17.964673913,17.4497286957,17.7554347826,178434.782609,8.64499308696
2000-09-30,16.578125,16.75,16.109375,16.4125,373380.0,7.99112795
2000-10-31,12.5535714286,12.8244047619,12.3005952381,12.5327380952,228285.714286,6.10209966667
2000-11-30,13.0148809524,13.25,12.7857142857,13.068452381,214447.619048,6.3629352381
2000-12-31,13.80625,14.228125,13.5375,13.959375,274400.0,6.7967189
2001-01-31,16.9685,17.32349995,16.65599995,17.04612495,219240.0,8.2996352
2001-02-28,18.7842104737,19.148421,18.5147367895,18.8984212105,371178.947368,9.201505
2001-03-31,18.0831817727,18.3013636818,17.7486363182,18.0286364091,198772.727273,8.77801304545
2001-04-30,17.9347367368,18.2657894737,17.7957893684,18.0499997895,204557.894737,8.78841489474
2001-05-31,22.1913635909,22.5531817727,21.9427272727,22.2868181818,335963.636364,10.851291
2001-06-30,21.4014286667,21.5985715238,21.130952381,21.3542858571,222590.47619,10.3972477619
2001-07-31,21.7095235714,21.9752381429,21.4976190952,21.7561906667,180561.904762,10.5929320952
2001-08-31,21.6626086087,21.8895652174,21.4843478261,21.6852173478,205460.869565,10.5583759565
2001-09-30,19.8326666667,20.0973334,19.2393331333,19.5579999333,394453.333333,9.52264913333
2001-10-31,17.5918184091,17.8418181364,17.2027271364,17.5054544091,243354.545455,8.5232795
2001-11-30,17.1557144286,17.5099999048,17.0009524762,17.260952381,183523.809524,8.40423328571
2001-12-31,17.3870001,17.6080001,17.05500015,17.40550015,652770.0,8.4746125
2002-01-31,16.9028570952,17.0328570952,16.5642855714,16.8657145238,318095.238095,8.21179452381
2002-02-28,16.8657894737,17.3363159474,16.5752631053,17.0957895789,527473.684211,8.32381673684
2002-03-31,22.51200005,22.9249999,22.18349995,22.6085,529870.0,11.00791565
2002-04-30,23.3095239048,23.8404760476,22.9552381429,23.4604763333,843904.761905,11.4227367143
2002-05-31,24.8422725909,25.2963635909,24.3490908182,24.8086363182,528218.181818,12.0791461818
2002-06-30,24.1131578947,24.3426314737,23.5999998421,23.9278948421,494010.526316,11.6503194737
2002-07-31,19.7777272727,20.2481818182,19.1650000455,19.6868183182,490654.545455,9.58536977273
2002-08-31,18.7990908182,19.1150001364,18.3881816364,18.8359090455,341400.0,9.17106836364
2002-09-30,19.2831580526,19.5815787895,18.7563156842,19.1157895789,455978.947368,9.30734010526
2002-10-31,14.8195651739,15.2108695217,14.3873913043,14.7473913478,1151060.86957,7.18039847826
2002-11-30,12.1865,12.414,11.9625,12.2025,761670.0,5.94130915
2002-12-31,11.5345,11.6765,11.281,11.4695,669380.0,5.5844168
2003-01-31,11.0614285714,11.28,10.7519047619,11.0114285714,730619.047619,5.36138519048
2003-02-28,11.3689473684,11.5773684211,11.1521052632,11.4063157895,471800.0,5.55365278947
2003-03-31,12.0975,12.2965,11.83,12.1065,404170.0,5.89456755
2003-04-30,14.4847617619,14.8400000476,14.2685713333,14.594285619,666942.857143,7.10585247619
2003-05-31,17.93549985,18.24200015,17.683,17.98899995,691080.0,8.7587144
2003-06-30,19.6876191905,20.0409525238,19.4266667619,19.7604761429,497609.52381,9.62123333333
2003-07-31,18.8127274091,19.2372728182,18.6540911364,19.0231818636,692372.727273,9.26225
2003-08-31,21.76450025,22.10150035,21.5085,21.872,514780.0,10.64931915
2003-09-30,21.4190474286,21.673809619,20.866190619,21.2338096667,683000.0,10.3385888095
2003-10-31,20.5727272273,20.9836363182,20.3340908636,20.7277273182,603900.0,10.0921809091
2003-11-30,23.7042103684,24.1315787895,23.4315790526,23.8968422105,579073.684211,11.6352000526
2003-12-31,27.2249998182,27.6959090909,26.8759093182,27.3449999091,643045.454545,13.3140833636
2004-01-31,30.6021054737,30.8994735789,30.1526313684,30.5331581579,978315.789474,14.8663745263
2004-02-29,33.5705263684,34.3863157895,32.8247374211,33.8557895263,1705642.10526,16.4841399474
2004-03-31,35.8868182273,36.4981821364,35.4240907273,35.9418176364,878572.727273,17.4998118636
2004-04-30,36.9209521905,37.5095238571,36.313809381,36.8347618095,975866.666667,17.9345800952
2004-05-31,30.30600015,30.6635001,29.6465,30.18099995,1300260.0,14.6949112
2004-06-30,30.9265,31.4109999,30.5294999,31.11949985,920730.0,15.15186005
2004-07-31,34.4561905714,34.931428619,33.9652380952,34.5271424762,987342.857143,16.8110168095
2004-08-31,37.4580952857,37.8519048571,36.8609528571,37.3490475238,824847.619048,18.1849819524
2004-09-30,39.4871427619,40.170952381,39.158571619,39.8590478571,832619.047619,19.407083
2004-10-31,41.533333381,42.008571619,40.47381,41.3161905238,1277771.42857,20.1165551905
2004-11-30,42.4004996,43.0674997,41.93949995,42.70649955,840950.0,20.79348665
2004-12-31,46.0481816818,46.5227273182,45.5522727273,46.1204545909,589581.818182,22.4557167727
2005-01-31,44.0226315789,44.4805264211,43.2521050526,43.7226313158,879473.684211,21.2882338947
2005-02-28,41.7568419474,42.2605265789,41.0263152632,41.8368423684,1545136.84211,20.3700567895
2005-03-31,46.5563636818,47.0690907273,46.0386366818,46.4886359545,933490.909091,22.6349815909
2005-04-30,40.6315,41.09349965,39.61649975,40.17550035,885820.0,19.5611614
2005-05-31,37.5976188571,38.2042854286,37.0723814286,37.668571619,655047.619048,18.3405560476
2005-06-30,41.3595236667,41.9157144762,40.7761904286,41.3428575714,968590.47619,20.1295391905
2005-07-31,42.5395001,43.28750005,42.1124999,42.9234997,764990.0,20.89914255
2005-08-31,49.6272728636,50.0363638182,48.7745456818,49.5022728636,1922327.27273,24.1022997273
2005-09-30,49.070476619,49.5452385714,48.2438094762,49.035238381,1016142.85714,23.8749039048
2005-10-31,51.698095381,52.5285717143,50.7276184762,51.6542861429,1401733.33333,25.1500994286
2005-11-30,57.493,58.5365001,56.90399965,57.90649985,855270.0,28.1942572
2005-12-31,60.5185713333,61.0266671905,59.5457142857,60.3599999048,461019.047619,29.388848619
2006-01-31,64.2589476316,65.3842101579,63.6957887368,64.9657900526,908042.105263,31.6313747895
2006-02-28,73.9163155263,75.2068423684,73.0642105263,74.3026315263,1057273.68421,36.1774155263
2006-03-31,75.8254543182,76.9518183636,74.7499996818,75.9877270455,1172681.81818,36.9978763182
2006-04-30,85.9289482632,87.1189483158,84.6021037895,85.9163155263,1362505.26316,41.8320345263
2006-05-31,91.914091,93.8890912727,89.9286366818,91.9227270455,2005845.45455,44.756513
2006-06-30,87.1352383333,88.9176185238,85.2871431429,87.2914282857,2087323.80952,42.5015670476
2006-07-31,68.63550045,69.4325006,66.77150045,67.8265002,1806545.0,44.63614025
2006-08-31,42.2652174783,43.056087087,41.2082607826,42.1343483043,1542865.21739,41.0256145217
2006-09-30,43.17599985,44.02950045,42.46450055,43.2280001,1255650.0,42.0948031
2006-10-31,50.8814287143,51.9085715714,49.9438095714,51.1528568571,1534471.42857,49.811914381
2006-11-30,54.390000381,55.4052386667,53.6185714286,54.6333328571,1045519.04762,53.2011518095
2006-12-31,61.46000005,62.44450015,60.5194995,61.58850005,2644555.0,59.97016365
2007-01-31,58.25250025,59.014,56.9790003,57.97999975,1863770.0,56.46008765
2007-02-28,63.2542103158,64.6273686316,62.2063158421,63.5021046842,1826289.47368,61.8374338421
2007-03-31,68.6071430476,69.6657136667,67.6228572857,68.8014287143,1308257.14286,66.9978391905
2007-04-30,75.37149965,76.39100025,74.53550025,75.5854996,1088100.0,73.60406945
2007-05-31,80.4719049048,81.6919054286,79.3271430952,80.4980962857,1407171.42857,78.3878851905
2007-06-30,83.6285711905,84.6638095238,82.5238092381,83.5033333333,1028976.19048,81.3143418571
2007-07-31,89.584285619,91.0623810952,87.5914282381,89.2904761429,1620028.57143,86.9495144286
2007-08-31,78.3547816957,79.8213043478,75.9847830435,77.8391298696,1923047.82609,75.7986221304
2007-09-30,81.3083336111,83.2322212778,80.1049991667,81.7899998889,1525511.11111,79.6459227222
2007-10-31,84.0826084348,84.933479,81.9139131739,83.550000087,1647486.95652,81.3597850435
2007-11-30,64.62449965,65.98000005,63.01799955,64.3000001,2479465.0,62.6144128
2007-12-31,64.55699935,65.5969999,62.85549985,64.1925005,1878495.0,62.50973125
2008-01-31,55.5361905238,56.8490475238,53.0938091905,54.966666381,2746819.04762,53.5257455238
2008-02-29,61.6615001,63.0705006,60.54000005,61.91049925,2438020.0,60.2875515
2008-03-31,64.34699995,65.7984997,62.41099985,64.14399975,2191265.0,62.4625021
2008-04-30,68.4045457273,69.5963641364,66.9127270455,68.4586366364,2010740.90909,66.6640325909
2008-05-31,72.2795239524,73.2190472857,71.0095236667,72.2480951429,1635947.61905,70.3541531429
2008-06-30,63.61399975,64.2724998,62.19800005,62.9745001,2204810.0,61.32366
2008-07-31,47.8681815,48.8090909091,45.8790907273,47.1972726818,3725059.09091,45.9600234545
2008-08-31,47.91049975,49.0030004,47.0044998,48.01850025,2024635.0,46.75972325
2008-09-30,36.660476,37.5699996667,34.7966666667,35.8542858095,3823823.80952,34.9143865238
2008-10-31,19.8278260435,20.8443479565,18.1243480435,19.3434783478,4467917.3913,18.8364003043
2008-11-30,13.2621052105,13.9200001579,12.3926315789,13.0768421053,3822315.78947,12.7340402632
2008-12-31,15.575238,16.459523619,14.8590475238,15.7261905714,2692133.33333,15.3139374762
2009-01-31,15.78200005,16.27950005,14.92849995,15.56349995,2963125.0,15.1555118
2009-02-28,10.4373684211,11.0647368421,9.91210526316,10.4389473684,5554689.47368,10.1652963684
2009-03-31,9.35476190476,9.78952380952,8.88428571429,9.32380952381,3899261.90476,9.07939128571
2009-04-30,11.5928571429,12.2257142857,11.270952381,11.8761904762,3453823.80952,11.5648630476
2009-05-31,15.2047368947,15.8452631579,14.6263157895,15.2678947895,4848373.68421,14.8676555789
2009-06-30,13.4859090909,13.7963636364,13.065,13.3963636364,3551181.81818,13.0451857727
2009-07-31,12.5877272727,13.0259090909,12.285,12.7495454545,2760940.90909,12.4153235455
2009-08-31,15.9459999,16.38999985,15.5859998,16.0055,3047740.0,15.58592505
2009-09-30,18.4757142381,18.9976190476,18.1252381429,18.6247618571,3021561.90476,18.1365244762
2009-10-31,21.6495239048,22.3223808095,21.0919048571,21.6571428571,3863223.80952,21.0894134286
2009-11-30,20.82000025,21.3374999,20.37949995,20.8145001,2694440.0,20.2688601
2009-12-31,19.6659091818,19.9286360455,19.3072727727,19.6036362727,2198495.45455,19.0897383182
2010-01-31,22.0838887222,22.513889,21.5816669444,22.0799997222,2551233.33333,21.5011852778
2010-02-28,19.3689472632,19.7878948947,18.9278946316,19.3742105263,2397000.0,18.8663269474
2010-03-31,22.0454545,22.5218178182,21.7650001818,22.1986360909,2177445.45455,21.6167116818
2010-04-30,25.8609524286,26.4790474286,25.4000000952,25.9966669048,2795161.90476,25.3151792857
2010-05-31,23.75949995,24.4300001,22.75050015,23.5649999,3082245.0,22.9472572
2010-06-30,21.0185713333,21.4761902857,20.423809619,20.852381,2406938.09524,20.3057478571
2010-07-31,18.9395236667,19.4161906667,18.449047619,18.9457145714,2951552.38095,18.4490634762
2010-08-31,19.7623809048,20.1523809524,19.3599999048,19.781428381,2088552.38095,19.2628698095
2010-09-30,21.3976192381,21.7690475238,21.105714381,21.5138095238,1626233.33333,20.9498375238
2010-10-31,23.4333335238,23.8723809524,23.0609523333,23.4519047619,2336409.52381,22.8371266667
2010-11-30,24.53,24.96549985,24.21050035,24.61000015,1570745.0,23.96486325
2010-12-31,28.2695454091,28.8077272273,28.0145455,28.5227275,1566172.72727,27.7750206818
2011-01-31,30.90749985,31.47399995,30.35000015,30.9350002,2341160.0,30.116637
2011-02-28,35.9968418947,36.7457891053,35.2926317895,36.1010526842,2869842.10526,35.1546844211
2011-03-31,35.4813633636,36.1218181364,34.9304545455,35.5909090455,1961877.27273,34.6579138182
2011-04-30,34.79600035,35.17999975,34.07200025,34.5389996,2276880.0,33.6335798
2011-05-31,30.6652382381,31.0804762381,29.9947619524,30.4295236667,2014852.38095,29.631831381
2011-06-30,26.5347617619,27.0695236667,26.0857140476,26.5195238095,1792919.04762,25.8243298095
2011-07-31,26.03550015,26.55200025,25.49850005,25.92649995,2553095.0,25.2468516
2011-08-31,16.7595456364,17.1936362727,15.9263636364,16.4218178636,3897800.0,15.9913295909
2011-09-30,13.0585714286,13.4014285238,12.5766666667,12.8542857143,3702561.90476,12.5173180476
2011-10-31,13.2823809048,13.8452380952,12.8980952857,13.4757142857,4615514.28571,13.1224561429
2011-11-30,15.46399975,15.793,14.94950005,15.3565001,3004845.0,14.95393835
2011-12-31,14.4699999048,14.813333381,13.9857142857,14.3228572857,3266895.2381,13.9473919524
2012-01-31,17.4414999,17.99599985,17.10699995,17.62499955,3810655.0,17.16297055
2012-02-29,23.9810001,24.4774997,23.4404998,24.07399995,4117465.0,23.4429139
2012-03-31,24.0227274091,24.4709090909,23.4440911364,23.9331815909,3669472.72727,23.3057871818
2012-04-30,23.2489473684,23.7184211053,22.6352630526,23.1942105263,4140973.68421,22.5861877368
2012-05-31,19.8036362727,20.2259092273,19.1213635455,19.5513636364,4323509.09091,19.0388358636
2012-06-30,17.2314285714,17.732381,16.6942857619,17.2838094286,4704014.28571,16.8304152857
2012-07-31,16.7980950476,17.2876190476,16.237619,16.7985713333,4765404.7619,16.3582065714
2012-08-31,20.8727272273,21.3449999545,20.4754545909,20.9586365909,3469181.81818,20.4092180455
2012-09-30,23.2336839474,23.7768421053,22.7247368421,23.2563157368,3060442.10526,22.6466649474
2012-10-31,22.962857,23.4038094762,22.5576188571,22.997143,2174752.38095,22.3942863333
2012-11-30,22.88750025,23.3965,22.52899995,23.0114999,2183190.0,22.40826675
2012-12-31,25.7730001,26.3259999,25.40899985,25.97300035,2593735.0,25.29213295
2013-01-31,29.8900000476,30.349047619,29.4661905238,29.9676193333,2508395.2381,29.1820344286
2013-02-28,33.2163155263,33.8263151579,32.6968422105,33.2005260526,2580889.47368,32.3301934737
2013-03-31,34.2845,34.8844999,33.65800035,34.35699995,2035100.0,33.45635105
2013-04-30,29.941428619,30.4609525714,29.2285714286,29.7695238571,2696995.2381,28.989133
2013-05-31,32.1031816818,32.9254548182,31.7404545,32.4645451818,2180972.72727,31.613506
2013-06-30,30.2978943684,30.8831579474,29.5457894737,30.1710528421,3348126.31579,29.3801360526
2013-07-31,28.170909,28.7290908636,27.8536362273,28.2199999545,1672427.27273,27.4802289091
2013-08-31,30.5647619048,31.0838096667,30.1838097143,30.584285619,1483680.95238,29.7825362381
2013-09-30,32.13699975,32.74050005,31.77450025,32.2889998,2464680.0,31.44256235
2013-10-31,34.3722725455,34.8727274545,33.8336367273,34.3890909545,2432263.63636,33.4876008182
2013-11-30,35.2509999,35.7229995,34.78149965,35.32000055,1416665.0,34.39410715
2013-12-31,38.9747619524,39.4842858571,38.671428619,39.130476381,1441447.61905,38.1370504762
2014-01-31,40.884762,41.3157136667,40.160952381,40.600952381,1788066.66667,39.5708641429
2014-02-28,42.137368,43.0310526842,41.5978946842,42.4747367368,2426794.73684,41.4164364737
2014-03-31,43.0839997,43.7114993,42.51449965,43.0630001,2009480.0,42.030574
2014-04-30,42.4014284762,42.8761906667,41.6019047619,42.2847617619,1584709.52381,41.2782399524
2014-05-31,40.034286,40.5128571905,39.4480951429,39.8923810476,1511280.95238,38.9428062857
2014-06-30,39.65800025,40.21449985,39.3154995,39.80049965,1610390.0,38.89401055
2014-07-31,39.4095451818,39.694545,38.7672729545,39.1327272273,2261950.0,38.2485027273
2014-08-31,36.3928567619,36.7757142381,36.0699999524,36.4095233333,1755747.61905,35.6255101905
2014-09-30,34.1176191429,34.4471427619,33.6638099048,34.0061907143,1944838.09524,33.2859039524
2014-10-31,29.2163635455,29.7677272727,28.6436363636,29.1799999091,2691604.54545,28.5619369091
2014-11-30,29.2489474211,29.7036841579,28.8121051053,29.2252633684,1877215.78947,28.6501173684
2014-12-31,27.4599999524,27.9761905714,27.1071426667,27.4471427143,1854514.28571,26.9143818571
2015-01-31,24.0930002,24.363,23.4810001,23.8835002,2376530.0,23.41991105
2015-02-28,25.3505261579,26.0094737368,25.0221052632,25.6363157368,2908300.0,25.1387037895
2015-03-31,26.2138093333,26.5542857619,25.8314287619,26.1852380476,1975019.04762,25.7242341905
2015-04-30,26.8528571905,27.312857,26.4542855714,26.9652380476,2054847.61905,26.5021787619
2015-05-31,28.08900015,28.38899995,27.5844999,27.92549975,2278135.0,27.4459504
2015-06-30,24.4154545909,24.7390909091,24.0654547727,24.4159090455,1862972.72727,24.0403269091
2015-07-31,22.4472727273,22.9304544545,22.0472725909,22.4922728636,2195831.81818,22.1589095909
2015-08-31,23.0620003,23.57499995,22.5670001,22.96700005,3241010.0,22.68161105
2015-09-30,19.9533333333,20.196190619,19.5376189048,19.8076192381,1950947.61905,19.5691705714
2015-10-31,19.2400000952,19.7471426667,18.8690477619,19.3371428571,1611542.85714,19.1043579524
2015-11-30,20.4770001,20.9450003,20.02449995,20.5175,1327100.0,20.3144467
2015-12-31,19.4913635909,19.9086361818,19.1109090455,19.5145455455,1094259.09091,19.3327615
2016-01-31,17.3027776667,18.2261109444,16.8177777222,17.5266666667,3308538.88889,17.3634004444
2016-02-29,21.48250005,22.0135001,20.8774999,21.4765001,2293945.0,21.2764398
2016-03-31,23.3442855714,23.7900000476,22.6995235238,23.3871425714,1825009.52381,23.2264110952
2016-04-30,23.9676188571,24.3100000476,23.6438094762,23.9090474286,1323766.66667,23.7623488095
2016-05-31,23.8376188095,24.2104760952,23.3971427143,23.7823811429,2749700.0,23.6364594286
2016-06-30,21.0376188095,21.2785715238,20.6542854762,21.0038095238,1901742.85714,20.9272778095
2016-07-31,21.438,21.85250015,21.23349995,21.59299995,1213465.0,21.53130565
2016-08-31,23.708,24.2339998,23.5260002,23.8830002,1423530.0,23.8489488
