Date,Open,High,Low,Close,Volume,Adj Close
1994-06-30,11.869047619,12.0654761905,11.5535714286,11.849702381,46223.8095238,11.849702381
1994-07-31,11.5197368421,11.8223684211,11.1990131579,11.5427631579,40315.7894737,11.5427631579
1994-08-31,11.5652173913,11.7663043478,11.3641304348,11.5611413043,26652.173913,11.5611413043
1994-09-30,12.0892857143,12.375,11.9166666667,12.2380952381,52619.047619,12.2380952381
1994-10-31,12.9761904762,13.2261904762,12.755952381,13.0245533333,49352.3809524,13.0245533333
1994-11-30,11.84375,12.08125,11.5640625,11.8109375,27820.0,11.8109375
1994-12-31,10.1726190476,10.3988095238,9.89806571429,10.1004466667,34866.6666667,10.1004466667
1995-01-31,9.96428571429,10.2678571429,9.70238095238,9.89285714286,39976.1904762,9.89285714286
1995-02-28,9.06743421053,9.31907894737,8.81578947368,9.03289473684,35578.9473684,9.03289473684
1995-03-31,7.8125,8.11931818182,7.53409090909,7.76704545455,56063.6363636,7.76704545455
1995-04-30,8.69078947368,8.95394736842,8.43421052632,8.63815789474,37031.5789474,8.63815789474
1995-05-31,8.15340909091,8.48295454545,7.90340909091,8.140625,29218.1818182,8.140625
1995-06-30,7.86363636364,8.02769909091,7.61931818182,7.78125,23863.6363636,7.78125
1995-07-31,7.66875,7.9859375,7.425,7.646875,44415.0,7.646875
1995-08-31,7.68892045455,8.01136363636,7.43465909091,7.75,48163.6363636,7.75
1995-09-30,8.325,8.5125,8.035156,8.228125,36075.0,8.228125
1995-10-31,8.0,8.19318181818,7.78977272727,7.94602272727,29972.7272727,7.94602272727
1995-11-30,6.84523809524,7.18452380952,6.74404761905,6.95833333333,36200.0,6.95833333333
1995-12-31,6.1125,6.4125,5.95,6.1125,63335.0,6.1125
1996-01-31,6.83630952381,7.02976190476,6.60639904762,6.87648809524,33880.952381,6.87648809524
1996-02-29,7.16875,7.4078125,6.9875,7.2375,35670.0,7.2375
1996-03-31,6.70238095238,6.85714285714,6.52380952381,6.64285714286,31109.5238095,6.64285714286
1996-04-30,6.3244047619,6.57142857143,6.15178571429,6.33333333333,32266.6666667,6.33333333333
1996-05-31,6.72727272727,6.89772727273,6.52272727273,6.77840909091,54322.7272727,6.77840909091
1996-06-30,6.92434210526,7.08388157895,6.63157894737,6.81907894737,42721.0526316,6.81907894737
1996-07-31,6.26775545455,6.45241454545,6.05113636364,6.27343727273,29854.5454545,6.27343727273
1996-08-31,5.99715909091,6.14204545455,5.78977272727,5.99147727273,25018.1818182,5.99147727273
1996-09-30,5.919531,6.08125,5.7875,5.88125,18795.0,5.88125
1996-10-31,5.85597826087,5.98301652174,5.72826086957,5.8152173913,18078.2608696,5.8152173913
1996-11-30,5.09375,5.3,4.91875,5.08125,46935.0,5.08125
1996-12-31,5.0119047619,5.26041666667,4.875,5.07589285714,67200.0,5.03125
1997-01-31,5.52272727273,5.66193181818,5.37784090909,5.54048272727,53018.1818182,5.54048272727
1997-02-28,5.90789473684,6.00575684211,5.79605263158,5.90954,48694.7368421,5.90954
1997-03-31,5.853906,5.9375,5.6953125,5.810156,27600.0,5.810156
1997-04-30,5.4218752381,5.51264904762,5.22916666667,5.42113047619,28119.047619,5.42113047619
1997-05-31,5.0468752381,5.18229190476,4.91964285714,5.05654761905,21428.5714286,5.05654761905
1997-06-30,4.94791666667,5.05357142857,4.84747047619,4.9531247619,27061.9047619,4.9531247619
1997-07-31,4.65056818182,4.74715909091,4.47230090909,4.60511363636,45009.0909091,4.60511363636
1997-08-31,4.65104095238,4.75297619048,4.52976190476,4.60639857143,32719.047619,4.60639857143
1997-09-30,4.253906,4.415625,4.19375,4.30625,41405.0,4.30625
1997-10-31,4.95923913043,5.15217391304,4.78940217391,4.96195652174,54465.2173913,4.96195652174
1997-11-30,4.05427631579,4.17763157895,3.92105263158,4.01973684211,45731.5789474,4.01973684211
1997-12-31,3.01420454545,3.16832363636,2.93110772727,3.04403409091,101604.545455,3.04403409091
1998-01-31,2.75625,2.828125,2.6890625,2.767969,28260.0,2.767969
1998-02-28,2.41666666667,2.52604166667,2.32638888889,2.40277777778,65505.5555556,2.40277777778
1998-03-31,2.49005681818,2.53835227273,2.42755681818,2.47940363636,66600.0,2.47940363636
1998-04-30,2.43898809524,2.49851142857,2.37797619048,2.44122,40600.0,2.44122
1998-05-31,2.2296875,2.271875,2.1640625,2.210156,41210.0,2.210156
1998-06-30,1.96577380952,1.99851190476,1.90029761905,1.93601190476,28466.6666667,1.93601190476
1998-07-31,1.96093727273,1.99431818182,1.87571,1.92755681818,32500.0,1.92755681818
1998-08-31,1.3668152381,1.40997,1.25669666667,1.3125,44019.047619,1.3125
1998-09-30,1.08779761905,1.1369047619,1.00595238095,1.09003,66357.1428571,1.09003
1998-10-31,1.09801136364,1.15340909091,1.05965909091,1.10227272727,59368.1818182,1.10227272727
1998-11-30,1.62088789474,1.74753263158,1.53125,1.68338789474,112900.0,1.68338789474
1998-12-31,1.73863636364,1.87642045455,1.62784090909,1.75994318182,103713.636364,1.75994318182
1999-01-31,2.83717105263,2.92269736842,2.69078947368,2.77467105263,75284.2105263,2.77467105263
1999-02-28,2.95888157895,3.04852,2.79934210526,2.90131578947,110042.105263,2.90131578947
1999-03-31,2.79545454545,2.90198863636,2.68465909091,2.78196045455,129836.363636,2.78196045455
1999-04-30,2.69791666667,2.7619047619,2.55505952381,2.62648809524,83947.6190476,2.62648809524
1999-05-31,2.1734375,2.240625,2.065625,2.1640625,44820.0,2.1640625
1999-06-30,2.05539818182,2.10653409091,1.98295454545,2.03409090909,36390.9090909,2.03409090909
1999-07-31,2.0437505,2.10625,1.983594,2.053125,29830.0,2.053125
1999-08-31,1.74005681818,1.79971590909,1.68039772727,1.72514227273,25118.1818182,1.72514227273
1999-09-30,1.61532761905,1.69494047619,1.5431547619,1.60788666667,49323.8095238,1.60788666667
1999-10-31,1.75,1.8244047619,1.62946428571,1.72247047619,36380.952381,1.72247047619
1999-11-30,1.25297571429,1.31547619048,1.18898809524,1.25,45276.1904762,1.25
1999-12-31,1.24330333333,1.3244047619,1.18154761905,1.23735142857,153242.857143,1.23735142857
2000-01-31,1.467969,1.516406,1.375,1.428125,84260.0,1.428125
2000-02-29,1.4250005,1.4625,1.3671875,1.40625,127675.0,1.40625
2000-03-31,1.23097826087,1.29823347826,1.20176652174,1.25407608696,85304.3478261,1.25407608696
2000-04-30,1.03732666667,1.08854166667,0.977430555556,1.02604222222,71988.8888889,1.02604222222
2000-05-31,0.928977272727,0.961647727273,0.863636363636,0.921875,65418.1818182,0.921875
2000-06-30,0.998579545455,1.02840909091,0.933238636364,0.980824090909,74231.8181818,0.980824090909
2000-07-31,1.00625,1.0296875,0.9859375,1.0054685,45370.0,1.0054685
2000-08-31,0.916440434783,0.963315217391,0.899456521739,0.933423913043,52230.4347826,0.933423913043
2000-09-30,1.199219,1.234375,1.159375,1.2,113325.0,1.1999375
2000-10-31,1.00568227273,1.05326727273,0.965199090909,0.996448636364,66577.2727273,0.996448636364
2000-11-30,0.866816190476,0.89880952381,0.818452380952,0.851934761905,75400.0,0.851934761905
2000-12-31,0.7906245,0.8273435,0.740625,0.7875,127315.0,0.7875
2001-01-31,0.908481904762,0.965773809524,0.876488095238,0.91369047619,25876.1904762,0.91369047619
2001-02-28,0.933387894737,0.956414736842,0.873355263158,0.929276315789,15426.3157895,0.929210526316
2001-03-31,0.676136363636,0.714488636364,0.659801363636,0.672585454545,15968.1818182,0.672585454545
2001-04-30,0.615875,0.6473125,0.5960625,0.6321875,19195.0,0.6321875
2001-05-31,0.707727272727,0.743181818182,0.678636363636,0.720454545455,43950.0,0.720454545455
2001-06-30,0.73,0.757142857143,0.697142857143,0.725238095238,14738.0952381,0.725238095238
2001-07-31,0.5915,0.6475,0.579,0.619,15470.0,0.619
2001-08-31,0.450434782609,0.46,0.438260869565,0.445217391304,28947.826087,0.445217391304
2001-09-30,0.412666666667,0.427333333333,0.398,0.41,32400.0,0.41
2001-10-31,0.322608695652,0.335217391304,0.310869565217,0.32,58478.2608696,0.32
2001-11-30,0.284761904762,0.299047619048,0.278571428571,0.29,36776.1904762,0.29
2001-12-31,0.296842105263,0.317368421053,0.282631578947,0.298947368421,117589.473684,0.298947368421
2002-01-31,0.282380952381,0.296666666667,0.271428571429,0.282857142857,53576.1904762,0.282857142857
2002-02-28,0.323684210526,0.334210526316,0.313684210526,0.321052631579,61905.2631579,0.321052631579
2002-03-31,0.262,0.2745,0.253,0.266,104090.0,0.266
2002-04-30,0.272272727273,0.281363636364,0.264545454545,0.268181818182,40954.5454545,0.268181818182
2002-05-31,0.310909090909,0.338636363636,0.295454545455,0.314090909091,109613.636364,0.314090909091
2002-06-30,0.403157894737,0.424736842105,0.378947368421,0.400526315789,77621.0526316,0.400526315789
2002-07-31,0.360909090909,0.382727272727,0.340454545455,0.362727272727,37236.3636364,0.362727272727
2002-08-31,0.310909090909,0.33,0.304545454545,0.316818181818,16436.3636364,0.316818181818
2002-09-30,0.3025,0.3105,0.2915,0.2975,14755.0,0.2975
2002-10-31,0.258260869565,0.266956521739,0.253043478261,0.261304347826,10895.6521739,0.261304347826
2002-11-30,0.249473684211,0.262105263158,0.238947368421,0.251052631579,43931.5789474,0.251052631579
2002-12-31,0.247619047619,0.261904761905,0.238095238095,0.250476190476,53461.9047619,0.250476190476
2003-01-31,0.352380952381,0.377619047619,0.33,0.355238095238,103057.142857,0.355238095238
2003-02-28,0.343684210526,0.346842105263,0.328947368421,0.336315789474,25000.0,0.336315789474
2003-03-31,0.300952380952,0.311428571429,0.29380952381,0.299523809524,10628.5714286,0.299523809524
2003-04-30,0.275714285714,0.285714285714,0.26619047619,0.275714285714,11509.5238095,0.275714285714
2003-05-31,0.256,0.264,0.245,0.2565,30180.0,0.2565
2003-06-30,0.215238095238,0.225238095238,0.207619047619,0.215238095238,34471.4285714,0.215238095238
2003-07-31,0.227727272727,0.237727272727,0.215909090909,0.23,76004.5454545,0.23
2003-08-31,0.281904761905,0.298571428571,0.273333333333,0.289523809524,72852.3809524,0.289523809524
2003-09-30,0.36380952381,0.378571428571,0.348571428571,0.360476190476,82233.3333333,0.360476190476
2003-10-31,0.473043478261,0.498260869565,0.448695652174,0.479565217391,157021.73913,0.479565217391
2003-11-30,0.827368421053,0.886842105263,0.781052631579,0.84,389800.0,0.84
2003-12-31,1.33181818182,1.40590909091,1.25954545455,1.34318181818,300386.363636,1.34318181818
2004-01-31,1.6465,1.7135,1.544,1.634,353335.0,1.634
2004-02-29,1.91,1.95888888889,1.825,1.91444444444,438061.111111,1.91444444444
2004-03-31,1.9752173913,2.01347826087,1.8847826087,1.94434782609,480708.695652,1.94434782609
2004-04-30,1.45761904762,1.50666666667,1.39238095238,1.43380952381,309580.952381,1.43380952381
2004-05-31,1.0525,1.0885,1.0025,1.055,234820.0,1.055
2004-06-30,1.0975,1.13,1.063,1.099,113425.0,1.099
2004-07-31,1.09857142857,1.12238095238,1.06047619048,1.09857142857,115890.47619,1.09857142857
2004-08-31,1.11863636364,1.14909090909,1.08409090909,1.12,106477.272727,1.12
2004-09-30,1.12142857143,1.15428571429,1.09,1.13333333333,212085.714286,1.13333333333
2004-10-31,1.459,1.4965,1.417,1.4495,219195.0,1.4495
2004-11-30,1.44666666667,1.47523809524,1.40904761905,1.43904761905,160342.857143,1.43904761905
2004-12-31,1.51954545455,1.56227272727,1.47636363636,1.525,305863.636364,1.525
2005-01-31,1.5045,1.529,1.4575,1.485,356625.0,1.485
2005-02-28,1.32222222222,1.35277777778,1.27444444444,1.32,355061.111111,1.32
2005-03-31,1.28681818182,1.30954545455,1.25181818182,1.27954545455,269418.181818,1.27954545455
2005-04-30,1.25238095238,1.27523809524,1.2180952381,1.24428571429,262847.619048,1.24428571429
2005-05-31,0.996666666667,1.01666666667,0.95619047619,0.987619047619,284861.904762,0.987619047619
2005-06-30,0.980952380952,1.00428571429,0.96,0.984761904762,141533.333333,0.984761904762
2005-07-31,1.0005,1.0255,0.9835,1.0095,150245.0,1.0095
2005-08-31,1.04782608696,1.07217391304,1.00652173913,1.0347826087,357939.130435,1.0347826087
2005-09-30,0.940476190476,0.97,0.922857142857,0.952380952381,332761.904762,0.952380952381
2005-10-31,1.0495,1.07,1.023,1.0425,190250.0,1.0425
2005-11-30,0.983333333333,1.00619047619,0.960476190476,0.985714285714,180552.380952,0.985714285714
2005-12-31,1.05238095238,1.08238095238,1.03047619048,1.06,433280.952381,1.06
2006-01-31,1.508,1.558,1.4615,1.525,1124865.0,1.525
2006-02-28,1.89055555556,1.93388888889,1.80444444444,1.89111111111,1206116.66667,1.89111111111
2006-03-31,1.84434782609,1.88782608696,1.7852173913,1.85391304348,929056.521739,1.85391304348
2006-04-30,3.00631578947,3.10789473684,2.89210526316,3.02368421053,2261615.78947,3.02368421053
2006-05-31,3.14363636364,3.24454545455,2.98181818182,3.11636363636,2789586.36364,3.11636363636
2006-06-30,2.32047619048,2.39285714286,2.23571428571,2.31476190476,1188204.7619,2.31476190476
2006-07-31,2.663,2.737,2.578,2.6615,1028995.0,2.6615
2006-08-31,2.52304347826,2.57608695652,2.43695652174,2.48739130435,1479121.73913,2.48739130435
2006-09-30,2.19789473684,2.24631578947,2.14736842105,2.19789473684,824468.421053,2.19789473684
2006-10-31,2.31090909091,2.37090909091,2.26136363636,2.32954545455,727413.636364,2.32954545455
2006-11-30,2.4480952381,2.49238095238,2.38761904762,2.44095238095,932833.333333,2.44095238095
2006-12-31,2.662,2.713,2.5795,2.6485,1209815.0,2.6485
2007-01-31,2.44684210526,2.49684210526,2.39842105263,2.45947368421,717036.842105,2.45947368421
2007-02-28,2.63105263158,2.67842105263,2.58789473684,2.63578947368,758336.842105,2.63578947368
2007-03-31,2.60318181818,2.63954545455,2.54363636364,2.59045454545,702545.454545,2.59045454545
2007-04-30,3.019,3.085,2.961,3.032,1263620.0,3.032
2007-05-31,3.28095238095,3.36428571429,3.19238095238,3.28619047619,1390447.61905,3.28619047619
2007-06-30,3.67761904762,3.75285714286,3.61904761905,3.68952380952,819157.142857,3.68952380952
2007-07-31,4.38238095238,4.50333333333,4.2619047619,4.42,1596766.66667,4.42
2007-08-31,4.46772727273,4.59545454545,4.24772727273,4.43136363636,2321072.72727,4.43136363636
2007-09-30,4.60473684211,4.72736842105,4.48315789474,4.65578947368,1460863.15789,4.65578947368
2007-10-31,5.63608695652,5.7547826087,5.47304347826,5.65826086957,1472304.34783,5.65826086957
2007-11-30,5.291,5.426,5.095,5.2465,1337090.0,5.2465
2007-12-31,4.738,4.855,4.6015,4.7385,1040095.0,4.7385
2008-01-31,4.46095238095,4.57761904762,4.29761904762,4.42428571429,942547.619048,4.42428571429
2008-02-29,4.2315,4.3695,4.097,4.261,1783605.0,4.261
2008-03-31,5.41052631579,5.58736842105,5.20894736842,5.42157894737,2552752.63158,5.42157894737
2008-04-30,5.38136363636,5.51818181818,5.26909090909,5.40954545455,1864159.09091,5.40954545455
2008-05-31,5.19714285714,5.28619047619,5.0880952381,5.2019047619,1378957.14286,5.2019047619
2008-06-30,4.9655,5.0705,4.8655,4.979,1006875.0,4.979
2008-07-31,4.28318181818,4.36181818182,4.14,4.22772727273,971836.363636,4.22772727273
2008-08-31,3.06333333333,3.13333333333,2.93523809524,3.01761904762,1383728.57143,3.01761904762
2008-09-30,2.25428571429,2.33476190476,2.12,2.19952380952,1185066.66667,2.19952380952
2008-10-31,1.115,1.16318181818,0.968181818182,1.04227272727,1244413.63636,1.04227272727
2008-11-30,0.856842105263,0.906315789474,0.786842105263,0.832631578947,853773.684211,0.832631578947
2008-12-31,0.638636363636,0.67,0.602272727273,0.629090909091,844927.272727,0.629090909091
2009-01-31,0.843684210526,0.886842105263,0.804210526316,0.848421052632,1159189.47368,0.848421052632
2009-02-28,0.863684210526,0.913157894737,0.828947368421,0.865263157895,678000.0,0.865263157895
2009-03-31,1.02727272727,1.07363636364,0.973181818182,1.02818181818,1018250.0,1.02818181818
2009-04-30,1.43,1.47380952381,1.36047619048,1.42333333333,1661309.52381,1.42333333333
2009-05-31,1.52473684211,1.57789473684,1.45789473684,1.51789473684,1858921.05263,1.51789473684
2009-06-30,1.81318181818,1.84818181818,1.73045454545,1.79863636364,2116359.09091,1.79863636364
2009-07-31,1.755,1.80636363636,1.69045454545,1.75818181818,1635150.0,1.75818181818
2009-08-31,2.4665,2.545,2.3945,2.4835,2615045.0,2.4835
2009-09-30,2.6,2.65380952381,2.52142857143,2.59095238095,1717890.47619,2.59095238095
2009-10-31,2.72363636364,2.80636363636,2.64181818182,2.72136363636,1946050.0,2.72136363636
2009-11-30,3.2035,3.3115,3.1035,3.227,2953430.0,3.227
2009-12-31,4.11047619048,4.20380952381,4.01285714286,4.11619047619,3202085.71429,4.11619047619
2010-01-31,4.63263157895,4.74052631579,4.46894736842,4.59789473684,4002710.52632,4.59789473684
2010-02-28,4.41947368421,4.54421052632,4.31789473684,4.44421052632,2717957.89474,4.44421052632
2010-03-31,4.89782608696,4.97565217391,4.82130434783,4.90695652174,1688726.08696,4.90043478261
2010-04-30,5.79285714286,5.8980952381,5.69,5.81238095238,2098690.47619,5.81238095238
2010-05-31,5.277,5.4015,5.059,5.2385,3593505.0,5.2385
2010-06-30,4.97045454545,5.04090909091,4.83818181818,4.91636363636,1751195.45455,4.91636363636
2010-07-31,4.015,4.1035,3.882,3.9895,2221900.0,3.9895
2010-08-31,4.275,4.36045454545,4.17136363636,4.28681818182,1413204.54545,4.28681818182
2010-09-30,4.70571428571,4.78380952381,4.61285714286,4.71238095238,1815928.57143,4.71238095238
2010-10-31,6.201,6.332,5.974,6.2115,4289285.0,6.2115
2010-11-30,4.73952380952,4.83428571429,4.63428571429,4.74952380952,5987438.09524,4.74952380952
2010-12-31,4.90045454545,4.98818181818,4.85136363636,4.92545454545,2786381.81818,4.92545454545
2011-01-31,5.47736842105,5.60789473684,5.36421052632,5.49,4022721.05263,5.49
2011-02-28,6.01631578947,6.10684210526,5.91263157895,6.03052631579,3216521.05263,6.03052631579
2011-03-31,5.92826086957,6.01565217391,5.79913043478,5.90956521739,2172065.21739,5.90956521739
2011-04-30,5.661,5.713,5.554,5.622,1352560.0,5.6185
2011-05-31,5.01857142857,5.09857142857,4.92238095238,5.00571428571,1375257.14286,5.00571428571
2011-06-30,4.63136363636,4.73045454545,4.54818181818,4.64045454545,1305959.09091,4.64045454545
2011-07-31,4.7325,4.782,4.6555,4.6985,1199735.0,4.6985
2011-08-31,3.74772727273,3.84363636364,3.60727272727,3.70954545455,1975890.90909,3.70954545455
2011-09-30,3.32476190476,3.3680952381,3.20047619048,3.26476190476,1360271.42857,3.26476190476
2011-10-31,3.15523809524,3.24904761905,3.07285714286,3.17285714286,1264523.80952,3.17285714286
2011-11-30,3.258,3.3185,3.169,3.2245,976165.0,3.2245
2011-12-31,2.77952380952,2.85,2.7080952381,2.7619047619,824828.571429,2.7619047619
2012-01-31,3.132,3.202,3.075,3.1615,782860.0,3.1615
2012-02-29,3.841,3.929,3.772,3.854,929860.0,3.854
2012-03-31,3.65714285714,3.72428571429,3.55952380952,3.64476190476,802461.904762,3.64476190476
2012-04-30,3.2525,3.32,3.1945,3.2635,604440.0,3.2635
2012-05-31,2.89954545455,2.96545454545,2.81818181818,2.87272727273,570631.818182,2.87272727273
2012-06-30,2.672,2.714,2.62,2.668,433810.0,2.668
2012-07-31,2.62761904762,2.66238095238,2.57285714286,2.61761904762,300066.666667,2.61761904762
2012-08-31,2.71086956522,2.76260869565,2.68304347826,2.73086956522,354930.434783,2.73086956522
2012-09-30,3.27526315789,3.34894736842,3.19736842105,3.29263157895,548752.631579,3.29263157895
2012-10-31,3.0680952381,3.10476190476,3.00761904762,3.04476190476,286857.142857,3.04238095238
2012-11-30,2.84904761905,2.92,2.78238095238,2.84714285714,393985.714286,2.84714285714
2012-12-31,2.8995,2.9535,2.8675,2.922,330410.0,2.922
2013-01-31,3.35,3.4080952381,3.2880952381,3.36333333333,367576.190476,3.36333333333
2013-02-28,3.12833333333,3.15666666667,3.06333333333,3.10722222222,287000.0,3.10722222222
2013-03-31,2.843,2.888,2.788,2.8385,327420.0,2.8385
2013-04-30,2.35909090909,2.40363636364,2.28,2.33590909091,575922.727273,2.33590909091
2013-05-31,2.23545454545,2.28681818182,2.18454545455,2.23545454545,356836.363636,2.23545454545
2013-06-30,2.01263157895,2.04368421053,1.96947368421,2.00368421053,339415.789474,2.00368421053
2013-07-31,2.02318181818,2.06863636364,1.98636363636,2.02545454545,311277.272727,2.02545454545
2013-08-31,2.07818181818,2.12318181818,2.03954545455,2.07136363636,435918.181818,2.07136363636
2013-09-30,2.0815,2.116,2.052,2.077,343360.0,2.077
2013-10-31,2.21363636364,2.26636363636,2.17409090909,2.22636363636,568263.636364,2.22636363636
2013-11-30,2.071,2.1035,2.021,2.064,519855.0,2.064
2013-12-31,1.93571428571,1.98142857143,1.91095238095,1.93952380952,512495.238095,1.93952380952
2014-01-31,2.12904761905,2.16476190476,2.09142857143,2.12571428571,421790.47619,2.12571428571
2014-02-28,2.10388888889,2.15,2.07111111111,2.11944444444,658650.0,2.11944444444
2014-03-31,1.98476190476,2.01571428571,1.95619047619,1.98238095238,484833.333333,1.98238095238
2014-04-30,2.06619047619,2.10142857143,2.04857142857,2.07857142857,334880.952381,2.07857142857
2014-05-31,2.16952380952,2.20333333333,2.15238095238,2.17571428571,291919.047619,2.17571428571
2014-06-30,2.21,2.244,2.1965,2.224,245930.0,2.224
2014-07-31,2.42636363636,2.47272727273,2.38318181818,2.42636363636,316427.272727,2.42636363636
2014-08-31,2.22428571429,2.25095238095,2.19952380952,2.22952380952,252419.047619,2.22952380952
2014-09-30,1.95714285714,1.98047619048,1.90523809524,1.93857142857,358780.952381,1.93857142857
2014-10-31,1.53363636364,1.55909090909,1.48272727273,1.51909090909,226481.818182,1.51909090909
2014-11-30,1.35947368421,1.39684210526,1.31526315789,1.35578947368,245094.736842,1.35578947368
2014-12-31,1.05681818182,1.09909090909,1.01545454545,1.04727272727,363059.090909,1.04727272727
2015-01-31,0.906,0.9255,0.866,0.8945,270050.0,0.8945
2015-02-28,0.83,0.87,0.807894736842,0.84,271278.947368,0.796842105263
2015-03-31,0.751818181818,0.775,0.715909090909,0.741818181818,291654.545455,0.741818181818
2015-04-30,0.69,0.71380952381,0.675238095238,0.699047619048,269138.095238,0.699047619048
2015-05-31,0.82,0.8405,0.793,0.8175,299455.0,0.8175
2015-06-30,0.610454545455,0.624545454545,0.590454545455,0.608636363636,280831.818182,0.608636363636
2015-07-31,0.53380952381,0.548095238095,0.507142857143,0.528571428571,230219.047619,0.528571428571
2015-08-31,0.468095238095,0.501904761905,0.45380952381,0.478571428571,208300.0,0.478571428571
2015-09-30,0.476666666667,0.494761904762,0.460952380952,0.473333333333,140728.571429,0.473333333333
2015-10-31,0.501363636364,0.520909090909,0.490454545455,0.505909090909,143845.454545,0.505909090909
2015-11-30,0.423684210526,0.435263157895,0.405263157895,0.416842105263,171773.684211,0.416842105263
2015-12-31,0.343181818182,0.364090909091,0.332272727273,0.348181818182,265618.181818,0.348181818182
2016-01-31,0.31,0.325789473684,0.291578947368,0.307894736842,840984.210526,0.307894736842
2016-02-29,0.354,0.37,0.3425,0.354,162565.0,0.354
2016-03-31,0.516818181818,0.540909090909,0.493636363636,0.523181818182,421077.272727,0.523181818182
2016-04-30,0.567,0.593,0.5455,0.569,331805.0,0.569
2016-05-31,0.52380952381,0.541428571429,0.502380952381,0.52,205885.714286,0.52
2016-06-30,0.499090909091,0.515454545455,0.483181818182,0.499090909091,136581.818182,0.499090909091
2016-07-31,0.5895,0.6075,0.5675,0.591,320170.0,0.591
2016-08-31,0.551,0.569,0.53,0.542,218960.0,0.542
