Date,Open,High,Low,Close,Volume,Adj Close
1998-12-31,6.781249,6.8281235,6.406249,6.5781235,1025.0,62.64879775
1999-01-31,5.64802668421,5.83881594737,5.43092010526,5.65789405263,884.210526316,53.884704
1999-02-28,4.98026242105,5.08223673684,4.87170889474,4.92598663158,442.105263158,46.9141565263
1999-03-31,5.42329609091,5.51988636364,5.33238527273,5.40056804545,1336.36363636,51.4339804091
1999-04-30,7.09226133333,7.37797528571,6.70833447619,7.0446422381,4438.0952381,67.0918315238
1999-05-31,7.2031241,7.3812509,7.034374,7.1843748,1005.0,68.4226171
1999-06-30,6.01704654545,6.147727,5.88920563636,6.03409077273,922.727272727,57.4675302273
1999-07-31,6.58437515,6.8531253,6.4343759,6.66875055,3540.0,63.51191005
1999-08-31,7.13494354545,7.25710272727,6.86363609091,7.01704418182,1322.72727273,66.8289934545
1999-09-30,7.14583266667,7.33928519048,6.94642761905,7.10714209524,2228.57142857,67.687069
1999-10-31,5.96577352381,6.13392947619,5.80357185714,5.99404847619,1776.19047619,57.0861757619
1999-11-30,6.8750001,7.09062435,6.6437496,6.88437555,3055.0,65.5654822
1999-12-31,8.84091063636,9.44318145455,8.37926313636,8.95454554545,7159.09090909,85.2813855909
2000-01-31,9.6749993,9.84999825,9.3437494,9.5656235,2475.0,91.10117815
2000-02-29,9.6406257,9.8437487,9.52500035,9.6812503,1615.0,92.20238395
2000-03-31,8.57102168182,8.7698855,8.32954472727,8.52556827273,1263.63636364,81.195889
2000-04-30,8.09210478947,8.27960594737,7.98026210526,8.16118373684,642.105263158,77.7255605263
2000-05-31,7.44034104545,7.51420422727,7.35227186364,7.43181745455,536.363636364,70.7792158182
2000-06-30,8.94602195455,9.14204409091,8.81818172727,8.9914765,809.090909091,85.6331111364
2000-07-31,8.97368305263,9.12500026316,8.77302536842,8.91118378947,1384.21052632,84.8684179474
2000-08-31,8.72554386957,8.83423847826,8.64130456522,8.7336946087,804.347826087,83.1780448261
2000-09-30,8.82187445,8.9062488,8.72187515,8.78125,920.0,83.6309528
2000-10-31,8.86931863636,9.00000022727,8.69886345455,8.82386418182,690.909090909,84.0368025909
2000-11-30,8.9285727619,9.01488171429,8.78571471429,8.86012019048,680.952380952,84.3820977143
2000-12-31,11.4407885789,11.9572360526,11.1381574737,11.5361837895,2642.10526316,109.868416789
2001-01-31,13.449403619,13.7776191429,13.1714287619,13.4910706667,2695.23809524,128.486387714
2001-02-28,14.3626314737,14.4931573684,14.2015786316,14.365789,1763.15789474,136.817037316
2001-03-31,12.0928571429,12.2904770952,11.7285704286,11.9942855714,1823.80952381,114.231290571
2001-04-30,12.5245006,12.80400165,12.39950025,12.6739984,1765.0,120.7047459
2001-05-31,15.1977271818,15.3159099545,15.0109082273,15.1449986818,1500.0,144.238082636
2001-06-30,14.19699975,14.31849995,14.0339996,14.1624998,840.0,134.88095045
2001-07-31,12.5152368095,12.6328562381,12.2514275714,12.411904619,1209.52380952,118.208615905
2001-08-31,12.243043087,12.4282617391,12.0621730435,12.3030432609,1456.52173913,117.707658348
2001-09-30,10.7478572857,10.8792856429,10.3107143571,10.5928572857,1785.71428571,105.928574
2001-10-31,10.2060868696,10.3130433478,10.1269566087,10.2452173913,626.086956522,102.452175652
2001-11-30,9.69333333333,9.73523814286,9.61190480952,9.68761909524,509.523809524,96.8761901905
2001-12-31,8.4005,8.468,8.21000005,8.3595,1360.0,83.5949997
2002-01-31,7.77285733333,7.82761909524,7.68000009524,7.77000009524,876.19047619,77.6666670952
2002-02-28,7.02631578947,7.06368421053,6.88263157895,7.01052642105,1573.68421053,70.1052641579
2002-03-31,6.28799995,6.36199995,6.159,6.283,2635.0,62.83000095
2002-04-30,5.06272727273,5.20772727273,4.79363636364,4.98681813636,7468.18181818,49.8681825
2002-05-31,3.71285714286,3.79380952381,3.56952380952,3.70571428571,2985.71428571,37.0571435238
2002-06-30,3.154,3.235,3.056,3.145,2310.0,31.4500005
2002-07-31,2.58590909091,2.65409090909,2.50090909091,2.60818181818,1327.27272727,26.0818186364
2002-08-31,2.63409090909,2.74681818182,2.53363636364,2.65409090909,5172.72727273,26.5409090909
2002-09-30,3.07684210526,3.14631578947,3.02526315789,3.09315789474,815.789473684,30.9315788947
2002-10-31,2.54565217391,2.58304347826,2.45826086957,2.51304347826,1160.86956522,25.1304350435
2002-11-30,2.1605,2.25,2.0205,2.119,4190.0,21.1900002
2002-12-31,1.28619047619,1.3880952381,1.19333333333,1.29476190476,2833.33333333,12.947619
2003-01-31,1.36857142857,1.44666666667,1.29714285714,1.3880952381,2304.76190476,13.8809526667
2003-02-28,1.48833333333,1.52444444444,1.43111111111,1.47277777778,800.0,14.7277778889
2003-03-31,1.19,1.23047619048,1.14714285714,1.19333333333,723.80952381,11.9333334762
2003-04-30,0.620476190476,0.667142857143,0.565714285714,0.599047619048,2952.38095238,5.99047619048
2003-05-31,0.642380952381,0.67,0.61619047619,0.640476190476,2790.47619048,6.40476190476
2003-06-30,0.970476190476,1.03761904762,0.917619047619,0.978095238095,6790.47619048,9.78095261905
2003-07-31,1.11142857143,1.16571428571,1.05571428571,1.1,4366.66666667,11.0000000952
2003-08-31,0.848571428571,0.869523809524,0.814761904762,0.837142857143,1633.33333333,8.37142861905
2003-09-30,0.908571428571,0.947142857143,0.876666666667,0.917619047619,2276.19047619,9.17619047619
2003-10-31,0.846956521739,0.863913043478,0.788695652174,0.821739130435,2869.56521739,8.21739134783
2003-11-30,0.728888888889,0.745,0.696666666667,0.722777777778,4111.11111111,7.22777777778
2003-12-31,0.71,0.747727272727,0.681818181818,0.715,6677.27272727,7.15
2004-01-31,0.8285,0.8555,0.803,0.83,10170.0,8.30000015
2004-02-29,1.01,1.05947368421,0.945263157895,1.00421052632,23063.1578947,10.0421054737
2004-03-31,0.511363636364,0.545909090909,0.476363636364,0.510454545455,21336.3636364,5.10454545455
2004-04-30,0.465238095238,0.483333333333,0.445714285714,0.462857142857,16438.0952381,4.62857142857
2004-05-31,0.437,0.456,0.4135,0.437,10650.0,4.37
2004-06-30,0.408571428571,0.421428571429,0.394761904762,0.410476190476,6966.66666667,4.10476190476
2004-07-31,0.322380952381,0.330476190476,0.30619047619,0.320476190476,10323.8095238,3.20476190476
2004-08-31,0.237727272727,0.253181818182,0.225,0.240454545455,5213.63636364,2.40454545455
2004-09-30,0.237,0.246,0.226,0.24,4760.0,2.4
2004-10-31,0.297619047619,0.31619047619,0.289047619048,0.30380952381,7814.28571429,3.0380952381
2004-11-30,0.302380952381,0.314285714286,0.286666666667,0.29619047619,7142.85714286,2.9619047619
2004-12-31,0.277727272727,0.291363636364,0.261818181818,0.275,11327.2727273,2.75
2005-01-31,0.2385,0.2475,0.23,0.2395,7585.0,2.395
2005-02-28,0.212105263158,0.222631578947,0.196315789474,0.209473684211,15736.8421053,2.09473684211
2005-03-31,0.254761904762,0.279047619048,0.237619047619,0.258095238095,40052.3809524,2.58095238095
2005-04-30,0.246666666667,0.258571428571,0.238571428571,0.25,8109.52380952,2.5
2005-05-31,0.232857142857,0.240476190476,0.21619047619,0.227619047619,11228.5714286,2.27619047619
2005-06-30,0.222727272727,0.233636363636,0.208636363636,0.223181818182,10359.0909091,2.23181818182
2005-07-31,0.2325,0.2415,0.222,0.2335,5695.0,2.335
2005-08-31,0.245217391304,0.25652173913,0.236956521739,0.246956521739,12452.173913,2.46956521739
2005-09-30,0.333,0.364,0.3165,0.3375,79215.0,3.375
2005-10-31,0.702857142857,0.76619047619,0.621904761905,0.70380952381,180066.666667,7.0380952381
2005-11-30,0.499047619048,0.526666666667,0.465238095238,0.488095238095,60457.1428571,4.88095238095
2005-12-31,0.457619047619,0.475238095238,0.442857142857,0.458571428571,24857.1428571,4.58571428571
2006-01-31,0.542105263158,0.57,0.515263157895,0.543157894737,70531.5789474,5.431579
2006-02-28,0.794736842105,0.821052631579,0.754210526316,0.786315789474,57352.6315789,7.863158
2006-03-31,0.803913043478,0.843043478261,0.771304347826,0.813913043478,68643.4782609,8.13913052174
2006-04-30,1.33894736842,1.43052631579,1.26263157895,1.34631578947,207515.789474,13.4631581579
2006-05-31,1.55523809524,1.62380952381,1.46,1.52428571429,151033.333333,15.2428573333
2006-06-30,1.27818181818,1.32454545455,1.215,1.27363636364,69386.3636364,12.7363636818
2006-07-31,1.2395,1.279,1.2045,1.231,53270.0,12.31000025
2006-08-31,1.15608695652,1.1852173913,1.12173913043,1.15086956522,41313.0434783,11.5086957826
2006-09-30,0.804210526316,0.823684210526,0.771052631579,0.801052631579,48568.4210526,8.01052652632
2006-10-31,0.785909090909,0.806363636364,0.764090909091,0.785454545455,25009.0909091,7.85454559091
2006-11-30,0.88380952381,0.919523809524,0.85,0.88619047619,42547.6190476,8.86190490476
2006-12-31,0.802,0.8185,0.775,0.794,22705.0,7.9400002
2007-01-31,0.75,0.7665,0.7255,0.742,17215.0,7.42
2007-02-28,0.778333333333,0.795555555556,0.756666666667,0.777222222222,22044.4444444,7.77222227778
2007-03-31,0.748636363636,0.766818181818,0.727727272727,0.746818181818,23236.3636364,7.46818181818
2007-04-30,0.7315,0.75,0.7155,0.7315,20530.0,7.315
2007-05-31,0.672272727273,0.681363636364,0.644090909091,0.664545454545,15136.3636364,6.64545454545
2007-06-30,0.650952380952,0.661428571429,0.633333333333,0.649523809524,9980.95238095,6.49523809524
2007-07-31,0.754,0.777,0.733,0.757,21930.0,7.57
2007-08-31,0.66,0.678695652174,0.634347826087,0.65652173913,12895.6521739,6.5652173913
2007-09-30,0.632105263158,0.646842105263,0.62,0.634210526316,14305.2631579,6.34210526316
2007-10-31,0.669130434783,0.687391304348,0.655652173913,0.674347826087,14473.9130435,6.74347826087
2007-11-30,0.669047619048,0.68619047619,0.63619047619,0.655714285714,27014.2857143,6.55714290476
2007-12-31,0.547368421053,0.561052631579,0.532105263158,0.548421052632,14984.2105263,5.48421052632
2008-01-31,0.565238095238,0.592857142857,0.544761904762,0.572380952381,11200.0,5.72380952381
2008-02-29,0.5935,0.605,0.574,0.593,6915.0,5.93
2008-03-31,0.6235,0.644,0.6045,0.6255,14000.0,6.255
2008-04-30,0.608636363636,0.631818181818,0.590909090909,0.614090909091,17777.2727273,6.14090909091
2008-05-31,0.927619047619,0.981428571429,0.855238095238,0.914285714286,115519.047619,9.14285714286
2008-06-30,1.6695,1.7725,1.567,1.6975,221860.0,16.9750003
2008-07-31,2.28181818182,2.45454545455,2.05954545455,2.23454545455,333295.454545,22.345455
2008-08-31,1.56380952381,1.62761904762,1.45904761905,1.54666666667,108576.190476,15.4666668095
2008-09-30,1.2255,1.271,1.1445,1.195,71110.0,11.94999985
2008-10-31,0.771304347826,0.806956521739,0.716956521739,0.752173913043,32413.0434783,7.52173926087
2008-11-30,0.653684210526,0.667894736842,0.616315789474,0.637894736842,19294.7368421,6.37894736842
2008-12-31,0.606818181818,0.643181818182,0.581818181818,0.611818181818,16781.8181818,6.11818181818
2009-01-31,0.660526315789,0.675789473684,0.623157894737,0.644210526316,11515.7894737,6.44210526316
2009-02-28,0.517368421053,0.532105263158,0.49,0.507894736842,14347.3684211,5.07894736842
2009-03-31,0.480909090909,0.501363636364,0.454545454545,0.475909090909,12390.9090909,4.75909090909
2009-04-30,0.490476190476,0.513333333333,0.47380952381,0.489523809524,11395.2380952,4.89523809524
2009-05-31,0.544,0.573,0.523,0.5485,28980.0,5.485
2009-06-30,0.625714285714,0.648095238095,0.593333333333,0.617142857143,30776.1904762,6.17142857143
2009-07-31,0.513636363636,0.525909090909,0.491363636364,0.508636363636,9236.36363636,5.08636363636
2009-08-31,0.525238095238,0.547619047619,0.505714285714,0.52380952381,20304.7619048,5.2380952381
2009-09-30,0.535238095238,0.554761904762,0.51619047619,0.532857142857,25095.2380952,5.32857142857
2009-10-31,0.544545454545,0.572727272727,0.526363636364,0.546363636364,40486.3636364,5.46363636364
2009-11-30,0.497,0.505,0.4835,0.4945,17800.0,4.945
2009-12-31,0.455238095238,0.468095238095,0.44,0.452857142857,17404.7619048,4.52857142857
2010-01-31,0.473684210526,0.488947368421,0.457894736842,0.47,19784.2105263,4.7
2010-02-28,0.438947368421,0.447894736842,0.428421052632,0.438421052632,9568.42105263,4.38421052632
2010-03-31,0.491304347826,0.511739130435,0.475217391304,0.494347826087,18978.2608696,4.94347826087
2010-04-30,0.524285714286,0.542857142857,0.512857142857,0.527619047619,25133.3333333,5.27619047619
2010-05-31,0.476315789474,0.486315789474,0.458421052632,0.470526315789,13036.8421053,4.70526315789
2010-06-30,0.460909090909,0.472272727273,0.445,0.457727272727,10268.1818182,4.57727272727
2010-07-31,0.452857142857,0.46619047619,0.444761904762,0.455238095238,5228.57142857,4.55238095238
2010-08-31,0.457272727273,0.467272727273,0.447727272727,0.457272727273,6250.0,4.57272727273
2010-09-30,0.427142857143,0.437142857143,0.42,0.428571428571,6433.33333333,4.28571428571
2010-10-31,0.428571428571,0.439047619048,0.422857142857,0.430476190476,6900.0,4.30476190476
2010-11-30,0.4745,0.495,0.4615,0.482,17950.0,4.82
2010-12-31,0.603181818182,0.627272727273,0.578636363636,0.603181818182,36650.0,6.03181818182
2011-01-31,0.756,0.7945,0.717,0.7605,58150.0,7.605
2011-02-28,0.783157894737,0.813684210526,0.749473684211,0.774210526316,42594.7368421,7.74210547368
2011-03-31,1.11454545455,1.18090909091,1.02954545455,1.10409090909,216863.636364,11.0409093182
2011-04-30,1.0475,1.0775,1.0185,1.0365,79670.0,10.36500015
2011-05-31,0.834285714286,0.850476190476,0.798571428571,0.817619047619,29114.2857143,8.17619066667
2011-06-30,0.72,0.739545454545,0.700454545455,0.720454545455,11686.3636364,7.20454545455
2011-07-31,0.8705,0.8935,0.842,0.866,15175.0,8.6600001
2011-08-31,0.745,0.766818181818,0.704090909091,0.734545454545,11159.0909091,7.34545454545
2011-09-30,0.757619047619,0.788095238095,0.733333333333,0.762857142857,8133.33333333,7.62857142857
2011-10-31,0.725714285714,0.74619047619,0.705238095238,0.725714285714,5271.42857143,7.25714285714
2011-11-30,0.746666666667,0.77380952381,0.726666666667,0.745238095238,14295.2380952,7.45238095238
2011-12-31,0.711904761905,0.73380952381,0.697142857143,0.715714285714,10009.5238095,7.15714285714
2012-01-31,0.795789473684,0.820526315789,0.777368421053,0.802105263158,14452.6315789,8.02105268421
2012-02-29,0.9795,1.0095,0.929,0.97,44985.0,9.7000001
2012-03-31,1.04954545455,1.08227272727,1.01363636364,1.04818181818,26645.4545455,10.4818180909
2012-04-30,0.9725,0.989,0.941,0.961,14745.0,9.61000015
2012-05-31,0.902727272727,0.918181818182,0.87,0.891363636364,18068.1818182,8.91363636364
2012-06-30,0.735,0.759,0.715,0.736,13080.0,7.36
2012-07-31,0.809047619048,0.827619047619,0.79380952381,0.812380952381,5590.47619048,8.1238097619
2012-08-31,0.754782608696,0.773913043478,0.740434782609,0.752173913043,6473.91304348,7.52173913043
2012-09-30,0.721052631579,0.740526315789,0.703157894737,0.719473684211,8578.94736842,7.19473684211
2012-10-31,0.704285714286,0.717142857143,0.691428571429,0.700952380952,4247.61904762,7.00952380952
2012-11-30,0.639,0.66,0.6205,0.641,5245.0,6.41
2012-12-31,0.605,0.6175,0.596,0.603,5220.0,6.03
2013-01-31,0.701904761905,0.728571428571,0.684285714286,0.711904761905,10300.0,7.11904761905
2013-02-28,0.681578947368,0.696842105263,0.670526315789,0.680526315789,4121.05263158,6.80526315789
2013-03-31,0.6565,0.6725,0.645,0.651,5415.0,6.51
2013-04-30,0.571363636364,0.588181818182,0.556363636364,0.565454545455,7059.09090909,5.65454545455
2013-05-31,0.571428571429,0.598095238095,0.560476190476,0.574285714286,5804.76190476,5.74285714286
2013-06-30,0.5555,0.5675,0.5425,0.557,4500.0,5.57
2013-07-31,0.520909090909,0.536818181818,0.508636363636,0.521363636364,8350.0,5.21363636364
2013-08-31,0.481363636364,0.491363636364,0.466363636364,0.476363636364,10909.0909091,4.76363636364
2013-09-30,0.4105,0.426,0.398,0.4135,9710.0,4.135
2013-10-31,0.409130434783,0.425652173913,0.402173913043,0.416086956522,5569.56521739,4.16086956522
2013-11-30,0.43,0.444736842105,0.421052631579,0.434736842105,9005.26315789,4.34736842105
2013-12-31,0.404285714286,0.415714285714,0.39619047619,0.40380952381,12585.7142857,4.0380952381
2014-01-31,0.425714285714,0.454285714286,0.414285714286,0.43380952381,22785.7142857,4.3380952381
2014-02-28,0.432631578947,0.444210526316,0.418947368421,0.429473684211,13136.8421053,4.29473684211
2014-03-31,0.464285714286,0.487619047619,0.444285714286,0.46380952381,32157.1428571,4.6380952381
2014-04-30,0.4895,0.5035,0.4745,0.49,17220.0,4.9
2014-05-31,0.46,0.470476190476,0.446666666667,0.458095238095,11047.6190476,4.58095238095
2014-06-30,0.454285714286,0.467619047619,0.438095238095,0.45380952381,14314.2857143,4.5380952381
2014-07-31,0.450909090909,0.458636363636,0.441818181818,0.45,5759.09090909,4.5
2014-08-31,0.423333333333,0.441904761905,0.415238095238,0.431428571429,7280.95238095,4.31428571429
2014-09-30,0.46,0.480476190476,0.445714285714,0.466666666667,11452.3809524,4.66666666667
2014-10-31,0.467272727273,0.479545454545,0.45,0.464545454545,9377.27272727,4.64545454545
2014-11-30,0.427368421053,0.438947368421,0.415789473684,0.424210526316,6389.47368421,4.24210526316
2014-12-31,0.327727272727,0.340454545455,0.314090909091,0.324545454545,9545.45454545,3.24545454545
2015-01-31,0.271,0.28,0.258,0.27,3005.0,2.7
2015-02-28,0.275789473684,0.286842105263,0.263684210526,0.274210526316,9031.57894737,2.74210526316
2015-03-31,0.245,0.253181818182,0.237727272727,0.243636363636,4272.72727273,2.43636363636
2015-04-30,0.238571428571,0.247142857143,0.232380952381,0.239523809524,4447.61904762,2.39523809524
2015-05-31,0.254736842105,0.267368421053,0.25,0.258947368421,2673.68421053,2.58947368421
2015-06-30,0.243636363636,0.250454545455,0.238181818182,0.243636363636,3409.09090909,2.43636363636
2015-07-31,0.241818181818,0.248181818182,0.236363636364,0.240909090909,2827.27272727,2.40909090909
2015-08-31,0.214285714286,0.220952380952,0.201904761905,0.21380952381,4995.23809524,2.1380952381
2015-09-30,0.229523809524,0.257142857143,0.212857142857,0.240952380952,11366.6666667,2.40952380952
2015-10-31,0.244090909091,0.256818181818,0.232727272727,0.242272727273,5704.54545455,2.42272727273
2015-11-30,0.205789473684,0.218421052632,0.199473684211,0.204210526316,1931.57894737,2.04210526316
2015-12-31,0.155,0.166818181818,0.140454545455,0.153181818182,4386.36363636,1.53181818182
2016-01-31,0.127894736842,0.141578947368,0.12,0.133157894737,3626.31578947,1.33157894737
2016-02-29,0.1465,0.157,0.135,0.147,2995.0,1.47
2016-03-31,0.462727272727,0.496818181818,0.404545454545,0.456363636364,30036.3636364,1.61818181818
2016-04-30,1.38619047619,1.47571428571,1.30095238095,1.39285714286,62666.6666667,1.39285714286
2016-05-31,1.07428571429,1.11285714286,0.995238095238,1.03952380952,29185.7142857,1.03952380952
2016-06-30,0.783636363636,0.833636363636,0.734545454545,0.782272727273,16868.1818182,0.782272727273
2016-07-31,0.9155,1.0165,0.859,0.936,362160.0,0.936
2016-08-31,1.201,1.313,1.116,1.193,94730.0,1.193
