Date,Open,High,Low,Close,Volume,Adj Close
2002-06-30,30.9953843846,31.186154,30.8392307692,31.0669233077,805823.076923,19.7987856923
2002-07-31,28.8422726364,29.1504546364,28.3227272727,28.7122725,122881.818182,18.2981794545
2002-08-31,26.8059091818,27.0800002273,26.4663638182,26.8340909091,44513.6363636,17.1478293636
2002-09-30,26.13600015,26.46849975,25.69400045,26.01800025,53120.0,16.68862405
2002-10-31,25.529091,25.9549996364,25.1613636818,25.6450001364,29736.3636364,16.4493721364
2002-11-30,27.41150005,27.7169998,27.0739999,27.38250005,36490.0,17.6098204
2002-12-31,26.2504762381,26.5680954286,25.9390475238,26.3090476667,36242.8571429,16.9871494286
2003-01-31,27.86249975,28.12200015,27.54149985,27.8515001,29835.0,17.9830756
2003-02-28,26.1610528421,26.3657895789,25.9678947895,26.1847370526,39542.1052632,17.0378326842
2003-03-31,26.2276191905,26.4066665714,25.9461904762,26.1861903333,33757.1428571,17.1850635714
2003-04-30,27.67950025,27.9809999,27.51699995,27.8309999,32425.0,18.2644935
2003-05-31,29.8757141905,30.1019047143,29.6723808571,29.909524,37409.5238095,19.6745828571
2003-06-30,31.3923806667,31.7166664286,31.1690478095,31.4680950952,48442.8571429,20.7779994286
2003-07-31,30.2304758095,30.4323811429,29.9652378571,30.2323808095,34519.047619,19.9620722381
2003-08-31,30.107142619,30.3223810476,29.9014287143,30.1252381429,35166.6666667,19.9409111905
2003-09-30,30.63450005,30.88249995,30.47250015,30.67450015,34890.0,20.37255875
2003-10-31,31.5504347826,31.8147826087,31.4556520435,31.6599997826,30760.8695652,21.0270811739
2003-11-30,33.2221057368,33.4678949474,33.0594736842,33.2215787368,31768.4210526,22.1169659474
2003-12-31,34.311905,34.6895241905,34.1080956667,34.4228570476,32876.1904762,22.9920775238
2004-01-31,35.2789999,35.47599975,34.9275,35.1499998,48875.0,23.4777585
2004-02-29,32.2178947895,32.4478945789,31.8626317368,32.1226315789,54121.0526316,21.4951376316
2004-03-31,30.9681817273,31.1954545909,30.7159091818,30.9127273182,46381.8181818,20.7724865909
2004-04-30,31.2719047143,31.563809619,30.970952381,31.3123807143,37252.3809524,21.0410423333
2004-05-31,31.93399995,32.15499995,31.7795,31.9745001,27485.0,21.5446884
2004-06-30,32.97649995,33.2789998,32.7059998,32.99199955,35725.0,22.30359265
2004-07-31,33.2014285238,33.5004761429,32.9385713333,33.2309523333,30428.5714286,22.4651318571
2004-08-31,33.2947615714,33.4942854762,33.0695242381,33.2395238095,23909.5238095,22.5320111905
2004-09-30,33.8319045714,34.0880949524,33.6880949048,33.9604759524,25728.5714286,23.0902555238
2004-10-31,34.5557144286,34.8385715714,34.3057145238,34.5095241905,46433.3333333,23.4635620476
2004-11-30,35.434762381,35.6804762857,35.1909522857,35.4466663333,31319.047619,24.161496381
2004-12-31,34.2927268636,34.4968179091,34.0227274545,34.341818,49881.8181818,23.4731809545
2005-01-31,34.1040003,34.2920002,33.8975002,34.08649985,56510.0,23.2986669
2005-02-28,34.9349998889,35.2711112778,34.6838887778,35.0083336667,60750.0,23.9788471667
2005-03-31,33.9918181364,34.1463637727,33.8199997273,33.9500004545,40113.6363636,23.3300925455
2005-04-30,32.5176189048,32.6733335714,32.2533332381,32.4490481905,36095.2380952,22.2986535238
2005-05-31,33.61800005,33.8729996,33.442,33.6810003,44045.0,23.21496355
2005-06-30,33.4554547273,33.6345454091,33.2977272273,33.4254543636,30640.9090909,23.1077928182
2005-07-31,33.9725,34.18400035,33.82049985,34.03500045,19550.0,23.52914225
2005-08-31,36.4456523043,36.7347825652,36.3526086522,36.5856525652,25386.9565217,25.3649998261
2005-09-30,37.6209522381,37.8957138571,37.4204760476,37.6833332381,37371.4285714,26.1923735238
2005-10-31,35.92050015,36.09949945,35.4685002,35.6450003,30685.0,24.7755992
2005-11-30,34.5614288095,34.8133333333,34.3166666667,34.5938094286,27190.4761905,24.1169614762
2005-12-31,34.6957145238,34.9057140952,34.5233335714,34.707142619,29085.7142857,24.2614967143
2006-01-31,35.3345,35.6519994,35.1695,35.434499,27780.0,24.72284725
2006-02-28,37.3326314211,37.6531578947,37.1410526316,37.4736844737,45347.3684211,26.2608415789
2006-03-31,37.6340909545,37.8663635,37.449545,37.6699997273,30495.4545455,26.4853714545
2006-04-30,38.8131583158,39.2363158421,38.6605265789,39.0278948947,40631.5789474,27.4400927895
2006-05-31,39.9218179545,40.2572725455,39.7186363182,40.0149997273,39013.6363636,28.2121277273
2006-06-30,40.1004545,40.3277275909,39.7840912727,39.9631824091,52331.8181818,28.2526813636
2006-07-31,38.46200005,38.8525003,38.2339998,38.51699985,33605.0,27.2321762
2006-08-31,40.0221740435,40.3552174783,39.8008695217,40.0943481304,28373.9130435,28.401477
2006-09-30,39.4234995,39.75549995,39.25649995,39.5469999,32745.0,28.11277935
2006-10-31,40.0795454545,40.4099998182,39.8695453182,40.2399999545,34495.4545455,28.6054482727
2006-11-30,41.43249945,41.78400005,41.2380002,41.48899975,42260.0,29.54950915
2006-12-31,42.0590003,42.31,41.7669998,42.03449955,48265.0,30.0414448
2007-01-31,41.0755002,41.38350005,40.80100025,41.10449985,41440.0,29.3767876
2007-02-28,42.7072220556,43.0150001111,42.2972220556,42.7155552778,78516.6666667,30.6046951111
2007-03-31,41.3809087727,41.6390907727,41.1472725909,41.3950004545,40854.5454545,29.7526344545
2007-04-30,42.4285,42.7209998,42.2385,42.51599985,73000.0,30.55835205
2007-05-31,42.869523619,43.137143,42.3071423333,42.6790475714,131214.285714,30.733582381
2007-06-30,41.743333619,41.974285619,41.3980954286,41.669524381,101800.0,30.1199398571
2007-07-31,42.6542856667,42.983333619,42.2671431429,42.7085718095,153323.809524,30.870993381
2007-08-31,40.9317392609,41.3099998261,40.3847825217,40.9304348261,123282.608696,28.4472692609
2007-09-30,41.9136841579,42.2210529474,41.6036838947,41.9742104211,97778.9473684,30.5267794737
2007-10-31,44.1413635,44.5659092273,43.7645458636,44.3236363636,105500.0,32.2354574545
2007-11-30,42.3119053333,42.6714289524,41.6076188095,42.1119044286,170414.285714,30.6983582857
2007-12-31,38.7615789474,39.2936843158,38.4173684211,38.8810524211,189368.421053,28.4426474211
2008-01-31,36.4985707143,37.0809522381,35.8833330952,36.5023809524,235480.952381,26.7025784286
2008-02-29,34.93500025,35.2265001,34.38599975,34.85599945,175895.0,25.5876047
2008-03-31,34.9199997895,35.6589477368,34.2352632632,34.9573682632,351726.315789,25.7730687368
2008-04-30,35.8949998636,36.5804543182,35.3063635909,36.1286362727,236131.818182,26.7754934091
2008-05-31,37.40549985,37.62500015,36.5809997,36.97950045,207890.0,27.5027222
2008-06-30,34.4938090952,34.8838090952,33.9880954286,34.3966666667,148328.571429,25.5817943333
2008-07-31,30.9795453636,31.4881818182,30.3504548636,30.8468181818,204440.909091,22.9416693182
2008-08-31,33.27449965,33.94600015,32.85999965,33.5779994,201810.0,25.03995805
2008-09-30,31.4138093333,32.1528572857,30.4990476667,31.253333381,355861.904762,23.4027785714
2008-10-31,24.0990912727,25.1563636818,23.1613635,24.0181818636,371509.090909,17.9850317727
2008-11-30,23.383158,24.1789472632,22.6510524211,23.2773687895,459689.473684,17.5016573684
2008-12-31,26.6122724545,27.2081819545,25.9186362273,26.6977274545,493859.090909,20.2211890909
2009-01-31,25.2340001,25.69150005,24.6124996,25.181,496925.0,19.0723963
2009-02-28,24.6984213684,25.2436842632,24.2047371579,24.6663158947,524773.684211,18.6825727895
2009-03-31,24.4633335714,24.9242858095,24.0114286667,24.4914284762,422047.619048,18.7563546667
2009-04-30,27.2133334286,27.6447619524,26.8319049048,27.2690478571,390119.047619,20.9063410476
2009-05-31,29.876,30.43599995,29.3265,29.95199975,367515.0,23.0389755
2009-06-30,30.3466666667,30.712857381,29.9414288095,30.3614285714,354161.904762,23.4954455238
2009-07-31,30.2713636818,30.6604545909,29.9868180909,30.3695453182,197781.818182,23.5017267727
2009-08-31,32.3979997,32.70250035,31.95899985,32.4730003,353285.0,25.215921
2009-09-30,33.243333381,33.8061905238,32.7980952381,33.328095619,855557.142857,26.0172526667
2009-10-31,32.8922725909,33.2331821818,32.3331819091,32.7995455455,484181.818182,25.6046453182
2009-11-30,31.7273681053,32.0552627895,31.4278948421,31.7552624737,492589.473684,24.8794844211
2009-12-31,32.2545457273,32.5027272273,31.9395453636,32.1959087727,293095.454545,25.3533387273
2010-01-31,32.9761114444,33.2933332778,32.622778,32.9916667222,360994.444444,25.9799748333
2010-02-28,34.5089475263,34.8926313684,34.1910527368,34.5863153158,326036.842105,27.2357141053
2010-03-31,36.0069565217,36.3404344783,35.7526093478,36.0673914783,191908.695652,28.6046750435
2010-04-30,36.5425004,36.8130001,36.25650025,36.5549999,222090.0,29.02168165
2010-05-31,36.3610004,36.891,35.7870003,36.43550015,573660.0,29.0256177
2010-06-30,36.8757144762,37.2528571429,36.4428566667,36.9114285714,2071833.33333,29.5341549524
2010-07-31,37.1361907143,37.5414282857,36.7871429048,37.2395236667,872690.47619,29.7966757619
2010-08-31,35.8477271364,36.1631820455,35.4831816818,35.8372725909,755218.181818,28.7903194545
2010-09-30,37.1919996,37.51400025,36.9174999,37.2190001,659510.0,30.0262309
2010-10-31,38.3842858095,38.7076190476,38.0814286667,38.408095381,603085.714286,30.9855273333
2010-11-30,37.4504764762,37.6685714762,37.0361901429,37.3557143333,679585.714286,30.245817619
2010-12-31,37.0161907143,37.2433334286,36.7719050952,37.0342855238,571085.714286,30.1088199048
2011-01-31,38.39450025,38.7750005,38.16150045,38.53650005,671560.0,31.330118
2011-02-28,40.3255555556,40.5327781111,40.0099998889,40.268333,906516.666667,32.8352903889
2011-03-31,38.8591307391,39.1973911739,38.5634783913,38.8734782609,702608.695652,31.8516123913
2011-04-30,40.0345,40.31900005,39.76999985,40.10250015,580465.0,32.85863155
2011-05-31,38.98799995,39.2369995,38.69050025,38.96700025,630275.0,32.0553622
2011-06-30,37.1518184091,37.408182,36.9072727273,37.1218184091,696250.0,30.6612735455
2011-07-31,36.1373683158,36.3547368421,35.8142104737,36.0142102632,951594.736842,29.7464295789
2011-08-31,31.2004345217,31.5652173478,30.6099998261,31.0669566087,1607104.34783,25.7876934348
2011-09-30,28.8909999,29.25700005,28.5185001,28.86549975,1458200.0,24.07347215
2011-10-31,28.4161902857,28.713809381,28.0933334286,28.4514282857,1490976.19048,23.7281417143
2011-11-30,28.1814288095,28.3990478095,27.7747619048,28.0938092381,1029180.95238,23.5562872857
2011-12-31,26.3585714762,26.6342855714,26.0861904286,26.3319046667,983995.238095,22.1954831429
2012-01-31,27.97,28.1975001,27.7044998,27.97949995,1022130.0,23.5844286
2012-02-29,27.63800035,27.89749995,27.4169998,27.7010002,1506570.0,23.4624464
2012-03-31,29.1876191905,29.4276190952,28.9157140952,29.184762,1386823.80952,24.8905291905
2012-04-30,28.67750025,28.89649965,28.45849985,28.72549985,1105700.0,24.4988427
2012-05-31,28.9542855714,29.1890477619,28.6500000476,28.8676188571,1162314.28571,24.6977384286
2012-06-30,27.775714619,28.0876191429,27.5457143333,27.8238097143,970757.142857,24.0008306667
2012-07-31,28.7209526667,28.9123808571,28.325238,28.642857,917400.0,24.7073412381
2012-08-31,28.9559091364,29.2063638182,28.7086362273,28.9581821364,872131.818182,25.0898893182
2012-09-30,28.9663156316,29.1952632632,28.7705262632,28.9894735263,953989.473684,25.2781413158
2012-10-31,28.538571381,28.7157144762,28.3366665714,28.4914284286,787385.714286,24.8438578571
2012-11-30,27.57300005,27.76149995,27.35600005,27.55700005,777420.0,24.1553643
2012-12-31,28.5825001,28.82299985,28.41350015,28.64600005,748810.0,25.2737005
2013-01-31,29.99599995,30.1599996,29.83550015,30.03949985,734315.0,26.5031531
2013-02-28,30.4289471053,30.6521052105,30.1689471579,30.4415790526,1151578.94737,26.9474365789
2013-03-31,31.5444999,31.7684998,31.28449985,31.56150025,1275760.0,28.14323455
2013-04-30,32.4913634545,32.7072731818,32.2713631818,32.5504551818,1050609.09091,29.0248615909
2013-05-31,34.3072734545,34.589091,34.1404548182,34.3845454091,1030877.27273,30.7668345909
2013-06-30,33.0289473158,33.2473682632,32.7842104211,33.0215788947,1212810.52632,29.7232464737
2013-07-31,33.995,34.2504547273,33.7722726818,34.0145458182,829622.727273,30.6170316818
2013-08-31,34.1304546364,34.3577273636,33.9190907273,34.1459090909,737763.636364,30.8522330455
2013-09-30,34.7057891053,34.9484208947,34.5505266316,34.7752626316,757100.0,31.59918
2013-10-31,35.0578263478,35.361739087,34.9182608261,35.1726084348,1154943.47826,31.9602356957
2013-11-30,37.9845,38.24300005,37.83199975,38.0334999,654655.0,34.63145865
2013-12-31,37.3019050952,37.5133335714,37.1133334762,37.3195234762,614880.952381,34.2003748095
2014-01-31,37.0938094762,37.3295236667,36.8552382381,37.0309521905,644609.52381,33.9359223333
2014-02-28,34.9244438333,35.2177778333,34.6438886111,34.9333330556,1055483.33333,32.1330430556
2014-03-31,34.0295239048,34.2519045714,33.8471429524,34.0280952381,768790.47619,31.4869775238
2014-04-30,34.7180952857,34.971904381,34.5261903333,34.7709522381,816257.142857,32.17436
2014-05-31,35.5271424286,35.690952,35.2690472381,35.4623807143,726547.619048,32.9290777143
2014-06-30,35.447143,35.6461904762,35.2814287143,35.5200003333,880119.047619,33.173517
2014-07-31,36.8242858571,37.0961901429,36.6928571429,36.9409524762,710561.904762,34.5005998571
2014-08-31,37.6257143333,37.8333338095,37.4042859048,37.6519049048,715371.428571,35.2966412381
2014-09-30,37.3179999,37.54850005,37.07799995,37.30850015,548765.0,35.14854425
2014-10-31,36.4595651739,36.8095656522,36.2117390435,36.5560868261,964939.130435,34.4396916087
2014-11-30,38.0184207895,38.3431574737,37.856842,38.1436841053,695684.210526,36.0676176316
2014-12-31,39.8961905714,40.2061902857,39.6342860476,39.9057137143,698142.857143,37.9206815238
2015-01-31,39.1904997,39.53849965,38.78899995,39.1560002,851600.0,37.2082611
2015-02-28,39.4273683158,39.7426314211,39.1300005263,39.4915792632,1021257.89474,37.6453412632
2015-03-31,39.9447618571,40.325238619,39.7195238571,40.0319043333,908404.761905,38.3654801905
2015-04-30,41.3509521429,41.7428572857,41.1195240476,41.3942857143,1052671.42857,39.671149
2015-05-31,40.6336844737,40.8789473684,40.3468418947,40.5826311053,671378.947368,39.0109408947
2015-06-30,39.21,39.3990907727,38.9468186364,39.1731815455,739927.272727,37.8531555
2015-07-31,38.2859091364,38.6122723636,38.0209092273,38.3790911364,769686.363636,37.0858235909
2015-08-31,39.9385709524,40.3009524286,39.5414282857,39.9604760952,1056547.61905,38.7606987619
2015-09-30,39.5199998571,39.8357144286,39.281905,39.5814287143,1062566.66667,38.561110619
2015-10-31,41.2314287619,41.5304760952,40.9628570952,41.2376191905,847714.285714,40.1746081905
2015-11-30,40.0675002,40.3470001,39.7710001,40.0744996,831565.0,39.19096875
2015-12-31,38.8631817273,39.1177274545,38.5704544545,38.7904541818,761404.545455,38.1140172727
2016-01-31,36.0355557222,36.4022213333,35.6427772222,36.0877778333,1113483.33333,35.4584708333
2016-02-29,36.39349995,36.75749985,35.98849995,36.41449965,1074675.0,35.8974866
2016-03-31,38.2366663333,38.6557141429,38.0299996667,38.4533334762,931190.47619,38.1378375714
2016-04-30,40.7009523333,40.9823808095,40.4390475238,40.7190479524,818271.428571,40.3849627619
2016-05-31,41.0076188095,41.3319052381,40.7785718571,41.1185708095,842171.428571,40.9425578095
2016-06-30,41.2995453636,41.556818,41.0554544545,41.3249997273,941781.818182,41.2945452727
2016-07-31,42.2639998,42.5655003,42.0509999,42.3305001,793810.0,42.3305001
2016-08-31,41.670999,41.8849995,41.408,41.6300008,757140.0,41.6300008
