Date,Open,High,Low,Close,Volume,Adj Close
1993-05-31,15.3571381429,15.7499998571,15.1785645714,15.2321384286,810285.714286,4.96643342857
1993-06-30,16.3690460476,16.8630950952,16.2023786667,16.4821432381,231719.047619,5.373997
1993-07-31,19.4761873333,19.8095209524,19.0595194762,19.5297601429,106723.809524,6.36767147619
1993-08-31,20.2159095455,20.5625028636,19.7727225,20.3181836364,122245.454545,6.62473668182
1993-09-30,21.4702434286,21.6428628571,20.9523827619,21.2797660952,57223.8095238,6.93826038095
1993-10-31,20.88750085,21.34999705,20.4687504,21.006249,96830.0,6.84908025
1993-11-30,23.440479,23.8095244286,23.0714334762,23.3928620476,171995.238095,7.62723452381
1993-12-31,24.0227288636,24.3181833182,23.5511389545,23.9090945909,135018.181818,7.79666572727
1994-01-31,27.5999981,27.91249625,27.04375525,27.6562503,179430.0,9.0226671
1994-02-28,29.124999,29.5789479474,28.6578892105,29.1644715263,270863.157895,9.51471426316
1994-03-31,29.4945643043,29.8749966522,28.8152179565,29.4728247826,185665.217391,9.61531247826
1994-04-30,26.8421064737,27.1710535789,26.3026332105,26.730265,126826.315789,8.72379921053
1994-05-31,25.0687503,25.393749,24.77500315,25.07500275,89180.0,8.18476495
1994-06-30,24.1136364545,24.2897705,23.8749995,24.09659,70536.3636364,7.86657472727
1994-07-31,24.71875155,24.96875195,24.5000014,24.7500014,72380.0,8.08418935
1994-08-31,26.1874955,26.4147686364,25.9829538182,26.2329529545,95145.4545455,8.56857168182
1994-09-30,27.7321433333,27.8630961429,27.523813,27.6666682857,52204.7619048,9.03799795238
1994-10-31,28.2261872857,28.386903,28.0952369048,28.208333,66538.0952381,9.21880047619
1994-11-30,28.5059491905,28.6845216667,28.2559502381,28.3928558571,76309.5238095,9.27910447619
1994-12-31,26.1812534,26.3812531,26.0437513,26.1937508,50705.0,8.5616631
1995-01-31,27.821430381,28.0178594286,27.6250014762,27.8154744762,71038.0952381,9.09555538095
1995-02-28,28.0394734211,28.2039512632,27.8355240526,28.0263153158,67052.6315789,9.16949357895
1995-03-31,23.7826076957,24.1413045652,23.5652155652,23.891304087,183034.782609,9.60409313043
1995-04-30,23.4802640526,23.7763155263,23.1447365789,23.4802649474,223226.315789,11.5260307368
1995-05-31,24.9715911818,25.2840932273,24.5113627727,24.9659106818,177822.727273,12.2553068636
1995-06-30,24.398809,24.7172618571,24.1011919524,24.4940482857,305204.761905,12.0243853333
1995-07-31,28.51875165,29.0000005,28.0937514,28.7749988,229400.0,14.1354172
1995-08-31,28.6902170435,28.782608,28.3695651739,28.5217368261,69191.3043478,14.0202215652
1995-09-30,17.43125,17.6625,17.125,17.36875,129335.0,12.80674405
1995-10-31,16.7857142857,16.9583333333,16.3898809524,16.619047619,157761.904762,12.2539553333
1995-11-30,15.2797619048,15.6071428571,15.0,15.3630952381,284747.619048,11.327886381
1995-12-31,16.5375,16.78125,16.25625,16.48125,121595.0,12.1539906
1996-01-31,16.0198863636,16.2386363636,15.7784090909,16.0227272727,96004.5454545,11.8250944545
1996-02-29,15.9473684211,16.1118421053,15.6447368421,15.8157894737,176589.473684,11.6723704211
1996-03-31,16.1845238095,16.4047619048,15.8869047619,16.1726190476,182614.285714,11.9372887143
1996-04-30,16.8630952381,17.0535714286,16.6071428571,16.8273809524,171242.857143,12.4301602381
1996-05-31,16.3863636364,16.6306818182,16.1420454545,16.3636363636,233272.727273,12.0875982727
1996-06-30,16.9868421053,17.0690789474,16.7105263158,16.9078947368,161526.315789,12.491319
1996-07-31,14.6988636364,14.875,14.4659090909,14.6420454545,214740.909091,10.8257992727
1996-08-31,15.4602272727,15.6534090909,15.2840909091,15.4602272727,133463.636364,11.4307331818
1996-09-30,15.40625,15.54375,15.225,15.38125,116700.0,11.3739828
1996-10-31,13.1761363636,13.4034090909,12.9602272727,13.1647727273,177018.181818,9.74321940909
1996-11-30,12.75,12.94375,12.5625,12.81875,95760.0,9.4871287
1996-12-31,13.0297619048,13.2142857143,12.8928571429,13.0238095238,146223.809524,9.64047033333
1997-01-31,12.4147727273,12.5511363636,12.2613636364,12.4204545455,108659.090909,9.20297031818
1997-02-28,12.8125,13.0208333333,12.6736111111,12.8611111111,184111.111111,9.529476
1997-03-31,14.375,14.475,14.3125,14.37421875,150695.0,10.65227195
1997-04-30,14.2159090909,14.4147727273,14.0852272727,14.2613636364,53859.0909091,10.5776636818
1997-05-31,14.755952381,14.9375,14.630952381,14.7946428571,42080.952381,10.9731968095
1997-06-30,15.884375,16.171875,15.725,16.01875,61085.0,11.88288585
1997-07-31,17.5369318182,17.8039772727,17.3948863636,17.5539772727,46840.9090909,13.0322581818
1997-08-31,17.5357142857,17.7708333333,17.3154761905,17.5863095238,38861.9047619,13.0562619524
1997-09-30,18.1339285714,18.4940475714,17.9077380952,18.2619047143,107690.47619,13.5595522381
1997-10-31,21.3016303913,21.9347828261,20.8722828261,21.4130435652,119060.869565,15.9072409565
1997-11-30,20.4999999474,20.6644735263,20.0822367895,20.430921,62436.8421053,15.1804408421
1997-12-31,20.1903409091,20.5369317727,19.8011363182,20.2130682273,65109.0909091,15.0201587727
1998-01-31,18.2861842105,18.4736842632,18.0230263158,18.2631578947,54621.0526316,13.5804152105
1998-02-28,18.7401315789,19.0592105263,18.5625,18.8355263158,48936.8421053,14.0060261579
1998-03-31,19.0142045455,19.3551136364,18.8267045455,19.1107954545,36072.7272727,14.2122458182
1998-04-30,19.0208333333,19.2410714286,18.78125,19.0267857143,30228.5714286,14.1571425714
1998-05-31,19.121875,19.328125,18.878125,19.153125,49345.0,14.253371
1998-06-30,18.7002840909,18.8352272727,18.3778409091,18.5710227273,37181.8181818,13.8216455909
1998-07-31,16.8125,17.0,16.4971590909,16.7386363636,32450.0,12.4669459091
1998-08-31,13.621875,13.76875,13.259375,13.471875,22770.0,10.03386015
1998-09-30,10.9464285714,11.193452381,10.7202380952,11.0119047619,62004.7619048,8.203256
1998-10-31,10.2954545455,10.5284090909,9.97159090909,10.2897727273,51181.8181818,7.67417595455
1998-11-30,10.7763157895,10.9473684211,10.5394736842,10.7631578947,71647.3684211,8.02722947368
1998-12-31,9.55397727273,9.67613636364,9.35511363636,9.55965909091,33022.7272727,7.13119827273
1999-01-31,9.00657894737,9.23684210526,8.83881578947,9.03947368421,34310.5263158,6.75279552632
1999-02-28,8.01973684211,8.17269736842,7.76973684211,7.96710526316,32457.8947368,5.95169978947
1999-03-31,7.94034090909,8.10795454545,7.84943181818,7.98579545455,38677.2727273,5.96714154545
1999-04-30,8.94047619048,9.25595238095,8.78869047619,9.02678571429,54952.3809524,6.75588647619
1999-05-31,9.553125,9.65,9.41875,9.509375,39015.0,7.1170689
1999-06-30,9.05654761905,9.22023809524,8.93452380952,9.09821428571,73352.3809524,6.81055157143
1999-07-31,10.9523809524,11.0833333333,10.7232142857,10.9494047619,40409.5238095,8.20865033333
1999-08-31,12.3039772727,12.6164772727,11.9943181818,12.3039772727,64445.4545455,9.22415886364
1999-09-30,11.1071428571,11.2678571429,10.8660714286,11.0892857143,32176.1904762,8.31506438095
1999-10-31,8.796875,8.8875,8.54375,8.653125,35380.0,6.4961667
1999-11-30,6.99107142857,7.10119047619,6.8005952381,6.9494047619,35109.5238095,5.21713157143
1999-12-31,6.30397727273,6.51136363636,6.07102272727,6.29971590909,60422.7272727,4.73079904545
2000-01-31,7.115625,7.253125,7.0,7.125,44500.0,5.3603919
2000-02-29,6.76315789474,6.91118421053,6.59210526316,6.79276315789,49047.3684211,5.11043826316
2000-03-31,7.2527173913,7.36684782609,7.10869565217,7.24456521739,33991.3043478,5.45184717391
2000-04-30,6.92105263158,7.01644736842,6.77960526316,6.88157894737,49342.1052632,5.18857821053
2000-05-31,6.69602272727,6.76988636364,6.55965909091,6.65340909091,31936.3636364,5.01654245455
2000-06-30,6.11607142857,6.23511904762,5.95238095238,6.10416666667,43638.0952381,4.60398204762
2000-07-31,5.490625,5.64375,5.3625,5.46875,34300.0,4.1336662
2000-08-31,5.41032608696,5.48097826087,5.33152173913,5.40760869565,16039.1304348,4.08745117391
2000-09-30,5.58552631579,5.73026315789,5.52960526316,5.64473684211,15768.4210526,4.26787263158
2000-10-31,5.04261363636,5.09943181818,4.99147727273,5.04545454545,23000.0,3.824139
2000-11-30,4.02380952381,4.15178571429,3.94642857143,4.06547619048,66809.5238095,3.08137666667
2000-12-31,4.640625,4.81875,4.475,4.66875,52415.0,3.54055755
2001-01-31,4.6425,4.764875,4.588625,4.71725,12810.0,3.5907697
2001-02-28,4.68421052632,4.77947368421,4.64421052632,4.73947368421,13131.5789474,3.60768636842
2001-03-31,4.33727272727,4.38954545455,4.23318181818,4.28363636364,13445.4545455,3.26228563636
2001-04-30,3.294,3.418,3.2285,3.3485,58600.0,2.5596625
2001-05-31,4.66476190476,4.74714285714,4.60285714286,4.6880952381,19995.2380952,3.58367680952
2001-06-30,4.47333333333,4.51952380952,4.40714285714,4.44333333333,15914.2857143,3.39716738095
2001-07-31,4.34476190476,4.39380952381,4.29380952381,4.35523809524,27819.047619,3.33370271429
2001-08-31,5.45956521739,5.55695652174,5.41347826087,5.50826086957,34017.3913043,4.21628008696
2001-09-30,5.606,5.67933333333,5.48666666667,5.60333333333,35006.6666667,4.2887544
2001-10-31,5.04652173913,5.10260869565,4.98652173913,5.03434782609,12726.0869565,3.85724108696
2001-11-30,4.91952380952,4.95904761905,4.86047619048,4.92142857143,5833.33333333,3.77072414286
2001-12-31,4.7135,4.7815,4.64,4.728,16970.0,3.62307405
2002-01-31,5.24047619048,5.33619047619,5.1880952381,5.30142857143,17909.5238095,4.06629404762
2002-02-28,4.81526315789,4.89578947368,4.68473684211,4.77368421053,19221.0526316,3.66150442105
2002-03-31,4.9965,5.108,4.9295,5.0525,19600.0,3.87598825
2002-04-30,5.23,5.32857142857,5.16904761905,5.2519047619,27904.7619048,4.03278942857
2002-05-31,5.22227272727,5.29227272727,5.16409090909,5.23409090909,15004.5454545,4.01911059091
2002-06-30,4.624,4.717,4.478,4.577,12525.0,3.51509785
2002-07-31,3.71428571429,3.77714285714,3.61,3.65571428571,18561.9047619,2.81035019048
2002-08-31,3.69590909091,3.81954545455,3.60090909091,3.69909090909,34818.1818182,2.84369613636
2002-09-30,3.2855,3.354,3.167,3.209,11110.0,2.46750825
2002-10-31,2.01565217391,2.06956521739,1.90086956522,1.98695652174,40978.2608696,1.5301306087
2002-11-30,1.71052631579,1.76947368421,1.63210526316,1.70473684211,24915.7894737,1.31279684211
2002-12-31,1.40666666667,1.43857142857,1.35428571429,1.38952380952,140795.238095,1.07059390476
2003-01-31,1.28666666667,1.30333333333,1.26142857143,1.27714285714,28342.8571429,0.987114571429
2003-02-28,0.898421052632,0.919473684211,0.856315789474,0.879473684211,102147.368421,0.679752631579
2003-03-31,0.839047619048,0.873333333333,0.815714285714,0.834285714286,110514.285714,0.645390714286
2003-04-30,0.93,0.949047619048,0.916666666667,0.924285714286,91347.6190476,0.71861547619
2003-05-31,0.724761904762,0.738095238095,0.691428571429,0.714761904762,65952.3809524,0.555714380952
2003-06-30,1.12904761905,1.19619047619,1.06523809524,1.13428571429,175652.380952,0.882444333333
2003-07-31,1.22142857143,1.27619047619,1.18619047619,1.22619047619,63319.047619,0.957329952381
2003-08-31,1.62761904762,1.71714285714,1.57761904762,1.66714285714,72871.4285714,1.30159690476
2003-09-30,2.35904761905,2.43285714286,2.24380952381,2.33142857143,85471.4285714,1.82075319048
2003-10-31,1.96347826087,2.01391304348,1.8952173913,1.94869565217,80586.9565217,1.52492065217
2003-11-30,1.85157894737,1.90421052632,1.77157894737,1.84263157895,82552.6315789,1.44196042105
2003-12-31,2.57136363636,2.69181818182,2.49727272727,2.60909090909,137609.090909,2.04232795455
2004-01-31,3.35947368421,3.44894736842,3.31105263158,3.37789473684,74994.7368421,2.64796952632
2004-02-29,4.62894736842,4.81315789474,4.48157894737,4.72684210526,146563.157895,3.70542442105
2004-03-31,5.61043478261,5.71826086957,5.46695652174,5.56304347826,110321.73913,4.36145430435
2004-04-30,6.12333333333,6.29476190476,6.02428571429,6.22666666667,93661.9047619,4.88444561905
2004-05-31,9.235,9.4425,9.0755,9.31450005,197900.0,7.30876855
2004-06-30,9.81380947619,10.0366667619,9.51142852381,9.79285709524,120442.857143,7.68470033333
2004-07-31,10.56199985,10.78999985,10.21749995,10.5484999,487815.0,8.28118645
2004-08-31,10.0809090455,10.2131818182,9.90500004545,10.0659090909,213204.545455,7.9023245
2004-09-30,9.78714285714,9.88,9.63333333333,9.79666666667,73380.952381,7.6915117619
2004-10-31,9.60333333333,9.74904761905,9.52047619048,9.62238095238,143195.238095,7.51735542857
2004-11-30,11.4704760476,11.6899998571,11.2776190476,11.5504760476,329228.571429,9.07250685714
2004-12-31,14.1085715238,14.4033333333,13.806190381,14.1100002381,368857.142857,11.083301381
2005-01-31,14.32600005,14.5299999,13.93850005,14.20650005,185600.0,11.1624363
2005-02-28,13.8478948421,14.1147368947,13.5778946316,13.8621053158,245042.105263,10.8918359474
2005-03-31,14.3418183182,14.4986363182,14.2000001364,14.3554545909,202054.545455,11.2800056364
2005-04-30,14.0295238095,14.1595237619,13.8147618095,13.9738095714,271890.47619,10.9830966667
2005-05-31,14.4152381429,14.6019047619,14.296190381,14.4685715238,202723.809524,11.3722719048
2005-06-30,14.7359091364,14.9345454545,14.5845454545,14.7145455,256440.909091,11.5624148182
2005-07-31,13.8900001,14.0315001,13.7145,13.87200005,151980.0,10.90733115
2005-08-31,13.6926088261,13.8756522174,13.5726087391,13.7291304348,290917.391304,10.7949952174
2005-09-30,14.04899995,14.16199995,13.87450005,14.03799975,132105.0,11.03844285
2005-10-31,16.1161904286,16.2552380952,15.9680951905,16.0914285714,638000.0,12.6570313333
2005-11-30,17.205714381,17.2976191429,17.0604762381,17.1876190952,271742.857143,13.5192619524
2005-12-31,17.27099995,17.34350005,17.20549995,17.27450005,143495.0,13.5881856
2006-01-31,17.37749995,17.48949995,17.3184999,17.40949995,183365.0,13.6977008
2006-02-28,17.4063157895,17.4715787895,17.3099999474,17.3921052632,117184.210526,13.6840148947
2006-03-31,16.9626085652,17.0613042609,16.8604346087,16.9600000435,175147.826087,13.3445557391
2006-04-30,17.7722222222,18.0172223889,17.5494442222,17.865,624150.0,14.0602548889
2006-05-31,19.2459090909,19.4077272273,19.0731819091,19.2540908182,207250.0,15.1535081818
2006-06-30,18.5780952381,18.8571428095,18.298571381,18.6271428095,300461.904762,14.6604649048
2006-07-31,18.5080001,18.7600001,18.2425001,18.5409998,170120.0,14.59621815
2006-08-31,17.8447826957,18.0091304348,17.6047826087,17.8091305652,168004.347826,14.0200611739
2006-09-30,17.7347368421,17.9042104737,17.5678946316,17.7410525789,241505.263158,13.9671021579
2006-10-31,18.9895454545,19.2627273636,18.7927273182,19.0495453636,347836.363636,15.0008149091
2006-11-30,18.5657143333,18.763809619,18.3942857143,18.5933331905,274904.761905,14.6415645238
2006-12-31,19.2810524737,19.5326317368,19.1163157368,19.3668421579,420610.526316,15.2512760526
2007-01-31,20.75200015,21.1040001,20.595,20.9495001,321810.0,16.5009449
2007-02-28,23.7872223889,24.1344446111,23.551111,23.8583333333,466305.555556,18.7920973333
2007-03-31,24.9395455909,25.3186363182,24.5559092273,24.9481817727,433204.545455,19.6510637273
2007-04-30,27.3639997,27.8124996,27.0724999,27.4735001,336590.0,21.6439057
2007-05-31,29.4863636818,30.0854544545,29.1009088182,29.6190908636,623722.727273,23.3342232727
2007-06-30,32.2880950476,32.7261904286,31.8457142857,32.2309524762,435938.095238,25.392451619
2007-07-31,31.6857142381,32.1233334286,30.9985714286,31.580476,529400.0,24.8834127143
2007-08-31,28.0613043478,28.7852175217,27.3308694783,27.9513042609,601082.608696,22.0238553913
2007-09-30,29.0615786842,29.6784212105,28.6110525789,29.2094738421,419857.894737,23.0158852105
2007-10-31,33.2636364091,33.8200000455,32.6095454091,33.2668179545,475277.272727,26.2165355909
2007-11-30,27.9052383333,28.55,27.2119047619,27.798571381,561966.666667,21.9071820476
2007-12-31,28.8450001,29.4889998,28.27200015,28.88499995,449015.0,22.76392815
2008-01-31,27.1571429048,27.8804762381,26.4476189524,27.0990475714,556480.952381,21.3592212381
2008-02-29,29.4,30.23549985,28.73399975,29.6600001,676750.0,23.3777404
2008-03-31,32.6857894211,33.1084209474,31.7978946842,32.4300001579,546752.631579,25.5616342105
2008-04-30,36.615,37.4131817273,35.8477269545,36.8272728636,750263.636364,29.0314742727
2008-05-31,38.3620002,38.9380003,37.55800025,38.4600002,518160.0,30.31857715
2008-06-30,40.2966665714,40.9747619048,39.3490472857,40.0223808095,702661.904762,31.5507477619
2008-07-31,36.5314290476,37.7571429048,35.4895238571,36.765714,791233.333333,28.986717619
2008-08-31,35.8471429524,36.6166664762,34.4233330476,35.1476187143,1611580.95238,30.2553182857
2008-09-30,25.55550005,26.4830002,24.29650015,25.35249995,1280865.0,24.98608235
2008-10-31,14.4843478261,15.0595651304,13.2817393043,14.12,1172826.08696,13.9182744348
2008-11-30,8.28055555556,8.65111111111,7.66777777778,8.11888888889,815838.888889,8.00289816667
2008-12-31,7.47863636364,7.87136363636,6.99818181818,7.43363636364,628345.454545,7.32817504545
2009-01-31,8.7,9.1535,8.2415,8.7315,466515.0,8.6128223
2009-02-28,7.83111111111,8.14888888889,7.50277777778,7.755,391922.222222,7.649595
2009-03-31,4.54454545455,4.80772727273,4.26863636364,4.505,489081.818182,4.44436618182
2009-04-30,6.42095238095,6.75571428571,6.15142857143,6.49476190476,493323.809524,6.41199452381
2009-05-31,7.97473684211,8.41894736842,7.64421052632,8.06263157895,666773.684211,7.95988373684
2009-06-30,8.93045454545,9.14090909091,8.52772727273,8.82181818182,668800.0,8.71005722727
2009-07-31,6.83954545455,7.04636363636,6.62,6.83727272727,593431.818182,6.75454359091
2009-08-31,8.645,8.9445,8.427,8.731,567185.0,8.62535715
2009-09-30,8.80142857143,9.03571428571,8.5919047619,8.83095238095,392323.809524,8.72481242857
2009-10-31,8.97681818182,9.24272727273,8.73181818182,8.95181818182,493090.909091,8.84848013636
2009-11-30,8.27105263158,8.49,8.11315789474,8.28947368421,353468.421053,8.19378157895
2009-12-31,8.39,8.55363636364,8.22045454545,8.40272727273,1150659.09091,8.30640527273
2010-01-31,8.97055555556,9.17888888889,8.75166666667,8.975,1055922.22222,8.87693588889
2010-02-28,8.00210526316,8.18,7.77842105263,7.99736842105,533252.631579,7.90998642105
2010-03-31,8.83260869565,8.9952173913,8.68,8.83826086957,388934.782609,8.74234734783
2010-04-30,10.8185,11.195,10.6215,10.9485,951005.0,10.8350356
2010-05-31,11.233,11.585,10.871,11.1945,715295.0,11.07848615
2010-06-30,10.6954545455,10.9563636364,10.355,10.67,519122.727273,10.5600531818
2010-07-31,10.348,10.639,10.066,10.424,553710.0,10.3206455
2010-08-31,10.8568181818,11.0927272727,10.6031818182,10.8577272727,447363.636364,10.7500721364
2010-09-30,12.037,12.3995,11.796,12.1395,766640.0,12.0196309
2010-10-31,14.6985714286,14.9928570952,14.3657142857,14.7042857143,889742.857143,14.5638380476
2010-11-30,15.8800000476,16.1600000952,15.620952381,15.9442857143,765366.666667,15.7919943333
2010-12-31,18.3123809048,18.6133331429,18.0776191429,18.4247617619,544128.571429,18.249494
2011-01-31,19.364,19.6934999,18.8899997,19.31050005,702290.0,19.13101265
2011-02-28,21.0863158421,21.6136844737,20.7805263684,21.3142106316,714915.789474,21.1160989474
2011-03-31,24.3927270909,24.8231815909,23.8681819091,24.3827275,964059.090909,24.1567924091
2011-04-30,26.8950003,27.38049995,26.3955002,26.9745,835565.0,26.7290847
2011-05-31,28.20750025,28.66350005,27.3564999,27.9700001,1079960.0,27.7155275
2011-06-30,22.9749997273,23.4999998182,22.3618181818,22.8600000455,1068368.18182,22.6527229091
2011-07-31,25.7068421579,26.2789472105,25.2857896842,25.8905262105,779405.263158,25.6606208421
2011-08-31,20.1269567826,20.9152173478,19.1791303043,19.9495653043,1201078.26087,19.7724151739
2011-09-30,19.5580952857,20.0809523333,18.7704761905,19.3123807619,934866.666667,19.1415481429
2011-10-31,18.492857,19.2980953333,17.9104760952,18.8166664286,1009814.28571,18.6548517143
2011-11-30,21.356666619,21.8119047619,20.7890475714,21.3166665714,851642.857143,21.1336811905
2011-12-31,20.2285,20.58900005,19.6339999,19.9865,664560.0,19.8156682
2012-01-31,22.5955,22.97650025,22.2564998,22.6984999,620070.0,22.50952325
2012-02-29,25.11350005,25.4734999,24.72300005,25.0869999,614250.0,24.87813785
2012-03-31,24.4068183182,24.7354545909,23.9168181364,24.3463635,572345.454545,24.1419704545
2012-04-30,24.0675,24.62299995,23.5770002,24.2509999,866735.0,24.0539301
2012-05-31,25.7052378095,26.0852378095,24.9957140952,25.4876188095,1094357.14286,25.2804998571
2012-06-30,21.695714381,22.2290477143,21.2338092381,21.753809619,757928.571429,21.577802
2012-07-31,22.588095,22.970476381,21.9180953333,22.5109522857,914885.714286,22.3331573333
2012-08-31,21.3990909545,21.6877271364,21.0436362273,21.3872728636,640786.363636,21.2183528182
2012-09-30,19.7647367368,20.046842,19.2310524737,19.5431580526,993847.368421,19.3896023158
2012-10-31,18.88650015,19.29850015,18.5015001,18.98100025,804045.0,18.8365508
2012-11-30,19.6923808571,19.933333381,19.3419047619,19.6238096667,507661.904762,19.4744685238
2012-12-31,21.32449995,21.6040001,21.0614998,21.3849999,594050.0,21.22299415
2013-01-31,23.43400005,23.72300025,23.12949985,23.47299995,719030.0,23.29972985
2013-02-28,25.064737,25.3978947368,24.5710525263,24.9915790526,1744042.10526,24.8070992632
2013-03-31,21.3615791579,21.6147367895,20.9805261579,21.3557894211,1079373.68421,21.1986653684
2013-04-30,20.5781815909,20.9059091364,20.2459090455,20.6545455455,734268.181818,20.5068851364
2013-05-31,23.5004545455,23.8159089091,23.1531817273,23.5345455455,534168.181818,23.3662961818
2013-06-30,18.6042104737,18.8047366316,18.0263157895,18.3599998421,1525852.63158,18.229554
2013-07-31,17.1772729091,17.4040910909,16.9277274545,17.1895455,875790.909091,17.0719127273
2013-08-31,16.7595239048,16.9852381905,16.5147619048,16.7109522857,672261.904762,16.5965948571
2013-09-30,15.56300005,15.79199985,15.3125,15.5025,961705.0,15.39714645
2013-10-31,15.1104347826,15.3617391304,14.8895652174,15.1143478261,1140060.86957,15.0160306957
2013-11-30,15.5000001,15.73450005,15.3344999,15.61000015,1014530.0,15.50845435
2013-12-31,17.3476193333,17.5119047619,17.1723810952,17.3642858095,559404.761905,17.2520405238
2014-01-31,17.9742856667,18.2380950952,17.6338095714,17.8719047143,723404.761905,17.7605691429
2014-02-28,17.2561108333,17.5738889444,17.0188886111,17.361111,779494.444444,17.2529575556
2014-03-31,18.6619047143,18.9223808571,18.3985714286,18.6304761429,578295.238095,18.5151392857
2014-04-30,17.84100015,18.15549995,17.5354996,17.8229999,718720.0,17.7168313
2014-05-31,16.3052380476,16.5023809048,16.0557141905,16.236666619,465795.238095,16.139947619
2014-06-30,16.2247618095,16.4676189524,15.9957143333,16.2823808095,643933.333333,16.186133619
2014-07-31,15.7004760952,15.8880952857,15.4971429048,15.659047619,536695.238095,15.570744
2014-08-31,14.7666666667,14.9052380952,14.5885714286,14.7457142857,444076.190476,14.6625612857
2014-09-30,13.6214285714,13.7185714286,13.4095238095,13.5104761905,495942.857143,13.4119243333
2014-10-31,10.147826087,10.4008695652,9.8747826087,10.1082608696,975134.782609,10.0551865652
2014-11-30,10.4505263158,10.5768421053,10.2384210526,10.4178947368,520315.789474,10.3631945789
2014-12-31,10.3414285714,10.6019047619,10.1466666667,10.340952381,583471.428571,10.2873647143
2015-01-31,9.8995,10.0235,9.606,9.8265,608720.0,9.7793912
2015-02-28,9.66842105263,9.92157894737,9.51052631579,9.72473684211,656526.315789,9.67811573684
2015-03-31,9.65380952381,9.8080952381,9.49428571429,9.66666666667,575157.142857,9.62104719048
2015-04-30,9.46714285714,9.68047619048,9.3480952381,9.52857142857,550061.904762,9.48816838095
2015-05-31,11.264,11.475,11.0775,11.2685,621855.0,11.22071905
2015-06-30,10.8477272727,10.9927272727,10.6622727273,10.8554545455,471259.090909,10.8101178636
2015-07-31,9.55136363636,9.68818181818,9.33272727273,9.47909090909,446318.181818,9.443352
2015-08-31,9.04238095238,9.24,8.85,9.05,415538.095238,9.01587871429
2015-09-30,7.6135,7.744,7.426,7.525,788245.0,7.49733755
2015-10-31,7.23090909091,7.47454545455,7.06590909091,7.25590909091,500013.636364,7.23380181818
2015-11-30,5.2285,5.3765,4.9725,5.1165,1130830.0,5.10091095
2015-12-31,4.02095238095,4.11714285714,3.90285714286,4.0019047619,703866.666667,3.99043419048
2016-01-31,3.10684210526,3.20947368421,2.93736842105,3.06789473684,566900.0,3.06241405263
2016-02-29,3.36684210526,3.58,3.21789473684,3.44631578947,500000.0,3.440159
2016-03-31,5.67181818182,5.86227272727,5.46227272727,5.66818181818,547250.0,5.65874504545
2016-04-30,5.88142857143,6.09333333333,5.7519047619,5.9380952381,389214.285714,5.93301128571
2016-05-31,6.10047619048,6.26904761905,5.9319047619,6.08952380952,436695.238095,6.08431
2016-06-30,6.59954545455,6.76909090909,6.41181818182,6.59818181818,393500.0,6.59325063636
2016-07-31,6.549,6.7385,6.4035,6.567,356795.0,6.567
2016-08-31,7.883,8.251,7.734,8.093,544170.0,8.093
