Date,Open,High,Low,Close,Volume,Adj Close
1996-11-30,13.60625,14.0375,13.4875,13.51875,361710.0,6.759375
1996-12-31,14.2232142857,14.7976190476,13.9761904762,14.255952381,32961.9047619,7.12797619048
1997-01-31,14.7897727273,15.2386363636,14.40625,14.75,69427.2727273,7.375
1997-02-28,14.7105263158,15.0789473684,14.3355263158,14.5986842105,35157.8947368,7.29934210526
1997-03-31,15.6513157895,15.9934210526,15.4736842105,15.7434210526,28989.4736842,7.87171052632
1997-04-30,15.2897727273,15.5625,14.9715909091,15.2954545455,66827.2727273,7.64772727273
1997-05-31,15.7738095238,16.0595238095,15.4523809524,15.8154761905,26304.7619048,7.90773809524
1997-06-30,17.7857142857,18.3214285714,17.2976190476,17.869047619,79314.2857143,8.93452380952
1997-07-31,22.5625,23.0113636364,21.9375,22.5852272727,38345.4545455,11.2926136364
1997-08-31,24.275,24.9375,23.64375,24.3,22700.0,12.15
1997-09-30,21.4047619048,21.9077380952,20.9107142857,21.5208333333,84895.2380952,10.7604166667
1997-10-31,22.5842391304,23.222826087,21.9891304348,22.6086956522,99191.3043478,11.3043478261
1997-11-30,22.4210526316,22.7565789474,21.8486842105,22.3914473684,57315.7894737,11.1957236842
1997-12-31,22.5654761905,23.1875,21.9583333333,22.6696428571,81990.4761905,11.3348214286
1998-01-31,23.371875,23.990625,22.571875,23.296875,138930.0,11.6484375
1998-02-28,27.1381578947,27.8717105263,26.5361842105,27.2203947368,96957.8947368,13.6101973684
1998-03-31,27.6136363636,28.1931818182,26.9943181818,27.6903409091,178936.363636,13.8451704545
1998-04-30,28.6011904762,28.9732142857,28.0892857143,28.4553571429,86504.7619048,14.2083333333
1998-05-31,26.5875,26.9,26.195313,26.553125,58900.0,13.2765625
1998-06-30,24.7443181818,25.5397727273,24.3380681818,24.96875,451154.545455,12.484375
1998-07-31,30.2414772727,30.9914772727,29.6818181818,30.3409090909,103500.0,15.1704545455
1998-08-31,25.834375,26.4375,25.146875,25.757812,134290.0,12.878906
1998-09-30,25.5148809524,26.3630952381,24.7410714286,25.9285714286,61019.047619,12.9642857143
1998-10-31,24.0255681818,24.8494318182,23.4204545455,24.1392045455,84936.3636364,12.0696022727
1998-11-30,26.0164473684,26.3667768421,25.1973684211,25.7302631579,57378.9473684,12.8651315789
1998-12-31,24.5866472727,24.8011363636,23.9758518182,24.3693181818,158590.909091,12.1846590909
1999-01-31,26.1776315789,26.7763157895,25.7960526316,26.3223684211,186568.421053,13.1611842105
1999-02-28,28.5197368421,28.8125,28.1677631579,28.5263157895,97242.1052632,14.2631578947
1999-03-31,21.125,21.6051136364,20.3210227273,20.9090909091,317609.090909,10.4545454545
1999-04-30,21.2946428571,21.9166666667,20.8898809524,21.4002971429,152342.857143,10.7001485714
1999-05-31,25.246875,25.978125,24.565625,25.310938,90390.0,12.655469
1999-06-30,24.84517,25.2869318182,24.3323863636,24.7769881818,224500.0,12.3884940909
1999-07-31,20.773438,20.925,20.096875,20.496875,334520.0,10.2484375
1999-08-31,13.8991481818,14.3025563636,13.0525572727,13.6193181818,429281.818182,6.80965909091
1999-09-30,10.9122028571,11.1056542857,10.5610114286,10.8050590476,142923.809524,5.40252952381
1999-10-31,8.996877,9.225,8.690625,8.965625,243000.0,4.4828125
1999-11-30,9.0439,9.25595238095,8.74702380952,8.95833333333,249638.095238,4.47916666667
1999-12-31,8.96093818182,9.33806818182,8.64204545455,9.05397727273,506954.545455,4.52698863636
2000-01-31,12.289063,12.6625,11.798438,12.19375,337970.0,6.096875
2000-02-29,10.9671052632,11.2335526316,10.5657894737,10.8898031579,228831.578947,5.44490157895
2000-03-31,12.964673913,13.4673913043,12.7554347826,13.180706087,227460.869565,6.59035304348
2000-04-30,14.9078947368,15.2828947368,14.5723684211,14.9259863158,193989.473684,7.46299315789
2000-05-31,15.450147619,15.755952381,15.2135409524,15.4494047619,142542.857143,7.72470238095
2000-06-30,14.5262790909,14.6569609091,14.22017,14.4488636364,171609.090909,7.22443181818
2000-07-31,13.475781,13.833594,13.2625,13.517187,81360.0,6.7585935
2000-08-31,14.3247295652,14.4993208696,14.1902173913,14.3770382609,80443.4782609,7.18851913043
2000-09-30,14.1266442105,14.3116778947,13.7697368421,14.0131578947,118473.684211,7.00657894737
2000-10-31,12.1832381818,12.6008527273,11.8686081818,12.2073863636,129209.090909,6.10369318182
2000-11-30,13.3020838095,13.6361609524,12.9880952381,13.4107142857,185580.952381,6.70535714286
2000-12-31,15.57968705,16.1,15.110937,15.778125,806500.0,7.8890625
2001-01-31,18.41797015,18.88359405,17.75625,18.365625,558190.0,9.1828125
2001-02-28,14.5411190526,15.0386515789,13.9843747368,14.5082242632,751357.894737,7.25411210526
2001-03-31,13.7305681818,14.0559090909,13.4328409091,13.8014772727,343609.090909,6.90073863636
2001-04-30,14.23,14.4342105263,14.07,14.2136842105,185494.736842,7.10684210526
2001-05-31,16.7340906818,17.1599999545,16.5018181818,16.891818,322836.363636,8.44590909091
2001-06-30,18.6280950952,19.1176190476,18.3785714762,18.8261907619,511295.238095,9.4130952381
2001-07-31,21.46949985,21.8915001,21.20199985,21.6815001,362500.0,10.84075
2001-08-31,20.1995652609,20.5682607391,19.4343478696,19.9865216522,803486.956522,9.99326086957
2001-09-30,18.8453332667,19.4319999333,18.0346666,18.8306668,680186.666667,9.41533333333
2001-10-31,19.0140910909,19.5427272273,18.5931820909,19.0895453182,373990.909091,9.54477272727
2001-11-30,21.3638096667,21.7666665714,20.9761904762,21.4071429048,217295.238095,10.7035714286
2001-12-31,23.38549995,23.8855002,22.95149995,23.47899975,226520.0,11.7395
2002-01-31,23.25800005,23.5555,22.68950005,23.09549985,362080.0,11.54775
2002-02-28,22.9989475263,23.3626314737,22.4652631579,23.0352632632,448368.421053,11.5176315789
2002-03-31,23.2910002,23.70349985,22.8280004,23.30799995,407150.0,11.654
2002-04-30,24.7563635909,25.1627272727,24.2245455,24.6686363182,279690.909091,12.3343181818
2002-05-31,23.0123808571,23.2942855714,22.5009523333,22.889524,243676.190476,11.4447619048
2002-06-30,20.76500035,21.22650015,20.07800005,20.64899985,803670.0,10.3245
2002-07-31,17.5719049048,18.1909522857,16.9538095714,17.6219049048,584990.47619,8.81095238095
2002-08-31,19.8054545455,20.2640909545,19.3940909091,19.8849997727,276272.727273,9.9425
2002-09-30,19.8719998,20.3939998,19.50200015,20.06,350660.0,10.03
2002-10-31,22.7890908182,23.2945455909,22.3172725,22.8427272273,344518.181818,11.4213636364
2002-11-30,23.9265001,24.5174999,23.5389999,24.0750002,366850.0,12.0375
2002-12-31,25.1176191429,25.5171430476,24.5790477619,25.1223810952,263942.857143,12.5611904762
2003-01-31,23.0045001,23.24949995,22.50950005,22.85650005,393270.0,11.42825
2003-02-28,22.3931578421,22.866316,22.0821052632,22.5389474737,519663.157895,11.2694736842
2003-03-31,24.0695239524,24.5338095714,23.5914284286,24.1695238095,576923.809524,12.0847619048
2003-04-30,27.1852380952,27.7614286667,26.8823809048,27.4047617619,592561.904762,13.7016666667
2003-05-31,26.6661904286,27.2366665238,26.3547620476,26.8290474286,505219.047619,13.4145238095
2003-06-30,27.6052377143,28.0804761429,27.0690475238,27.623809619,461142.857143,13.8119047619
2003-07-31,29.5033331429,29.996666381,29.2057141905,29.6123810476,272619.047619,14.8061904762
2003-08-31,28.6690477619,29.0409524286,28.2057142857,28.571904619,258352.380952,14.285952381
2003-09-30,32.2790478571,32.8190478095,31.9452379524,32.423333,372076.190476,16.2116664762
2003-10-31,33.5263635455,34.1563634091,33.1172732727,33.7572728636,423618.181818,16.8786363636
2003-11-30,39.4563157895,39.9815786842,38.8799998421,39.4289474211,315052.631579,19.7144737368
2003-12-31,35.7577275,36.1399998182,35.1704543182,35.6395459545,414381.818182,17.8197731818
2004-01-31,38.2557893158,39.0631581579,37.6652623158,38.4189477895,314831.578947,19.2094738947
2004-02-29,42.9036842632,43.6699996842,42.4894735789,43.2673682632,328747.368421,21.6336840526
2004-03-31,47.4413636364,48.0272730455,46.7350004545,47.3472720455,466909.090909,23.6736360455
2004-04-30,37.9428571905,38.4023806667,37.399999619,37.8519049524,311571.428571,24.3559525238
2004-05-31,24.16050005,24.54599985,23.61850035,24.12000015,233565.0,24.12000015
2004-06-30,28.2645002,28.72149985,27.86549985,28.31150005,401705.0,28.31150005
2004-07-31,25.7700000476,26.0609523333,25.092857,25.5314281905,436033.333333,25.5314281905
2004-08-31,21.0286360455,21.4522728636,20.5727273182,21.0168183182,420804.545455,21.0168183182
2004-09-30,26.21149985,26.61100005,25.9284999,26.2945,286880.0,26.2945
2004-10-31,26.905238381,27.2185715238,26.4099997143,26.8300000476,193538.095238,26.8300000476
2004-11-30,26.6714286667,27.1109525714,26.1514287143,26.5966666667,399890.47619,26.5966666667
2004-12-31,28.6119049524,29.0585711429,28.1728570952,28.6138094286,308538.095238,28.6138094286
2005-01-31,29.8840002,30.3090002,29.38249995,29.84599995,318490.0,29.84599995
2005-02-28,31.8552632632,32.3731577895,31.2089476842,31.8115790526,349247.368421,31.8115790526
2005-03-31,29.7471429048,30.3676190476,29.1585714286,29.7809523333,551104.761905,29.7809523333
2005-04-30,27.9852381429,28.4314284762,27.4204760476,27.8714285238,230409.52381,27.8714285238
2005-05-31,29.2699997143,29.9038094762,28.793333381,29.4519045238,311957.142857,29.4519045238
2005-06-30,30.8561908095,31.121428381,30.3795237619,30.7471428571,311500.0,30.7471428571
2005-07-31,31.3595001,31.86849995,30.9409999,31.47499975,255400.0,31.47499975
2005-08-31,31.8204349565,32.1499996087,31.3347825217,31.7334781739,259808.695652,31.7334781739
2005-09-30,34.3790003,34.9069999,33.7545001,34.42400005,290095.0,34.42400005
2005-10-31,32.399047619,32.7738095238,31.5176190952,32.0428570476,491342.857143,32.0428570476
2005-11-30,28.8990478571,29.3271427143,28.3385714286,28.8299999048,582752.380952,28.8299999048
2005-12-31,27.67650025,28.05850015,27.0360005,27.4775001,739060.0,27.4775001
2006-01-31,28.61000015,29.08450005,28.30150015,28.8160002,792130.0,28.8160002
2006-02-28,31.4347370526,31.7984211579,31.0273683684,31.4615788421,400705.263158,31.4615788421
2006-03-31,34.5118181364,34.9204547727,34.155909,34.6081819545,351372.727273,34.6081819545
2006-04-30,33.8468420526,34.1910526316,33.3273681579,33.7078944737,269663.157895,33.7078944737
2006-05-31,31.2090475714,31.6833332381,30.7147617143,31.191904619,408214.285714,31.191904619
2006-06-30,32.7399999545,33.225909,32.2836364545,32.7249996364,314522.727273,32.7249996364
2006-07-31,31.3244999,31.7124998,30.84949975,31.20899995,250625.0,31.20899995
2006-08-31,30.6677271818,31.1072725,30.2363634545,30.676818,346436.363636,30.676818
2006-09-30,30.54200025,30.9949999,30.2330002,30.65249965,365380.0,30.65249965
2006-10-31,33.3099998636,33.6486367273,33.0059095,33.4281818636,252504.545455,33.4281818636
2006-11-30,35.58600005,36.1834999,35.18949915,35.84049975,551245.0,35.84049975
2006-12-31,36.52799965,37.03550005,36.19850005,36.59199975,278330.0,36.59199975
2007-01-31,34.7449998,35.0655005,34.33099995,34.6564999,348820.0,34.6564999
2007-02-28,32.8561115556,33.3138887778,32.4355552778,32.7549999444,706077.777778,32.7549999444
2007-03-31,30.1136365455,30.4795454091,29.7177274091,30.0827270909,522372.727273,30.0827270909
2007-04-30,30.61050005,30.87550015,30.33599995,30.6055002,331370.0,30.6055002
2007-05-31,29.4995456364,29.7949999545,29.0972729091,29.3790908182,699427.272727,29.3463635909
2007-06-30,28.007143,28.2733332857,27.6228570952,27.9528571429,638428.571429,27.9528571429
2007-07-31,27.5314284286,27.9323810952,27.16,27.5995237619,620504.761905,27.5995237619
2007-08-31,28.4663634545,29.2559089545,27.8963638636,28.4827273636,831722.727273,28.4827273636
2007-09-30,25.7647370526,26.1321051579,25.4126315789,25.7889474211,541352.631579,25.7889474211
2007-10-31,28.1509088636,28.5304542727,27.7245454545,28.2345454091,419118.181818,28.2345454091
2007-11-30,27.7757144286,28.2490478095,27.204762,27.7119046667,454390.47619,27.7119046667
2007-12-31,28.9230001,29.46399985,28.56250015,29.05499975,364900.0,29.05499975
2008-01-31,26.52450025,26.9669999,25.8075001,26.2754997,580470.0,26.2754997
2008-02-29,22.22,22.57400005,21.82950005,22.1899999,1116980.0,22.1899999
2008-03-31,16.87150005,17.2369998,16.5745002,16.93600005,713180.0,16.93600005
2008-04-30,19.2771428095,19.6480952857,18.9861905238,19.3680954762,408928.571429,19.3680954762
2008-05-31,19.5685714762,19.8914285238,19.2395235714,19.5580949524,709719.047619,19.5580949524
2008-06-30,21.0928571905,21.393333381,20.7042854286,21.056666619,493333.333333,21.056666619
2008-07-31,18.476190381,18.887143,18.0847617143,18.4928571905,469423.809524,18.4928571905
2008-08-31,18.4880950476,18.8828568571,18.1780953333,18.5099997619,482809.52381,18.5099997619
2008-09-30,22.975714381,24.0099999048,22.4619044762,23.2742857619,997547.619048,23.2742857619
2008-10-31,21.5972727273,22.4963633636,20.7350000455,21.5895453636,826086.363636,21.5895453636
2008-11-30,19.7457893158,20.4115792632,19.0378946842,19.5668421579,610600.0,19.5668421579
2008-12-31,17.0557144762,17.4947618571,16.6019047619,17.078095381,496633.333333,17.078095381
2009-01-31,17.459,17.78700005,17.03599995,17.38499995,380775.0,17.38499995
2009-02-28,14.3805263158,14.7589474737,13.9826315789,14.2847368421,602352.631579,14.2847368421
2009-03-31,16.2614285714,16.7676190476,16.0061903333,16.4300000476,404095.238095,16.4300000476
2009-04-30,20.3747618095,20.9699999524,20.090952619,20.6471430952,394919.047619,20.6471430952
2009-05-31,23.8555,24.33050015,23.3870001,23.83149995,408705.0,23.83149995
2009-06-30,25.4549999545,25.9027274545,25.0286363636,25.4568180455,574195.454545,25.456818
2009-07-31,25.940909,26.3290909091,25.3790906818,25.9668183636,283436.363636,25.9668183636
2009-08-31,26.4633331905,26.8042857143,26.0785711905,26.4471427143,210566.666667,26.4471427143
2009-09-30,25.2974999,25.68650005,24.86050015,25.22900015,377620.0,25.22900015
2009-10-31,24.2981818182,24.6418183182,23.9618182727,24.2954545,280427.272727,24.2954545
2009-11-30,24.98399995,25.36700005,24.6260001,25.03550005,250965.0,25.03550005
2009-12-31,26.4947620476,26.7833334762,26.134762,26.5157142381,282180.952381,26.5157142381
2010-01-31,27.8873682632,28.2431578947,27.5442106842,27.8815789474,282652.631579,27.8815789474
2010-02-28,27.0405258947,27.4542106316,26.76,27.1873685789,228431.578947,27.1873685789
2010-03-31,28.7668182273,29.0754546818,28.3463635455,28.6640908636,322463.636364,28.6640908636
2010-04-30,29.3990475238,29.8142857143,29.0490475714,29.556190381,232923.809524,29.556190381
2010-05-31,31.62399985,32.20299995,31.0574999,31.67149985,317185.0,31.67149985
2010-06-30,32.2514288095,32.7261903333,31.7304760476,32.1952377619,377585.714286,32.1952377619
2010-07-31,32.224285619,32.6914285714,31.8095238095,32.374762,245585.714286,32.374762
2010-08-31,34.9947618095,35.5504761905,34.6866670476,35.1809523333,237638.095238,35.1809523333
2010-09-30,34.8338090952,35.2328570952,34.3457140952,34.7285718095,273604.761905,34.7285718095
2010-10-31,35.9490475238,36.3919050952,35.528571619,36.0761908571,530300.0,36.0761908571
2010-11-30,36.5279997,36.9925002,36.17549975,36.6744997,284010.0,36.6744997
2010-12-31,37.4872725,37.7936358636,36.9845453182,37.3999996364,382122.727273,37.3999996364
2011-01-31,37.11349995,37.49000025,36.58350035,37.10650045,393160.0,37.10650045
2011-02-28,40.1111112778,40.7283333889,39.8672221667,40.4183333333,328622.222222,40.4183333333
2011-03-31,43.0165213043,43.621304,42.486087,43.1004343913,353852.173913,43.1004343913
2011-04-30,44.1390002,44.4865003,43.6059998,44.0375005,241070.0,44.0375005
2011-05-31,42.33000035,42.87800015,41.88349965,42.4639999,222095.0,42.4639999
2011-06-30,41.3045455455,41.7649998636,40.8531822273,41.2572730455,247477.272727,41.2572730455
2011-07-31,43.97499975,44.4694995,43.49300035,43.9434996,161725.0,43.9434996
2011-08-31,39.0795454545,40.0936365909,38.2604547727,39.1368183182,264627.272727,39.1368183182
2011-09-30,38.2580952857,38.8376189524,37.7457143333,38.2723810952,389033.333333,38.2723810952
2011-10-31,37.60299935,38.02499995,37.0480003,37.5209997,396965.0,37.5209997
2011-11-30,35.0857142857,35.556190381,34.6304761905,35.0914284286,424642.857143,35.0914284286
2011-12-31,38.4323808571,38.9352378571,37.8928569524,38.4095243333,332600.0,38.4095243333
2012-01-31,41.84,42.3189472105,41.4473682632,42.0747366842,280200.0,42.0747366842
2012-02-29,45.992,46.60449985,45.48800005,46.0114997,448815.0,46.0114997
2012-03-31,46.4481821818,47.0368183182,46.0059095,46.5795452273,295281.818182,46.5795452273
2012-04-30,47.4057893158,47.9952633158,47.0168423158,47.6126313684,250584.210526,47.6126313684
2012-05-31,50.0422729091,50.6559094545,49.5940911364,50.2295450455,235313.636364,50.2295450455
2012-06-30,51.887142619,52.7728568571,51.0014287619,51.9166668571,502638.095238,51.9166668571
2012-07-31,53.94099975,54.36649965,53.3699998,53.8734999,226020.0,53.8734999
2012-08-31,54.8647823043,55.516086913,54.3286956957,54.9591303913,223291.304348,54.9591303913
2012-09-30,58.9616665556,59.709444,58.2722221111,59.1300000556,488922.222222,59.1300000556
2012-10-31,57.3642861429,57.8085712857,56.6047616667,57.0466662381,190890.47619,57.0466662381
2012-11-30,52.3442858095,53.0238097619,51.6390476667,52.2552381429,321295.238095,52.2552381429
2012-12-31,53.5863158947,54.1105268947,53.0063159474,53.6131578421,623131.578947,53.6131578421
2013-01-31,52.7823814286,53.260952619,52.1523809524,52.7176190476,374671.428571,52.7176190476
2013-02-28,54.0094735789,54.4347365263,53.3331580526,53.8789472632,351231.578947,53.8789472632
2013-03-31,49.1800001053,49.5905263158,48.6868423158,49.1189476316,432284.210526,49.1189476316
2013-04-30,49.7663632273,50.2768183182,49.2381815,49.8359092273,296559.090909,49.8359092273
2013-05-31,52.8485714286,53.447142619,52.454762,52.9480948571,353214.285714,52.9480948571
2013-06-30,52.99450005,53.60699995,52.37600035,52.99050025,319850.0,52.99050025
2013-07-31,57.3045455,57.8213636818,56.843636,57.4186365909,171559.090909,57.4186365909
2013-08-31,60.7771429048,61.457142619,60.2447622857,60.9580951429,229133.333333,60.9580951429
2013-09-30,64.2824999,65.04949975,63.5385003,64.3175008,416095.0,64.3175008
2013-10-31,69.666522087,70.4082615652,68.9765227391,69.8334782174,267156.521739,69.8334782174
2013-11-30,70.0826312632,70.8199996842,69.2552639474,69.9731581053,254168.421053,69.9731581053
2013-12-31,71.7895245714,72.6042854286,70.9619039048,71.957142381,400819.047619,71.957142381
2014-01-31,72.2165005,73.0570004,71.23899955,71.9914993,395115.0,71.9914993
2014-02-28,68.6052627895,69.5789478421,68.0168416842,68.8873680526,355084.210526,68.8873680526
2014-03-31,73.1461900476,74.0338094286,72.0295231905,72.8847608095,332942.857143,72.8847608095
2014-04-30,68.46749925,69.4064998,67.3800006,68.35899965,299000.0,68.35899965
2014-05-31,66.8809521429,67.6071432381,66.0728573333,66.8776200952,391371.428571,66.8776200952
2014-06-30,65.427619381,66.1319050476,64.756190619,65.5090470476,498376.190476,65.5090470476
2014-07-31,62.5138088571,63.0714286667,61.8019046667,62.3252378571,474152.380952,62.3252378571
2014-08-31,62.306666381,62.9938091905,61.824762,62.5119051429,368990.47619,62.5119051429
2014-09-30,63.80099965,64.41600005,62.96649985,63.59550035,620595.0,63.59550035
2014-10-31,63.2060872609,64.124783,62.4830433913,63.3386958696,543843.478261,63.3386958696
2014-11-30,72.9110529474,73.6684208421,72.3252639474,73.1199999474,431921.052632,73.1199999474
2014-12-31,76.3628565238,77.2519048571,75.5528564286,76.3623802857,386923.809524,76.3623802857
2015-01-31,77.6915005,78.6239998,76.63900115,77.6345006,328870.0,77.6345006
2015-02-28,80.5010524211,81.2752629474,79.6636839474,80.7736835789,286363.157895,80.7736835789
2015-03-31,76.7361907143,77.545238,75.8628575714,76.685237381,479438.095238,76.685237381
2015-04-30,72.4371433333,73.1647619048,71.5333330952,72.2328567619,484257.142857,72.2328567619
2015-05-31,67.5470001,68.11349905,66.84299955,67.47849915,472490.0,67.47799925
2015-06-30,63.7549994091,64.3477264545,63.1159093636,63.6909094545,779836.363636,63.6909094545
2015-07-31,57.6668186818,58.3313641818,56.5563634545,57.240454,1048900.0,57.2163631364
2015-08-31,46.4604757143,47.2366667619,45.8000001429,46.6071430476,885980.952381,46.6071430476
2015-09-30,49.9404761905,50.6157144286,49.3204762857,49.991904381,678733.333333,49.991904381
2015-10-31,52.7366667143,53.5590474286,51.894762,52.7361906667,611366.666667,52.7361906667
2015-11-30,47.229,47.76699975,46.38300005,46.968,754925.0,46.968
2015-12-31,40.6690910455,41.5663638636,39.9590912727,40.6899999545,1165577.27273,40.6899999545
2016-01-31,36.5144443333,37.2272222222,35.7272225,36.3750004444,1044261.11111,36.3750004444
2016-02-29,34.99849975,35.95250025,34.2339998,35.16399995,1089340.0,35.16399995
2016-03-31,38.5966665714,39.6219048571,37.8976188095,38.8719048095,1206719.04762,38.8719048095
2016-04-30,36.803809381,37.3633334762,36.173809619,36.6704761429,694652.380952,36.6704761429
2016-05-31,34.9047620476,35.5076187143,34.4109526667,34.925238,481366.666667,34.925238
2016-06-30,43.033333619,43.8376191905,42.591904619,43.4171431429,1068352.38095,43.4171431429
2016-07-31,48.47749975,49.18500025,47.92150005,48.6009998,570815.0,48.6009998
2016-08-31,49.1180003,49.6120003,48.5169998,49.0809996,368790.0,49.0809996
