Date,Open,High,Low,Close,Volume,Adj Close
2000-07-31,15.96484375,16.3515625,15.125,15.6015625,992975.0,15.6015625
2000-08-31,16.3480113636,16.9801136364,15.9446022727,16.5298295455,172531.818182,16.5298295455
2000-09-30,17.4234375,17.884375,16.8375,17.44453095,60935.0,17.44453095
2000-10-31,20.0035525,20.6115065,19.1988636364,19.8948863636,112595.454545,19.8948863636
2000-11-30,21.4285714286,21.8898809524,20.8601190476,21.2678571429,64938.0952381,21.2678571429
2000-12-31,18.7820726842,19.2138157895,17.6085526316,18.0164473684,235000.0,18.0164473684
2001-01-31,7.88764952381,8.25,7.48735095238,7.89285714286,298633.333333,7.89285714286
2001-02-28,8.03454,8.19901315789,7.63157894737,7.90131578947,128542.105263,7.90131578947
2001-03-31,6.46577428571,6.81696428571,6.1994047619,6.48363095238,69171.4285714,6.48363095238
2001-04-30,5.9145,6.08475,5.712375,5.898875,33030.0,5.898875
2001-05-31,6.57318181818,6.70136363636,6.43772727273,6.615,25831.8181818,6.615
2001-06-30,7.84523809524,8.08523809524,7.65333333333,7.92619047619,38633.3333333,7.92619047619
2001-07-31,8.3105,8.5025,8.002,8.1725,37100.0,8.1725
2001-08-31,6.53217391304,6.68695652174,6.29826086957,6.44391304348,37213.0434783,6.44391304348
2001-09-30,4.724,4.918,4.32066666667,4.51133333333,167813.333333,4.51133333333
2001-10-31,2.37608695652,2.50347826087,2.22956521739,2.37130434783,159943.478261,2.37130434783
2001-11-30,2.58285714286,2.68380952381,2.47285714286,2.59904761905,65785.7142857,2.59904761905
2001-12-31,2.705,2.8325,2.603,2.7215,64595.0,2.7215
2002-01-31,2.77,2.88904761905,2.6480952381,2.77857142857,69871.4285714,2.77857142857
2002-02-28,2.79277777778,2.90166666667,2.71444444444,2.79555555556,24483.3333333,2.79555555556
2002-03-31,2.583,2.6545,2.5145,2.573,22530.0,2.573
2002-04-30,2.39409090909,2.44681818182,2.27590909091,2.36454545455,52186.3636364,2.36454545455
2002-05-31,2.11136363636,2.17272727273,2.03409090909,2.09818181818,65168.1818182,2.09818181818
2002-06-30,1.78894736842,1.85368421053,1.70578947368,1.77631578947,34768.4210526,1.77631578947
2002-07-31,1.46136363636,1.53045454545,1.33181818182,1.41818181818,52600.0,1.41818181818
2002-08-31,1.07727272727,1.10863636364,0.989090909091,1.03136363636,89372.7272727,1.03136363636
2002-09-30,0.914,0.937,0.8755,0.911,47985.0,0.911
2002-10-31,0.814347826087,0.831739130435,0.765217391304,0.796956521739,65778.2608696,0.796956521739
2002-11-30,0.852631578947,0.898421052632,0.819473684211,0.872105263158,48178.9473684,0.872105263158
2002-12-31,0.979523809524,1.02761904762,0.954285714286,0.999523809524,36242.8571429,0.999523809524
2003-01-31,1.03238095238,1.05,1.01142857143,1.04,14228.5714286,1.04
2003-02-28,0.902631578947,0.931578947368,0.874210526316,0.886842105263,19100.0,0.886842105263
2003-03-31,0.815,0.8205,0.8015,0.812,9240.0,0.812
2003-04-30,0.813333333333,0.85,0.803333333333,0.82380952381,15061.9047619,0.82380952381
2003-05-31,0.937142857143,0.97380952381,0.911904761905,0.954285714286,16533.3333333,0.954285714286
2003-06-30,1.77476190476,1.9219047619,1.64952380952,1.77666666667,114914.285714,1.77666666667
2003-07-31,3.4280952381,3.68285714286,3.24380952381,3.4880952381,159676.190476,3.4880952381
2003-08-31,4.20666666667,4.34476190476,4.00047619048,4.21761904762,75552.3809524,4.21761904762
2003-09-30,5.38952380952,5.67571428571,5.19047619048,5.39714285714,183080.952381,5.39714285714
2003-10-31,5.76043478261,5.91652173913,5.58130434783,5.72130434783,87056.5217391,5.72130434783
2003-11-30,5.71333333333,5.90888888889,5.52944444444,5.67555555556,86338.8888889,5.67555555556
2003-12-31,5.89772727273,5.99909090909,5.65181818182,5.84363636364,85963.6363636,5.84363636364
2004-01-31,6.3025,6.471,6.157,6.3625,71930.0,6.3625
2004-02-29,7.69777777778,8.04111111111,7.45166666667,7.78666666667,197305.555556,7.78666666667
2004-03-31,7.8247826087,8.13826086957,7.48043478261,7.74956521739,1240234.78261,7.74956521739
2004-04-30,10.8852380952,11.5095238095,10.470952381,10.9333333333,973809.52381,10.9333333333
2004-05-31,11.61,11.9665,11.121,11.558,223205.0,11.5095
2004-06-30,11.5742857143,11.810952381,11.200952381,11.4547619048,146900.0,11.4547619048
2004-07-31,9.41285714286,9.74571428571,9.04619047619,9.35047619048,130685.714286,9.35047619048
2004-08-31,9.12863636364,9.29363636364,8.93409090909,9.11590909091,40600.0,9.11590909091
2004-09-30,8.1765,8.424,7.928,8.149,158505.0,8.149
2004-10-31,8.15095238095,8.26,7.94476190476,8.0919047619,83604.7619048,8.0919047619
2004-11-30,9.36333333333,9.63095238095,9.18904761905,9.46428571429,125880.952381,9.46428571429
2004-12-31,10.0276190476,10.1771428571,9.82523809524,9.98428571429,75795.2380952,9.98428571429
2005-01-31,9.484,9.6375,9.2755,9.4515,79410.0,9.4515
2005-02-28,9.25368421053,9.37684210526,9.14,9.28105263158,45221.0526316,9.28105263158
2005-03-31,8.98818181818,9.12181818182,8.75090909091,8.94727272727,69377.2727273,8.94727272727
2005-04-30,9.7085,9.9165,9.567,9.773,55760.0,9.773
2005-05-31,11.3704761905,11.6080952381,11.1385714286,11.4071428571,114709.52381,11.4071428571
2005-06-30,11.6163636364,11.7981818182,11.3995454545,11.5877272727,58286.3636364,11.5877272727
2005-07-31,11.7294736842,11.9868421053,11.3594736842,11.6768421053,162073.684211,11.6768421053
2005-08-31,10.5030434783,10.63,10.2943478261,10.4808695652,78339.1304348,10.4808695652
2005-09-30,9.93904761905,10.0552380952,9.82523809524,9.92095238095,66680.952381,9.92095238095
2005-10-31,8.89476190476,9.0219047619,8.62,8.82,100961.904762,8.82
2005-11-30,8.2375,8.3655,8.0595,8.1955,71245.0,8.1955
2005-12-31,8.10523809524,8.21,7.88285714286,8.01666666667,101847.619048,8.01666666667
2006-01-31,7.659,7.8425,7.432,7.63,121980.0,7.63
2006-02-28,6.97111111111,7.12833333333,6.79055555556,6.89944444444,121077.777778,6.89944444444
2006-03-31,7.51086956522,7.64173913043,7.42434782609,7.55826086957,45578.2608696,7.55826086957
2006-04-30,8.34368421053,8.50105263158,8.21105263158,8.38947368421,91489.4736842,8.38947368421
2006-05-31,8.64181818182,8.78454545455,8.45409090909,8.60545454545,58486.3636364,8.60545454545
2006-06-30,8.10428571429,8.23523809524,7.93904761905,8.04142857143,47376.1904762,8.04142857143
2006-07-31,7.7825,7.889,7.6465,7.7555,34675.0,7.7555
2006-08-31,7.67565217391,7.79913043478,7.56260869565,7.69043478261,47739.1304348,7.69043478261
2006-09-30,8.003,8.0875,7.884,7.981,24105.0,7.981
2006-10-31,7.97,8.08285714286,7.79,7.94714285714,64766.6666667,7.94714285714
2006-11-30,7.61333333333,7.68857142857,7.51142857143,7.58761904762,40033.3333333,7.58761904762
2006-12-31,7.765,7.907,7.5855,7.7515,203150.0,7.7515
2007-01-31,9.737,9.9135,9.564,9.774,121145.0,9.774
2007-02-28,10.7194736842,10.8652631579,10.4826315789,10.6747368421,82673.6842105,10.6431578947
2007-03-31,10.0886363636,10.2836363636,9.90272727273,10.085,45345.4545455,10.085
2007-04-30,9.7765,9.933,9.63,9.7385,35525.0,9.7385
2007-05-31,9.12333333333,9.31523809524,8.96571428571,9.12238095238,45180.952381,9.12238095238
2007-06-30,9.46619047619,9.62761904762,9.34904761905,9.46666666667,35733.3333333,9.46666666667
2007-07-31,9.63571428571,9.76333333333,9.48523809524,9.6280952381,33114.2857143,9.6280952381
2007-08-31,8.61956521739,8.81956521739,8.36391304348,8.5752173913,45600.0,8.5752173913
2007-09-30,7.56277777778,7.74722222222,7.38388888889,7.54166666667,57000.0,7.54166666667
2007-10-31,8.20130434783,8.38956521739,7.96565217391,8.18913043478,46734.7826087,8.18913043478
2007-11-30,7.33523809524,7.50380952381,7.1180952381,7.2880952381,30490.4761905,7.2880952381
2007-12-31,6.56789473684,6.73315789474,6.33526315789,6.51421052632,57552.6315789,6.51421052632
2008-01-31,6.11238095238,6.31047619048,5.93333333333,6.07857142857,33509.5238095,6.07857142857
2008-02-29,6.375,6.525,6.21,6.331,40945.0,6.331
2008-03-31,6.034,6.1835,5.898,6.0645,42655.0,6.0645
2008-04-30,6.59904761905,6.84285714286,6.45857142857,6.63476190476,49680.952381,6.63476190476
2008-05-31,6.47095238095,6.60904761905,6.34523809524,6.49761904762,25657.1428571,6.49761904762
2008-06-30,6.95333333333,7.1480952381,6.81047619048,6.96142857143,37214.2857143,6.96142857143
2008-07-31,6.70363636364,6.88318181818,6.50636363636,6.71545454545,36354.5454545,6.71545454545
2008-08-31,8.398,8.6345,8.2755,8.4915,43395.0,8.4915
2008-09-30,8.55666666667,8.70571428571,8.29,8.56523809524,25176.1904762,8.56523809524
2008-10-31,7.65652173913,7.85956521739,7.46826086957,7.71,77378.2608696,7.71
2008-11-30,8.70666666667,8.88777777778,8.22388888889,8.53888888889,120466.666667,8.53888888889
2008-12-31,8.49590909091,8.78545454545,8.25727272727,8.60272727273,69963.6363636,8.60272727273
2009-01-31,8.8615,9.07,8.6235,8.8815,33955.0,8.8815
2009-02-28,7.74263157895,7.97578947368,7.38421052632,7.63789473684,93026.3157895,7.63789473684
2009-03-31,5.95954545455,6.16772727273,5.78,5.97818181818,53318.1818182,5.96272727273
2009-04-30,6.28904761905,6.42619047619,6.16285714286,6.35238095238,39380.952381,6.35238095238
2009-05-31,6.968,7.1525,6.796,6.9475,32835.0,6.9475
2009-06-30,7.49095238095,7.69380952381,7.23666666667,7.49142857143,62152.3809524,7.49142857143
2009-07-31,7.92772727273,8.08909090909,7.69227272727,7.92409090909,68795.4545455,7.92409090909
2009-08-31,8.11333333333,8.23523809524,7.9180952381,8.08142857143,56171.4285714,8.08142857143
2009-09-30,7.77952380952,7.93714285714,7.68047619048,7.81380952381,31723.8095238,7.81380952381
2009-10-31,8.39761904762,8.50571428571,8.16666666667,8.28285714286,92785.7142857,8.28285714286
2009-11-30,8.02,8.1375,7.9125,8.0365,44345.0,8.0365
2009-12-31,8.30227272727,8.40681818182,8.13136363636,8.28954545455,37600.0,8.28954545455
2010-01-31,8.18473684211,8.30684210526,8.09631578947,8.16736842105,33326.3157895,8.16736842105
2010-02-28,8.78473684211,8.95210526316,8.66631578947,8.84894736842,55473.6842105,8.82
2010-03-31,9.34565217391,9.46434782609,9.18260869565,9.33608695652,47569.5652174,9.33608695652
2010-04-30,9.36238095238,9.57047619048,9.2480952381,9.41714285714,43052.3809524,9.41714285714
2010-05-31,10.5052631579,10.7736842105,10.3005263158,10.5936842105,84336.8421053,10.5936842105
2010-06-30,12.0731818182,12.3186363636,11.8686363636,12.1177272727,93000.0,12.1177272727
2010-07-31,11.970952381,12.1804761905,11.6038095238,11.93,99138.0952381,11.93
2010-08-31,12.04,12.2719047619,11.8333333333,12.0923809524,57452.3809524,12.0923809524
2010-09-30,11.4752380952,11.6019047619,11.2733333333,11.4138095238,63761.9047619,11.4138095238
2010-10-31,11.5376190476,11.7547619048,11.2214285714,11.4866666667,82285.7142857,11.4866666667
2010-11-30,11.28,11.4523809524,11.1057142857,11.2733333333,49200.0,11.2733333333
2010-12-31,11.4259090909,11.5895454545,11.2477272727,11.4654545455,36213.6363636,10.9759090909
2011-01-31,11.248,11.3615,11.0445,11.1785,48410.0,11.1785
2011-02-28,10.8063157895,10.9326315789,10.6436842105,10.8336842105,37147.3684211,10.8336842105
2011-03-31,11.0369565217,11.132173913,10.87,11.0352173913,32891.3043478,11.0352173913
2011-04-30,11.2994736842,11.4315789474,11.1594736842,11.3573684211,79221.0526316,11.3573684211
2011-05-31,12.7104761905,12.8885714286,12.5195238095,12.7514285714,69109.5238095,12.7514285714
2011-06-30,11.9754545455,12.1672727273,11.7527272727,11.9522727273,46790.9090909,11.9522727273
2011-07-31,12.5789473684,12.7526315789,12.4115789474,12.6036842105,46726.3157895,12.6036842105
2011-08-31,12.2773913043,12.5182608696,11.8682608696,12.1673913043,74926.0869565,12.1673913043
2011-09-30,11.6480952381,11.8771428571,11.4395238095,11.6538095238,48523.8095238,11.6538095238
2011-10-31,11.7923809524,11.9971428571,11.4685714286,11.739047619,68695.2380952,11.739047619
2011-11-30,10.4719047619,10.7047619048,10.3242857143,10.4838095238,70280.952381,10.4661904762
2011-12-31,11.3095238095,11.5214285714,11.1323809524,11.3128571429,56395.2380952,11.3128571429
2012-01-31,10.865,10.9775,10.7235,10.852,44145.0,10.852
2012-02-29,10.9589473684,11.1121052632,10.7942105263,10.9089473684,52300.0,10.9089473684
2012-03-31,10.8013636364,10.9731818182,10.6486363636,10.8068181818,41381.8181818,10.8068181818
2012-04-30,10.695,10.925,10.5695,10.7055,77905.0,10.7055
2012-05-31,11.5781818182,11.8359090909,11.4245454545,11.5927272727,53068.1818182,11.5927272727
2012-06-30,12.055,12.2775,11.9,12.0885,52520.0,12.0885
2012-07-31,12.9976190476,13.2204761905,12.8533333333,13.0261904762,55033.3333333,13.0261904762
2012-08-31,13.4404347826,13.5808695652,13.2991304348,13.4339130435,76330.4347826,13.4339130435
2012-09-30,13.4772222222,13.6472222222,13.3888888889,13.5583333333,77333.3333333,13.5583333333
2012-10-31,14.8366666667,14.9747619048,14.5919047619,14.8257142857,46809.5238095,14.8257142857
2012-11-30,14.2880952381,14.4628571429,14.0180952381,14.290952381,56776.1904762,14.290952381
2012-12-31,14.7452631579,14.9052631579,14.5263157895,14.7710526316,74105.2631579,14.7710526316
2013-01-31,16.1633334286,16.314762,16.009524,16.1842854286,69200.0,16.1842854286
2013-02-28,15.4268421053,15.6884210526,15.1284210526,15.4131578947,89973.6842105,15.4131578947
2013-03-31,15.033,15.238,14.8115,15.06899995,70360.0,15.06899995
2013-04-30,16.4485711905,16.657619,16.185238,16.3504761429,70923.8095238,16.3504761429
2013-05-31,15.7881818636,15.9727270909,15.5081818636,15.7445454091,51700.0,15.7445454091
2013-06-30,15.048,15.23,14.813,15.0135,54425.0,15.0135
2013-07-31,15.6395239048,15.8609523333,15.4828571429,15.6857144286,63695.2380952,15.6857144286
2013-08-31,16.3127273182,16.5540909091,16.0799998182,16.3381819091,63581.8181818,16.3381819091
2013-09-30,16.50500005,16.7199999,16.302,16.55500025,34205.0,16.55500025
2013-10-31,17.6713636818,17.9190909545,17.4436365455,17.7372730455,50750.0,17.7372730455
2013-11-30,20.2999999,20.61,20.0344999,20.34499995,57250.0,20.34499995
2013-12-31,20.749047619,21.0890475238,20.4952380952,20.8361905238,47785.7142857,20.8361905238
2014-01-31,23.848,24.13299985,23.4455001,23.894,56650.0,23.894
2014-02-28,24.6763156842,25.1984212632,24.2215791579,24.7157897368,85973.6842105,24.7157897368
2014-03-31,26.1280955238,26.5304761429,25.6776191429,26.0780951429,69147.6190476,26.0780951429
2014-04-30,24.1364999,24.6734998,23.60450015,24.08350015,70625.0,24.08350015
2014-05-31,20.5404761429,20.9457142381,20.1261902381,20.5271428571,90790.4761905,20.5271428571
2014-06-30,21.0161907143,21.3323811905,20.8271427143,21.123333381,51166.6666667,21.123333381
2014-07-31,23.016190381,23.4095238571,22.578571381,23.1128571905,69733.3333333,23.1128571905
2014-08-31,24.4900000476,24.7971427143,24.1780951905,24.3980954286,43642.8571429,24.3980954286
2014-09-30,23.6195239048,24.0142858095,23.1866665714,23.721428619,50223.8095238,23.721428619
2014-10-31,26.5804547273,27.1699999091,26.3454545455,26.7745457273,104313.636364,26.7745457273
2014-11-30,27.6442104737,28.0384208947,27.01,27.5331578947,135505.263158,27.5331578947
2014-12-31,27.2200000455,27.7349999091,26.7286365455,27.2345454545,84509.0909091,27.2345454545
2015-01-31,28.4010526842,28.8321053158,27.6131578947,28.3789475263,67357.8947368,28.3789475263
2015-02-28,27.9300002632,28.4221050526,27.3536843158,27.9142105263,229836.842105,27.9142105263
2015-03-31,29.6204549545,30.0704547273,29.2536361818,29.6700000455,109604.545455,29.6700000455
2015-04-30,31.5090002,32.07350015,30.93650005,31.49049985,129745.0,31.49049985
2015-05-31,32.8375002,33.2329998,32.4025004,32.8420002,100195.0,32.8420002
2015-06-30,33.4672730909,33.9359094091,33.0559090455,33.5200002727,104563.636364,33.5200002727
2015-07-31,35.9147615238,36.5314287143,35.2976190476,35.958571619,172700.0,35.958571619
2015-08-31,37.1214287143,37.5190475238,36.4352380476,37.0290478095,114580.952381,37.0290478095
2015-09-30,34.578095619,35.0847621905,34.0323809524,34.541428619,95209.5238095,34.541428619
2015-10-31,33.1747617619,33.7452374762,32.5728572857,33.2709528095,119090.47619,33.2709528095
2015-11-30,33.24250005,33.74550055,32.9450001,33.47549995,87020.0,33.47549995
2015-12-31,35.0104761429,35.5719049524,34.5299995238,34.9128571429,86861.9047619,34.9128571429
2016-01-31,29.3542106842,30.036842,28.4231577368,28.9910527895,162715.789474,28.9910527895
2016-02-29,26.1025,26.6790001,25.6925,26.19649985,127465.0,26.19649985
2016-03-31,30.9528574762,31.3885711905,30.5738096667,31.0561904286,100842.857143,31.0561904286
2016-04-30,34.774761619,35.3590475714,34.1366668095,34.8252382381,156376.190476,34.8252382381
2016-05-31,37.0042861429,37.6204760952,36.527142381,37.153809619,137147.619048,37.153809619
2016-06-30,39.3157138571,39.9852381429,38.9128572857,39.5495242857,125895.238095,39.5495242857
2016-07-31,43.3649999,44.06650025,42.64699965,43.44100025,158555.0,43.44100025
2016-08-31,46.3209999,46.7099999,45.8,46.4189997,111060.0,46.4189997
