Date,Open,High,Low,Close,Volume,Adj Close
2010-11-30,95.649996,97.720003,95.419998,95.570002,252000.0,9.557
2010-12-31,115.440000182,116.942273091,114.296363,115.885908364,205318.181818,11.5885909091
2011-01-31,135.2630004,137.44499965,132.4605001,135.40699955,358350.0,13.5407
2011-02-28,146.218333389,148.7133335,143.748333056,146.526666222,720777.777778,14.6526666667
2011-03-31,129.190000435,131.812609478,125.727826739,129.086087739,1542304.34783,12.9086086957
2011-04-30,152.432103316,154.911051842,150.231052316,153.728421526,1511263.15789,15.3728421579
2011-05-31,171.628570571,174.950953952,168.10380981,172.001429905,2085666.66667,17.200143
2011-06-30,141.370476143,144.178095905,137.594284476,140.447143667,5962019.04762,16.9885715714
2011-07-31,17.4145001,17.728,17.0504999,17.36349985,4198500.0,17.36349985
2011-08-31,10.2359090909,10.4845454545,9.56772727273,9.92909090909,16044263.6364,9.92909090909
2011-09-30,6.69619047619,6.85,6.48619047619,6.65238095238,8816309.52381,6.65238095238
2011-10-31,6.28380952381,6.45428571429,6.06047619048,6.28476190476,8780342.85714,6.28476190476
2011-11-30,5.46476190476,5.5780952381,5.2880952381,5.45285714286,9323028.57143,5.41904761905
2011-12-31,6.1780952381,6.2880952381,6.04,6.15523809524,5815738.09524,6.15523809524
2012-01-31,7.7055,7.8675,7.58,7.787,5926650.0,7.787
2012-02-29,8.769,8.9435,8.525,8.777,8852885.0,8.7295
2012-03-31,10.33,10.6581818182,10.0963636364,10.4822727273,8366886.36364,10.4822727273
2012-04-30,11.2525,11.525,10.9885,11.2415,8776415.0,11.2415
2012-05-31,10.4276190476,10.6871428571,10.0742857143,10.3471428571,12428957.1429,10.3471428571
2012-06-30,9.71238095238,10.0104761905,9.39047619048,9.75285714286,14715966.6667,9.75285714286
2012-07-31,12.1933333333,12.4704761905,11.8833333333,12.2280952381,11530909.5238,12.2280952381
2012-08-31,13.6913636364,13.9813636364,13.4604545455,13.7568181818,8857645.45455,13.7568181818
2012-09-30,16.5663157368,17.0547368947,16.1942104211,16.694737,11722831.5789,16.694737
2012-10-31,17.3657142857,17.5719048095,16.9019047143,17.2161905714,11457800.0,17.2161905714
2012-11-30,17.46950005,17.87500005,17.0340001,17.50799985,13700630.0,17.50799985
2012-12-31,18.33250005,18.6629999,17.873,18.28899985,11853475.0,18.28899985
2013-01-31,20.3247619048,20.7390477143,19.9633334762,20.4723809524,13227442.8571,20.4723809524
2013-02-28,21.8972221667,22.3249998333,21.1422223333,21.7061112222,15168361.1111,21.7061112222
2013-03-31,22.23799995,22.65850015,21.7590002,22.3694997,16626770.0,22.3694997
2013-04-30,23.0836363636,23.520909,22.3590910455,23.0418182727,16701800.0,23.0081819091
2013-05-31,23.2254546364,23.5268181364,22.8931817727,23.2536363636,13831209.0909,23.2536363636
2013-06-30,20.70949985,21.0585,20.03600005,20.5830001,25599835.0,20.5830001
2013-07-31,23.9804760476,24.4295239048,23.6657141905,24.158095,11618247.619,24.158095
2013-08-31,26.8659091818,27.2804545455,26.3922727273,26.7786362727,10911259.0909,26.7786362727
2013-09-30,27.0363154737,27.4484211053,26.5794737368,27.055263,9765042.10526,27.055263
2013-10-31,27.1156523913,27.6895655652,26.4973911739,27.2099998696,17071821.7391,27.2099998696
2013-11-30,31.3960001,31.7695003,31.049,31.4520003,7796430.0,31.4520003
2013-12-31,33.0135,33.38550015,32.4784997,32.97750035,7938510.0,32.97750035
2014-01-31,34.1666665238,34.6623810476,33.451904381,34.0490475714,11805285.7143,34.0490475714
2014-02-28,30.7131579474,31.3831580526,30.0421050526,30.7842104211,18342826.3158,30.7842104211
2014-03-31,30.438,30.8110001,29.79050005,30.3340002,12976025.0,30.3340002
2014-04-30,31.678095619,32.0128569048,31.0409524762,31.6552381429,10361347.619,31.6552381429
2014-05-31,35.4840001,35.9170003,35.17849975,35.7034998,7520300.0,35.7034998
2014-06-30,42.135714,42.938571619,41.5180950952,42.438095381,7471428.57143,42.438095381
2014-07-31,45.3686365909,45.8300001818,44.3386363636,44.9927274091,8671713.63636,44.9927274091
2014-08-31,41.34900035,42.0284998,40.485,41.2955008,12658550.0,41.2955008
2014-09-30,42.5909518571,43.2190477619,41.7861898095,42.5142859048,10663023.8095,42.5142859048
2014-10-31,33.9754541818,34.9572727273,32.5118181364,33.6936367727,28341145.4545,33.6936367727
2014-11-30,37.0200002632,37.5610524737,36.4610527895,37.2010531053,10694873.6842,37.2010531053
2014-12-31,35.0690476667,35.9557144762,34.0319047143,34.8080955714,18999157.1429,34.8080955714
2015-01-31,29.2655,29.89799985,27.9659999,28.89300005,28259970.0,28.89300005
2015-02-28,28.9252631579,29.6889475789,28.5,29.3073684211,18278642.1053,29.3073684211
2015-03-31,33.3519050476,33.9266665238,32.8019047619,33.4242852857,16136190.4762,33.4242852857
2015-04-30,39.0419044762,39.763809619,38.387619,39.2933327143,14051423.8095,39.2933327143
2015-05-31,42.96350015,43.6335001,42.28299995,43.12300045,13202130.0,43.12300045
2015-06-30,46.0290910909,46.6350002727,45.0400004545,45.8240909545,16014054.5455,43.9327272727
2015-07-31,44.3977274545,45.3631819091,43.2272730909,44.4927278636,19555472.7273,44.4927278636
2015-08-31,41.32749995,42.4854995,39.5999999,41.00949995,28966565.0,41.00949995
2015-09-30,25.3114284286,26.1171428571,24.3028568095,25.3271428571,37714323.8095,25.3271428571
2015-10-31,29.2757140952,30.238095,28.5728571429,29.6514285238,27375019.0476,29.6514285238
2015-11-30,29.89449985,30.56049965,29.07999985,29.82900005,24434645.0,29.82900005
2015-12-31,27.1836363182,27.8186364091,26.2159090909,26.9986362727,29680404.5455,26.9986362727
2016-01-31,20.5111113333,21.0127778889,19.5205553333,20.3277777778,46948205.5556,20.3277777778
2016-02-29,18.3200002,18.70649985,17.80699995,18.32250005,27999470.0,18.32250005
2016-03-31,22.3095237619,22.9761902857,21.9752379048,22.6666665714,19806814.2857,22.6666665714
2016-04-30,26.2514287619,26.9447619524,25.5938095714,26.3352378095,22031214.2857,26.3352378095
2016-05-31,28.469047619,29.1166664762,27.9190474762,28.6061904762,24522676.1905,28.6061904762
2016-06-30,28.3252380476,29.1947617143,27.5238093333,28.3123808095,36650766.6667,28.3123808095
2016-07-31,29.25599985,29.78300025,28.68600015,29.48199985,25318240.0,29.48199985
2016-08-31,35.3411106667,35.8988884444,34.636667,35.3200005556,28032611.1111,35.3200005556
