Date,Open,High,Low,Close,Volume,Adj Close
1989-11-30,14.0535722857,14.2857132143,13.7946432143,14.0089287143,124021.428571,7.39059921429
1989-12-31,12.9437504,13.17499975,12.6250022,12.95625105,40125.0,6.8121126
1990-01-31,16.6647734091,17.2556813636,16.2443192273,16.8465912273,118195.454545,8.88764631818
1990-02-28,18.8026315263,19.0789470526,18.3749992632,18.8092108421,40542.1052632,9.92305252632
1990-03-31,18.9204535455,19.2386351818,18.5624963182,18.9431794545,26572.7272727,9.99372954545
1990-04-30,17.7368428421,17.8815788947,17.3684225789,17.5197345789,14621.0526316,9.24277236842
1990-05-31,16.8238630909,17.0454548636,16.3977256818,16.7329534091,77768.1818182,8.82769518182
1990-06-30,17.095238381,17.4880964762,16.6488081429,17.130951619,107819.047619,9.03766452381
1990-07-31,18.4404749524,18.6190464762,17.9404766667,18.2619046667,99419.047619,9.63431390476
1990-08-31,13.4375003182,13.5397730455,12.8579530455,13.1704534091,144745.454545,6.94825018182
1990-09-30,11.0000011579,11.1907924211,10.4934206316,10.8157913684,97342.1052632,5.70601657895
1990-10-31,9.26630634783,9.45652256522,8.92391330435,9.22282578261,135726.086957,4.865626
1990-11-30,10.0357160952,10.2797607619,9.61309461905,9.89880885714,77228.5714286,5.22225
1990-12-31,9.36249735,9.6812474,9.07500175,9.38749965,69345.0,4.95250175
1991-01-31,9.52272786364,9.72159118182,9.28977354545,9.55681872727,44827.2727273,5.04182854545
1991-02-28,11.0131597368,11.4868451053,10.7171041053,11.1776337895,124600.0,5.89691147368
1991-03-31,11.96249935,12.09374835,11.6625012,11.9499985,70780.0,6.30438275
1991-04-30,13.9999981429,14.3928532857,13.5119070952,13.9345230952,167233.333333,7.35134547619
1991-05-31,13.7386371818,14.3068191364,13.4261360909,13.9602280909,69586.3636364,7.3649065
1991-06-30,13.27499995,13.53750085,12.8374988,13.2874997,48065.0,7.0099996
1991-07-31,12.9204545455,13.2840903636,12.761365,13.1420446364,52454.5454545,6.93326277273
1991-08-31,16.4523811429,16.8809527619,16.0357151429,16.446425619,165885.714286,8.6765337619
1991-09-30,18.96249935,19.19999985,18.5249983,18.8124975,92720.0,9.92478645
1991-10-31,21.9184784783,22.5380445217,21.4021745652,22.1521743478,178565.217391,11.6866781304
1991-11-30,25.2631578947,25.6842088947,24.4736832105,25.0855242105,132031.578947,13.2342063158
1991-12-31,25.1309525714,25.5357132381,24.5178580476,25.1904748571,147352.380952,13.2895745714
1992-01-31,30.4659102273,31.3181829091,29.5227265,30.6250003636,257559.090909,16.1566316818
1992-02-29,30.1527789444,30.9583343333,29.6041662222,30.3333329444,151466.666667,19.5601483333
1992-03-31,27.8636364545,28.3693180909,27.0681817273,27.8124999545,82154.5454545,22.0092887273
1992-04-30,24.761904619,25.4166666667,23.8333332857,24.5178570952,144685.714286,19.4020888095
1992-05-31,20.64375015,21.1000002,19.74375005,20.37500005,400860.0,16.12365875
1992-06-30,16.6726190476,17.2142857143,15.8333333333,16.6369047619,219695.238095,13.165535
1992-07-31,17.9431818636,18.5340909545,17.2784090455,18.1477273182,229522.727273,14.3611170909
1992-08-31,21.3809523333,21.821428381,20.6309524286,21.2738096667,123100.0,16.8349275238
1992-09-30,23.3125002,24.01249975,22.5625,23.38125005,159725.0,18.5026404
1992-10-31,19.6079543182,20.2386363182,18.6250000455,19.6590909545,401240.909091,15.5571275
1992-11-30,25.11250005,25.79374995,24.4375,25.3750002,249360.0,20.08038485
1992-12-31,25.4659091364,26.1931817273,24.5511362727,25.4204544091,218250.0,20.1163548636
1993-01-31,24.6447365263,25.1118421579,24.0065788947,24.5657893158,183936.842105,19.4400198947
1993-02-28,29.0723684211,30.0328944211,27.4473680526,28.9473683684,352352.631579,22.9073613684
1993-03-31,30.3097826522,31.0434781739,29.4945651739,30.3315214783,243752.173913,24.0027042609
1993-04-30,31.4285713333,32.410714619,30.5119047619,31.6309525238,362819.047619,23.9015400476
1993-05-31,30.95000025,31.5749999,30.125,30.7937499,201700.0,24.36936785
1993-06-30,29.8068181818,30.3749999091,29.1818179545,29.7159087273,154077.272727,24.1640731818
1993-07-31,24.01875,24.75625,23.15,24.04375,392450.0,23.8012919
1993-08-31,29.2215909091,29.8863636364,28.3522727273,29.2670454545,378495.454545,28.9737794545
1993-09-30,28.1845238095,28.8154761905,27.3333333333,27.9880952381,293685.714286,27.7251502857
1993-10-31,27.619047619,28.2857142857,27.119047619,27.7083333333,124404.761905,27.4480167619
1993-11-30,27.7625,28.36875,27.2375,27.85,148820.0,27.59036225
1993-12-31,26.6477272727,26.9943181818,25.8011363636,26.3863636364,230118.181818,26.1574908182
1994-01-31,25.0714285714,25.7142857143,24.4880952381,25.1369047619,196090.47619,24.9188694762
1994-02-28,26.9210526316,27.6973684211,26.5065789474,27.2302631579,251163.157895,26.9963291053
1994-03-31,25.7826086957,26.4456521739,25.1195652174,25.7826086957,666121.73913,25.5772417826
1994-04-30,16.8815789474,17.2894736842,16.1381578947,16.7039473684,223168.421053,16.5708948421
1994-05-31,18.2023809524,18.619047619,17.5595238095,18.068452381,227976.190476,17.9264372381
1994-06-30,14.869047619,15.119047619,14.0773809524,14.4970238095,245038.095238,14.3990030476
1994-07-31,12.7375,12.96875,12.1375,12.553125,188945.0,12.4682479
1994-08-31,9.80434782609,10.0652173913,9.38043478261,9.72282608696,251304.347826,9.65875326087
1994-09-30,10.31875,10.675,10.03125,10.4375,153430.0,10.3871955
1994-10-31,11.0238095238,11.2023809524,10.4404761905,10.806547619,158914.285714,10.754464619
1994-11-30,9.46428571429,9.69642857143,9.1130952381,9.35714285714,135347.619048,9.31204542857
1994-12-31,9.33333333333,9.63095238095,9.03571428571,9.34226190476,254661.904762,9.31853533333
1995-01-31,9.83125,10.04375,9.60625,9.825,78800.0,9.8000474
1995-02-28,8.71710526316,8.94078947368,8.39473684211,8.63404631579,135247.368421,8.61211852632
1995-03-31,7.97826086957,8.23913043478,7.85869565217,8.03532608696,70091.3043478,8.03532608696
1995-04-30,7.43421052632,7.60526315789,7.30921052632,7.37828947368,66947.3684211,7.37828947368
1995-05-31,6.76420454545,6.98863636364,6.63636363636,6.76988636364,62509.0909091,6.76988636364
1995-06-30,6.60788666667,6.8869047619,6.37574380952,6.66369047619,134571.428571,6.66369047619
1995-07-31,7.00625,7.2125,6.90625,7.10625,104925.0,7.10625
1995-08-31,6.85869565217,7.05434782609,6.69565217391,6.89809826087,48060.8695652,6.89809826087
1995-09-30,6.692969,6.8125,6.59375,6.6875,41840.0,6.6875
1995-10-31,5.875,6.08522727273,5.76136363636,5.86931818182,54209.0909091,5.86931818182
1995-11-30,5.0625,5.209375,4.98125,5.047656,75055.0,5.047656
1995-12-31,5.145312,5.4625,5.03125,5.24375,135015.0,5.24375
1996-01-31,5.78977272727,5.99076727273,5.63068181818,5.78551136364,50327.2727273,5.78551136364
1996-02-29,5.683594,5.875,5.561719,5.678125,62435.0,5.678125
1996-03-31,5.955469,6.0875,5.78125,5.928125,58175.0,5.928125
1996-04-30,6.81845238095,7.10119047619,6.63392857143,6.89880952381,181623.809524,6.89880952381
1996-05-31,8.89133545455,9.14772727273,8.65340909091,8.91690363636,106554.545455,8.91690363636
1996-06-30,8.33125,8.574219,8.08125,8.259375,77235.0,8.259375
1996-07-31,7.27840909091,7.52840909091,7.14204545455,7.27201727273,57277.2727273,7.27201727273
1996-08-31,7.33928571429,7.55952380952,7.18154761905,7.33630952381,29276.1904762,7.33630952381
1996-09-30,6.28125,6.5,6.13125,6.321875,72285.0,6.321875
1996-10-31,6.39266304348,6.625,6.25,6.35326086957,26817.3913043,6.35326086957
1996-11-30,6.703907,6.961719,6.5125,6.755469,62860.0,6.755469
1996-12-31,7.01562571429,7.24330380952,6.80357142857,7.02232190476,69495.2380952,7.02232190476
1997-01-31,7.21428571429,7.46726190476,7.04761904762,7.24702380952,57138.0952381,7.24702380952
1997-02-28,6.72368421053,6.90707263158,6.53289473684,6.70723684211,55710.5263158,6.70723684211
1997-03-31,6.109375,6.278125,6.009375,6.120312,39545.0,6.120312
1997-04-30,5.69034090909,5.84090909091,5.53977272727,5.65127818182,42195.4545455,5.65127818182
1997-05-31,5.113281,5.30625,4.959375,5.190625,58675.0,5.190625
1997-06-30,4.77380952381,4.89880952381,4.6168152381,4.72395809524,42076.1904762,4.72395809524
1997-07-31,4.59375,4.71164772727,4.51136363636,4.59517045455,64077.2727273,4.59517045455
1997-08-31,4.54166666667,4.69642857143,4.4880952381,4.57217285714,33947.6190476,4.57217285714
1997-09-30,4.68526761905,4.84523809524,4.61607142857,4.71428571429,32004.7619048,4.71428571429
1997-10-31,4.51420454545,4.61931818182,4.41477272727,4.50284090909,43454.5454545,4.50284090909
1997-11-30,4.74342105263,4.91447368421,4.60526315789,4.79934210526,76631.5789474,4.79934210526
1997-12-31,4.34375,4.45880681818,4.27840909091,4.359375,56100.0,4.359375
1998-01-31,4.2171875,4.384375,4.1359375,4.296875,31255.0,4.296875
1998-02-28,3.92434210526,4.04769736842,3.80592105263,3.89473684211,66247.3684211,3.89473684211
1998-03-31,3.74107142857,3.84375,3.68005952381,3.76339285714,51071.4285714,3.76339285714
1998-04-30,3.7380952381,3.88095238095,3.65327380952,3.72619047619,102923.809524,3.72619047619
1998-05-31,4.1484375,4.3515625,3.96875,4.1546875,134195.0,4.1546875
1998-06-30,4.74005681818,4.87215909091,4.66903409091,4.74573863636,127077.272727,4.74573863636
1998-07-31,5.82291666667,6.07886904762,5.69791666667,5.93303571429,187757.142857,5.93303571429
1998-08-31,5.99553571429,6.21726190476,5.78571428571,6.02380952381,88747.6190476,6.02380952381
1998-09-30,4.97767857143,5.19791666667,4.86607142857,5.01785714286,45147.6190476,5.01785714286
1998-10-31,4.26420454545,4.39630681818,4.09232954545,4.25284090909,41227.2727273,4.25284090909
1998-11-30,6.20065789474,6.81167789474,5.83223684211,6.33717105263,576368.421053,6.33717105263
1998-12-31,9.86860818182,10.3366477273,9.28409090909,9.78977272727,527400.0,9.78977272727
1999-01-31,10.3388157895,10.7565789474,9.84868421053,10.3026315789,253421.052632,10.3026315789
1999-02-28,8.73611111111,9.23263888889,8.22395833333,8.72048611111,418238.888889,8.72048611111
1999-03-31,11.3573369565,12.1684782609,10.65625,11.5625,709082.608696,11.5625
1999-04-30,30.880952381,33.4166666667,27.8601190476,31.0833333333,994500.0,31.0833333333
1999-05-31,46.8190789474,51.1414473684,44.0657894737,47.4473684211,1525963.15789,47.4473684211
1999-06-30,46.0568181818,48.5028409091,42.3977272727,45.3252840909,1650418.18182,45.3252840909
1999-07-31,46.0148809524,47.4732142857,43.505952381,45.1205357143,818614.285714,45.1205357143
1999-08-31,38.0773809524,39.505952381,35.8541666667,37.6979166667,482238.095238,37.6979166667
1999-09-30,32.2931547619,33.4166666667,30.6785714286,31.6428571429,474576.190476,31.6428571429
1999-10-31,30.1369047619,32.0892857143,28.8125,30.7991071429,553552.380952,30.7991071429
1999-11-30,43.2574404762,45.1696428571,40.7232142857,43.3571428571,666233.333333,43.3571428571
1999-12-31,51.9732142857,54.2142857143,48.130952381,50.681547619,879533.333333,50.681547619
2000-01-31,36.14375,38.009375,34.075,35.540625,527160.0,35.540625
2000-02-29,40.609375,43.1125,38.621875,41.1484375,568525.0,41.1484375
2000-03-31,63.0516304348,67.0407608696,58.1956521739,63.0625,1052921.73913,63.0217391304
2000-04-30,46.8618421053,49.8256578947,42.0888157895,44.9481905789,825931.578947,44.9481905789
2000-05-31,31.0269886364,32.1974431818,28.9176136364,30.403409,354363.636364,30.403409
2000-06-30,37.8806818182,39.9232954545,36.0738636364,38.1036931818,435681.818182,38.0696022727
2000-07-31,49.0234375,51.0390625,46.3875,48.690625,475180.0,48.690625
2000-08-31,43.152173913,45.0991847826,41.5339673913,43.3260869565,303721.73913,41.3804347826
2000-09-30,38.984375,40.25625,36.8203125,38.034375,316285.0,38.034375
2000-10-31,23.0553971818,24.875,21.3153409091,22.9694599545,384690.909091,22.9694599545
2000-11-30,21.00859405,21.828125,19.396875,20.39609405,331250.0,20.39609405
2000-12-31,10.3656245,11.0273435,9.3546875,10.1109375,538130.0,10.1109375
2001-01-31,10.8690480952,11.7782738095,10.0208328571,10.90625,374180.952381,10.90625
2001-02-28,12.1233552632,12.6685852632,11.3026315789,11.9506578947,245347.368421,11.9506578947
2001-03-31,7.84375095238,8.28720238095,7.34821428571,7.77678571429,183038.095238,7.77678571429
2001-04-30,9.5303125,10.1684375,9.1066875,9.7711875,318270.0,9.7711875
2001-05-31,11.5336363636,11.9590909091,11.0381818182,11.4918181818,179218.181818,11.4918181818
2001-06-30,9.2345,9.6095,8.8445,9.207,157300.0,9.207
2001-07-31,8.70761904762,8.96761904762,8.39095238095,8.76904761905,113623.809524,8.76904761905
2001-08-31,8.73608695652,9.08173913043,8.40913043478,8.79130434783,176291.304348,8.79130434783
2001-09-30,5.81357142857,5.95785714286,5.41285714286,5.65571428571,235550.0,5.65571428571
2001-10-31,5.98695652174,6.47869565217,5.68739130435,6.09782608696,244491.304348,6.09782608696
2001-11-30,6.71428571429,7.04142857143,6.43714285714,6.71285714286,223785.714286,6.71285714286
2001-12-31,5.6105,5.867,5.3785,5.5945,241970.0,5.5945
2002-01-31,5.5525,5.6925,5.313,5.4805,192885.0,5.4805
2002-02-28,4.63631578947,4.78894736842,4.37315789474,4.59368421053,208478.947368,4.59368421053
2002-03-31,5.627,5.853,5.496,5.705,240740.0,5.705
2002-04-30,5.69545454545,5.885,5.43,5.61545454545,235490.909091,5.61545454545
2002-05-31,4.79318181818,4.94136363636,4.60272727273,4.79,151268.181818,4.79
2002-06-30,4.862,5.0655,4.7125,4.97,203205.0,4.97
2002-07-31,4.58666666667,4.82523809524,4.17142857143,4.43714285714,334509.52381,4.43714285714
2002-08-31,3.14590909091,3.32363636364,2.95409090909,3.16,227886.363636,3.16
2002-09-30,3.8055,3.9645,3.6565,3.85,79610.0,3.85
2002-10-31,3.9347826087,4.05391304348,3.79130434783,3.92217391304,118395.652174,3.92217391304
2002-11-30,3.95947368421,4.04157894737,3.83842105263,3.93947368421,143252.631579,3.93947368421
2002-12-31,4.69523809524,4.91523809524,4.54523809524,4.73,223766.666667,4.73
2003-01-31,4.50333333333,4.62380952381,4.34285714286,4.46095238095,109980.952381,4.46095238095
2003-02-28,4.31684210526,4.49526315789,4.18894736842,4.34263157895,73747.3684211,4.34263157895
2003-03-31,4.4075,4.5475,4.3285,4.427,67095.0,4.427
2003-04-30,4.54904761905,4.6680952381,4.37142857143,4.52571428571,104728.571429,4.52571428571
2003-05-31,4.89619047619,5.00857142857,4.75476190476,4.85761904762,118523.809524,4.85761904762
2003-06-30,4.25952380952,4.3780952381,4.14666666667,4.22380952381,136880.952381,4.22380952381
2003-07-31,3.84142857143,3.97428571429,3.71380952381,3.81571428571,117314.285714,3.81571428571
2003-08-31,3.49380952381,3.59095238095,3.3680952381,3.49904761905,95957.1428571,3.49904761905
2003-09-30,6.24666666667,6.57142857143,5.88047619048,6.22523809524,776333.333333,6.22523809524
2003-10-31,8.41347826087,8.71434782609,8.1152173913,8.41086956522,389286.956522,8.40826086957
2003-11-30,8.78263157895,9.00105263158,8.53210526316,8.76578947368,361978.947368,8.76578947368
2003-12-31,7.64272727273,7.94545454545,7.395,7.61863636364,360259.090909,7.61863636364
2004-01-31,12.3110526316,12.9357894737,11.7726316316,12.3926315263,1151489.47368,12.3926315263
2004-02-29,13.2131578947,13.5836842105,12.5310526316,12.9452632105,807378.947368,12.9452632105
2004-03-31,12.5982608696,13.1017391304,12.2465217391,12.6917391304,526921.73913,12.6917391304
2004-04-30,15.90199995,16.49449995,15.2309999,15.88049985,872005.0,15.88049985
2004-05-31,8.6795,9.12,8.136,8.4885,1307045.0,8.4885
2004-06-30,8.35142857143,8.52714285714,7.98761904762,8.26857142857,507195.238095,8.26857142857
2004-07-31,6.143,6.3225,5.8155,6.009,441940.0,6.009
2004-08-31,4.51045454545,4.65409090909,4.27454545455,4.42909090909,328004.545455,4.42909090909
2004-09-30,4.53952380952,4.69333333333,4.39857142857,4.54238095238,236452.380952,4.54238095238
2004-10-31,5.474,5.725,5.282,5.4945,342435.0,5.4945
2004-11-30,4.69619047619,4.84380952381,4.49619047619,4.65761904762,476547.619048,4.65761904762
2004-12-31,4.81590909091,5.02090909091,4.70818181818,4.83954545455,544095.454545,4.83954545455
2005-01-31,4.37473684211,4.40947368421,4.10105263158,4.21526315789,405852.631579,4.21526315789
2005-02-28,3.45157894737,3.56157894737,3.32157894737,3.42736842105,360426.315789,3.42736842105
2005-03-31,3.54272727273,3.71454545455,3.42181818182,3.56909090909,323322.727273,3.56909090909
2005-04-30,3.31476190476,3.4119047619,3.15476190476,3.27,251838.095238,3.27
2005-05-31,3.1895,3.325,3.087,3.219,225580.0,3.219
2005-06-30,3.14590909091,3.21045454545,3.075,3.12818181818,186454.545455,3.12818181818
2005-07-31,3.209,3.2805,3.126,3.1825,339100.0,3.1825
2005-08-31,2.76347826087,2.82739130435,2.66956521739,2.71260869565,378769.565217,2.68652173913
2005-09-30,2.30523809524,2.36285714286,2.21857142857,2.27666666667,280428.571429,2.27666666667
2005-10-31,2.04428571429,2.07428571429,1.97380952381,2.0219047619,238338.095238,2.0219047619
2005-11-30,1.96047619048,2.01333333333,1.87285714286,1.94714285714,506909.52381,1.94714285714
2005-12-31,1.9245,2.0075,1.8385,1.9135,836990.0,1.9135
2006-01-31,1.927,1.9955,1.851,1.9045,463275.0,1.9045
2006-02-28,1.86684210526,1.93684210526,1.8,1.85842105263,376289.473684,1.85842105263
2006-03-31,1.56565217391,1.59826086957,1.52130434783,1.5547826087,329869.565217,1.5547826087
2006-04-30,1.24722222222,1.28722222222,1.19555555556,1.22666666667,452761.111111,1.22666666667
2006-05-31,1.12454545455,1.16636363636,1.08181818182,1.10863636364,530177.272727,1.10863636364
2006-06-30,1.035,1.06636363636,0.988636363636,1.00954545455,292518.181818,1.00954545455
2006-07-31,0.98,1.0205,0.952,0.975,465175.0,0.975
2006-08-31,0.913181818182,0.945909090909,0.875454545455,0.896818181818,162559.090909,0.896818181818
2006-09-30,0.77,0.804,0.741,0.756,353295.0,0.756
2006-10-31,0.862272727273,0.916363636364,0.818636363636,0.863181818182,648913.636364,0.863181818182
2006-11-30,1.18285714286,1.2419047619,1.1280952381,1.1780952381,457942.857143,1.1780952381
2006-12-31,1.13,1.19105263158,1.09,1.12526315789,569652.631579,1.12526315789
2007-01-31,1.327,1.387,1.2755,1.338,753450.0,1.338
2007-02-28,1.77421052632,1.83368421053,1.69631578947,1.76684210526,810342.105263,1.76684210526
2007-03-31,1.62772727273,1.66727272727,1.57318181818,1.625,415477.272727,1.625
2007-04-30,2.17526315789,2.24473684211,2.08789473684,2.17157894737,739136.842105,2.17157894737
2007-05-31,1.97227272727,2.03318181818,1.91227272727,1.96181818182,324190.909091,1.96181818182
2007-06-30,1.8180952381,1.8619047619,1.75952380952,1.80857142857,205714.285714,1.80857142857
2007-07-31,1.9819047619,2.03285714286,1.9280952381,1.99,283419.047619,1.99
2007-08-31,1.82590909091,1.85954545455,1.75818181818,1.80681818182,214277.272727,1.80681818182
2007-09-30,1.73631578947,1.77315789474,1.68684210526,1.73947368421,270578.947368,1.73947368421
2007-10-31,2.79217391304,2.93260869565,2.66608695652,2.83,1232295.65217,2.83
2007-11-30,3.457,3.6185,3.292,3.4615,1094070.0,3.4615
2007-12-31,4.897,5.121,4.6735,4.8895,1714290.0,4.8895
2008-01-31,3.53619047619,3.7,3.35904761905,3.50238095238,987414.285714,3.50238095238
2008-02-29,4.035,4.1725,3.882,4.0415,684785.0,4.0415
2008-03-31,3.92210526316,4.03105263158,3.78789473684,3.92052631579,512157.894737,3.92052631579
2008-04-30,3.77954545455,3.86636363636,3.68409090909,3.77681818182,375327.272727,3.77681818182
2008-05-31,2.91523809524,2.99142857143,2.76761904762,2.86761904762,587809.52381,2.86761904762
2008-06-30,3.166,3.2745,3.0345,3.174,518815.0,3.174
2008-07-31,3.06318181818,3.19954545455,2.92409090909,3.06181818182,369390.909091,3.06181818182
2008-08-31,2.83142857143,2.88095238095,2.77904761905,2.82238095238,210823.809524,2.82238095238
2008-09-30,2.37523809524,2.46952380952,2.23380952381,2.33619047619,416309.52381,2.33619047619
2008-10-31,1.81818181818,1.92363636364,1.70409090909,1.79590909091,304600.0,1.79590909091
2008-11-30,1.61105263158,1.67052631579,1.52947368421,1.58315789474,205836.842105,1.58315789474
2008-12-31,1.21772727273,1.25227272727,1.14590909091,1.19181818182,227109.090909,1.19181818182
2009-01-31,1.401,1.4515,1.3195,1.371,200080.0,1.371
2009-02-28,1.18777777778,1.23277777778,1.13166666667,1.16333333333,155433.333333,1.16333333333
2009-03-31,1.05045454545,1.07681818182,0.996363636364,1.03227272727,141845.454545,1.03227272727
2009-04-30,1.18571428571,1.24,1.1380952381,1.18333333333,160661.904762,1.18333333333
2009-05-31,1.355,1.425,1.2695,1.3445,510465.0,1.3445
2009-06-30,1.55095238095,1.61619047619,1.48142857143,1.55,854128.571429,1.55
2009-07-31,1.65772727273,1.70409090909,1.60909090909,1.67136363636,303563.636364,1.67136363636
2009-08-31,1.9,1.95523809524,1.80571428571,1.88380952381,572385.714286,1.88380952381
2009-09-30,2.1485,2.2275,2.077,2.1655,711000.0,2.1655
2009-10-31,2.12090909091,2.16136363636,2.04727272727,2.09409090909,580163.636364,2.09409090909
2009-11-30,1.791,1.8255,1.737,1.7715,304905.0,1.7715
2009-12-31,1.685,1.725,1.64409090909,1.69181818182,308431.818182,1.69181818182
2010-01-31,1.98111111111,2.03888888889,1.91888888889,1.97666666667,676755.555556,1.97666666667
2010-02-28,1.94894736842,1.98263157895,1.89631578947,1.95210526316,355773.684211,1.95210526316
2010-03-31,2.21086956522,2.27217391304,2.15391304348,2.2247826087,517713.043478,2.2247826087
2010-04-30,2.50857142857,2.57047619048,2.43904761905,2.4980952381,580685.714286,2.4980952381
2010-05-31,2.3545,2.4215,2.288,2.358,415565.0,2.3435
2010-06-30,2.33454545455,2.38545454545,2.27136363636,2.32590909091,414272.727273,2.32590909091
2010-07-31,2.25238095238,2.29904761905,2.2019047619,2.2519047619,234195.238095,2.2519047619
2010-08-31,2.33227272727,2.39818181818,2.29590909091,2.36909090909,463009.090909,2.36909090909
2010-09-30,2.807,2.872,2.7505,2.807,545090.0,2.807
2010-10-31,3.06285714286,3.16380952381,3.01095238095,3.11714285714,923633.333333,3.11714285714
2010-11-30,3.86571428571,3.95142857143,3.75761904762,3.8619047619,735109.52381,3.8619047619
2010-12-31,4.15238095238,4.24904761905,4.0619047619,4.15142857143,639919.047619,4.15142857143
2011-01-31,4.5275,4.624,4.421,4.544,886345.0,4.544
2011-02-28,4.25631578947,4.34947368421,4.12526315789,4.19368421053,1608805.26316,4.19368421053
2011-03-31,3.55086956522,3.65043478261,3.46217391304,3.54,1040739.13043,3.54
2011-04-30,3.70105263158,3.77631578947,3.59684210526,3.66578947368,1023652.63158,3.66578947368
2011-05-31,3.36142857143,3.46761904762,3.29380952381,3.37428571429,972104.761905,3.37428571429
2011-06-30,3.55636363636,3.63772727273,3.47681818182,3.55590909091,763413.636364,3.55590909091
2011-07-31,3.948,4.0315,3.873,3.9615,771230.0,3.9615
2011-08-31,3.32727272727,3.43,3.20181818182,3.31545454545,727977.272727,3.31545454545
2011-09-30,3.1319047619,3.21285714286,3.03285714286,3.10142857143,401033.333333,3.10142857143
2011-10-31,2.70904761905,2.79238095238,2.60857142857,2.69380952381,761942.857143,2.69380952381
2011-11-30,2.6505,2.7235,2.5875,2.6635,442025.0,2.6635
2011-12-31,2.79380952381,2.85428571429,2.71857142857,2.7880952381,294838.095238,2.7880952381
2012-01-31,3.031,3.075,2.9935,3.0365,230615.0,3.0365
2012-02-29,3.165,3.2235,3.097,3.156,311130.0,3.156
2012-03-31,2.95857142857,3.01523809524,2.91238095238,2.95523809524,319352.380952,2.95523809524
2012-04-30,2.8565,2.9165,2.8095,2.864,293570.0,2.864
2012-05-31,2.76636363636,2.79681818182,2.73136363636,2.75454545455,230200.0,2.75454545455
2012-06-30,2.55666666667,2.60761904762,2.4980952381,2.56095238095,233761.904762,2.56095238095
2012-07-31,2.5385,2.58,2.499,2.5385,171500.0,2.5385
2012-08-31,2.51565217391,2.56217391304,2.48652173913,2.52347826087,176708.695652,2.52347826087
2012-09-30,2.78526315789,2.82894736842,2.73421052632,2.79315789474,198431.578947,2.79315789474
2012-10-31,2.92,2.96285714286,2.87,2.92142857143,153738.095238,2.92142857143
2012-11-30,2.7245,2.7815,2.6755,2.713,161120.0,2.713
2012-12-31,2.7665,2.806,2.7125,2.7655,194535.0,2.7655
2013-01-31,3.10714285714,3.17047619048,3.05857142857,3.12,250357.142857,3.12
2013-02-28,3.35105263158,3.42736842105,3.29052631579,3.37,468684.210526,3.37
2013-03-31,3.71789473684,3.76105263158,3.64526315789,3.71263157895,302784.210526,3.71263157895
2013-04-30,3.67545454545,3.74227272727,3.59090909091,3.67590909091,514536.363636,3.67590909091
2013-05-31,3.76863636364,3.84681818182,3.70454545455,3.76954545455,488336.363636,3.76954545455
2013-06-30,4.0615,4.1245,3.9885,4.0645,357995.0,4.0645
2013-07-31,4.325,4.39181818182,4.26045454545,4.33,424900.0,4.32363636364
2013-08-31,4.45954545455,4.51909090909,4.38818181818,4.45409090909,274881.818182,4.45409090909
2013-09-30,4.685,4.7575,4.6205,4.703,335645.0,4.703
2013-10-31,4.66173913043,4.73043478261,4.54,4.63043478261,526591.304348,4.63043478261
2013-11-30,4.39684210526,4.47789473684,4.33263157895,4.42,346021.052632,4.42
2013-12-31,4.4480952381,4.51904761905,4.3780952381,4.44285714286,257671.428571,4.44285714286
2014-01-31,4.64476190476,4.72571428571,4.56666666667,4.63904761905,300709.52381,4.63904761905
2014-02-28,4.52315789474,4.60894736842,4.46,4.53684210526,377684.210526,4.53684210526
2014-03-31,4.322,4.376,4.2555,4.2955,433625.0,4.2955
2014-04-30,3.89142857143,3.93904761905,3.79571428571,3.84714285714,443671.428571,3.84714285714
2014-05-31,3.2680952381,3.34619047619,3.22142857143,3.26523809524,421790.47619,3.26523809524
2014-06-30,3.41333333333,3.46714285714,3.3619047619,3.42380952381,276914.285714,3.42380952381
2014-07-31,3.25142857143,3.3319047619,3.18952380952,3.2580952381,391171.428571,3.2580952381
2014-08-31,3.71857142857,3.78,3.66571428571,3.73476190476,306004.761905,3.73476190476
2014-09-30,3.76285714286,3.81333333333,3.69238095238,3.73476190476,382871.428571,3.73476190476
2014-10-31,3.47954545455,3.54727272727,3.37909090909,3.47318181818,344631.818182,3.47318181818
2014-11-30,3.30421052632,3.35368421053,3.24526315789,3.30263157895,211757.894737,3.30263157895
2014-12-31,3.405,3.48681818182,3.34681818182,3.44227272727,247372.727273,3.44227272727
2015-01-31,3.6135,3.6685,3.5345,3.6015,196545.0,3.6015
2015-02-28,3.70388888889,3.78777777778,3.65777777778,3.72888888889,321800.0,3.72888888889
2015-03-31,4.02090909091,4.09272727273,3.95454545455,4.01136363636,305281.818182,4.01136363636
2015-04-30,4.08476190476,4.17952380952,4.04333333333,4.12142857143,342900.0,4.12142857143
2015-05-31,4.552,4.6145,4.48,4.558,296915.0,4.558
2015-06-30,5.03285714286,5.12380952381,4.96142857143,5.05952380952,638209.52381,5.05952380952
2015-07-31,5.13818181818,5.20590909091,5.05409090909,5.125,402977.272727,5.125
2015-08-31,4.66952380952,4.77571428571,4.60571428571,4.68476190476,382842.857143,4.68476190476
2015-09-30,4.4595,4.5425,4.3765,4.4475,255735.0,4.4475
2015-10-31,4.66045454545,4.74727272727,4.59954545455,4.68818181818,433600.0,4.68818181818
2015-11-30,5.3245,5.428,5.2535,5.359,597135.0,5.359
2015-12-31,5.36863636364,5.44272727273,5.27454545455,5.34590909091,351131.818182,5.34590909091
2016-01-31,4.61166666667,4.69388888889,4.49055555556,4.575,403250.0,4.575
2016-02-29,4.0525,4.145,3.9545,4.044,476050.0,4.044
2016-03-31,3.94636363636,4.03545454545,3.87636363636,3.94318181818,351654.545455,3.94318181818
2016-04-30,3.89857142857,3.95952380952,3.83619047619,3.89619047619,259580.952381,3.89619047619
2016-05-31,3.8025,3.8745,3.763,3.829,178205.0,3.829
2016-06-30,3.98136363636,4.03590909091,3.91545454545,3.975,210513.636364,3.975
2016-07-31,3.9925,4.062,3.944,4.007,203685.0,4.007
2016-08-31,3.856,3.879,3.782,3.813,127490.0,3.813
