Date,Open,High,Low,Close,Volume,Adj Close
2016-08-05,19.360001,19.584,19.360001,19.540001,19300,19.540001
2016-08-04,19.07,19.25,19.07,19.16,25800,19.16
2016-08-03,19.030001,19.16,19.02,19.10,22400,19.10
2016-08-02,19.224001,19.224001,19.087,19.120001,3400,19.120001
2016-08-01,19.120001,19.27,19.110001,19.197001,7500,19.197001
2016-07-29,19.459999,19.459999,19.25,19.33,587200,19.33
2016-07-28,19.33,19.440001,19.32,19.440001,5200,19.440001
2016-07-27,19.50,19.50,19.379999,19.450001,8900,19.450001
2016-07-26,19.315001,19.370001,19.23,19.370001,3300,19.370001
2016-07-25,19.18,19.18,19.129999,19.15,1200,19.15
2016-07-22,19.101,19.268999,19.101,19.268999,9000,19.268999
2016-07-21,19.379999,19.440001,19.177999,19.24,5600,19.24
2016-07-20,19.209999,19.372,19.148001,19.35,4200,19.35
2016-07-19,19.509001,19.509001,19.200001,19.200001,1500,19.200001
2016-07-18,19.450001,19.466,19.440001,19.450001,7400,19.450001
2016-07-15,19.40,19.42,19.33,19.41,6900,19.41
2016-07-14,19.379999,19.49,19.360001,19.360001,3900,19.360001
2016-07-13,19.434999,19.434999,19.434999,19.434999,100,19.434999
2016-07-12,19.059999,19.462999,19.059999,19.43,6600,19.43
2016-07-11,19.10,19.219999,19.10,19.209999,9800,19.209999
2016-07-08,18.801001,18.950001,18.73,18.950001,2100,18.950001
2016-07-07,18.312,18.370001,18.312,18.32,900,18.32
2016-07-06,18.059999,18.225,18.030001,18.225,900,18.225
2016-07-05,18.219999,18.219999,18.10,18.18,1900,18.18
2016-07-01,18.34,18.649,18.34,18.452,3700,18.452
2016-06-30,18.295,18.295,18.295,18.295,300,18.295
2016-06-29,17.771999,17.870001,17.771999,17.84,1900,17.84
2016-06-28,17.547001,17.57,17.530001,17.530001,1600,17.530001
2016-06-27,17.40,17.40,17.40,17.40,300,17.40
2016-06-24,18.132999,18.190001,17.99,18.028999,1900,18.028999
2016-06-23,18.645,18.85,18.645,18.799999,12900,18.799999
2016-06-22,18.50,18.549,18.40,18.459999,2000,18.459999
2016-06-21,18.416,18.416,18.35,18.403999,3900,18.403999
2016-06-20,18.589001,18.605,18.57,18.59,2700,18.59
2016-06-17,18.292999,18.309999,18.17,18.17,1400,18.17
2016-06-16,18.07,18.07,17.85,18.006001,2200,18.006001
2016-06-15,18.25,18.27,18.190001,18.190001,2200,18.190001
2016-06-14,18.17,18.188999,17.959999,18.01,9600,18.01
2016-06-13,18.450001,18.450001,18.41,18.41,300,18.41
2016-06-10,18.509001,18.509001,18.49,18.49,1000,18.49
2016-06-09,18.75,18.780001,18.700001,18.778999,3700,18.778999
2016-06-08,18.75,19.030001,18.75,19.002001,12200,19.002001
2016-06-07,18.549999,18.719999,18.549999,18.705999,5500,18.705999
2016-06-06,18.312,18.50,18.299999,18.50,13600,18.50
2016-06-03,18.33,18.33,18.110001,18.253,12300,18.253
2016-06-02,18.226999,18.288,18.226999,18.288,1200,18.288
2016-06-01,18.129999,18.25,18.129999,18.219999,7900,18.219999
2016-05-31,18.261,18.261,18.261,18.261,200,18.261
2016-05-27,18.059999,18.059999,18.030001,18.030001,2300,18.030001
2016-05-26,18.16,18.16,18.049999,18.061001,5600,18.061001
2016-05-25,17.92,18.200001,17.92,18.159,50600,18.159
2016-05-24,17.829,17.896,17.829,17.889999,800,17.889999
2016-05-23,17.57,17.688999,17.50,17.604,2900,17.604
2016-05-20,17.540001,17.540001,17.540001,17.540001,200,17.540001
2016-05-19,17.17,17.289,17.158001,17.26,2900,17.26
2016-05-18,17.51,17.51,17.360001,17.360001,800,17.360001
2016-05-17,17.60,17.74,17.40,17.40,2400,17.40
2016-05-16,17.379999,17.74,17.379999,17.719999,1900,17.719999
2016-05-13,17.67,17.67,17.42,17.440001,1400,17.440001
2016-05-12,17.
780001,17.799,17.67,17.677999,3100,17.677999
2016-05-11,17.790001,17.950001,17.790001,17.889,1400,17.889
2016-05-10,17.67,17.863001,17.658001,17.856001,3300,17.856001
2016-05-09,17.610001,17.610001,17.610001,17.610001,000,17.610001
2016-05-06,17.50,17.610001,17.50,17.610001,2000,17.610001
2016-05-05,17.660999,17.660999,17.551001,17.559999,5400,17.559999
2016-05-04,17.57,17.57,17.57,17.57,100,17.57
2016-05-03,17.77,17.77,17.719999,17.719999,1500,17.719999
2016-05-02,18.110001,18.110001,18.110001,18.110001,000,18.110001
2016-04-29,18.087,18.25,18.02,18.110001,3000,18.110001
2016-04-28,18.00,18.445,18.00,18.259001,1000,18.259001
2016-04-27,18.23,18.370001,18.200001,18.35,2300,18.35
2016-04-26,17.780001,17.780001,17.780001,17.780001,000,17.780001
2016-04-25,17.780001,17.780001,17.780001,17.780001,700,17.780001
2016-04-22,18.15,18.15,18.07,18.07,4000,18.07
2016-04-21,18.07,18.07,17.92,17.92,2200,17.92
2016-04-20,18.059999,18.118,18.059999,18.118,2600,18.118
2016-04-19,17.950001,18.145,17.950001,18.145,6300,18.145
2016-04-18,17.948999,17.948999,17.948999,17.948999,200,17.948999
2016-04-15,17.700001,17.83,17.700001,17.799999,3700,17.799999
2016-04-14,17.790001,17.84,17.790001,17.84,2000,17.84
2016-04-13,17.60,17.90,17.60,17.90,1400,17.90
2016-04-12,17.341999,17.534,17.341999,17.534,1200,17.534
2016-04-11,17.40,17.530001,17.274,17.274,600,17.274
2016-04-08,17.120001,17.120001,17.120001,17.120001,000,17.120001
2016-04-07,17.08,17.24,17.08,17.120001,6200,17.120001
2016-04-06,17.200001,17.280001,17.120001,17.280001,3800,17.280001
2016-04-05,17.139999,17.200001,17.139999,17.15,4900,17.15
2016-04-04,17.57,17.57,17.493999,17.493999,1600,17.493999
2016-04-01,17.355,17.542,17.355,17.542,1000,17.542
2016-03-31,17.68,17.68,17.57,17.57,4500,17.57
2016-03-30,17.549999,17.684,17.549999,17.610001,2700,17.610001
2016-03-29,17.16,17.57,17.16,17.559999,2200,17.559999
2016-03-28,17.23,17.23,17.23,17.23,200,17.23
2016-03-24,17.10,17.23,17.07,17.23,1500,17.23
2016-03-23,17.267,17.299999,17.209999,17.257999,2300,17.257999
2016-03-22,17.532,17.561001,17.50,17.50,1400,17.50
2016-03-21,17.360001,17.459999,17.35,17.459999,1800,17.459999
2016-03-18,17.52,17.52,17.375,17.379,1700,17.379
2016-03-17,17.059999,17.360001,17.059999,17.360001,1800,17.360001
2016-03-16,16.58,16.940001,16.58,16.940001,500,16.940001
2016-03-15,16.620001,16.719999,16.620001,16.719,3400,16.719
2016-03-14,16.906,16.92,16.895,16.895,2600,16.895
2016-03-11,16.790001,16.959999,16.790001,16.959999,1600,16.959999
2016-03-10,16.610001,16.610001,16.52,16.576,1700,16.576
2016-03-09,16.66,16.77,16.66,16.73,3300,16.73
2016-03-08,16.790001,16.83,16.67,16.67,6100,16.67
2016-03-07,16.92,17.02,16.879999,17.02,9400,17.02
2016-03-04,16.801001,16.85,16.66,16.700001,276300,16.700001
2016-03-03,16.24,16.450001,16.24,16.450001,3300,16.450001
2016-03-02,16.149,16.240999,16.149,16.200001,3800,16.200001
2016-03-01,15.892,16.16,15.892,16.16,4000,16.16
2016-02-29,15.86,15.936,15.78,15.78,3300,15.78
2016-02-26,15.64,15.74,15.59,15.73,10000,15.73
2016-02-25,15.34,15.44,15.25,15.44,59300,15.44
2016-02-24,14.80,14.95,14.71,14.95,1000,14.95
2016-02-23,15.09,15.09,14.98,14.98,400,14.98
2016-02-22,15.14,15.20,15.14,15.19,4300,15.19
2016-02-19,14.87,14.93,14.81,14.91,2900,14.91
2016-02-18,14.95,15.00,14.86,14.97,3200,14.97
2016-02-17,14.99,14.991,14.99,14.991,200,14.991
2016-02-16,14.67,14.71,14.63,14.70,16300,14.70
2016-02-12,14.42,14.51,14.24,14.39,13800,14.39
2016-02-11,13.86,14.16,13.86,14.16,21900,14.16
2016-02-10,14.49,14.499,14.356,14.356,4600,14.356
2016-02-09,14.24,14.32,14.24,14.27,12900,14.27
2016-02-08,14.35,14.36,14.34,14.36,1200,14.36
2016-02-05,14.94,14.97,14.75,14.77,33400,14.77
2016-02-04,15.17,15.17,14.99,14.99,3600,14.99
2016-02-03,14.781,14.817,14.781,14.817,2500,14.817
2016-02-02,14.91,14.91,14.72,14.72,14400,14.72
2016-02-01,15.09,15.16,14.95,15.16,4100,15.16
2016-01-29,14.75,15.19,14.75,15.19,6700,15.19
2016-01-28,14.21,14.68,14.21,14.56,11300,14.56
2016-01-27,14.54
,14.70,14.44,14.48,7500,14.48
2016-01-26,14.43,14.53,14.41,14.53,3100,14.53
2016-01-25,14.583,14.583,14.583,14.583,000,14.583
2016-01-22,14.67,14.88,14.58,14.583,4500,14.583
2016-01-21,14.508,14.572,14.375,14.46,6000,14.46
2016-01-20,13.811,14.49,13.77,14.42,194800,14.42
2016-01-19,14.82,14.82,14.206,14.41,3900,14.41
2016-01-15,14.481,14.68,14.33,14.61,2900,14.61
2016-01-14,14.82,14.997,14.72,14.91,1700,14.91
2016-01-13,15.162,15.21,14.62,14.65,21600,14.65
2016-01-12,15.28,15.28,14.96,15.14,15000,15.14
2016-01-11,15.30,15.32,14.97,15.14,7400,15.14
2016-01-08,15.49,15.493,15.28,15.384,2000,15.384
2016-01-07,15.674,15.675,15.38,15.38,11200,15.38
2016-01-06,15.94,16.127001,15.94,15.99,150200,15.99
2016-01-05,16.040001,16.15,16.01,16.15,5900,16.15
2016-01-04,15.981,16.16,15.981,16.16,1700,16.16
2015-12-31,16.66,16.66,16.51,16.51,22500,16.51
2015-12-30,16.855,16.855,16.75,16.76,6300,16.76
2015-12-29,16.791,16.889999,16.74,16.870001,76000,16.870001
2015-12-28,16.90,16.90,16.68,16.790001,17900,16.790001
2015-12-24,16.91,16.969999,16.91,16.969999,1100,16.969999
2015-12-23,16.73,16.910999,16.73,16.91,8700,16.91
2015-12-22,16.389999,16.57,16.32,16.549999,14600,16.504999
2015-12-21,16.35,16.475,16.280001,16.290001,67400,16.245708
2015-12-18,16.48,16.594999,16.40,16.40,4400,16.355407
2015-12-17,16.940001,16.940001,16.68,16.690001,4800,16.64462
2015-12-16,16.76,16.940001,16.709999,16.91,7300,16.864021
2015-12-15,16.559999,16.591,16.559999,16.591,5000,16.545888
2015-12-14,16.51,16.51,16.40,16.42,3300,16.375353
2015-12-11,16.709999,16.709999,16.540001,16.540001,2000,16.495028
2015-12-10,17.049999,17.07,17.049999,17.059999,2600,17.013613
2015-12-09,17.219999,17.252001,16.92,16.959999,11000,16.913884
2015-12-08,17.10,17.219999,17.049999,17.09,16300,17.043532
2015-12-07,17.524,17.524,17.35,17.363001,3100,17.31579
2015-12-04,17.68,17.84,17.68,17.83,147500,17.781519
2015-12-03,17.950001,18.049999,17.73,17.745001,1300,17.696751
2015-12-02,18.145,18.186001,17.879999,17.910999,5900,17.862298
2015-12-01,18.030001,18.10,17.959999,18.10,10700,18.050786
2015-11-30,17.969999,18.02,17.969999,17.974001,3500,17.925129
2015-11-27,17.77,17.77,17.77,17.77,200,17.721683
2015-11-25,17.709999,17.709999,17.709999,17.709999,100,17.661845
2015-11-24,17.34,17.667999,17.33,17.66,4100,17.611982
2015-11-23,17.384001,17.440001,17.34,17.370001,35200,17.322771
2015-11-20,17.450001,17.465,17.389999,17.389999,5900,17.342715
2015-11-19,17.299999,17.299999,17.26,17.26,2300,17.21307
2015-11-18,17.059999,17.309999,17.059999,17.309999,6500,17.262933
2015-11-17,16.969999,17.040001,16.92,16.92,4000,16.873994
2015-11-16,16.90,17.030001,16.90,17.01,15600,16.963749
2015-11-13,16.60,16.950001,16.60,16.782,4700,16.736369
2015-11-12,16.905001,16.905001,16.719999,16.74,4300,16.694483
2015-11-11,17.139,17.200001,17.014999,17.15,8100,17.103368
2015-11-10,17.049,17.128,17.049,17.094999,2500,17.048517
2015-11-09,17.00,17.00,16.931999,16.98,2000,16.93383
2015-11-06,16.995001,17.24,16.990999,17.24,4400,17.193123
2015-11-05,17.101,17.271999,17.101,17.24,4000,17.193123
2015-11-04,17.26,17.26,17.129999,17.129999,3100,17.083422
2015-11-03,17.10,17.27,17.10,17.24,29900,17.193123
2015-11-02,16.889999,17.15,16.83,17.145,9100,17.098382
2015-10-30,16.870001,16.870001,16.76,16.76,1300,16.714429
2015-10-29,16.700001,16.77,16.67,16.719,3300,16.67354
2015-10-28,16.59,16.68,16.354,16.68,11600,16.634647
2015-10-27,16.379999,16.379999,16.07,16.117001,7000,16.073178
2015-10-26,16.639999,16.665001,16.506001,16.506001,2600,16.4
6112
2015-10-23,16.639999,16.639999,16.620001,16.639999,2200,16.594754
2015-10-22,16.139999,16.51,16.139999,16.40,7600,16.355407
2015-10-21,16.35,16.35,16.07,16.07,23000,16.026305
2015-10-20,16.157,16.34,16.157,16.243999,15000,16.199831
2015-10-19,16.129999,16.143999,16.059999,16.08,8100,16.036278
2015-10-16,16.438,16.438,16.07,16.18,10800,16.136006
2015-10-15,16.42,16.639999,16.306,16.639999,8900,16.594754
2015-10-14,16.68,16.68,16.35,16.35,11400,16.305544
2015-10-13,16.700001,16.832001,16.58,16.58,8800,16.534918
2015-10-12,16.964001,16.964001,16.76,16.799999,48600,16.754319
2015-10-09,16.959999,17.00,16.941,16.959999,12500,16.913884
2015-10-08,16.34,16.92,16.34,16.92,21000,16.873994
2015-10-07,16.40,16.426001,16.110001,16.344999,24600,16.300557
2015-10-06,16.10,16.17,16.02,16.049999,31400,16.006359
2015-10-05,15.42,15.996,15.42,15.99,18700,15.946522
2015-10-02,14.92,15.33,14.92,15.33,6000,15.288317
2015-10-01,15.14,15.14,14.98,15.08,7000,15.038997
2015-09-30,15.10,15.29,15.10,15.29,8800,15.248426
2015-09-29,15.11,15.11,14.945,15.03,19100,14.989132
2015-09-28,15.30,15.30,15.19,15.19,13500,15.148697
2015-09-25,15.60,15.60,15.43,15.43,33800,15.388045
2015-09-24,15.49,15.60,15.39,15.57,30500,15.527664
2015-09-23,15.93,15.93,15.60,15.64,27000,15.597474
2015-09-22,16.00,16.01,15.84,15.88,28800,15.817873
2015-09-21,16.25,16.362,16.15,16.200001,37600,16.136622
2015-09-18,16.389,16.41,16.211,16.211,10300,16.147579
2015-09-17,16.695999,16.82,16.59,16.59,3000,16.525096
2015-09-16,16.582001,16.700001,16.582001,16.68,24000,16.614744
2015-09-15,16.290001,16.525,16.290001,16.50,75100,16.435448
2015-09-14,16.389999,16.389999,16.27,16.290001,35200,16.22627
2015-09-11,16.27,16.389999,16.17,16.389999,62200,16.325877
2015-09-10,16.309999,16.459999,16.309999,16.41,2400,16.345799
2015-09-09,16.559999,16.690001,16.52,16.540001,11500,16.475292
2015-09-08,16.969999,16.969999,16.530001,16.57,3300,16.505173
2015-09-04,16.32,16.326,16.27,16.27,8200,16.206348
2015-09-03,16.408001,16.450001,16.379999,16.379999,1700,16.315916
2015-09-02,16.379999,16.379999,16.143,16.280001,19300,16.216309
2015-09-01,16.440001,16.540001,16.15,16.15,10200,16.086816
2015-08-31,16.360001,16.67,16.35,16.639999,19100,16.574899
2015-08-28,16.280001,16.42,16.280001,16.389999,2700,16.325877
2015-08-27,15.89,16.209999,15.89,16.09,27400,16.027052
2015-08-26,16.530001,16.530001,15.60,15.71,5200,15.648538
2015-08-25,16.530001,16.530001,15.48,15.519,10600,15.458286
2015-08-24,15.47,16.18,14.95,15.80,9600,15.738186
2015-08-21,16.34,16.370001,16.23,16.280001,9600,16.216309
2015-08-20,16.610001,16.610001,16.389999,16.389999,5700,16.325877
2015-08-19,16.84,16.872999,16.725,16.799999,4800,16.734273
2015-08-18,17.120001,17.120001,16.889999,16.93,4100,16.863766
2015-08-17,16.950001,17.129999,16.93,17.10,36700,17.033101
2015-08-14,17.07,17.10,17.02,17.07,51100,17.003217
2015-08-13,16.99,17.080999,16.99,17.059999,5900,16.993256
2015-08-12,16.843,17.025999,16.700001,17.025999,6700,16.959389
2015-08-11,17.004,17.034,16.84,16.93,30700,16.863766
2015-08-10,17.01,17.148001,17.01,17.129999,28500,17.062982
2015-08-07,17.07,17.07,16.82,16.84,17400,16.774118
2015-08-06,16.976,17.120001,16.969999,17.040001,72700,16.973336
2015-08-05,17.264999,17.264999,16.969999,17.02,9200,16.953414
2015-08-04,17.209999,17.235001,17.040001,17.110001,24400,17.043062
2015-08-03,17.559999,17.559999,17.18,17.209999,71000,17.142669
2015-07-31,17.559999,17.559999,17.290001,17.469999,55900,17.401652
2015-07-30,17.120001,17.389999,17.120001,17.30
9999,22500,17.242278
2015-07-29,16.959999,17.32,16.959999,17.309999,18300,17.242278
2015-07-28,16.90,17.110001,16.809999,17.040001,69100,16.973336
2015-07-27,17.10,17.10,16.870001,16.93,56700,16.863766
2015-07-24,17.370001,17.370001,17.02,17.08,92300,17.013178
2015-07-23,17.57,17.688,17.41,17.41,50500,17.341887
2015-07-22,17.774,17.790001,17.709999,17.75,78600,17.680557
2015-07-21,17.780001,17.846001,17.780001,17.799999,6700,17.730361
2015-07-20,18.02,18.02,17.809999,17.85,6200,17.780166
2015-07-17,17.937,18.00,17.92,17.98,9600,17.909657
2015-07-16,17.988001,18.115,17.955999,17.98,6600,17.909657
2015-07-15,18.15,18.15,17.870001,17.870001,4700,17.800089
2015-07-14,18.23,18.294001,18.23,18.280001,21900,18.208484
2015-07-13,18.08,18.23,18.08,18.200001,14100,18.128797
2015-07-10,17.959999,18.040001,17.93,18.040001,6300,17.969424
2015-07-09,17.90,17.90,17.77,17.795,3200,17.725381
2015-07-08,17.82,17.856001,17.795,17.83,3700,17.760244
2015-07-07,18.389999,18.389999,17.83,18.110001,10500,18.039149
2015-07-06,18.040001,18.15,18.02,18.105,8100,18.034168
2015-07-02,18.41,18.41,18.188999,18.23,3800,18.158679
2015-07-01,18.139999,18.440001,18.139999,18.389999,21000,18.318053
2015-06-30,18.41,18.41,18.187,18.190001,3300,18.118836
2015-06-29,18.450001,18.465,18.190001,18.24,3300,18.16864
2015-06-26,18.577999,18.629,18.549999,18.60,6000,18.527232
2015-06-25,18.538,18.559999,18.538,18.559999,1600,18.487388
2015-06-24,18.860001,18.860001,18.58,18.65,8800,18.577036
2015-06-23,18.83,18.891001,18.82,18.891001,8300,18.803149
2015-06-22,18.82,18.85,18.780001,18.83,11500,18.742432
2015-06-19,18.65,18.819,18.65,18.819,14900,18.731483
2015-06-18,18.652,18.698999,18.639999,18.67,10500,18.583176
2015-06-17,18.57,18.57,18.540001,18.57,1100,18.48364
2015-06-16,18.51,18.65,18.51,18.65,2800,18.563268
2015-06-15,18.440001,18.52,18.440001,18.52,16700,18.433874
2015-06-12,18.60,18.73,18.60,18.68,74900,18.593129
2015-06-11,18.73,18.73,18.690001,18.709999,3200,18.622989
2015-06-10,18.49,18.790001,18.49,18.66,3800,18.573222
2015-06-09,18.51,18.51,18.370001,18.379999,4100,18.294523
2015-06-08,18.540001,18.540001,18.459999,18.459999,3300,18.374151
2015-06-05,18.32,18.475,18.32,18.459999,6400,18.374151
2015-06-04,18.549999,18.549999,18.389999,18.396,15800,18.31045
2015-06-03,18.459999,18.676001,18.440001,18.639999,4400,18.553315
2015-06-02,18.252001,18.459999,18.252001,18.379999,20300,18.294523
2015-06-01,18.24,18.280001,17.99,18.25,7200,18.165129
2015-05-29,18.129999,18.149,18.040001,18.129999,4800,18.045686
2015-05-28,18.257999,18.261,18.139999,18.209999,17700,18.125314
2015-05-27,18.07,18.32,18.07,18.32,22600,18.234803
2015-05-26,18.110001,18.17,18.059999,18.139999,25100,18.05564
2015-05-22,18.49,18.513,18.40,18.40,4100,18.314431
2015-05-21,18.620001,18.68,18.598,18.610001,3700,18.523455
2015-05-20,18.33,18.610001,18.33,18.610001,17600,18.523455
2015-05-19,18.49,18.49,18.309999,18.35,6100,18.264664
2015-05-18,18.330999,18.455,18.25,18.450001,22200,18.3642
2015-05-15,18.32,18.40,18.24,18.381001,13100,18.29552
2015-05-14,18.299999,18.41,18.290001,18.360001,5300,18.274618
2015-05-13,18.176001,18.18,18.07,18.18,8100,18.095455
2015-05-12,17.90,18.129999,17.90,18.110001,4200,18.025781
2015-05-11,18.219999,18.379999,18.219999,18.27,18600,18.185036
2015-05-08,18.25,18.25,18.139999,18.200001,7100,18.115362
2015-05-07,17.969999,18.440001,17.969999,18.129999,4400,18.045686
2015-05-06,18.292999,18.292999,18.09,18.219999,22800,18.135268
2015-05-05,18.287001,18.299999,18.08,18.16,15400,18.075547
2015-05-04,18.389999,18.40,18.301001,18.34,11100,18.25471
2015-05-01,18.360001,18.360001,18.09,18.209999,9000,18.125314
2015-04-30,18.2
80001,18.370001,18.077,18.129999,27100,18.045686
2015-04-29,18.60,18.75,18.60,18.639999,6100,18.553315
2015-04-28,18.719999,18.790001,18.639999,18.739,10400,18.651855
2015-04-27,18.719999,18.941999,18.58,18.58,85400,18.493594
2015-04-24,18.75,18.764,18.690001,18.721001,214200,18.633939
2015-04-23,18.787001,18.92,18.77,18.870001,10600,18.782246
2015-04-22,18.711,18.870001,18.700001,18.790001,2900,18.702619
2015-04-21,18.719999,18.85,18.719999,18.82,9100,18.732478
2015-04-20,19.08,19.08,18.82,18.84,6800,18.752385
2015-04-17,18.950001,18.950001,18.780001,18.799999,4600,18.71257
2015-04-16,19.299,19.299,19.183001,19.183001,1100,19.093791
2015-04-15,19.275999,19.52,19.275999,19.469999,7000,19.379455
2015-04-14,19.118,19.118,18.959999,19.09,14300,19.001223
2015-04-13,19.040001,19.09,19.00,19.011999,3200,18.923584
2015-04-10,19.049999,19.049999,18.923,18.959999,12200,18.871826
2015-04-09,19.190001,19.190001,18.959999,18.992001,4000,18.903679
2015-04-08,19.07,19.120001,19.011,19.120001,2800,19.031084
2015-04-07,19.110001,19.221001,19.09,19.09,12600,19.001223
2015-04-06,19.030001,19.110001,19.02,19.08,12900,18.991269
2015-04-02,19.139999,19.139999,19.021999,19.08,6800,18.991269
2015-04-01,19.030001,19.076,18.889999,18.954,10000,18.865855
2015-03-31,18.83,18.993999,18.83,18.99,4100,18.901687
2015-03-30,18.830999,19.030001,18.830999,19.030001,33900,18.941502
2015-03-27,18.541,18.620001,18.51,18.60,7000,18.513502
2015-03-26,18.41,18.549999,18.41,18.469999,38100,18.384105
2015-03-25,18.65,18.65,18.450001,18.50,7700,18.413966
2015-03-24,18.700001,18.712999,18.681999,18.712999,6100,18.625975
2015-03-23,18.598,18.780001,18.598,18.76,7600,18.672757
2015-03-20,18.610001,18.610001,18.417999,18.60,278900,18.513502
2015-03-19,18.360001,18.41,18.290001,18.35,473100,18.264664
2015-03-18,18.233999,18.440001,18.17,18.43,13400,18.344292
2015-03-17,18.23,18.32,18.190001,18.32,6200,18.234803
2015-03-16,18.23,18.23,18.16,18.17,27200,18.085501
2015-03-13,18.111,18.200001,18.00,18.17,24400,18.085501
2015-03-12,18.01,18.312,18.01,18.290001,26900,18.204944
2015-03-11,17.780001,17.813999,17.711,17.799999,24000,17.717221
2015-03-10,17.809999,17.879999,17.75,17.77,27900,17.687362
2015-03-09,18.129999,18.16,18.10,18.120001,10900,18.035734
2015-03-06,18.237,18.290001,18.02,18.059999,237600,17.976012
2015-03-05,18.171,18.299999,18.171,18.299999,325000,18.214896
2015-03-04,18.330999,18.330999,18.110001,18.23,587900,18.145221
2015-03-03,18.528999,18.528999,18.389999,18.41,11300,18.324385
2015-03-02,18.379999,18.610001,18.379999,18.57,19700,18.48364
2015-02-27,18.379999,18.52,18.35,18.469999,15200,18.384105
2015-02-26,18.43,18.450001,18.32,18.43,22900,18.344292
2015-02-25,18.440001,18.440001,18.309999,18.440001,24900,18.354246
2015-02-24,18.25,18.34,18.17,18.24,20200,18.155175
2015-02-23,17.99,18.076,17.952,18.059999,9900,17.976012
2015-02-20,17.93,18.139999,17.93,18.125,20900,18.04071
2015-02-19,18.10,18.190001,18.00,18.10,14800,18.015827
2015-02-18,18.049999,18.27,18.049999,18.209999,24300,18.125314
2015-02-17,18.219999,18.26,18.034,18.09,21200,18.005873
2015-02-13,18.10,18.200001,17.969999,18.17,50500,18.085501
2015-02-12,17.91,17.969999,17.879999,17.940001,24100,17.856571
2015-02-11,17.879,17.879,17.674999,17.799999,20800,17.717221
2015-02-10,17.969999,17.969999,17.709999,17.83,26300,17.747082
2015-02-09,17.91,18.09,17.67,17.927999,33200,17.844626
2015-02-06,17.700001,17.959999,17.700001,17.790001,29600,17.707269
2015-02-05,17.507999,17.74,17.507999,17.719999,30700,17.637593
2015-02-04,17.639999,17.639999,17.32,17.35,24800,17.2
69315
2015-02-03,17.43,17.85,17.43,17.85,53900,17.766989
2015-02-02,16.719999,17.23,16.719999,17.23,72500,17.149872
2015-01-30,16.93,16.93,16.639999,16.683001,40500,16.605417
2015-01-29,16.860001,17.09,16.73,17.059999,76400,16.980662
2015-01-28,17.280001,17.280001,16.719999,16.75,30800,16.672105
2015-01-27,17.08,17.18,16.90,17.10,74200,17.020477
2015-01-26,17.120001,17.309999,16.951,17.27,53600,17.189687
2015-01-23,17.00,17.09,16.91,17.02,69900,16.940849
2015-01-22,16.75,17.049999,16.639999,17.02,254400,16.940849
2015-01-21,16.51,16.700001,16.51,16.65,92300,16.572569
2015-01-20,16.99,16.99,16.459999,16.549999,150200,16.473034
2015-01-16,16.610001,16.90,16.576,16.90,111800,16.821407
2015-01-15,16.99,16.99,16.57,16.59,87800,16.512849
2015-01-14,16.870001,17.02,16.728001,16.940001,52900,16.861222
2015-01-13,17.299999,17.59,16.940001,17.139999,41900,17.06029
2015-01-12,17.58,17.73,17.124001,17.17,39100,17.090151
2015-01-09,17.75,17.860001,17.52,17.52,5400,17.438524
2015-01-08,17.700001,17.860001,17.639999,17.806999,20100,17.724188
2015-01-07,17.559999,17.59,17.370001,17.48,22400,17.398709
2015-01-06,17.809999,17.809999,17.26,17.440001,59900,17.358896
2015-01-05,17.969999,18.184999,17.775999,17.790001,31300,17.707269
2015-01-02,18.280001,18.33,18.002001,18.190001,12400,18.105408
2014-12-31,18.441,18.59,18.33,18.33,15800,18.244757
2014-12-30,18.459999,18.57,18.459999,18.49,241000,18.404013
2014-12-29,18.450001,18.68,18.450001,18.549999,31600,18.463733
2014-12-26,18.33,18.59,18.33,18.49,20400,18.404013
2014-12-24,18.32,18.469999,18.32,18.389999,16900,18.304477
2014-12-23,18.08,18.469999,18.08,18.389999,51500,18.304477
2014-12-22,18.18,18.18,17.940001,18.16,70200,18.045688
2014-12-19,18.01,18.01,17.799999,17.91,9800,17.797261
2014-12-18,17.75,17.940001,17.653999,17.889999,57400,17.777387
2014-12-17,16.690001,17.57,16.620001,17.527,76400,17.416673
2014-12-16,16.91,17.32,16.040001,16.969999,41900,16.863178
2014-12-15,17.25,17.337,16.85,16.99,15200,16.883052
2014-12-12,16.90,17.280001,16.76,17.120001,27600,17.012235
2014-12-11,17.76,17.93,17.450001,17.450001,72900,17.340158
2014-12-10,17.889999,18.18,17.59,17.620001,36100,17.509088
2014-12-09,17.84,18.299999,17.74,18.299999,30700,18.184806
2014-12-08,18.27,18.389999,17.93,17.93,23300,17.817136
2014-12-05,18.450001,18.509001,18.290001,18.41,95200,18.294114
2014-12-04,18.299999,18.459999,18.190001,18.26,34500,18.145059
2014-12-03,17.92,18.440001,17.92,18.370001,77300,18.254367
2014-12-02,17.58,18.10,17.57,18.00,72100,17.886695
2014-12-01,18.049999,18.049999,17.530001,17.66,267000,17.548835
2014-11-28,19.24,19.24,18.32,18.32,9200,18.20468
2014-11-26,19.26,19.26,18.995001,19.049999,152800,18.930085
2014-11-25,19.01,19.10,18.940001,19.10,481500,18.979771
2014-11-24,18.860001,18.879999,18.75,18.879999,24600,18.761155
2014-11-21,18.93,19.059999,18.67,18.700001,94200,18.582289
2014-11-20,18.42,18.700001,18.200001,18.700001,20800,18.582289
2014-11-19,18.860001,18.860001,18.42,18.42,81600,18.304051
2014-11-18,18.780001,18.860001,18.73,18.75,20000,18.631974
2014-11-17,18.90,18.90,18.58,18.58,27700,18.463044
2014-11-14,18.99,18.99,18.67,18.82,12800,18.701533
2014-11-13,19.200001,19.200001,18.790001,18.792,27700,18.673709
2014-11-12,19.00,19.129999,18.969999,19.129999,21500,19.009581
2014-11-11,19.09,19.09,18.98,19.08,48200,18.959897
2014-11-10,19.35,19.35,19.01,19.120001,56400,18.999646
2014-11-
07,19.209999,19.219999,19.08,19.17,10000,19.04933
2014-11-06,18.77,19.059999,18.77,19.030001,17300,18.910212
2014-11-05,19.18,19.18,18.84,18.860001,27600,18.741282
2014-11-04,19.09,19.09,18.875999,18.98,62500,18.860526
2014-11-03,19.139999,19.26,19.030001,19.07,31500,18.949959
2014-10-31,19.030001,19.299999,19.030001,19.25,83800,19.128826
2014-10-30,18.84,18.98,18.540001,18.84,25700,18.721407
2014-10-29,19.038,19.038,18.66,18.780001,23800,18.661786
2014-10-28,18.209999,18.92,18.209999,18.870001,50000,18.751219
2014-10-27,18.26,18.26,18.00,18.15,28500,18.03575
2014-10-24,18.18,18.309999,18.18,18.309999,17200,18.194743
2014-10-23,18.09,18.389999,17.99,18.200001,40500,18.085437
2014-10-22,18.290001,18.290001,17.82,17.82,36000,17.707828
2014-10-21,17.799999,18.118999,17.75,18.09,23700,17.976129
2014-10-20,17.68,17.700001,17.51,17.549999,26400,17.439527
2014-10-17,17.92,17.969999,17.700001,17.73,46400,17.618394
2014-10-16,17.379999,17.75,17.10,17.709999,299700,17.598519
2014-10-15,17.00,17.40,16.620001,17.40,91600,17.290471
2014-10-14,18.040001,18.040001,17.149,17.219999,72500,17.111604
2014-10-13,17.24,17.379999,17.059999,17.09,380900,16.982423
2014-10-10,17.33,17.48,17.190001,17.200001,40300,17.091731
2014-10-09,17.860001,17.860001,17.40,17.412001,21400,17.302397
2014-10-08,17.639999,18.02,17.50,18.02,81900,17.906569
2014-10-07,17.799999,17.902,17.700001,17.700001,10000,17.588584
2014-10-06,18.200001,18.200001,17.959999,18.01,14200,17.896632
2014-10-03,18.219999,18.299999,18.110001,18.110001,17700,17.996003
2014-10-02,17.889999,18.219999,17.889999,18.110001,453200,17.996003
2014-10-01,18.09,18.25,18.01,18.049999,270100,17.936379
2014-09-30,18.450001,18.584999,18.354,18.354,32700,18.238467
2014-09-29,18.466,18.629999,18.466,18.59,10000,18.472981
2014-09-26,18.68,18.68,18.58,18.67,15100,18.552478
2014-09-25,18.82,18.82,18.530001,18.530001,28300,18.413359
2014-09-24,18.75,18.860001,18.736,18.84,7400,18.721407
2014-09-23,18.858,18.98,18.790001,18.870001,14400,18.751219
2014-09-22,19.01,19.01,18.950001,18.98,6300,18.853569
2014-09-19,19.540001,19.540001,19.18,19.219999,47500,19.09197
2014-09-18,19.35,19.440001,19.34,19.42,12600,19.290639
2014-09-17,19.309999,19.42,19.209999,19.309999,25500,19.181371
2014-09-16,19.309999,19.309999,19.054001,19.209999,17800,19.082037
2014-09-15,19.332001,19.332001,19.120001,19.18,10300,19.052238
2014-09-12,19.51,19.518999,19.322001,19.370001,17900,19.240973
2014-09-11,19.48,19.59,19.400999,19.587,27700,19.456526
2014-09-10,19.379999,19.459999,19.280001,19.440001,25300,19.310506
2014-09-09,19.396999,19.424999,19.32,19.34,4000,19.211172
2014-09-08,19.530001,19.610001,19.48,19.50,18800,19.370106
2014-09-05,19.389999,19.459999,19.34,19.459999,548700,19.330371
2014-09-04,19.65,19.65,19.40,19.40,40600,19.270772
2014-09-03,19.690001,19.690001,19.42,19.43,11800,19.300572
2014-09-02,19.40,19.610001,19.40,19.57,65300,19.439639
2014-08-29,19.379999,19.379999,19.261,19.34,2000,19.211172
2014-08-28,19.34,19.34,19.25,19.299999,55300,19.171437
2014-08-27,19.469999,19.48,19.32,19.40,32100,19.270772
2014-08-26,19.219999,19.459999,19.219999,19.43,93000,19.300572
2014-08-25,19.219999,19.32,19.16,19.219999,24900,19.09197
2014-08-22,19.040001,19.129999,18.986,19.10,8400,18.972771
2014-08-21,18.93,19.129999,18.799999,19.10,8800,18.972771
2014-08-20,19.09,19.09,18.959999,19.02,16900,18.893304
2014-08-19,19.23,19.23,19.09,19.10,566100,18.972771
2014-08-18,19.07,19.08,18.940001,19.07,90700,18.94297
2014-08-15,18.91,18.92,18.
59,18.73,60100,18.605235
2014-08-14,18.639999,18.77,18.639999,18.77,23900,18.644969
2014-08-13,18.549999,18.73,18.549999,18.67,9700,18.545635
2014-08-12,18.690001,18.719999,18.450001,18.554001,98000,18.430408
2014-08-11,18.50,18.811001,18.50,18.68,12000,18.555568
2014-08-08,18.309999,18.440001,18.16,18.42,81100,18.2973
2014-08-07,18.379999,18.379999,18.09,18.17,239000,18.048965
2014-08-06,18.120001,18.309999,18.02,18.23,13500,18.108565
2014-08-05,17.92,18.280001,17.92,18.115,6500,17.994331
2014-08-04,17.99,18.08,17.77,18.08,16100,17.959565
2014-08-01,17.90,17.90,17.52,17.639999,163800,17.522495
2014-07-31,18.209999,18.219999,17.690001,17.73,29000,17.611896
2014-07-30,18.18,18.219999,18.129999,18.209999,15400,18.088698
2014-07-29,18.311001,18.311001,18.139999,18.155001,19700,18.034066
2014-07-28,18.25,18.280001,18.129999,18.190001,24100,18.068833
2014-07-25,18.42,18.50,18.389999,18.42,12100,18.2973
2014-07-24,18.780001,18.780001,18.59,18.60,4900,18.476101
2014-07-23,18.75,18.84,18.67,18.68,10800,18.555568
2014-07-22,18.665001,18.802,18.66,18.75,23600,18.625102
2014-07-21,18.50,18.59,18.459999,18.57,11300,18.446301
2014-07-18,18.48,18.700001,18.48,18.690001,17300,18.565502
2014-07-17,18.780001,18.780001,18.396,18.48,43300,18.3569
2014-07-16,19.02,19.02,18.719999,18.719999,81300,18.595301
2014-07-15,19.10,19.10,18.73,18.780001,10200,18.654903
2014-07-14,18.98,18.99,18.92,18.92,6900,18.793969
2014-07-11,18.790001,18.809999,18.77,18.77,3100,18.644969
2014-07-10,18.84,18.917,18.809999,18.85,8000,18.724436
2014-07-09,19.27,19.309999,19.120001,19.120001,29800,18.992638
2014-07-08,19.200001,19.280001,19.120001,19.24,33700,19.111838
2014-07-07,19.870001,19.870001,19.360001,19.360001,12900,19.231039
2014-07-03,19.60,19.809999,19.60,19.768999,11000,19.637313
2014-07-02,19.73,19.73,19.559999,19.58,16500,19.449573
2014-07-01,19.60,19.700001,19.60,19.60,11400,19.46944
2014-06-30,19.280001,19.42,19.280001,19.41,20900,19.280705
2014-06-27,19.280001,19.33,19.280001,19.32,6700,19.191305
2014-06-26,19.41,19.41,19.139999,19.17,12300,19.042304
2014-06-25,19.040001,19.209999,19.02,19.200001,8700,19.072105
2014-06-24,19.360001,19.42,19.118,19.118,12800,18.990651
2014-06-23,19.52,19.52,19.209999,19.27,21700,19.141638
2014-06-20,19.398001,19.40,19.312,19.360001,20300,19.231039
2014-06-19,19.18,19.32,19.18,19.32,12500,19.191305
2014-06-18,19.190001,19.236,19.040001,19.236,9300,19.107865
2014-06-17,19.02,19.209999,18.900999,19.115999,16400,18.988663
2014-06-16,18.879999,19.01,18.870001,19.00,10400,18.873437
2014-06-13,19.120001,19.16,18.99,19.02,18000,18.893304
2014-06-12,19.18,19.24,19.030001,19.07,22700,18.94297
2014-06-11,19.60,19.60,19.290001,19.33,7700,19.201238
2014-06-10,19.690001,19.690001,19.49,19.559999,29800,19.429706
2014-06-09,19.33,19.620001,19.33,19.620001,15100,19.489307
2014-06-06,19.33,19.40,19.25,19.40,46300,19.270772
2014-06-05,18.737,19.08,18.722,19.08,18000,18.952904
2014-06-04,18.620001,18.693001,18.559999,18.59,22600,18.466168
2014-06-03,18.809999,19.209999,18.60,18.67,5200,18.545635
2014-06-02,18.639999,18.82,18.620001,18.75,6600,18.625102
2014-05-30,19.030001,19.059999,18.879999,18.92,89100,18.793969
2014-05-29,19.049999,19.08,18.92,18.98,16100,18.853569
2014-05-28,19.27,19.27,19.00,19.07,41200,18.94297
2014-05-27,19.01,19.25,19.01,19.139999,23600,19.012503
2014-05-23,18.549999,18.809999,18.549999,18.805,10200,18.679736
2014-05-22,18.610001,18.620001,18.440001,18.549999,34800,18.426433
2014-05-21,18.469999,18.51,18.34,18.49,10500,18.366834
2014-05-20,18.709999,18.85,18.34,18.43,22700,18.307234
2014-05-19,18.50,18.75,18.50,18.75,23900,18.625102
2014-05-16,18.629999,18.
629999,18.23,18.52,30400,18.396634
2014-05-15,19.059999,19.059999,18.17,18.40,25400,18.277433
2014-05-14,18.809999,18.809999,18.540001,18.58,30300,18.456234
2014-05-13,19.16,19.190001,18.959999,18.99,45700,18.863503
2014-05-12,18.77,19.17,18.77,19.15,48000,19.022437
2014-05-09,18.549999,18.639999,18.309999,18.639999,43900,18.515834
2014-05-08,18.700001,18.77,18.35,18.43,20600,18.307234
2014-05-07,18.85,18.85,18.559,18.719,21800,18.594308
2014-05-06,18.90,18.93,18.67,18.719999,22200,18.595301
2014-05-05,18.865,18.969999,18.865,18.969999,11200,18.843636
2014-05-02,19.219999,19.25,19.110001,19.110001,21700,18.982704
2014-05-01,19.35,19.35,18.860001,18.997,134400,18.870456
2014-04-30,19.040001,19.177999,19.01,19.17,8800,19.042304
2014-04-29,19.280001,19.33,19.017,19.059,48300,18.932044
2014-04-28,19.284,19.299999,18.879999,19.110001,27900,18.982704
2014-04-25,19.309999,19.35,19.15,19.200001,19800,19.072105
2014-04-24,19.60,19.60,19.41,19.518,21600,19.387986
2014-04-23,19.719999,19.719999,19.459999,19.50,19100,19.370106
2014-04-22,19.40,19.629999,19.40,19.59,7400,19.459507
2014-04-21,19.365,19.370001,19.25,19.357,9100,19.228059
2014-04-17,19.190001,19.370001,19.139999,19.33,77500,19.201238
2014-04-16,19.16,19.16,18.969999,19.129999,15200,19.00257
2014-04-15,19.049999,19.09,18.57,18.93,51000,18.803903
2014-04-14,19.25,19.25,18.75,18.889999,12400,18.764169
2014-04-11,19.18,19.18,18.84,18.889999,107500,18.764169
2014-04-10,19.43,19.450001,18.964001,19.049999,67300,18.923103
2014-04-09,19.41,19.450001,19.200001,19.450001,39400,19.32044
2014-04-08,19.129999,19.257999,19.049999,19.17,13000,19.042304
2014-04-07,19.51,19.51,18.902,18.978001,17200,18.851584
2014-04-04,20.01,20.01,19.370001,19.41,31000,19.280705
2014-04-03,19.870001,19.90,19.73,19.82,47400,19.687974
2014-04-02,19.860001,19.950001,19.832001,19.940001,27800,19.807175
2014-04-01,19.66,19.82,19.65,19.799999,13800,19.668107
2014-03-31,19.48,19.67,19.473,19.610001,10500,19.479374
2014-03-28,19.440001,19.50,19.23,19.26,37600,19.131705
2014-03-27,19.309999,19.370001,19.15,19.209999,22000,19.082037
2014-03-26,19.91,19.91,19.40,19.41,38600,19.280705
2014-03-25,19.84,19.860001,19.676001,19.73,5100,19.598573
2014-03-24,20.10,20.110001,19.57,19.68,60500,19.548907
2014-03-21,19.959999,20.049999,19.85,19.889999,16900,19.757507
2014-03-20,19.90,19.90,19.780001,19.83,45400,19.697908
2014-03-19,20.030001,20.030001,19.700001,19.799999,73300,19.668107
2014-03-18,19.66,19.870001,19.610001,19.83,41800,19.697908
2014-03-17,19.77,19.77,19.67,19.67,8200,19.538974
2014-03-14,19.60,19.610001,19.525,19.525,1093600,19.394939
2014-03-13,20.190001,20.190001,19.440001,19.52,8800,19.389973
2014-03-12,19.719999,19.83,19.719999,19.83,1200,19.697908
2014-03-11,20.01,20.01,19.690001,19.690001,1300,19.558841