Date,Open,High,Low,Close,Volume,Adj Close
2016-08-04,22.15,22.15,22.10,22.139999,2000,22.139999
2016-08-03,22.190001,22.190001,22.07,22.17,500,22.17
2016-08-02,22.200001,22.200001,21.83,21.83,1000,21.83
2016-08-01,22.09,22.09,22.09,22.09,000,22.09
2016-07-29,22.09,22.09,22.09,22.09,300,22.09
2016-07-28,21.83,22.209999,21.620001,22.200001,1100,22.200001
2016-07-27,21.790001,22.040001,21.629999,22.00,5100,22.00
2016-07-26,21.92,22.27,21.780001,22.27,5600,22.187001
2016-07-25,21.90,21.90,21.809999,21.90,1400,21.818379
2016-07-22,21.99,22.08,21.879999,21.879999,3700,21.798453
2016-07-21,22.190001,22.200001,21.879999,22.040001,8900,21.957859
2016-07-20,22.129999,22.76,22.00,22.18,21100,22.097336
2016-07-19,22.530001,22.540001,22.15,22.15,1600,22.067447
2016-07-18,22.530001,22.530001,22.530001,22.530001,300,22.446032
2016-07-15,22.41,22.41,22.209999,22.32,1400,22.236814
2016-07-14,22.41,22.41,22.32,22.41,900,22.326479
2016-07-13,22.450001,22.450001,22.40,22.40,1300,22.316516
2016-07-12,21.27,22.790001,21.27,22.620001,900,22.535697
2016-07-11,22.370001,22.370001,21.27,21.27,600,21.190728
2016-07-08,23.389999,23.389999,21.870001,22.32,3900,22.236814
2016-07-07,22.059999,22.18,22.049999,22.18,800,22.097336
2016-07-06,22.09,22.629999,21.870001,21.870001,1100,21.788492
2016-07-05,22.26,22.67,22.17,22.17,2900,22.087373
2016-07-01,21.719999,22.700001,21.60,22.65,7100,22.565584
2016-06-30,22.91,22.91,21.68,22.299999,3300,22.216888
2016-06-29,21.950001,22.52,21.93,22.00,1200,21.918007
2016-06-28,19.879999,22.030001,19.83,21.77,4900,21.688865
2016-06-27,21.82,22.07,21.82,21.98,700,21.814394
2016-06-24,23.719999,23.719999,21.860001,22.00,9300,21.834244
2016-06-23,23.24,23.24,22.530001,22.530001,1700,22.360251
2016-06-22,22.17,22.17,22.17,22.17,400,22.002963
2016-06-21,22.50,22.66,22.459999,22.469999,600,22.300702
2016-06-20,22.309999,22.76,22.309999,22.389999,2500,22.221305
2016-06-17,22.799999,23.67,22.17,22.290001,9300,22.122059
2016-06-16,22.450001,22.450001,22.00,22.24,600,22.072435
2016-06-15,22.450001,22.889999,22.43,22.43,1500,22.261004
2016-06-14,22.58,22.870001,22.440001,22.440001,3700,22.270929
2016-06-13,23.00,23.00,22.52,22.530001,1000,22.360251
2016-06-10,22.77,23.00,22.67,23.00,1600,22.826709
2016-06-09,22.799999,23.01,22.74,22.77,6100,22.598443
2016-06-08,23.01,23.209999,22.790001,23.07,1300,22.896181
2016-06-07,23.00,23.10,22.719999,23.08,6900,22.906106
2016-06-06,22.50,24.35,22.50,22.65,1500,22.479346
2016-06-03,22.559999,22.559999,22.200001,22.200001,3100,22.032737
2016-06-02,22.440001,22.440001,22.23,22.360001,1600,22.191532
2016-06-01,21.91,22.309999,21.91,22.309999,1900,22.141907
2016-05-31,22.25,22.25,21.950001,21.950001,4300,21.784621
2016-05-27,22.469999,22.469999,22.40,22.42,700,22.251079
2016-05-26,22.610001,22.610001,22.00,22.00,1400,21.834244
2016-05-25,21.49,22.309999,21.459999,22.280001,1400,22.028767
2016-05-24,21.99,22.370001,21.99,22.280001,700,22.028767
2016-05-23,22.530001,22.530001,22.530001,22.530001,000,22.275948
2016-05-20,22.530001,22.530001,22.530001,22.530001,1300,22.275948
2016-05-19,22.190001,22.190001,22.190001,22.190001,000,21.939782
2016-05-18,22.27,22.549999,22.190001,22.190001,1700,21.939782
2016-05-17,21.940001,22.360001,21.940001,21.99,2100,21.742036
2016-05-16,22.139999,22.389999,21.76,22.389999,2300,22.137526
2016-05-13
,22.00,22.10,22.00,22.10,300,21.850797
2016-05-12,22.59,22.59,21.91,22.059999,700,21.811247
2016-05-11,21.780001,22.120001,21.469999,22.08,2900,21.831022
2016-05-10,21.700001,21.969999,21.35,21.35,2800,21.109254
2016-05-09,21.610001,21.65,21.299999,21.65,900,21.40587
2016-05-06,21.24,21.48,21.24,21.48,3300,21.237787
2016-05-05,21.459999,21.66,21.459999,21.49,800,21.247675
2016-05-04,21.08,21.610001,21.08,21.200001,5500,20.960946
2016-05-03,22.049999,22.049999,21.620001,21.620001,600,21.37621
2016-05-02,21.99,22.290001,21.99,22.27,500,22.01888
2016-04-29,22.190001,22.290001,22.10,22.290001,700,22.038655
2016-04-28,22.33,22.57,22.299999,22.299999,4200,22.04854
2016-04-27,22.450001,22.50,22.15,22.50,4100,22.246286
2016-04-26,22.50,22.60,22.360001,22.450001,4700,22.110832
2016-04-25,22.219999,22.559999,22.219999,22.219999,1700,21.884305
2016-04-22,22.389999,22.540001,22.200001,22.34,1200,22.002493
2016-04-21,22.209999,22.280001,22.08,22.08,1600,21.746421
2016-04-20,22.219999,22.60,22.209999,22.209999,6600,21.874456
2016-04-19,22.440001,22.450001,22.18,22.18,2200,21.84491
2016-04-18,22.09,22.10,21.82,22.10,2800,21.766119
2016-04-15,21.76,21.93,21.75,21.90,600,21.56914
2016-04-14,21.780001,22.030001,21.780001,21.85,1300,21.519896
2016-04-13,21.74,21.74,21.549999,21.549999,600,21.224427
2016-04-12,21.639999,21.82,21.360001,21.629999,4200,21.303219
2016-04-11,21.950001,21.950001,21.77,21.77,1000,21.441105
2016-04-08,21.540001,21.610001,21.540001,21.610001,300,21.283522
2016-04-07,21.309999,21.309999,21.309999,21.309999,200,20.988053
2016-04-06,21.549999,21.549999,21.549999,21.549999,200,21.224427
2016-04-05,21.629999,21.639999,21.219999,21.50,3600,21.175183
2016-04-04,21.719999,21.77,21.27,21.76,7200,21.431256
2016-04-01,21.25,22.00,21.25,21.719999,4500,21.391859
2016-03-31,22.700001,22.74,22.51,22.530001,6600,20.978205
2016-03-30,22.75,22.77,22.50,22.50,5000,20.950271
2016-03-29,22.219999,22.93,22.10,22.40,5200,20.857158
2016-03-28,22.360001,22.48,22.25,22.35,5300,20.73332
2016-03-24,21.91,22.030001,21.75,21.91,1500,20.325146
2016-03-23,21.629999,21.629999,21.629999,21.629999,200,20.0654
2016-03-22,21.879999,21.879999,21.76,21.76,700,20.185997
2016-03-21,21.450001,21.60,21.299999,21.60,600,20.037571
2016-03-18,21.93,21.950001,21.459999,21.459999,700,19.907696
2016-03-17,21.59,21.90,21.59,21.90,300,20.31587
2016-03-16,21.00,21.00,21.00,21.00,300,19.480971
2016-03-15,20.82,20.82,20.82,20.82,000,19.313991
2016-03-14,20.799999,20.92,20.799999,20.82,2500,19.313991
2016-03-11,20.68,20.68,20.68,20.68,000,19.184119
2016-03-10,20.68,20.68,20.68,20.68,000,19.184119
2016-03-09,20.66,20.68,20.66,20.68,1100,19.184119
2016-03-08,20.610001,20.610001,20.120001,20.120001,500,18.664626
2016-03-07,20.66,20.66,20.52,20.610001,500,19.119182
2016-03-04,20.34,20.34,20.34,20.34,000,18.868712
2016-03-03,20.52,20.52,20.34,20.34,400,18.868712
2016-03-02,20.17,20.219999,20.17,20.219999,700,18.757392
2016-03-01,20.280001,20.280001,20.280001,20.280001,000,18.813053
2016-02-29,20.110001,20.280001,20.110001,20.280001,300,18.813053
2016-02-26,19.77,19.77,19.77,19.77,000,18.339943
2016-02-25,19.51,19.77,19.51,19.77,600,18.339943
2016-02-24,19.15,19.440001,19.15,19.440001,800,17.964239
2016-02-23,19.48,19.48,19.48,19.48,300,18.001201
2016-02-22,19.559999,19.559999,19.559999,19.559999,400,18.075128
2016-02-19,19.559999,19.559999,19.40,19.559999,1400,18.075128
2016-02-18,19.40,19.40,19.40,19.40,100,17.927274
2016-02-17,19.16,19.16,19.16,19.16,300,17.705494
2016-02-16,18.959999,18.959999,18.959999,18.959999,200,17.520676
2016-02-12,19.24,19.24,19.24,19.24,100,17.779421
2016-02-11,18.49,18.790001,18.49,18.719999,400,17.298896
2016-02-10,19.00,19.00,19.00,19.00,100,17.55764
2016-02-09,19.27,19.27,19.27,19.27,000,17.807144
2016-02-08,19.17,19.33,19.07,19.27,700,17.807144
2016-02-05,19.360001,19.360001,19.040001,19.040001,400,17.594605
2016-02-04,19.49,19.49,19.49,19.49,100,18.010442
2016-02-03,19.27,19.27,19.17,19.
26,1900,17.797903
2016-02-02,18.790001,18.790001,18.790001,18.790001,000,17.363583
2016-02-01,18.65,18.790001,18.639999,18.790001,800,17.363583
2016-01-29,18.700001,18.700001,18.700001,18.700001,000,17.280415
2016-01-28,18.68,18.700001,18.68,18.700001,1200,17.280415
2016-01-27,18.25,18.58,18.25,18.58,900,17.169524
2016-01-26,17.629999,17.629999,17.629999,17.629999,000,16.224183
2016-01-25,18.280001,18.309999,17.629999,17.629999,1300,16.224183
2016-01-22,18.15,18.299999,17.809999,18.299999,1500,16.840758
2016-01-21,17.42,17.870001,17.42,17.85,3900,16.426642
2016-01-20,17.09,17.200001,16.65,17.200001,2600,15.828473
2016-01-19,16.780001,17.360001,16.780001,17.309999,1100,15.9297
2016-01-15,16.82,16.93,16.219999,16.440001,4100,15.129075
2016-01-14,17.469999,17.469999,17.040001,17.049999,4400,15.690433
2016-01-13,17.93,18.030001,17.540001,17.540001,3600,16.141361
2016-01-12,17.92,17.92,17.92,17.92,500,16.491059
2016-01-11,18.10,18.34,18.07,18.09,1300,16.647504
2016-01-08,18.540001,18.540001,18.459999,18.459999,600,16.987999
2016-01-07,18.40,18.40,18.34,18.35,800,16.886772
2016-01-06,18.50,18.66,18.450001,18.66,500,17.172052
2016-01-05,18.74,18.74,18.74,18.74,000,17.245672
2016-01-04,18.610001,18.74,18.610001,18.74,200,17.245672
2015-12-31,19.030001,19.030001,19.01,19.01,400,17.494143
2015-12-30,19.139999,19.139999,18.99,18.99,300,17.475737
2015-12-29,18.75,18.75,18.75,18.75,000,17.254875
2015-12-28,18.469999,18.75,18.469999,18.75,500,17.186776
2015-12-24,19.00,19.00,19.00,19.00,100,17.415933
2015-12-23,18.75,18.75,18.75,18.75,000,17.186776
2015-12-22,18.799999,18.99,18.75,18.75,2700,17.186776
2015-12-21,18.91,18.91,18.91,18.91,000,17.333437
2015-12-18,19.01,19.01,18.91,18.91,200,17.333437
2015-12-17,18.950001,18.950001,18.92,18.92,500,17.342603
2015-12-16,18.969999,19.120001,18.969999,19.120001,300,17.525929
2015-12-15,19.120001,19.120001,18.959999,19.120001,300,17.525929
2015-12-14,18.889999,19.17,18.690001,19.17,700,17.57176
2015-12-11,19.190001,19.190001,19.190001,19.190001,100,17.590093
2015-12-10,19.530001,19.530001,19.530001,19.530001,000,17.901747
2015-12-09,19.530001,19.530001,19.530001,19.530001,100,17.901747
2015-12-08,19.700001,19.700001,19.700001,19.700001,100,18.057574
2015-12-07,19.780001,19.780001,19.780001,19.780001,200,18.130904
2015-12-04,19.879999,19.879999,19.879999,19.879999,000,18.222565
2015-12-03,19.879999,20.049999,19.879999,19.879999,300,18.222565
2015-12-02,20.610001,20.610001,20.200001,20.200001,1100,18.515888
2015-12-01,20.709999,20.709999,20.40,20.40,800,18.699212
2015-11-30,19.58,21.120001,19.58,20.969999,2500,19.22169
2015-11-27,19.790001,19.790001,19.790001,19.790001,000,18.14007
2015-11-25,19.790001,19.790001,19.790001,19.790001,000,18.068573
2015-11-24,19.790001,19.790001,19.790001,19.790001,100,18.068573
2015-11-23,19.66,19.66,19.66,19.66,000,17.94988
2015-11-20,19.66,19.66,19.66,19.66,000,17.94988
2015-11-19,19.66,19.66,19.66,19.66,000,17.94988
2015-11-18,19.66,19.66,19.66,19.66,000,17.94988
2015-11-17,19.66,19.66,19.66,19.66,100,17.94988
2015-11-16,19.870001,20.35,19.860001,20.35,1400,18.579861
2015-11-13,19.799999,19.799999,19.799999,19.799999,000,18.077701
2015-11-12,19.83,19.83,19.799999,19.799999,600,18.077701
2015-11-11,19.90,20.15,19.90,19.93,700,18.196394
2015-11-10,20.549999,20.559999,20.16,20.32,6900,18.55247
2015-11-09,20.889999,20.889999,20.889999,20.889999,000,19.072888
2015-11-06,20.889999,20.889999,20.889999,20.889999,000,19.072888
2015-11-05,20.889999,20.889999,20.889999,20.889999,200,19.072888
2015-11-04,21.35,21.35,20.59,20.59,800,18.798984
2015-11-03,21.50,21.50,21.389999,21.389999,2200,19.529396
2015-11-02,21.059999,21.059999,21.059999,21.059999,400,19.228101
2015-10-30,21.34,21.450001,21.34,21.450001,300,19.584178
2015-10-29,21.00,21.190001,20.68,21.190001,1400,19.346794
2015-10-28,20.73,21.360001,20.73,21.15,1700,19.310272
2015-10-27,21.26,21.26,21.26,21.26,200,19.339489
2015-10-26,21.209999,21.209999,21.209999,21.209999,000,19.294005
2015-10-23,21.209999,21.209999,21.209999,21.209999,000,19.294005
2015-10-22,21.209999,21.209999,21.209999,21.209999,300,19.294005
2015-10-21,21.610001,21.610001,21.110001,21.139999,1200,19.230329
2015-10-20,21.059999,21.059999,21.059999,21.059999,100,19.157555
2015-10-19,20.40,20.40,20.40,20.40,000,18.557176
2015-10-16,20.639999,20.639999,20.40,20.40,300,18.557176
2015-10-15,20.950001,21.24,20.950001,21.24,2200,19.321296
2015-10-14,20.50,20.50,20.43,20.43,200,18.584467
2015-10-13,20.190001,20.25,20.01,20.25,800,18.42072
7
2015-10-12,19.549999,19.549999,19.549999,19.549999,100,17.78396
2015-10-09,19.700001,19.700001,19.700001,19.700001,000,17.920412
2015-10-08,19.610001,19.940001,19.59,19.700001,2400,17.920412
2015-10-07,19.09,19.09,19.09,19.09,000,17.365515
2015-10-06,19.09,19.09,19.09,19.09,000,17.365515
2015-10-05,19.09,19.09,19.09,19.09,400,17.365515
2015-10-02,18.67,18.67,18.67,18.67,100,16.983455
2015-10-01,18.40,18.40,18.40,18.40,000,16.737845
2015-09-30,18.40,18.40,18.40,18.40,600,16.737845
2015-09-29,18.450001,18.450001,18.360001,18.370001,1100,16.710556
2015-09-28,18.290001,18.379999,18.290001,18.379999,300,16.719652
2015-09-25,18.50,18.530001,18.50,18.51,1200,16.767865
2015-09-24,18.469999,18.50,18.280001,18.43,2000,16.695395
2015-09-23,18.50,18.60,18.450001,18.52,3500,16.776924
2015-09-22,18.58,18.620001,18.58,18.620001,200,16.867513
2015-09-21,18.610001,18.610001,18.610001,18.610001,100,16.858453
2015-09-18,18.860001,18.860001,18.860001,18.860001,000,17.084924
2015-09-17,18.860001,18.860001,18.860001,18.860001,000,17.084924
2015-09-16,18.860001,18.860001,18.860001,18.860001,100,17.084924
2015-09-15,18.639999,18.639999,18.639999,18.639999,000,16.885629
2015-09-14,18.450001,18.639999,18.450001,18.639999,200,16.885629
2015-09-11,18.639999,18.639999,18.639999,18.639999,000,16.885629
2015-09-10,18.620001,18.76,18.620001,18.639999,500,16.885629
2015-09-09,18.780001,18.780001,18.780001,18.780001,000,17.012453
2015-09-08,18.950001,18.959999,18.59,18.780001,2800,17.012453
2015-09-04,18.950001,18.950001,18.709999,18.83,1300,17.057747
2015-09-03,18.65,18.65,18.65,18.65,000,16.894688
2015-09-02,18.58,18.65,18.58,18.65,700,16.894688
2015-09-01,18.60,18.90,18.60,18.90,500,17.121158
2015-08-31,18.57,18.74,18.57,18.74,1700,16.976217
2015-08-28,18.40,18.40,18.40,18.40,000,16.668218
2015-08-27,18.709999,18.84,18.40,18.40,3600,16.668218
2015-08-26,18.01,18.379999,17.18,18.309999,6700,16.516029
2015-08-25,18.219999,18.459999,18.00,18.15,2400,16.371706
2015-08-24,17.98,18.030001,17.84,17.84,7000,16.092079
2015-08-21,18.530001,18.83,18.530001,18.530001,1200,16.714475
2015-08-20,19.10,19.10,18.77,18.77,1000,16.93096
2015-08-19,19.18,19.18,19.030001,19.030001,200,17.165486
2015-08-18,19.33,19.49,19.33,19.49,300,17.580416
2015-08-17,19.049999,19.049999,19.049999,19.049999,700,17.183525
2015-08-14,19.129999,19.18,19.049999,19.07,2400,17.201566
2015-08-13,19.43,19.43,19.43,19.43,000,17.526295
2015-08-12,19.43,19.43,19.43,19.43,200,17.526295
2015-08-11,19.280001,19.290001,19.280001,19.280001,1100,17.390992
2015-08-10,19.75,19.75,19.75,19.75,100,17.814942
2015-08-07,19.41,19.41,19.41,19.41,400,17.508254
2015-08-06,19.40,19.42,19.40,19.42,400,17.517274
2015-08-05,19.01,19.67,19.01,19.43,1800,17.526295
2015-08-04,19.629999,19.629999,19.540001,19.540001,300,17.625518
2015-08-03,20.02,20.02,20.02,20.02,200,18.058488
2015-07-31,19.950001,19.950001,19.950001,19.950001,000,17.995347
2015-07-30,19.93,19.950001,19.93,19.950001,400,17.995347
2015-07-29,20.030001,20.25,20.030001,20.25,800,18.265953
2015-07-28,20.10,20.10,20.10,20.10,100,18.058489
2015-07-27,19.870001,19.889999,19.870001,19.889999,600,17.869817
2015-07-24,19.870001,19.879999,19.780001,19.879999,400,17.860832
2015-07-23,20.02,20.02,19.93,19.940001,400,17.91474
2015-07-22,20.09,20.24,19.959999,19.969999,2600,17.941692
2015-07-21,20.139999,20.139999,20.139999,20.139999,000,18.094425
2015-07-20,20.110001,20.139999,20.049999,20.139999,800,18.094425
2015-07-17,20.16,20.16,20.15,20.15,1200,18.10341
2015-07-16,20.43,20.43,20.40,20.40,200,18.328018
2015-07-15,20.51,20.51,20.51,20.51,000,18.426846
2015-07-14,20.43,20.51,20.43,20.51,1000,18.426846
2015-07-13,20.75,20.75,20.40,20.50,700,18.417861
2015-07-10,20.66,20.780001,20.620001,20.629999,800,18.534657
2015-07-09,20.690001,20.690001,20.549999,20.549999,700,18.462782
2015-07-08,20.950001,20.950001,20.700001,20.799999,1100,18.68739
2015-07-07,21.219999,21.219999,21.219999,21.219999,000,19.064732
2015-07-06,20.92,21.25,20.92,21.219999,1300,19.064732
2015-07-02,21.219999,21.360001,21.17,21.360001,1700,19.190514
2015-07-01,21.58,21.58,21.58,21.58,000,19.388168
2015-06-30,21.42,21.58,21.42,21.58,1100,19.388168
2015-06-29,21.50,21.58,21.41,21.549999,1400,19.361214
2015-06-26,21.84,21.84,21.68,21.690001,600,19.486996
2015-06-25,21.719999,21.870001,21.719999,21.870001,800,19.573245
2015-06-24,21.26,21.709999,21.26,21.709999,800,19.430046
2015-06-23,21.299999,21.35,21.299999,21.35,800,19.
107854
2015-06-22,21.33,21.33,21.309999,21.309999,400,19.072054
2015-06-19,21.52,21.67,21.33,21.459999,2600,19.206301
2015-06-18,21.93,21.93,21.110001,21.559999,9100,19.295799
2015-06-17,21.66,21.66,21.66,21.66,000,19.385298
2015-06-16,21.66,21.66,21.66,21.66,000,19.385298
2015-06-15,22.00,22.09,21.57,21.66,1700,19.385298
2015-06-12,21.58,21.58,21.57,21.57,200,19.304749
2015-06-11,21.51,21.57,21.51,21.57,300,19.304749
2015-06-10,21.67,21.76,21.67,21.75,500,19.465846
2015-06-09,21.48,21.58,21.459999,21.49,1700,19.233151
2015-06-08,21.450001,21.469999,21.23,21.33,2100,19.089954
2015-06-05,21.610001,21.610001,21.610001,21.610001,200,19.34055
2015-06-04,21.549999,21.549999,21.549999,21.549999,100,19.286849
2015-06-03,21.860001,21.940001,21.700001,21.700001,1400,19.421098
2015-06-02,22.09,22.09,21.82,21.90,1400,19.600093
2015-06-01,21.860001,21.93,21.77,21.93,500,19.626943
2015-05-29,22.01,22.01,22.01,22.01,1600,19.698542
2015-05-28,22.18,22.18,22.18,22.18,000,19.850689
2015-05-27,22.450001,22.450001,22.139999,22.18,2300,19.850689
2015-05-26,22.59,22.59,22.440001,22.440001,3200,20.0091
2015-05-22,22.809999,22.809999,22.790001,22.790001,1000,20.321186
2015-05-21,22.74,22.84,22.74,22.809999,2600,20.339018
2015-05-20,22.51,22.620001,22.51,22.620001,1100,20.169602
2015-05-19,22.98,23.00,22.549999,22.549999,1800,20.107183
2015-05-18,23.42,24.00,23.200001,23.200001,1800,20.686771
2015-05-15,23.10,23.10,23.10,23.10,100,20.597603
2015-05-14,22.66,22.85,22.66,22.66,400,20.205267
2015-05-13,22.90,22.90,22.90,22.90,100,20.419268
2015-05-12,22.90,22.90,22.90,22.90,000,20.419268
2015-05-11,22.90,22.90,22.90,22.90,000,20.419268
2015-05-08,23.00,23.00,22.90,22.90,300,20.419268
2015-05-07,23.059999,23.219999,22.90,22.90,5800,20.419268
2015-05-06,23.18,23.18,23.049999,23.049999,2000,20.553019
2015-05-05,23.34,23.34,23.34,23.34,000,20.811604
2015-05-04,23.34,23.34,23.34,23.34,100,20.811604
2015-05-01,23.25,23.26,23.25,23.25,1300,20.731354
2015-04-30,23.389999,23.389999,23.389999,23.389999,200,20.856187
2015-04-29,23.690001,23.690001,23.690001,23.690001,000,21.123689
2015-04-28,23.690001,23.690001,23.690001,23.690001,300,21.123689
2015-04-27,23.93,23.93,23.309999,23.459999,1200,20.842812
2015-04-24,23.559999,23.559999,23.559999,23.559999,000,20.931656
2015-04-23,23.40,23.559999,23.40,23.559999,1600,20.931656
2015-04-22,23.389999,23.40,23.370001,23.40,1900,20.789506
2015-04-21,23.15,23.15,23.10,23.10,4500,20.522974
2015-04-20,23.450001,23.450001,23.450001,23.450001,000,20.833929
2015-04-17,23.450001,23.450001,23.450001,23.450001,500,20.833929
2015-04-16,23.33,23.549999,23.299999,23.540001,1800,20.913889
2015-04-15,22.91,23.33,22.91,23.33,900,20.727315
2015-04-14,23.00,23.059999,23.00,23.00,1900,20.43413
2015-04-13,23.16,23.16,23.16,23.16,100,20.57628
2015-04-10,23.16,23.16,23.16,23.16,000,20.57628
2015-04-09,23.16,23.16,23.16,23.16,800,20.57628
2015-04-08,23.110001,23.120001,23.10,23.10,500,20.522974
2015-04-07,23.33,23.33,23.120001,23.120001,500,20.540743
2015-04-06,23.709999,23.709999,23.709999,23.709999,000,21.064922
2015-04-02,22.700001,23.709999,22.700001,23.709999,2600,21.064922
2015-04-01,22.75,22.75,22.75,22.75,200,20.21202
2015-03-31,23.75,23.75,22.780001,22.780001,1500,20.238674
2015-03-30,22.709999,22.709999,22.549999,22.58,4200,20.060985
2015-03-27,22.719999,22.98,22.719999,22.98,700,20.416361
2015-03-26,23.59,23.59,23.209999,23.219999,400,20.555846
2015-03-25,23.469999,23.620001,23.469999,23.620001,800,20.909953
2015-03-24,23.27,23.43,23.26,23.42,400,20.732899
2015-03-23,23.50,23.50,23.40,23.40,700,20.715194
2015-03-20,23.50,23.50,23.48,23.50,300,20.80372
2015-03-19,22.77,23.15,22.77,23.15,400,20.493877
2015-03-18,22.51,22.74,22.51,22.51,500,19.927308
2015-03-17,22.190001,22.440001,22.18,22.440001,400,19.86534
2015-03-16,22.10,22.10,22.10,22.10,000,19.56435
2015-03-13,22.09,22.10,22.09,22.10,200,19.56435
2015-03-12,22.18,22.18,22.15,22.15,200,19.608613
2015-03-11,22.25,22.27,22.00,22.040001,10000,19.511235
2015-03-10,22.75,22.75,22.200001,22.200001,800,19.652877
2015-03-09,22.83,22.870001,22.799999,22.799999,500,20.184034
2015-03-06,23.629999,23.629999,22.940001,22.940001,400,20.307973
2015-03-05,23.610001,23.610001,23.610001,23.610001,100,20.9011
2015-03-
04,24.10,24.10,23.83,23.98,1100,21.228647
2015-03-03,24.389999,24.43,24.09,24.10,600,21.334879
2015-03-02,24.17,24.17,24.16,24.16,200,21.387995
2015-02-27,23.610001,23.610001,23.540001,23.540001,200,20.839132
2015-02-26,22.59,22.59,22.59,22.59,000,19.99813
2015-02-25,23.290001,23.290001,23.290001,23.290001,000,20.617816
2015-02-24,23.52,23.52,22.559999,23.290001,900,20.544339
2015-02-23,23.040001,23.040001,23.040001,23.040001,000,20.323811
2015-02-20,23.040001,23.040001,23.040001,23.040001,400,20.323811
2015-02-19,23.42,23.42,23.42,23.42,000,20.659012
2015-02-18,23.200001,23.559999,23.129999,23.42,1600,20.659012
2015-02-17,23.35,23.57,23.190001,23.57,1400,20.791328
2015-02-13,23.85,23.85,23.09,23.299999,1300,20.553158
2015-02-12,23.950001,23.950001,23.83,23.83,200,21.020677
2015-02-11,23.440001,24.17,23.440001,23.75,4900,20.950108
2015-02-10,23.82,23.82,23.82,23.82,000,21.011856
2015-02-09,23.48,23.82,23.48,23.82,900,21.011856
2015-02-06,24.049999,24.10,23.549999,23.549999,1200,20.773686
2015-02-05,23.32,23.99,23.32,23.99,2100,21.161814
2015-02-04,23.08,23.34,23.08,23.32,1600,20.570801
2015-02-03,23.51,23.559999,23.51,23.559999,200,20.782507
2015-02-02,22.889999,23.190001,22.790001,23.190001,2400,20.456127
2015-01-30,22.219999,22.530001,22.219999,22.530001,500,19.873935
2015-01-29,22.620001,22.690001,22.620001,22.690001,200,20.015072
2015-01-28,22.030001,22.280001,22.030001,22.280001,500,19.653407
2015-01-27,22.139999,22.139999,22.139999,22.139999,100,19.456697
2015-01-26,22.41,23.469999,22.139999,22.139999,2000,19.456697
2015-01-23,22.74,22.74,22.040001,22.360001,6200,19.650035
2015-01-22,22.00,22.389999,22.00,22.389999,600,19.676398
2015-01-21,22.01,22.01,21.85,21.870001,1500,19.219421
2015-01-20,23.549999,23.549999,22.40,22.40,1700,19.685186
2015-01-16,22.809999,23.08,22.67,22.84,1000,20.07186
2015-01-15,22.799999,22.799999,22.799999,22.799999,400,20.036707
2015-01-14,23.10,23.10,23.10,23.10,000,20.300349
2015-01-13,22.940001,23.26,22.940001,23.10,1200,20.300349
2015-01-12,23.110001,23.42,23.110001,23.42,200,20.581565
2015-01-09,23.559999,23.559999,23.559999,23.559999,000,20.704597
2015-01-08,23.389999,23.559999,23.389999,23.559999,1400,20.704597
2015-01-07,22.85,23.110001,22.799999,23.110001,600,20.309137
2015-01-06,22.92,22.92,22.92,22.92,200,20.142164
2015-01-05,23.24,23.32,23.24,23.32,300,20.493685
2015-01-02,23.129999,23.129999,23.129999,23.129999,100,20.326712
2014-12-31,22.82,22.82,22.82,22.82,000,20.054283
2014-12-30,22.82,22.82,22.82,22.82,000,20.054283
2014-12-29,23.10,23.10,23.10,23.10,200,20.300349
2014-12-26,22.959999,22.959999,22.959999,22.959999,000,20.099101
2014-12-24,22.799999,22.799999,22.799999,22.799999,000,19.959038
2014-12-23,22.799999,23.10,22.799999,22.799999,600,19.959038
2014-12-22,23.25,23.25,23.190001,23.190001,700,20.300444
2014-12-19,23.25,23.42,23.25,23.42,200,20.501784
2014-12-18,23.02,23.290001,23.02,23.290001,1300,20.387984
2014-12-17,22.93,22.93,22.93,22.93,100,20.07284
2014-12-16,22.629999,22.75,22.52,22.75,1400,19.915269
2014-12-15,22.90,22.90,22.90,22.90,900,20.046578
2014-12-12,23.360001,23.360001,22.85,23.02,900,20.151626
2014-12-11,23.549999,23.549999,23.440001,23.450001,500,20.528047
2014-12-10,23.26,23.26,23.16,23.200001,400,20.309198
2014-12-09,23.290001,23.299999,23.290001,23.299999,200,20.396736
2014-12-08,23.35,23.35,23.35,23.35,000,20.440507
2014-12-05,23.82,23.82,23.200001,23.35,2100,20.440507
2014-12-04,24.49,24.49,24.10,24.10,400,21.097054
2014-12-03,24.469999,24.68,24.459999,24.68,500,21.604784
2014-12-02,24.700001,24.700001,24.34,24.610001,300,21.463845
2014-12-01,24.530001,24.530001,24.200001,24.42,600,21.298135
2014-11-28,24.75,24.75,24.389999,24.389999,600,21.271969
2014-11-26,24.889999,24.889999,24.889999,24.889999,300,21.708049
2014-11-25,24.59,24.59,24.59,24.59,000,21.446402
2014-11-24,24.82,24.82,24.459999,24.59,2000,21.446402
2014-11-21,24.440001,24.76,24.440001,24.76,3100,21.594669
2014-11-20,24.42,24.68,24.389999,24.40,4100,21.280691
2014-11-19,24.389999,24.389999,24.32,24.32,500,21.210918
2014-11-18,24.389999,24.48,24.35,24.35,2800,21.237084
2014-11-17,23.98,24.309999,23.969999,23.969999,2
100,20.905662
2014-11-14,23.98,23.98,23.77,23.77,500,20.731231
2014-11-13,23.99,23.99,23.99,23.99,000,20.923106
2014-11-12,24.00,24.00,23.99,23.99,700,20.923106
2014-11-11,23.77,23.77,23.77,23.77,000,20.731231
2014-11-10,23.549999,23.93,23.540001,23.77,3200,20.731231
2014-11-07,23.639999,23.82,23.530001,23.82,300,20.774839
2014-11-06,23.370001,23.370001,23.370001,23.370001,300,20.382368
2014-11-05,23.58,23.68,23.440001,23.68,500,20.652737
2014-11-04,23.68,23.68,23.60,23.60,500,20.582964
2014-11-03,23.790001,24.10,23.790001,23.889999,1800,20.835889
2014-10-31,24.16,24.16,23.90,24.02,2100,20.949271
2014-10-30,23.92,24.16,23.92,24.139999,3600,21.053929
2014-10-29,24.110001,24.200001,24.110001,24.110001,700,21.027766
2014-10-28,24.40,24.40,24.389999,24.389999,900,21.190858
2014-10-27,24.68,24.68,24.68,24.68,100,21.442821
2014-10-24,24.74,24.74,24.309999,24.43,3200,21.225612
2014-10-23,24.34,24.540001,24.299999,24.49,2500,21.277742
2014-10-22,24.01,24.389999,24.01,24.389999,300,21.190858
2014-10-21,24.040001,24.200001,24.040001,24.049999,1200,20.895455
2014-10-20,23.07,23.52,23.07,23.52,900,20.434974
2014-10-17,23.620001,23.620001,23.15,23.40,5100,20.330713
2014-10-16,23.059999,23.389999,22.99,23.379999,1700,20.313336
2014-10-15,23.799999,23.940001,23.110001,23.33,17600,20.269895
2014-10-14,24.049999,24.139999,23.73,23.74,1100,20.626117
2014-10-13,23.65,23.65,23.370001,23.370001,500,20.304649
2014-10-10,24.24,24.24,24.24,24.24,200,21.060534
2014-10-09,24.33,24.35,24.15,24.15,300,20.982338
2014-10-08,23.950001,24.440001,23.77,24.440001,1300,21.234301
2014-10-07,24.10,24.200001,23.93,24.200001,5000,21.025781
2014-10-06,23.959999,24.26,23.940001,24.110001,1400,20.947586
2014-10-03,23.969999,24.32,23.93,24.32,1200,21.13004
2014-10-02,24.709999,24.709999,24.139999,24.290001,700,21.103976
2014-10-01,24.440001,24.49,24.440001,24.49,600,21.277742
2014-09-30,24.33,24.459999,24.299999,24.299999,900,21.112663
2014-09-29,24.41,24.66,24.360001,24.440001,3800,21.234301
2014-09-26,24.27,24.360001,24.27,24.360001,400,21.164794
2014-09-25,24.360001,24.51,24.360001,24.42,500,21.136122
2014-09-24,24.50,24.82,24.40,24.82,3700,21.482332
2014-09-23,24.60,24.60,24.440001,24.540001,4800,21.239986
2014-09-22,24.67,24.700001,24.629999,24.67,2200,21.352503
2014-09-19,25.35,25.35,25.35,25.35,000,21.941061
2014-09-18,25.32,25.459999,25.07,25.35,5000,21.941061
2014-09-17,25.379999,25.65,25.309999,25.309999,2100,21.906439
2014-09-16,25.129999,25.129999,25.129999,25.129999,000,21.750644
2014-09-15,25.25,25.26,25.129999,25.129999,2400,21.750644
2014-09-12,25.290001,25.709999,25.209999,25.209999,2400,21.819886
2014-09-11,25.299999,25.379999,25.25,25.379999,1100,21.967025
2014-09-10,25.99,25.99,25.40,25.440001,6100,22.018958
2014-09-09,26.08,26.08,25.66,25.66,500,22.209373
2014-09-08,26.18,26.18,25.91,25.91,1000,22.425754
2014-09-05,26.290001,26.290001,26.290001,26.290001,000,22.754655
2014-09-04,26.620001,26.620001,26.290001,26.290001,1400,22.754655
2014-09-03,26.17,26.540001,26.139999,26.139999,1900,22.624825
2014-09-02,26.35,26.35,26.26,26.26,3900,22.728688
2014-08-29,26.219999,26.219999,26.190001,26.219999,300,22.694067
2014-08-28,26.07,26.18,26.07,26.18,4200,22.659447
2014-08-27,26.190001,26.190001,25.950001,26.02,3800,22.520963
2014-08-26,25.74,26.049999,25.73,25.91,1700,22.344395
2014-08-25,26.48,26.48,25.90,25.90,800,22.335771
2014-08-22,26.459999,26.459999,26.459999,26.459999,000,22.818706
2014-08-21,26.379999,26.469999,26.379999,26.459999,400,22.818706
2014-08-20,26.51,26.51,26.51,26.51,000,22.861826
2014-08-19,26.50,26.51,26.50,26.51,400,22.861826
2014-08-18,26.50,26.780001,26.50,26.60,1800,22.939441
2014-08-15,25.870001,26.32,25.870001,26.32,400,22.697972
2014-08-14,25.60,25.92,25.60,25.92,500,22.353019
2014-08-13,25.530001,25
.59,25.40,25.59,700,22.068432
2014-08-12,25.469999,25.469999,25.08,25.08,200,21.628615
2014-08-11,25.360001,25.360001,24.85,25.08,400,21.628615
2014-08-08,24.92,24.92,24.92,24.92,200,21.490634
2014-08-07,25.040001,25.040001,25.040001,25.040001,100,21.594121
2014-08-06,25.09,25.09,25.09,25.09,100,21.637239
2014-08-05,24.83,24.99,24.83,24.99,200,21.551
2014-08-04,25.110001,25.110001,25.110001,25.110001,000,21.654487
2014-08-01,25.17,25.17,24.93,25.110001,500,21.654487
2014-07-31,25.10,25.25,25.07,25.25,600,21.775221
2014-07-30,25.379999,25.379999,25.360001,25.360001,500,21.870083
2014-07-29,25.610001,25.620001,25.33,25.33,2400,21.844211
2014-07-28,25.879999,25.879999,25.65,25.690001,9700,22.071882
2014-07-25,25.629999,25.629999,25.610001,25.610001,500,22.003149
2014-07-24,25.700001,25.700001,25.59,25.59,400,21.985966
2014-07-23,25.780001,25.90,25.75,25.90,2000,22.252306
2014-07-22,25.75,25.75,25.75,25.75,000,22.123432
2014-07-21,25.459999,25.75,25.459999,25.75,17900,22.123432
2014-07-18,25.41,25.82,25.41,25.690001,17600,22.071882
2014-07-17,25.75,25.75,25.75,25.75,200,22.123432
2014-07-16,25.67,25.67,25.67,25.67,1600,22.054699
2014-07-15,25.84,25.84,25.84,25.84,000,22.200756
2014-07-14,25.74,25.84,25.74,25.84,500,22.200756
2014-07-11,25.870001,25.870001,25.85,25.85,500,22.209348
2014-07-10,25.700001,25.700001,25.700001,25.700001,000,22.080474
2014-07-09,25.74,25.870001,25.610001,25.700001,2000,22.080474
2014-07-08,25.139999,25.48,25.139999,25.48,700,21.891457
2014-07-07,25.530001,25.530001,25.530001,25.530001,000,21.934416
2014-07-03,25.530001,25.530001,25.530001,25.530001,000,21.934416
2014-07-02,25.52,25.530001,25.51,25.530001,2300,21.934416
2014-07-01,26.65,26.700001,26.65,26.690001,900,22.931045
2014-06-30,25.67,25.67,25.67,25.67,000,22.054699
2014-06-27,25.549999,25.67,25.48,25.67,1600,22.054699
2014-06-26,25.200001,25.360001,25.200001,25.219999,900,21.668075
2014-06-25,24.969999,25.33,24.969999,25.25,1600,21.611371
2014-06-24,25.23,25.23,24.98,24.98,700,21.380279
2014-06-23,25.01,25.23,25.01,25.120001,1400,21.500105
2014-06-20,24.959999,24.959999,24.90,24.90,1300,21.311807
2014-06-19,24.790001,24.790001,24.700001,24.75,1400,21.183423
2014-06-18,24.77,24.809999,24.77,24.790001,2700,21.21766
2014-06-17,24.75,24.950001,24.74,24.790001,4800,21.21766
2014-06-16,24.75,24.90,24.709999,24.799999,10100,21.226217
2014-06-13,24.75,24.76,24.75,24.76,3700,21.191982
2014-06-12,24.82,24.82,24.75,24.799999,4100,21.226217
2014-06-11,24.780001,24.799999,24.74,24.74,500,21.174864
2014-06-10,24.549999,24.549999,24.549999,24.549999,100,21.012243
2014-06-09,24.469999,24.48,24.469999,24.48,600,20.952331
2014-06-06,24.25,24.25,24.25,24.25,400,20.755475
2014-06-05,24.389999,24.389999,24.389999,24.389999,000,20.8753
2014-06-04,24.26,24.389999,24.07,24.389999,2100,20.8753
2014-06-03,24.219999,24.49,24.219999,24.290001,8100,20.789712
2014-06-02,24.08,24.48,24.08,24.48,700,20.952331
2014-05-30,24.26,24.26,24.26,24.26,700,20.764034
2014-05-29,25.09,25.09,24.68,24.68,800,21.123511
2014-05-28,24.790001,24.84,24.76,24.790001,2300,21.21766
2014-05-27,24.90,25.08,24.85,24.870001,500,21.20482
2014-05-23,25.040001,25.040001,25.040001,25.040001,000,21.349767
2014-05-22,24.959999,25.10,24.959999,25.040001,2700,21.349767
2014-05-21,24.82,24.82,24.82,24.82,000,21.162188
2014-05-20,24.82,24.90,24.700001,24.82,3100,21.162188
2014-05-19,24.950001,24.950001,24.950001,24.950001,200,21.27303
2014-05-16,24.950001,24.950001,24.950001,24.950001,100,21.27303
2014-05-15,24.809999,24.809999,24.74,24.75,700,21.102504
2014-05-14,24.75,24.75,24.75,24.75,000,21.102504
2014-05-13,24.73,24.75,24.700001,24.75,800,21.102504
2014-05-12,24.700001,24.870001,24.700001,24.799999,800,21.145135
2014-05-09,24.50,24.60,24.459999,24.58,1300,20.957558
2014-05-08,24.639999,24.719999,24.639999,24.719999,1300,21.076925
2014-05-07,24.639999,24.76,24.57,24.74,3100,21.093978
2014-05-06,24.59,24.719999,24.58,24.65,1900,21.017241
2014-05-05,25.030001,25.030001,24.23,24.23,1700,20.659138
2014-05-02,24.549999,24.549999,24.549999,24.549999,000,20.931979
2014-05-01,24.549999,24.549999,24.549999,24.549999,000,20.931979
2014-04-30,24.549999,24.549999,24.549999,24.549999,000,20.931979
2014-04-29,24.809999,24.809999,24.48,24.549999,5400,20.931979
2014-04-28,24.219999,24.360001,24.219999,24.35,1100,20.761454
2014-04-25,24.75,24.75,24.25,24.25,500,20.601161
2014-04
-24,24.219999,24.219999,24.219999,24.219999,000,20.575675
2014-04-23,24.25,24.290001,24.10,24.219999,2200,20.575675
2014-04-22,24.290001,24.290001,24.290001,24.290001,000,20.635143
2014-04-21,24.459999,24.66,24.290001,24.290001,400,20.635143
2014-04-17,24.190001,24.190001,24.190001,24.190001,000,20.55019
2014-04-16,24.799999,24.799999,24.190001,24.190001,2600,20.55019
2014-04-15,24.629999,24.629999,24.41,24.41,3000,20.737086
2014-04-14,24.690001,24.690001,24.60,24.66,1800,20.949469
2014-04-11,24.60,24.67,24.60,24.67,600,20.957965
2014-04-10,24.950001,24.950001,24.74,24.780001,1000,21.051414
2014-04-09,24.620001,24.889999,24.620001,24.889999,400,21.144862
2014-04-08,24.799999,24.799999,24.74,24.74,900,21.017432
2014-04-07,24.709999,24.709999,24.709999,24.709999,200,20.991945
2014-04-04,24.950001,24.950001,24.90,24.90,800,21.153357
2014-04-03,24.74,24.75,24.74,24.75,200,21.025928
2014-04-02,25.10,25.10,24.98,24.98,500,21.22132
2014-04-01,25.780001,25.780001,24.959999,24.959999,1400,21.204329
2014-03-31,25.09,25.25,25.00,25.00,1000,21.238311
2014-03-28,23.92,24.74,23.92,24.620001,1900,20.915489
2014-03-27,22.959999,23.959999,22.959999,23.959999,2400,20.354796
2014-03-26,22.75,22.75,22.75,22.75,300,19.252103
2014-03-25,22.719999,22.969999,22.719999,22.969999,300,19.438277
2014-03-24,22.67,22.67,22.67,22.67,100,19.184404
2014-03-21,22.700001,22.700001,22.700001,22.700001,200,19.209792
2014-03-20,22.610001,22.610001,22.40,22.60,900,19.125167
2014-03-19,23.00,23.00,22.690001,22.879999,2500,19.362115
2014-03-18,22.90,22.90,22.809999,22.809999,3200,19.302878
2014-03-17,23.219999,23.219999,22.90,23.00,3700,19.463665
2014-03-14,23.219999,23.219999,23.219999,23.219999,100,19.649839
2014-03-13,23.24,23.24,23.24,23.24,000,19.666764
2014-03-12,23.24,23.25,23.24,23.24,600,19.666764
2014-03-11,24.15,24.15,23.52,23.52,200,19.903713
2014-03-10,23.700001,23.700001,23.700001,23.700001,000,20.056038
2014-03-07,23.75,23.75,23.700001,23.700001,1000,20.056038
2014-03-06,24.26,24.280001,23.92,23.92,1000,20.242212
2014-03-05,23.309999,23.99,23.309999,23.99,400,20.301449
2014-03-04,24.10,24.10,24.10,24.10,000,20.394536
2014-03-03,24.08,24.23,24.08,24.10,3500,20.394536
2014-02-28,23.90,24.209999,23.889999,24.209999,800,20.487622
2014-02-27,23.809999,23.809999,23.809999,23.809999,000,20.149124
2014-02-26,23.809999,23.809999,23.809999,23.809999,000,20.149124
2014-02-25,23.709999,23.809999,23.709999,23.809999,400,20.074654
2014-02-24,23.700001,23.799999,23.57,23.59,500,19.889168
2014-02-21,23.65,23.65,23.65,23.65,000,19.939755
2014-02-20,23.950001,23.99,23.610001,23.65,1700,19.939755
2014-02-19,23.66,23.700001,23.66,23.700001,500,19.981912
2014-02-18,23.690001,23.690001,23.690001,23.690001,000,19.97348
2014-02-14,23.690001,23.690001,23.690001,23.690001,1000,19.97348
2014-02-13,23.57,24.059999,23.57,23.690001,2900,19.97348
2014-02-12,23.40,23.709999,23.40,23.709999,1200,19.990341
2014-02-11,23.00,23.00,23.00,23.00,000,19.391728
2014-02-10,23.01,23.01,23.00,23.00,300,19.391728
2014-02-07,23.139999,23.139999,23.00,23.01,500,19.400159
2014-02-06,23.280001,23.280001,23.280001,23.280001,200,19.627802
2014-02-05,22.59,22.59,22.59,22.59,000,19.046049
2014-02-04,22.709999,22.709999,22.59,22.59,500,19.046049
2014-02-03,22.969999,22.969999,22.58,22.629999,2600,19.079773
2014-01-31,23.00,23.00,22.85,22.85,1000,19.265261
2014-01-30,23.09,23.51,23.09,23.51,700,19.821719
2014-01-29,22.75,22.959999,22.73,22.85,500,19.265261
2014-01-28,22.90,22.959999,22.60,22.959999,4400,19.284651
2014-01-27,23.219999,23.219999,23.00,23.209999,600,19.494632
2014-01-24,23.209999,23.209999,23.209999,23.209999,200,19.494632
2014-01-23,23.27,23.50,23.27,23.50,400,19.738211
2014-01-22,23.75,23.799999,23.75,23.75,3300,19.948192
2014-01-21,24.15,24.15,23.940001,23.940001,900,20.107778
2014-01-17,24.01,24.01,24.01,24.01,000,20.166572
2014-01-16,24.18,24.24,24.00,24.01,4000,20.166572
2014-01-15,24.450001,24.450001,24.450001,24.450001,000,20.536139
2014-01-14,24.450001,24.450001,24.450001,24.450001,4200,20.536139
2014-01-13,24.50,24.50,24.50,24.50,1700,20.578135
2014-01-10,24.549999,24.549999,24.549999,24.549999,100,20.62013
2014-01-09,25.15,25.15,24.309999,24.309999,1100,20.418549
2014-01-08,24.74,25.18,24.719999,25.15,1800,21.124085
2014-01-07,24.879999,24.879999,24.700001,24.809999,500,20.83851
2014-01-06,25.549999,25.549999,24.889999,24.889999,7800,20.905704
2014-01-03,23.
90,24.76,23.90,24.76,300,20.796515
2014-01-02,24.10,24.76,24.09,24.719999,900,20.762917
2013-12-31,24.50,25.02,24.50,25.00,1300,20.998096
2013-12-30,24.709999,24.709999,24.629999,24.629999,500,20.687324
2013-12-27,24.799999,24.799999,24.75,24.75,200,20.788116
2013-12-26,25.469999,25.469999,25.110001,25.110001,300,21.013217
2013-12-24,25.50,25.50,24.389999,24.549999,1300,20.544582
2013-12-23,24.32,24.940001,24.299999,24.629999,1200,20.611529
2013-12-20,24.530001,24.66,24.389999,24.389999,800,20.410686
2013-12-19,24.26,24.26,24.26,24.26,000,20.301897
2013-12-18,24.26,24.26,24.26,24.26,000,20.301897
2013-12-17,24.02,24.370001,24.02,24.26,1100,20.301897
2013-12-16,24.65,24.65,24.110001,24.190001,2300,20.243318
2013-12-13,24.50,24.50,24.50,24.50,500,20.50274
2013-12-12,24.549999,24.549999,23.940001,24.389999,3500,20.410686
2013-12-11,24.030001,24.030001,24.030001,24.030001,000,20.109423
2013-12-10,24.040001,24.040001,24.030001,24.030001,400,20.109423
2013-12-09,24.25,24.25,24.25,24.25,300,20.293528
2013-12-06,23.76,24.17,23.75,24.17,300,20.226581
2013-12-05,23.50,23.50,23.50,23.50,000,19.665893
2013-12-04,23.50,23.50,23.50,23.50,000,19.665893
2013-12-03,24.379999,24.379999,23.50,23.50,400,19.665893
2013-12-02,24.200001,24.200001,23.620001,23.620001,2500,19.766316
2013-11-29,24.09,24.09,24.09,24.09,000,20.159633
2013-11-27,24.059999,24.110001,24.040001,24.09,900,20.159633
2013-11-26,23.99,24.030001,23.889999,23.969999,55900,20.059211
2013-11-25,24.18,24.25,24.07,24.10,1200,20.091011
2013-11-22,24.01,24.129999,24.01,24.129999,200,20.11602
2013-11-21,24.629999,24.629999,24.24,24.26,1300,20.224395
2013-11-20,24.48,24.48,24.43,24.43,1000,20.366116
2013-11-19,24.620001,24.620001,24.49,24.49,800,20.416135
2013-11-18,24.15,24.68,24.15,24.58,2000,20.491164
2013-11-15,24.049999,24.809999,24.040001,24.379999,7000,20.324433
2013-11-14,24.15,24.33,24.120001,24.120001,3700,20.107685
2013-11-13,24.84,24.84,24.84,24.84,000,20.707913
2013-11-12,24.84,24.84,24.84,24.84,000,20.707913
2013-11-11,24.84,24.84,24.84,24.84,000,20.707913
2013-11-08,24.84,24.84,24.84,24.84,000,20.707913
2013-11-07,24.940001,24.940001,24.84,24.84,300,20.707913
2013-11-06,24.48,24.48,24.48,24.48,000,20.407798
2013-11-05,24.48,24.48,24.48,24.48,000,20.407798
2013-11-04,24.48,24.48,24.48,24.48,100,20.407798
2013-11-01,24.48,24.48,24.48,24.48,200,20.407798
2013-10-31,24.879999,26.049999,24.360001,24.549999,1500,20.466154
2013-10-30,24.98,24.98,24.98,24.98,100,20.824624
2013-10-29,25.290001,25.75,24.92,24.93,2700,20.782942
2013-10-28,25.68,25.68,25.51,25.51,1300,21.188931
2013-10-25,25.219999,25.299999,25.219999,25.219999,900,20.948052
2013-10-24,26.049999,26.049999,25.43,25.60,1200,21.263686
2013-10-23,25.76,25.809999,25.59,25.790001,9300,21.421503
2013-10-22,26.030001,26.040001,25.809999,25.809999,3700,21.438114
2013-10-21,25.66,25.99,25.66,25.870001,2200,21.487952
2013-10-18,25.309999,25.879999,25.309999,25.700001,500,21.346748
2013-10-17,25.700001,25.75,25.219999,25.219999,2300,20.948052
2013-10-16,25.27,25.27,25.25,25.25,400,20.972971
2013-10-15,24.59,24.59,24.59,24.59,100,20.424767
2013-10-14,25.440001,25.440001,25.440001,25.440001,000,21.130788
2013-10-11,25.85,25.85,25.15,25.440001,700,21.130788
2013-10-10,25.59,25.620001,25.049999,25.049999,1900,20.806848
2013-10-09,26.00,26.00,24.92,25.59,800,21.25538
2013-10-08,25.74,25.74,25.280001,25.280001,400,20.99789
2013-10-07,25.049999,25.299999,25.049999,25.299999,800,21.014501
2013-10-04,24.530001,25.08,24.530001,25.08,1600,20.831767
2013-10-03,25.35,25.709999,25.35,25.59,1100,21.25538
2013-10-02,26.00,26.00,25.60,25.700001,1700,21.346748
2013-10-01,25.530001,26.00,25.40,26.00,800,21.595931
2013-09-30,24.92,25.59,24.90,25.450001,10500,21.139094
2013-09-27,24.85,24.85,24.85,24.85,000,20.640726
2013-09-26,24.85,24.85,24.85,24.85,000,20.640726
2013-09-25,25.82,25.83,24.85,24.85,300,20.561818
2013-09-24,25.73,25.73,24.75,24.75,600,20.479074
2013-09-23,24.870001,24.870001,24.870001,24.870001,000,20.578367
2013-09-20,24.870001,24.870001,24.870001,24.870001,000,20.578367
2013-09-19,25.129999,25.129999,24.870001,24.870001,3000,20.578367
2013-09-18,24.610001,24.85,24.23,24.85,2600,20.561818
2013-09-17,24.559999,24.57,24.51,24.52,500,20.288764
2013-09-16,24.26,24.26,24.26,24.26,000,20.07363
2013-09-13,24.26,24.26,24.26,24.26,000,20.07363
2013-09-12,24.26,24.26,24.26,24.26,100,20.07363
2013-09-11,24.139999,24.15,24.09
,24.139999,6400,19.974337
2013-09-10,24.34,24.34,24.219999,24.299999,6900,20.106727
2013-09-09,24.690001,24.690001,24.309999,24.389999,5400,20.181196
2013-09-06,23.74,23.74,23.74,23.74,000,19.643362
2013-09-05,23.74,23.74,23.74,23.74,000,19.643362
2013-09-04,23.74,23.74,23.74,23.74,000,19.643362
2013-09-03,23.74,23.74,23.74,23.74,000,19.643362
2013-08-30,23.74,23.74,23.74,23.74,000,19.643362
2013-08-29,23.74,23.74,23.74,23.74,000,19.643362
2013-08-28,23.74,23.74,23.74,23.74,000,19.643362
2013-08-27,23.74,23.74,23.74,23.74,000,19.566411
2013-08-26,23.74,23.74,23.74,23.74,000,19.566411
2013-08-23,22.74,23.74,22.66,23.74,600,19.566411
2013-08-22,24.00,24.00,24.00,24.00,000,19.780702
2013-08-21,24.00,24.00,24.00,24.00,000,19.780702
2013-08-20,24.00,24.00,24.00,24.00,000,19.780702
2013-08-19,24.00,24.459999,24.00,24.00,5000,19.780702
2013-08-16,24.02,24.02,24.02,24.02,2700,19.797186
2013-08-15,24.190001,24.440001,24.17,24.440001,1300,20.143349
2013-08-14,24.17,24.17,24.17,24.17,000,19.920815
2013-08-13,24.24,24.24,24.17,24.17,200,19.920815
2013-08-12,24.309999,24.309999,24.309999,24.309999,000,20.036202
2013-08-09,24.299999,24.309999,24.17,24.309999,800,20.036202
2013-08-08,23.700001,23.700001,23.700001,23.700001,000,19.533444
2013-08-07,23.83,23.83,23.700001,23.700001,500,19.533444
2013-08-06,24.440001,24.83,24.309999,24.309999,700,20.036202
2013-08-05,24.15,24.15,23.90,24.040001,700,19.813671
2013-08-02,24.99,24.99,24.99,24.99,000,20.596656
2013-08-01,24.99,24.99,24.99,24.99,000,20.596656
2013-07-31,27.950001,27.950001,24.99,24.99,1200,20.596656
2013-07-30,27.139999,27.139999,25.200001,25.799999,2100,21.264254
2013-07-29,25.360001,25.360001,25.360001,25.360001,000,20.901609
2013-07-26,25.17,25.360001,25.17,25.360001,400,20.82331
2013-07-25,25.299999,25.299999,25.299999,25.299999,200,20.774042
2013-07-24,25.17,25.17,25.17,25.17,100,20.667299
2013-07-23,25.50,25.639999,25.41,25.639999,600,21.053219
2013-07-22,25.84,25.84,25.84,25.84,000,21.217441
2013-07-19,26.25,26.25,25.84,25.84,300,21.217441
2013-07-18,25.879999,25.879999,25.879999,25.879999,100,21.250285
2013-07-17,25.879999,26.030001,25.879999,25.950001,1200,21.307764
2013-07-16,25.41,25.700001,25.41,25.639999,400,21.053219
2013-07-15,25.25,25.25,25.25,25.25,1500,20.732987
2013-07-12,25.90,26.559999,25.74,25.74,1200,21.13533
2013-07-11,25.379999,25.379999,25.379999,25.379999,200,20.839731
2013-07-10,24.60,24.60,24.60,24.60,000,20.199267
2013-07-09,25.280001,25.40,24.60,24.60,2000,20.199267
2013-07-08,25.00,25.00,25.00,25.00,300,20.52771
2013-07-05,24.75,24.99,24.75,24.99,400,20.519499
2013-07-03,24.969999,24.969999,24.969999,24.969999,000,20.503076
2013-07-02,24.959999,24.969999,24.959999,24.969999,300,20.503076
2013-07-01,25.01,25.01,25.01,25.01,000,20.535921
2013-06-28,25.01,25.01,25.01,25.01,200,20.535921
2013-06-27,25.43,25.43,25.43,25.43,300,20.880787
2013-06-26,24.91,24.91,24.91,24.91,300,20.45381
2013-06-25,24.959999,25.84,24.959999,25.459999,700,20.827415
2013-06-24,24.219999,25.01,24.219999,24.620001,3500,20.140259
2013-06-21,24.530001,25.16,24.530001,24.540001,1100,20.074815
2013-06-20,24.879999,24.91,23.200001,23.92,7100,19.567627
2013-06-19,26.35,26.360001,25.559999,26.059999,4700,21.318242
2013-06-18,25.690001,26.26,25.690001,26.26,2200,21.481851
2013-06-17,26.10,26.27,26.10,26.27,600,21.490032
2013-06-14,26.870001,26.870001,26.870001,26.870001,200,21.980859
2013-06-13,26.83,26.83,26.290001,26.58,1900,21.743625
2013-06-12,26.25,26.52,26.01,26.200001,800,21.432769
2013-06-11,27.01,27.01,26.129999,26.26,1000,21.481851
2013-06-10,26.889999,26.889999,26.889999,26.889999,000,21.997219
2013-06-07,26.889999,26.889999,26.889999,26.889999,000,21.997219
2013-06-06,26.73,26.889999,26.68,26.889999,800,21.997219
2013-06-05,26.90,26.90,26.26,26.52,1900,21.694543
2013-06-04,27.00,27.00,26.90,26.90,200,22.0054
2013-06-03,27.450001,27.450001,27.120001,27.120001,200,22.18537
2013-05-31,27.200001,27.440001,27.200001,27.200001,56000,22.250814
2013-05-30,27.52,27.52,27.52,27.52,000,22.512588
2013-05-29,27.52,27.52,27.52,27.52,000,22.512588
2013-05-28,27.799999,28.00,27.52,27.52,1000,22.435691
2013-05-24,28.049999,28.049999,28.049999,28.049999,000,22.867773
2013-05-23,27.25,28.110001,27.25,28.049999,800,22.867773
2013-05-22,28.50,28.540001,27.99,27.99,1000,22.818858
2013-05-21,28.299999,28.77,28.15,28.33,600,23.096044
2013-05-20,27.91,28.950001,27.91,28.950001,800,23.6015
2013-05-17,27.879999,28.16,27.879999,28.16,900,22.957451
2013-05-16,29.059999,29.059999,29.059999,29.059999,100,23.691176
2013-05-15,28.950001,28.950001,28.950001,28.950001,000,23.6015
2013-05-14,28.950001,28.950001,28.950001,28.950001,000,23.6015
2013-05-13,28.9
9,28.99,28.950001,28.950001,200,23.6015
2013-05-10,28.49,28.700001,28.49,28.700001,200,23.397687
2013-05-09,29.40,29.40,29.40,29.40,300,23.968361
2013-05-08,29.360001,29.360001,29.360001,29.360001,000,23.935752
2013-05-07,29.360001,29.360001,29.360001,29.360001,100,23.935752
2013-05-06,29.610001,29.610001,29.610001,29.610001,300,24.139565
2013-05-03,28.90,28.90,28.90,28.90,000,23.560736
2013-05-02,28.90,28.90,28.90,28.90,000,23.560736
2013-05-01,29.889999,29.889999,28.90,28.90,1000,23.560736
2013-04-30,29.389999,29.389999,29.389999,29.389999,100,23.960209
2013-04-29,28.68,28.68,28.68,28.68,000,23.381382
2013-04-26,28.68,28.68,28.68,28.68,1600,23.381382
2013-04-25,27.50,27.50,27.50,27.50,000,22.341122
2013-04-24,27.50,27.50,27.50,27.50,000,22.341122
2013-04-23,27.299999,27.50,27.23,27.50,1100,22.341122
2013-04-22,27.379999,27.379999,27.379999,27.379999,000,22.243633
2013-04-19,27.379999,27.379999,27.379999,27.379999,100,22.243633
2013-04-18,27.780001,27.780001,27.780001,27.780001,000,22.568596
2013-04-17,27.780001,27.780001,27.780001,27.780001,000,22.568596
2013-04-16,27.530001,27.780001,27.530001,27.780001,600,22.568596
2013-04-15,28.35,28.35,27.459999,27.48,1700,22.324874
2013-04-12,28.950001,28.950001,28.950001,28.950001,000,23.51911
2013-04-11,28.950001,28.950001,28.950001,28.950001,200,23.51911
2013-04-10,30.00,30.00,28.65,29.18,1500,23.705962
2013-04-09,29.18,29.18,29.18,29.18,000,23.705962
2013-04-08,28.040001,29.18,28.02,29.18,1400,23.705962
2013-04-05,27.65,27.65,27.65,27.65,300,22.462983
2013-04-04,28.209999,28.209999,28.209999,28.209999,000,22.917929
2013-04-03,28.209999,28.209999,28.209999,28.209999,100,22.917929
2013-04-02,27.92,27.92,27.92,27.92,000,22.682332
2013-04-01,27.92,27.92,27.92,27.92,000,22.682332
2013-03-28,27.92,27.92,27.92,27.92,000,22.682332
2013-03-27,27.92,27.92,27.92,27.92,300,22.682332
2013-03-26,27.73,27.73,27.690001,27.690001,300,22.49548
2013-03-25,27.540001,27.67,27.540001,27.67,200,22.399615
2013-03-22,27.469999,27.469999,27.469999,27.469999,300,22.237709
2013-03-21,27.360001,27.360001,27.360001,27.360001,000,22.148662
2013-03-20,27.360001,27.360001,27.360001,27.360001,000,22.148662
2013-03-19,27.92,27.92,27.360001,27.360001,300,22.148662
2013-03-18,27.469999,27.469999,27.469999,27.469999,000,22.237709
2013-03-15,27.469999,27.469999,27.469999,27.469999,000,22.237709
2013-03-14,27.469999,27.469999,27.469999,27.469999,300,22.237709
2013-03-13,27.379999,27.379999,27.379999,27.379999,100,22.164851
2013-03-12,27.83,27.860001,27.83,27.860001,400,22.553425
2013-03-11,28.00,28.00,27.66,27.66,300,22.391519
2013-03-08,27.690001,27.690001,27.690001,27.690001,100,22.415806
2013-03-07,27.90,27.90,27.719999,27.719999,500,22.440091
2013-03-06,28.41,28.41,28.41,28.41,000,22.998665
2013-03-05,28.41,28.620001,28.41,28.41,800,22.998665
2013-03-04,28.66,28.66,28.01,28.01,300,22.674854
2013-03-01,28.40,28.40,28.09,28.35,700,22.950094
2013-02-28,28.290001,28.34,28.219999,28.34,400,22.941998
2013-02-27,28.280001,28.32,28.209999,28.209999,900,22.836759
2013-02-26,27.76,28.190001,27.76,28.190001,400,22.820569
2013-02-25,28.68,28.68,28.68,28.68,000,23.140332
2013-02-22,28.700001,28.709999,28.60,28.68,1200,23.140332
2013-02-21,28.60,28.60,28.60,28.60,700,23.075785
2013-02-20,31.879999,31.879999,28.60,28.60,2600,23.075785
2013-02-19,29.40,29.450001,29.24,29.24,600,23.592165
2013-02-15,29.370001,29.370001,29.370001,29.370001,000,23.697056
2013-02-14,29.389999,29.389999,29.370001,29.370001,300,23.697056
2013-02-13,29.799999,29.799999,29.75,29.75,400,24.003657
2013-02-12,30.16,30.16,30.16,30.16,000,24.334463
2013-02-11,30.73,30.73,30.16,30.16,2900,24.334463
2013-02-08,30.700001,30.700001,30.24,30.24,800,24.399011
2013-02-07,30.889999,30.90,30.190001,30.190001,1200,24.358669
2013-02-06,30.459999,30.459999,30.459999,30.459999,000,24.576516
2013-02-05,30.459999,30.459999,30.459999,30.459999,100,24.576516
2013-02-04,29.49,29.49,29.49,29.49,000,23.793877
2013-02-01,29.49,29.49,29.49,29.49,000,23.793877
2013-01-31,29.49,29.49,29.49,29.49,100,23.793877
2013-01-30,29.01,29.01,29.01,29.01,200,23.406591
2013-01-29,29.02,29.02,28.92,28.950001,400,23.358181
2013-01-28,29.32,29.32,29.32,29.32,000,23.57845
2013-01-25,29.32,29.32,29.32,29.32,000,23.57845
2013-01-24,29.32,29.32,29.32,29.32,000,23.57845
2013-01-23,28.84,29.32,28.84,29.32,1200,23.57845
2013-01-22,29.43,29.43,29.43,29.43,000,23.66691
2013-01-18,29.43,29.43,29.43,29.43,000,23.66691
2013-01-17,29.43,29.43,29.43,29.43,000,23.66691
2013-01-16,29.43,29.43,29.43,29.43,000,23.66691
2013-01-15,29.450001,29.459999,29.41,29.43,900,23.66691
2013-01-14,29.02,29.33,28.00,29.33,800,23.586492
2013-01-11,29.719999,29.719999,29.719999,29.719999,100,23.90012
2013-01-10,29.66,29.66,29.66,29.66,000,23.85187
2013-01-09,29.84,29.84,29.66,29.66,200,23.85187
2013-01-08,29.639999,29.639999,29.639999,29.639999,000,23.835786
2013-01-07,29.940001,29.940001,29.639999,29.639999,1200,23.835786
2013-01-04,29.629999,29.629999,29.629999,29.629999,000,23.827744
2013-01-03,30.23,30.23,29.629999,29.629999,400,23.827744
2013-01-02,29.559999,29.559999,29.559999,29.559999,000,23.771452
2012-12-31,29.299999,29.559999,28.940001,29.559999,1400,23.771452
2012-12-
28,28.690001,28.690001,28.690001,28.690001,000,23.071819
2012-12-27,27.700001,28.959999,27.700001,28.959999,600,23.288946
2012-12-26,28.93,28.93,28.93,28.93,200,23.186011
2012-12-24,29.700001,29.700001,29.700001,29.700001,300,23.80313
2012-12-21,28.93,29.209999,28.93,29.209999,800,23.410417
2012-12-20,29.629999,29.629999,29.629999,29.629999,000,23.747027
2012-12-19,29.629999,29.629999,29.629999,29.629999,000,23.747027
2012-12-18,29.629999,29.629999,29.629999,29.629999,000,23.747027
2012-12-17,29.629999,29.629999,29.629999,29.629999,000,23.747027
2012-12-14,29.629999,29.629999,29.629999,29.629999,000,23.747027
2012-12-13,29.629999,29.629999,29.629999,29.629999,000,23.747027
2012-12-12,29.629999,29.629999,29.629999,29.629999,000,23.747027
2012-12-11,29.629999,29.629999,29.629999,29.629999,000,23.747027
2012-12-10,29.629999,29.629999,29.629999,29.629999,000,23.747027
2012-12-07,29.629999,29.629999,29.629999,29.629999,000,23.747027
2012-12-06,29.67,29.700001,29.629999,29.629999,800,23.747027
2012-12-05,29.84,29.84,29.84,29.84,200,23.915333
2012-12-04,29.450001,29.629999,29.370001,29.629999,700,23.747027
2012-12-03,29.77,29.77,29.77,29.77,000,23.859231
2012-11-30,29.870001,29.969999,29.690001,29.77,1800,23.859231
2012-11-29,29.85,29.85,29.85,29.85,000,23.923347
2012-11-28,29.85,29.85,29.85,29.85,000,23.923347
2012-11-27,29.700001,29.85,29.700001,29.85,400,23.844805
2012-11-26,28.90,28.90,28.90,28.90,000,23.085924
2012-11-23,28.90,28.90,28.90,28.90,000,23.085924
2012-11-21,28.90,28.90,28.90,28.90,000,23.085924
2012-11-20,28.90,28.90,28.90,28.90,000,23.085924
2012-11-19,28.90,28.90,28.90,28.90,000,23.085924
2012-11-16,28.90,28.90,28.90,28.90,000,23.085924
2012-11-15,28.90,28.90,28.90,28.90,100,23.085924
2012-11-14,29.190001,29.190001,29.190001,29.190001,000,23.317583
2012-11-13,29.190001,29.190001,29.190001,29.190001,000,23.317583
2012-11-12,29.49,29.49,29.190001,29.190001,1600,23.317583
2012-11-09,29.65,29.65,29.65,29.65,000,23.68504
2012-11-08,29.65,29.65,29.65,29.65,000,23.68504
2012-11-07,29.889999,29.889999,29.60,29.65,500,23.68504
2012-11-06,29.01,29.01,29.01,29.01,000,23.173795
2012-11-05,29.60,29.60,29.01,29.01,200,23.173795
2012-11-02,29.209999,29.24,29.18,29.24,800,23.357523
2012-11-01,30.190001,30.190001,30.190001,30.190001,000,24.116404
2012-10-31,30.190001,30.190001,30.190001,30.190001,000,24.116404
2012-10-26,30.18,30.190001,30.18,30.190001,800,24.116404
2012-10-25,29.25,29.25,29.25,29.25,200,23.365512
2012-10-24,29.25,29.50,29.17,29.50,1300,23.565217
2012-10-23,30.10,30.10,30.10,30.10,000,24.04451
2012-10-22,30.10,30.10,30.10,30.10,000,24.04451
2012-10-19,30.10,30.10,30.10,30.10,000,24.04451
2012-10-18,30.10,30.10,30.10,30.10,1000,24.04451
2012-10-17,30.059999,30.059999,30.059999,30.059999,000,24.012556
2012-10-16,30.059999,30.059999,30.059999,30.059999,100,24.012556
2012-10-15,29.73,29.950001,29.73,29.950001,900,23.924687
2012-10-12,29.870001,29.92,29.860001,29.92,600,23.900722
2012-10-11,29.50,30.00,29.50,30.00,600,23.964627
2012-10-10,28.780001,28.780001,28.780001,28.780001,000,22.990066
2012-10-09,28.780001,28.780001,28.780001,28.780001,000,22.990066
2012-10-08,28.780001,28.780001,28.780001,28.780001,000,22.990066
2012-10-05,28.780001,28.780001,28.780001,28.780001,000,22.990066
2012-10-04,28.780001,28.780001,28.780001,28.780001,000,22.990066
2012-10-03,28.780001,28.780001,28.780001,28.780001,000,22.990066
2012-10-02,28.780001,28.780001,28.780001,28.780001,000,22.990066
2012-10-01,28.700001,28.780001,28.60,28.780001,600,22.990066
2012-09-28,28.83,29.24,28.83,28.85,800,23.045984
2012-09-27,28.34,28.34,28.34,28.34,000,22.638585
2012-09-26,28.02,28.379999,28.02,28.34,900,22.638585
2012-09-25,28.59,28.59,28.59,28.59,000,22.758409
2012-09-24,28.52,28.879999,28.52,28.59,1200,22.758409
2012-09-21,29.60,29.60,29.10,29.10,400,23.164383
2012-09-20,28.799999,29.26,28.74,29.26,1600,23.291747
2012-09-19,29.049999,29.049999,28.77,29.040001,400,23.116621
2012-09-18,28.83,28.83,28.83,28.83,000,22.949455
2012-09-17,28.83,28.83,28.83,28.83,100,22.949455
2012-09-14,28.870001,29.43,28.870001,29.139999,1200,23.196223
2012-09-13,28.82,28.82,28.82,28.82,000,22.941495
2012-09-12,28.82,28.82,28.82,28.82,100,22.941495
2012-09-11,29.280001,29.280001,29.280001,29.280001,000,23.307668
2012-09-10,29.23,29.280001,29.23,29.280001,700,23.307668
2012-09-07,28.860001,28.860001,28.860001,28.860001,200,22.973336
2012-09-06,28.57,28.57,28.08,28.33,2500,22.551442
2012-09-05,29.00,29.00,28.10,28.33,1100,22.551442
2012-09-04,28.309999,28.309999,28.309999,28.309999,100,22.535521
2012-08-31,29.07,29.07,29.07,29.07,000,23.140501
2012-08-30,29.07,29.07,29.07,29.07,000,23.140501
2012-08-29,29.07,29.07,29.07,29.07,300,23.140501
2012-08-28,29.940001,29.940001,29.940001,29.940001,100,23.760606
2012-08-27,29.90,29.90,29.90,29.90,200,23.728861
2012-08-24,29.92,29.92,29.92,29.92,200,23.744734
2012-08-23,29.299999,29.299999,29.299999,29.299999,100,23.252697
2012-08-22,29.309999,29.50,29.07,29.50,1000,23.411419
2012-08-21,29.799999,30.00,29.700001,29.700001,1400,23.570141
2012-08-20,29.700001,30.00,29.620001,29.620001,900,23.506652
2012-08-17,29.950001,30.00,29.709999,29.719999,1500,23.586012
2012-08-16,29.57,29.799999,29.450001,29.450001,600,23.371739
2012-08-15,29.24,29.610001,29.24,29.610001,500,23.498716
2012-08-14,29.030001,29.049999,29.00,29.00,900,23.014615
2012-08-13,29.200001,29.200001,29.200001,29.200001,000,23.173337
2012-08-10,29.200001,29.200001,29.200001,29.200001,000,23.173337
2012-08-09,29.24,29.24,27.549999,29.200001,2900,23.173337
2012-08-08,29.17,29.17,29.07,29.17,500,23.149528
2012-08-07,28.559999,28.610001,28.559999,28.610001,400,22.705109
2012-08-06,29.24,29.24,28.959999,28.959999,600,2
2.98287
2012-08-03,28.68,28.68,28.68,28.68,000,22.760661
2012-08-02,28.809999,28.809999,28.00,28.68,1700,22.760661
2012-08-01,29.00,29.00,29.00,29.00,200,23.014615
2012-07-31,29.16,29.16,29.16,29.16,000,23.141592
2012-07-30,29.00,29.16,29.00,29.16,500,23.141592
2012-07-27,29.370001,29.370001,29.370001,29.370001,100,23.30825
2012-07-26,28.719999,28.75,28.719999,28.75,200,22.745582
2012-07-25,28.24,28.24,27.959999,27.959999,800,22.120573
2012-07-24,27.76,27.76,27.709999,27.709999,300,21.922785
2012-07-23,27.17,27.17,27.17,27.17,200,21.495564
2012-07-20,27.02,27.469999,26.75,27.469999,600,21.732909
2012-07-19,27.15,27.23,27.10,27.23,600,21.543033
2012-07-18,26.700001,26.700001,26.700001,26.700001,000,21.123724
2012-07-17,27.00,27.00,26.67,26.700001,500,21.123724
2012-07-16,27.15,27.15,27.15,27.15,200,21.479741
2012-07-13,27.200001,27.280001,27.200001,27.280001,200,21.582591
2012-07-12,26.60,26.60,26.60,26.60,000,21.044609
2012-07-11,26.60,26.60,26.60,26.60,000,21.044609
2012-07-10,26.60,26.60,26.60,26.60,000,21.044609
2012-07-09,26.60,26.60,26.60,26.60,000,21.044609
2012-07-06,26.60,26.610001,26.60,26.60,400,21.044609
2012-07-05,26.85,26.85,26.85,26.85,000,21.242396
2012-07-03,26.85,26.85,26.85,26.85,200,21.242396
2012-07-02,26.620001,26.620001,26.620001,26.620001,000,21.060432
2012-06-29,26.620001,26.620001,26.620001,26.620001,000,21.060432
2012-06-28,26.540001,26.620001,26.40,26.620001,400,21.060432
2012-06-27,26.15,26.50,26.15,26.50,1000,20.965493
2012-06-26,25.77,25.77,25.77,25.77,400,20.318332
2012-06-25,25.50,25.50,25.50,25.50,000,20.105451
2012-06-22,25.50,25.50,25.50,25.50,000,20.105451
2012-06-21,26.50,26.50,25.50,25.50,1500,20.105451
2012-06-20,26.75,26.75,26.75,26.75,000,21.091012
2012-06-19,27.15,27.15,26.75,26.75,1900,21.091012
2012-06-18,26.98,26.98,26.98,26.98,100,21.272355
2012-06-15,27.25,27.25,27.10,27.17,400,21.422161
2012-06-14,26.75,26.75,26.719999,26.75,600,21.091012
2012-06-13,26.00,26.00,26.00,26.00,200,20.499675
2012-06-12,25.98,26.00,25.98,26.00,400,20.499675
2012-06-11,25.469999,25.469999,25.469999,25.469999,000,20.081797
2012-06-08,25.469999,25.469999,25.469999,25.469999,000,20.081797
2012-06-07,25.469999,25.469999,25.469999,25.469999,100,20.081797
2012-06-06,24.85,25.200001,24.85,25.200001,400,19.868917
2012-06-05,24.40,24.40,24.40,24.40,000,19.238156
2012-06-04,25.190001,25.190001,24.40,24.40,400,19.238156
2012-06-01,25.85,25.85,24.969999,25.00,900,19.711226
2012-05-31,25.709999,25.709999,25.709999,25.709999,100,20.271024
2012-05-30,26.129999,26.129999,25.75,25.75,1000,20.302563
2012-05-29,26.00,26.25,25.75,26.25,2000,20.696788
2012-05-25,25.799999,25.90,25.799999,25.90,800,20.351447
2012-05-24,26.34,26.43,25.360001,25.41,3000,19.96642
2012-05-23,26.040001,26.040001,26.00,26.00,700,20.430025
2012-05-22,25.51,26.50,25.51,26.50,2100,20.82291
2012-05-21,26.00,26.00,26.00,26.00,000,20.430025
2012-05-18,26.34,26.34,26.00,26.00,500,20.430025
2012-05-17,26.459999,26.459999,26.459999,26.459999,100,20.791478
2012-05-16,26.57,26.690001,26.559999,26.559999,900,20.870056
2012-05-15,27.030001,27.030001,27.030001,27.030001,400,21.239368
2012-05-14,26.75,26.75,26.75,26.75,500,21.019352
2012-05-11,26.83,27.35,26.83,27.35,800,21.490815
2012-05-10,26.00,26.68,26.00,26.68,600,20.964349
2012-05-09,27.35,27.35,26.469999,26.469999,600,20.799336
2012-05-08,26.75,27.35,26.75,27.35,1900,21.490815
2012-05-07,26.780001,27.290001,26.780001,27.290001,300,21.443669
2012-05-04,27.50,27.50,27.25,27.25,1000,21.412237
2012-05-03,27.209999,27.98,27.209999,27.98,600,21.985849
2012-05-02,27.299999,27.299999,27.299999,27.299999,000,21.451525
2012-05-01,27.120001,27.389999,27.120001,27.299999,2400,21.451525
2012-04-30,26.00,27.129999,26.00,27.129999,1000,21.317944
2012-04-27,26.68,26.68,26.68,26.68,000,20.964349
2012-04-26,26.68,26.68,26.68,26.68,000,20.964349
2012-04-25,26.559999,26.559999,26.559999,26.559999,000,20.79855
2012-04-24,26.23,26.559999,26.190001,26.559999,500,20.79855
2012-04-23,25.50,26.77,25.50,26.68,1500,20.89252
2012-04-20,25.49,25.49,25.49,25.49,000,19.960657
2012-04-19,25.49,25.49,25.49,25.49,000,19.960657
2012-04-18,25.49,25.49,25.49,25.49,000,19.960657
2012-04-17,25.49,25.49,25.49,25.49,000,19.960657
2012-04-16,25.51,25.51,25.49,25.49,200,19.960657
2012-04-13,25.67,25.67,25.67,25.67,000,20.101611
2012-04-12,25.50,25.67,25.50,25.67,200,20.101611
2012-04-11,25.10,25.10,25.10,25.10,100,19.655257
2012-04-10,24.690001,24.690001,24.690001,24.690001,000,19.334195
2012-04-09,24.690001,24.690001,24.690001,24.690001,000,19.334195
2012-04-05,24.33,24.690001,24.33,24.690001,500,19.334195
2012-04-04,24.00,24.00,23.99,23.99,200,18.78604
2012-04-03,24.299999,24.309999,23.85,24.309999,1200,19.036625
2012-04-02,24.25,24.25,24.25,24.25,5
00,18.98964
2012-03-30,24.25,24.25,24.25,24.25,200,18.98964
2012-03-29,24.299999,24.299999,24.299999,24.299999,200,19.028794
2012-03-28,24.65,24.65,24.65,24.65,200,19.302871
2012-03-27,24.90,24.90,24.90,24.90,200,19.427381
2012-03-26,24.67,25.530001,24.629999,24.969999,1000,19.481995
2012-03-23,24.059999,24.530001,24.059999,24.530001,900,19.138701
2012-03-22,25.049999,25.049999,23.76,23.76,1500,18.537935
2012-03-21,25.309999,25.459999,25.309999,25.459999,200,19.864301
2012-03-20,25.50,25.50,25.049999,25.049999,300,19.544413
2012-03-19,25.860001,25.860001,25.860001,25.860001,000,20.176389
2012-03-16,25.860001,25.860001,25.860001,25.860001,100,20.176389
2012-03-15,25.90,25.90,25.90,25.90,200,20.207597
2012-03-14,26.299999,26.50,26.299999,26.50,400,20.675727
2012-03-13,26.51,26.51,25.940001,25.940001,1600,20.238806
2012-03-12,26.17,26.17,26.17,26.17,100,20.418255
2012-03-09,25.450001,25.950001,25.450001,25.950001,1400,20.246608
2012-03-08,25.379999,25.379999,25.379999,25.379999,000,19.801884
2012-03-07,25.469999,25.469999,25.370001,25.379999,600,19.801884
2012-03-06,24.950001,25.360001,24.950001,25.360001,1100,19.786281
2012-03-05,25.379999,25.379999,25.35,25.35,600,19.778478
2012-03-02,25.690001,25.940001,25.469999,25.74,1100,20.082762
2012-03-01,25.85,25.85,25.85,25.85,200,20.168586
2012-02-29,25.690001,25.690001,25.690001,25.690001,000,20.043752
2012-02-28,25.690001,25.690001,25.690001,25.690001,100,20.043752
2012-02-27,25.59,25.92,25.59,25.73,800,20.07496
2012-02-24,25.92,26.299999,25.629999,25.629999,800,19.926719
2012-02-23,26.200001,26.200001,25.92,25.92,600,20.152188
2012-02-22,26.200001,26.299999,25.889999,26.129999,600,20.315457
2012-02-21,25.879999,25.879999,25.879999,25.879999,000,20.121088
2012-02-17,25.719999,25.879999,25.35,25.879999,1200,20.121088
2012-02-16,25.35,25.35,25.35,25.35,100,19.709026
2012-02-15,25.35,25.639999,24.950001,24.950001,1700,19.398036
2012-02-14,24.950001,24.950001,24.889999,24.889999,400,19.351386
2012-02-13,25.190001,25.190001,25.190001,25.190001,100,19.58463
2012-02-10,25.219999,25.219999,25.219999,25.219999,200,19.607954
2012-02-09,25.10,25.35,25.10,25.35,2000,19.709026
2012-02-08,25.129999,25.129999,24.950001,24.950001,1000,19.398036
2012-02-07,25.25,25.51,24.99,25.120001,164800,19.530207
2012-02-06,24.450001,25.15,24.450001,25.15,111500,19.55353
2012-02-03,24.299999,24.58,24.26,24.51,105600,19.055946
2012-02-02,24.40,24.530001,24.08,24.08,56200,18.721631
2012-02-01,24.10,24.799999,24.10,24.40,40700,18.970423
2012-01-31,24.440001,24.450001,24.389999,24.440001,20100,19.001523
2012-01-30,24.110001,24.379999,24.110001,24.290001,5800,18.884902
2012-01-27,24.58,24.58,24.35,24.50,7100,19.048171
2012-01-26,24.950001,24.950001,24.90,24.90,1200,19.359161
2012-01-25,24.969999,24.98,24.969999,24.98,400,19.421359
2012-01-24,25.00,25.00,25.00,25.00,000,19.436909
2012-01-23,24.73,25.00,24.73,25.00,700,19.436909
2012-01-20,24.35,24.35,24.35,24.35,000,18.93155
2012-01-19,24.35,24.35,24.35,24.35,100,18.93155
2012-01-18,24.43,24.43,24.43,24.43,000,18.993748
2012-01-17,24.43,24.43,24.43,24.43,100,18.993748
2012-01-13,24.41,24.41,24.02,24.25,400,18.853802
2012-01-12,24.629999,24.629999,24.01,24.40,1200,18.970423
2012-01-11,24.459999,24.51,24.360001,24.459999,400,19.017071
2012-01-10,24.629999,24.700001,24.27,24.50,2100,19.048171
2012-01-09,24.50,24.50,24.049999,24.32,4100,18.908225