Date,Open,High,Low,Close,Volume,Adj Close
2016-08-05,0.09,0.09,0.09,0.09,000,0.09
2016-08-04,0.09,0.09,0.09,0.09,000,0.09
2016-08-02,0.09,0.09,0.09,0.09,000,0.09
2016-08-01,0.09,0.09,0.09,0.09,000,0.09
2016-07-29,0.09,0.09,0.09,0.09,000,0.09
2016-07-28,0.09,0.09,0.09,0.09,000,0.09
2016-07-27,0.09,0.09,0.09,0.09,000,0.09
2016-07-26,0.09,0.09,0.09,0.09,000,0.09
2016-07-25,0.09,0.09,0.09,0.09,000,0.09
2016-07-22,0.09,0.09,0.09,0.09,000,0.09
2016-07-21,0.09,0.09,0.09,0.09,000,0.09
2016-07-20,0.09,0.09,0.09,0.09,000,0.09
2016-07-19,0.09,0.09,0.09,0.09,000,0.09
2016-07-18,0.09,0.09,0.09,0.09,000,0.09
2016-07-15,0.09,0.09,0.09,0.09,000,0.09
2016-07-14,0.09,0.09,0.09,0.09,000,0.09
2016-07-13,0.09,0.09,0.09,0.09,000,0.09
2016-07-12,0.09,0.09,0.09,0.09,000,0.09
2016-07-11,0.09,0.09,0.09,0.09,000,0.09
2016-07-08,0.09,0.09,0.09,0.09,000,0.09
2016-07-07,0.09,0.09,0.09,0.09,000,0.09
2016-07-06,0.09,0.09,0.09,0.09,000,0.09
2016-07-05,0.09,0.09,0.09,0.09,000,0.09
2016-07-04,0.09,0.09,0.09,0.09,000,0.09
2016-07-01,0.09,0.09,0.09,0.09,000,0.09
2016-06-30,0.09,0.09,0.09,0.09,000,0.09
2016-06-29,0.09,0.09,0.09,0.09,000,0.09
2016-06-28,0.09,0.09,0.09,0.09,000,0.09
2016-06-24,0.09,0.09,0.09,0.09,000,0.09
2016-06-23,0.09,0.09,0.09,0.09,000,0.09
2016-06-22,0.09,0.09,0.09,0.09,000,0.09
2016-06-21,0.09,0.09,0.09,0.09,000,0.09
2016-06-20,0.09,0.09,0.09,0.09,000,0.09
2016-06-17,0.09,0.09,0.09,0.09,000,0.09
2016-06-16,0.09,0.09,0.09,0.09,000,0.09
2016-06-15,0.09,0.09,0.09,0.09,000,0.09
2016-06-14,0.09,0.09,0.09,0.09,000,0.09
2016-06-09,0.09,0.09,0.09,0.09,000,0.09
2016-06-08,0.09,0.09,0.09,0.09,000,0.09
2016-06-07,0.09,0.09,0.09,0.09,000,0.09
2016-06-06,0.09,0.09,0.09,0.09,000,0.09
2016-06-03,0.09,0.09,0.09,0.09,000,0.09
2016-06-02,0.09,0.09,0.09,0.09,000,0.09
2016-06-01,0.09,0.09,0.09,0.09,000,0.09
2016-05-31,0.09,0.09,0.09,0.09,000,0.09
2016-05-30,0.09,0.09,0.09,0.09,000,0.09
2016-05-27,0.09,0.09,0.09,0.09,000,0.09
2016-05-26,0.09,0.09,0.09,0.09,000,0.09
2016-05-25,0.09,0.09,0.09,0.09,000,0.09
2016-05-24,0.09,0.09,0.09,0.09,000,0.09
2016-05-20,0.09,0.09,0.09,0.09,000,0.09
2016-05-19,0.09,0.09,0.09,0.09,000,0.09
2016-05-18,0.09,0.09,0.09,0.09,000,0.09
2016-05-17,0.09,0.09,0.09,0.09,000,0.09
2016-05-16,0.09,0.09,0.09,0.09,000,0.09
2016-05-13,0.09,0.09,0.09,0.09,000,0.09
2016-05-12,0.09,0.09,0.09,0.09,000,0.09
2016-05-11,0.09,0.09,0.09,0.09,000,0.09
2016-05-10,0.09,0.09,0.09,0.09,000,0.09
2016-05-09,0.09,0.09,0.09,0.09,000,0.09
2016-05-06,0.09,0.09,0.09,0.09,000,0.09
2016-05-05,0.09,0.09,0.09,0.09,000,0.09
2016-05-04,0.09,0.09,0.09,0.09,000,0.09
2016-05-03,0.09,0.09,0.09,0.09,000,0.09
2016-05-02,0.09,0.09,0.09,0.09,000,0.09
2016-04-29,0.09,0.09,0.09,0.09,000,0.09
2016-04-28,0.09,0.09,0.09,0.09,000,0.09
2016-04-27,0.09,0.09,0.09,0.09,000,0.09
2016-04-26,0.09,0.09,0.09,0.09,000,0.09
2016-04-25,0.09,0.09,0.09,0.09,000,0.09
2016-04-22,0.09,0.09,0.09,0.09,000,0.09
2016-04-21,0.09,0.09,0.09,0.09,000,0.09
2016-04-20,0.09,0.09,0.09,0.09,000,0.09
2016-04-19,0.09,0.09,0.09,0.09,000,0.09
2016-04-18,0.09,0.09,0.09,0.09,000,0.09
2016-04-15,0.09,0.09,0.09,0.09,000,0.09
2016-04-14,0.09,0.09,0.09,0.09,000,0.09
2016-04-13,0.09,0.09,0.09,0.09,000,0.09
2016-04-12,0.09,0.09,0.09,0.09,000,0.09
2016-04-11,0.09,0.09,0.09,0.09,000,0.09
2016-04-08,0.09,0.09,0.09,0.09,000,0.09
2016-04-07,0.09,0.09,0.09,0.09,000,0.09
2016-04-06,0.09,0.09,0.09,0.09,000,0.09
2016-04-05,0.09,0.09,0.09,0.09,000,0.09
2016-03-28,0.09,0.09,0.09,0.09,000,0.09
2016-03-25,0.09,0.09,0.09,0.09,000,0.09
2016-03-14,0.09,0.09,0.09,0.09,000,0.09
2016-03-10,0.09,0.09,0.09,0.09,000,0.09
2016-03-09,0.09,0.09,0.09,0.09,000,0.09
2016-03-08,0.09,0.09,0.09,0.09,000,0.09
2016-03-03,0.09,0.09,0.09,0.09,000,0.09
2016-03-02,0.09,0.09,0.09,0.09,000,0.09
2016-03-01,0.09,0.09,0.09,0.09,000,0.09
2016-02-29,0.09,0.09,0.09,0.09,000,0.09
2016-02-26,0.09,0.09,0.09,0.09,000,0.09
2016-02-25,0.09,0.09,0.09,0.09,000,0.09
2016-02-24,0.09,0.09,0.09,0.09,000,0.09
2016-02-23,0.09,0.09,0.09,0.09,000,0.09
2016-02-22,0.09,0.09,0.09,0.09,000,0.09
2016-02-19,0.09,0.09,0.09,0.09,000,0.09
2016-02-18,0.09,0.09,0.09,0.09,000,0.09
2016-02-17,0.09,0.09,0.09,0.09,000,0.09
2016-02-16,0.09,0.09,0.09,0.09,000,0.09
2016-02-15,0.09,0.09,0.09,0.09,000,0.09
2016-02-12,0.09,0.09,0.09,0.09,000,0.09
2016-02-11,0.09,0.09,0.09,0.09,000,0.09
2016-02-10,0.09,0.09,0.09,0.09,000,0.09
2016-02-09,0.09,0.09,0.09,0.09,000,0.09
2016-02-08,0.09,0.09,0.09,0.09,000,0.09
2016-02-05,0.09,0.09,0.09,0.09,000,0.09
2016-02-04,0.09,0.09,0.09,0.09,000,0.09
2016-02-03,0.09,0.09,0.09,0.09,000,0.09
2016-02-02,0.09,0.09,0.09,0.09,000,0.09
2016-02-01,0.09,0.09,0.09,0.09,000,0.09
2016-01-29,0.09,0.09,0.09,0.09,000,0.09
2016-01-28,0.09,0.09,0.09,0.09,000,0.09
2016-01-27,0.09,0.09,0.09,0.09,000,0.09
2016-01-26,0.09,0.09,0.09,0.09,000,0.09
2016-01-25,0.09,0.09,0.09,0.09,000,0.09
2016-01-22,0.09,0.09,0.09,0.09,000,0.09
2016-01-21,0.09,0.09,0.09,0.09,000,0.09
2016-01-20,0.09,0.09,0.09,0.09,000,0.09
2016-01-19,0.09,0.09,0.09,0.09,000,0.09
2016-01-18,0.09,0.09,0.09,0.09,000,0.09
2016-01-15,0.09,0.09,0.09,0.09,000,0.09
2016-01-14,0.09,0.09,0.09,0.09,000,0.09
2016-01-13,0.09,0.09,0.09,0.09,000,0.09
2016-01-12,0.09,0.09,0.09,0.09,000,0.09
2016-01-11,0.09,0.09,0.09,0.09,000,0.09
2016-01-08,0.09,0.09,0.09,0.09,000,0.09
2016-01-07,0.09,0.09,0.09,0.09,000,0.09
2016-01-06,0.09,0.09,0.09,0.09,000,0.09
2016-01-05,0.09,0.09,0.09,0.09,000,0.09
2016-01-04,0.09,0.09,0.09,0.09,000,0.09
2016-01-01,0.09,0.09,0.09,0.09,000,0.09
2015-12-31,0.09,0.09,0.09,0.09,000,0.09
2015-12-30,0.09,0.09,0.09,0.09,000,0.09
2015-12-29,0.09,0.09,0.09,0.09,000,0.09
2015-12-28,0.09,0.09,0.09,0.09,000,0.09
2015-12-25,0.09,0.09,0.09,0.09,000,0.09
2015-12-24,0.09,0.09,0.09,0.09,000,0.09
2015-12-23,0.09,0.09,0.09,0.09,000,0.09
2015-12-22,0.09,0.09,0.09,0.09,000,0.09
2015-12-21,0.09,0.09,0.09,0.09,000,0.09
2015-12-18,0.09,0.09,0.09,0.09,000,0.09
2015-12-17,0.09,0.09,0.09,0.09,000,0.09
2015-12-16,0.09,0.09,0.09,0.09,000,0.09
2015-12-15,0.09,0.09,0.09,0.09,000,0.09
2015-12-14,0.09,0.09,0.09,0.09,000,0.09
2015-12-11,0.09,0.09,0.09,0.09,000,0.09
2015-12-10,0.09,0.09,0.09,0.09,000,0.09
2015-12-09,0.09,0.09,0.09,0.09,000,0.09
2015-12-08,0.09,0.09,0.09,0.09,000,0.09
2015-12-07,0.09,0.09,0.09,0.09,000,0.09
2015-12-04,0.09,0.09,0.09,0.09,000,0.09
2015-12-03,0.09,0.09,0.09,0.09,000,0.09
2015-12-02,0.09,0.09,0.09,0.09,000,0.09
2015-12-01,0.09,0.09,0.09,0.09,000,0.09
2015-11-30,0.09,0.09,0.09,0.09,000,0.09
2015-11-27,0.09,0.09,0.09,0.09,000,0.09
2015-11-26,0.09,0.09,0.09,0.09,000,0.09
2015-11-25,0.09,0.09,0.09,0.09,000,0.09
2015-11-24,0.09,0.09,0.09,0.09,000,0.09
2015-11-23,0.09,0.09,0.09,0.09,000,0.09
2015-11-20,0.09,0.09,0.09,0.09,000,0.09
2015-11-19,0.09,0.09,0.09,0.09,000,0.09
2015-11-18,0.09,0.09,0.09,0.09,000,0.09
2015-11-17,0.09,0.09,0.09,0.09,000,0.09
2015-11-16,0.09,0.09,0.09,0.09,000,0.09
2015-11-13,0.09,0.09,0.09,0.09,000,0.09
2015-11-12,0.09,0.09,0.09,0.09,000,0.09
2015-11-11,0.09,0.09,0.09,0.09,000,0.09
2015-11-10,0.09,0.09,0.09,0.09,000,0.09
2015-11-09,0.09,0.09,0.09,0.09,000,0.09
2015-11-06,0.09,0.09,0.09,0.09,000,0.09
2015-11-05,0.09,0.09,0.09,0.09,000,0.09
2015-11-04,0.09,0.09,0.09,0.09,000,0.09
2015-11-03,0.09,0.09,0.09,0.09,000,0.09
2015-11-02,0.09,0.09,0.09,0.09,000,0.09
2015-10-30,0.09,0.09,0.09,0.09,000,0.09
2015-10-29,0.09,0.09,0.09,0.09,000,0.09
2015-10-28,0.09,0.09,0.09,0.09,000,0.09
2015-10-27,0.09,0.09,0.09,0.09,000,0.09
2015-10-26,0.09,0.09,0.09,0.09,000,0.09
2015-10-23,0.09,0.09,0.09,0.09,000,0.09
2015-10-22,0.09,0.09,0.09,0.09,000,0.09
2015-10-21,0.09,0.09,0.09,0.09,000,0.09
2015-10-20,0.09,0.09,0.09,0.09,000,0.09
2015-10-19,0.09,0.09,0.09,0.09,000,0.09
2015-10-16,0.09,0.09,0.09,0.09,000,0.09
2015-10-15,0.09,0.09,0.09,0.09,000,0.09
2015-10-14,0.09,0.09,0.09,0.09,000,0.09
2015-10-13,0.09,0.09,0.09,0.09,000,0.09
2015-10-12,0.09,0.09,0.09,0.09,000,0.09
2015-10-09,0.09,0.09,0.09,0.09,000,0.09
2015-10-08,0.09,0.09,0.09,0.09,000,0.09
2015-10-07,0.09,0.09,0.09,0.09,000,0.09
2015-10-06,0.09,0.09,0.09,0.09,000,0.09
2015-10-05,0.09,0.09,0.09,0.09,000,0.09
2015-10-02,0.09,0.09,0.09,0.09,000,0.09
2015-10-01,0.09,0.09,0.09,0.09,000,0.09
2015-09-30,0.09,0.09,0.09,0.09,000,0.09
2015-09-29,0.09,0.09,0.09,0.09,000,0.09
2015-09-28,0.09,0.09,0.09,0.09,000,0.09
2015-09-25,0.09,0.09,0.09,0.09,000,0.09
2015-09-24,0.09,0.09,0.09,0.09,000,0.09
2015-09-23,0.09,0.09,0.09,0.09,000,0.09
2015-09-22,0.09,0.09,0.09,0.09,000,0.09
2015-09-21,0.09,0.09,0.09,0.09,000,0.09
2015-09-18,0.09,0.09,0.09,0.09,000,0.09
2015-09-17,0.09,0.09,0.09,0.09,000,0.09
2015-09-16,0.09,0.09,0.09,0.09,000,0.09
2015-09-15,0.09,0.09,0.09,0.09,000,0.09
2015-09-14,0.09,0.09,0.09,0.09,000,0.09
2015-09-11,0.09,0.09,0.09,0.09,000,0.09
2015-09-10,0.09,0.09,0.09,0.09,000,0.09
2015-09-09,0.09,0.09,0.09,0.09,000,0.09
2015-09-08,0.09,0.09,0.09,0.09,000,0.09
2015-09-07,0.09,0.09,0.09,0.09,000,0.09
2015-09-04,0.09,0.09,0.09,0.09,000,0.09
2015-09-03,0.09,0.09,0.09,0.09,000,0.09
2015-09-02,0.09,0.09,0.09,0.09,000,0.09
2015-09-01,0.09,0.09,0.09,0.09,000,0.09
2015-08-31,0.09,0.09,0.09,0.09,000,0.09
2015-08-28,0.09,0.09,0.09,0.09,000,0.09
2015-08-27,0.09,0.09,0.09,0.09,000,0.09
2015-08-26,0.09,0.09,0.09,0.09,000,0.09
2015-08-25,0.09,0.09,0.09,0.09,000,0.09
2015-08-24,0.09,0.09,0.09,0.09,000,0.09
2015-08-21,0.09,0.09,0.09,0.09,000,0.09
2015-08-20,0.09,0.09,0.09,0.09,000,0.09
2015-08-19,0.09,0.09,0.09,0.09,000,0.09
2015-08-18,0.09,0.09,0.09,0.09,000,0.09
2015-08-17,0.09,0.09,0.09,0.09,000,0.09
2015-08-14,0.09,0.09,0.09,0.09,000,0.09
2015-08-13,0.09,0.09,0.09,0.09,000,0.09
2015-08-12,0.09,0.09,0.09,0.09,000,0.09
2015-08-11,0.09,0.09,0.09,0.09,000,0.09
2015-08-10,0.09,0.09,0.09,0.09,000,0.09
2015-08-07,0.09,0.09,0.09,0.09,000,0.09
2015-08-06,0.09,0.09,0.09,0.09,000,0.09
2015-08-05,0.09,0.09,0.09,0.09,000,0.09
2015-08-04,0.09,0.09,0.09,0.09,000,0.09
2015-08-03,0.09,0.09,0.09,0.09,000,0.09
2015-07-31,0.09,0.09,0.09,0.09,000,0.09
2015-07-30,0.09,0.09,0.09,0.09,000,0.09
2015-07-29,0.09,0.09,0.09,0.09,000,0.09
2015-07-28,0.09,0.09,0.09,0.09,000,0.09
2015-07-27,0.09,0.09,0.09,0.09,000,0.09
2015-07-24,0.09,0.09,0.09,0.09,000,0.09
2015-07-23,0.09,0.09,0.09,0.09,000,0.09
2015-07-22,0.09,0.09,0.09,0.09,000,0.09
2015-07-21,0.09,0.09,0.09,0.09,000,0.09
2015-07-20,0.09,0.09,0.09,0.09,000,0.09
2015-07-17,0.09,0.09,0.09,0.09,000,0.09
2015-07-16,0.09,0.09,0.09,0.09,000,0.09
2015-07-15,0.09,0.09,0.09,0.09,000,0.09
2015-07-14,0.09,0.09,0.09,0.09,000,0.09
2015-07-13,0.09,0.09,0.09,0.09,000,0.09
2015-07-10,0.09,0.09,0.09,0.09,000,0.09
2015-07-09,0.09,0.09,0.09,0.09,000,0.09
2015-07-08,0.09,0.09,0.09,0.09,000,0.09
2015-07-07,0.09,0.09,0.09,0.09,000,0.09
2015-07-06,0.09,0.09,0.09,0.09,000,0.09
2015-07-03,0.09,0.09,0.09,0.09,000,0.09
2015-07-02,0.09,0.09,0.09,0.09,000,0.09
2015-07-01,0.09,0.09,0.09,0.09,000,0.09
2015-06-30,0.09,0.09,0.09,0.09,000,0.09
2015-06-29,0.09,0.09,0.09,0.09,000,0.09
2015-06-26,0.09,0.09,0.09,0.09,000,0.09
2015-06-25,0.09,0.09,0.09,0.09,000,0.09
2015-06-24,0.09,0.09,0.09,0.09,000,0.09
2015-06-23,0.09,0.09,0.09,0.09,000,0.09
2015-06-22,0.09,0.09,0.09,0.09,000,0.09
2015-06-19,0.09,0.09,0.09,0.09,000,0.09
2015-06-18,0.09,0.09,0.09,0.09,000,0.09
2015-06-17,0.09,0.09,0.09,0.09,000,0.09
2015-06-16,0.09,0.09,0.09,0.09,000,0.09
2015-06-15,0.09,0.09,0.09,0.09,000,0.09
2015-06-12,0.09,0.09,0.09,0.09,000,0.09
2015-06-11,0.09,0.09,0.09,0.09,000,0.09
2015-06-10,0.09,0.09,0.09,0.09,000,0.09
2015-06-09,0.09,0.09,0.09,0.09,000,0.09
2015-06-08,0.09,0.09,0.09,0.09,000,0.09
2015-06-05,0.09,0.09,0.09,0.09,000,0.09
2015-06-04,0.09,0.09,0.09,0.09,000,0.09
2015-06-03,0.09,0.09,0.09,0.09,000,0.09
2015-06-02,0.09,0.09,0.09,0.09,000,0.09
2015-06-01,0.09,0.09,0.09,0.09,000,0.09
2015-05-29,0.09,0.09,0.09,0.09,000,0.09
2015-05-28,0.09,0.09,0.09,0.09,000,0.09
2015-05-27,0.09,0.09,0.09,0.09,000,0.09
2015-05-26,0.09,0.09,0.09,0.09,000,0.09
2015-05-25,0.09,0.09,0.09,0.09,000,0.09
2015-05-22,0.09,0.09,0.09,0.09,000,0.09
2015-05-21,0.09,0.09,0.09,0.09,000,0.09
2015-05-20,0.09,0.09,0.09,0.09,000,0.09
2015-05-19,0.09,0.09,0.09,0.09,000,0.09
2015-05-18,0.09,0.09,0.09,0.09,000,0.09
2015-05-15,0.09,0.09,0.09,0.09,000,0.09
2015-05-14,0.09,0.09,0.09,0.09,000,0.09
2015-05-13,0.09,0.09,0.09,0.09,000,0.09
2015-05-12,0.09,0.09,0.09,0.09,000,0.09
2015-05-11,0.09,0.09,0.09,0.09,000,0.09
2015-05-08,0.09,0.09,0.09,0.09,000,0.09
2015-05-07,0.09,0.09,0.09,0.09,000,0.09
2015-05-06,0.09,0.09,0.09,0.09,000,0.09
2015-05-05,0.09,0.09,0.09,0.09,000,0.09
2015-05-04,0.09,0.09,0.09,0.09,000,0.09
2015-05-01,0.09,0.09,0.09,0.09,000,0.09
2015-04-30,0.09,0.09,0.09,0.09,000,0.09
2015-04-29,0.09,0.09,0.09,0.09,000,0.09
2015-04-28,0.09,0.09,0.09,0.09,000,0.09
201
5-04-27,0.09,0.09,0.09,0.09,000,0.09
2015-04-24,0.09,0.09,0.09,0.09,000,0.09
2015-04-23,0.09,0.09,0.09,0.09,000,0.09
2015-04-22,0.09,0.09,0.09,0.09,000,0.09
2015-04-21,0.09,0.09,0.09,0.09,000,0.09
2015-04-20,0.09,0.09,0.09,0.09,000,0.09
2015-04-17,0.09,0.09,0.09,0.09,000,0.09
2015-04-16,0.09,0.09,0.09,0.09,000,0.09
2015-04-15,0.09,0.09,0.09,0.09,000,0.09
2015-04-14,0.09,0.09,0.09,0.09,000,0.09
2015-04-13,0.09,0.09,0.09,0.09,000,0.09
2015-04-10,0.09,0.09,0.09,0.09,000,0.09
2015-04-09,0.09,0.09,0.09,0.09,000,0.09
2015-04-08,0.09,0.09,0.09,0.09,000,0.09
2015-04-07,0.09,0.09,0.09,0.09,000,0.09
2015-04-06,0.09,0.09,0.09,0.09,000,0.09
2015-04-03,0.09,0.09,0.09,0.09,000,0.09
2015-04-02,0.09,0.09,0.09,0.09,000,0.09
2015-04-01,0.09,0.09,0.09,0.09,000,0.09
2015-03-31,0.09,0.09,0.09,0.09,000,0.09
2015-03-30,0.09,0.09,0.09,0.09,000,0.09
2015-03-27,0.09,0.09,0.09,0.09,000,0.09
2015-03-26,0.09,0.09,0.09,0.09,000,0.09
2015-03-25,0.09,0.09,0.09,0.09,000,0.09
2015-03-24,0.09,0.09,0.09,0.09,000,0.09
2015-03-23,0.09,0.09,0.09,0.09,000,0.09
2015-03-20,0.09,0.09,0.09,0.09,000,0.09
2015-03-19,0.09,0.09,0.09,0.09,000,0.09
2015-03-18,0.09,0.09,0.09,0.09,000,0.09
2015-03-17,0.09,0.09,0.09,0.09,000,0.09
2015-03-16,0.09,0.09,0.09,0.09,000,0.09
2015-03-13,0.09,0.09,0.09,0.09,000,0.09
2015-03-12,0.09,0.09,0.09,0.09,000,0.09
2015-03-11,0.09,0.09,0.09,0.09,000,0.09
2015-03-10,0.09,0.09,0.09,0.09,000,0.09
2015-03-09,0.09,0.09,0.09,0.09,000,0.09
2015-03-06,0.09,0.09,0.09,0.09,000,0.09
2015-03-05,0.09,0.09,0.09,0.09,000,0.09
2015-03-04,0.09,0.09,0.09,0.09,000,0.09
2015-03-03,0.09,0.09,0.09,0.09,000,0.09
2015-03-02,0.09,0.09,0.09,0.09,000,0.09
2015-02-27,0.09,0.09,0.09,0.09,000,0.09
2015-02-26,0.09,0.09,0.09,0.09,000,0.09
2015-02-25,0.09,0.09,0.09,0.09,000,0.09
2015-02-24,0.09,0.09,0.09,0.09,000,0.09
2015-02-23,0.09,0.09,0.09,0.09,000,0.09
2015-02-20,0.09,0.09,0.09,0.09,000,0.09
2015-02-19,0.09,0.09,0.09,0.09,000,0.09
2015-02-18,0.09,0.09,0.09,0.09,000,0.09
2015-02-17,0.09,0.09,0.09,0.09,000,0.09
2015-02-16,0.09,0.09,0.09,0.09,000,0.09
2015-02-13,0.09,0.09,0.09,0.09,000,0.09
2015-02-12,0.09,0.09,0.09,0.09,000,0.09
2015-02-11,0.09,0.09,0.09,0.09,000,0.09
2015-02-10,0.09,0.09,0.09,0.09,000,0.09
2015-02-09,0.09,0.09,0.09,0.09,000,0.09
2015-02-06,0.09,0.09,0.09,0.09,000,0.09
2015-02-05,0.09,0.09,0.09,0.09,000,0.09
2015-02-04,0.09,0.09,0.09,0.09,000,0.09
2015-02-03,0.09,0.09,0.09,0.09,000,0.09
2015-02-02,0.09,0.09,0.09,0.09,000,0.09
2015-01-30,0.09,0.09,0.09,0.09,000,0.09
2015-01-29,0.09,0.09,0.09,0.09,000,0.09
2015-01-28,0.09,0.09,0.09,0.09,000,0.09
2015-01-27,0.09,0.09,0.09,0.09,000,0.09
2015-01-26,0.09,0.09,0.09,0.09,000,0.09
2015-01-23,0.09,0.09,0.09,0.09,000,0.09
2015-01-22,0.09,0.09,0.09,0.09,000,0.09
2015-01-21,0.09,0.09,0.09,0.09,000,0.09
2015-01-20,0.09,0.09,0.09,0.09,000,0.09
2015-01-19,0.09,0.09,0.09,0.09,000,0.09
2015-01-16,0.09,0.09,0.09,0.09,000,0.09
2015-01-15,0.09,0.09,0.09,0.09,000,0.09
2015-01-14,0.09,0.09,0.09,0.09,000,0.09
2015-01-13,0.09,0.09,0.09,0.09,000,0.09
2015-01-12,0.09,0.09,0.09,0.09,000,0.09
2015-01-09,0.09,0.09,0.09,0.09,000,0.09
2015-01-08,0.09,0.09,0.09,0.09,000,0.09
2015-01-07,0.09,0.09,0.09,0.09,000,0.09
2015-01-06,0.09,0.09,0.09,0.09,000,0.09
2015-01-05,0.09,0.09,0.09,0.09,000,0.09
2015-01-01,0.09,0.09,0.09,0.09,000,0.09
2014-12-31,0.09,0.09,0.09,0.09,000,0.09
2014-12-30,0.09,0.09,0.09,0.09,000,0.09
2014-12-29,0.09,0.09,0.09,0.09,000,0.09
2014-12-26,0.09,0.09,0.09,0.09,000,0.09
2014-12-25,0.09,0.09,0.09,0.09,000,0.09
2014-12-24,0.09,0.09,0.09,0.09,000,0.09
2014-12-23,0.09,0.09,0.09,0.09,000,0.09
2014-12-22,0.09,0.09,0.09,0.09,000,0.09
2014-12-19,0.09,0.09,0.09,0.09,000,0.09
2014-12-18,0.09,0.09,0.09,0.09,000,0.09
2014-12-17,0.09,0.09,0.09,0.09,000,0.09
2014-12-16,0.09,0.09,0.09,0.09,000,0.09
2014-12-15,0.09,0.09,0.09,0.09,000,0.09
2014-12-12,0.09,0.09,0.09,0.09,000,0.09
2014-12-11,0.09,0.09,0.09,0.09,000,0.09
2014-12-10,0.09,0.09,0.09,0.09,000,0.09
2014-12-09,0.09,0.09,0.09,0.09,000,0.09
2014-12-08,0.09,0.09,0.09,0.09,000,0.09
2014-12-05,0.09,0.09,0.09,0.09,000,0.09
2014-12-04,0.09,0.09,0.09,0.09,000,0.09
2014-12-03,0.09,0.09,0.09,0.09,000,0.09
2014-12-02,0.09,0.09,0.09,0.09,000,0.09
2014-12-01,0.09,0.09,0.09,0.09,000,0.09
2014-11-28,0.09,0.09,0.09,0.09,000,0.09
2014-11-27,0.09,0.09,0.09,0.09,000,0.09
2014-11-26,0.09,0.09,0.09,0.09,000,0.09
2014-11-25,0.09,0.09,0.09,0.09,000,0.09
2014-11-24,0.09,0.09,0.09,0.09,000,0.09
2014-11-21,0.09,0.09,0.09,0.09,000,0.09
2014-11-20,0.09,0.09,0.09,0.09,000,0.09
2014-11-19,0.09,0.09,0.09,0.09,000,0.09
2014-11-18,0.09,0.09,0.09,0.09,000,0.09
2014-11-17,0.09,0.09,0.09,0.09,000,0.09
2014-11-14,0.09,0.09,0.09,0.09,000,0.09
2014-11-13,0.09,0.09,0.09,0.09,000,0.09
2014-11-12,0.09,0.09,0.09,0.09,000,0.09
2014-11-11,0.09,0.09,0.09,0.09,000,0.09
2014-11-10,0.09,0.09,0.09,0.09,000,0.09
2014-11-07,0.09,0.09,0.09,0.09,000,0.09
2014-11-06,0.09,0.09,0.09,0.09,000,0.09
2014-11-05,0.09,0.09,0.09,0.09,000,0.09
2014-11-04,0.09,0.09,0.09,0.09,000,0.09
2014-11-03,0.09,0.09,0.09,0.09,000,0.09
2014-10-31,0.09,0.09,0.09,0.09,000,0.09
2014-10-30,0.09,0.09,0.09,0.09,000,0.09
2014-10-29,0.09,0.09,0.09,0.09,000,0.09
2014-10-28,0.09,0.09,0.09,0.09,000,0.09
2014-10-27,0.09,0.09,0.09,0.09,000,0.09
2014-10-24,0.09,0.09,0.09,0.09,000,0.09
2014-10-23,0.09,0.09,0.09,0.09,000,0.09
2014-10-22,0.09,0.09,0.09,0.09,000,0.09
2014-10-21,0.09,0.09,0.09,0.09,000,0.09
2014-10-20,0.09,0.09,0.09,0.09,000,0.09
2014-10-17,0.09,0.09,0.09,0.09,000,0.09
2014-10-16,0.09,0.09,0.09,0.09,000,0.09
2014-10-15,0.09,0.09,0.09,0.09,000,0.09
2014-10-14,0.09,0.09,0.09,0.09,000,0.09
2014-10-13,0.09,0.09,0.09,0.09,000,0.09
2014-10-10,0.09,0.09,0.09,0.09,000,0.09
2014-10-09,0.09,0.09,0.09,0.09,000,0.09
2014-10-08,0.09,0.09,0.09,0.09,000,0.09
2014-10-07,0.09,0.09,0.09,0.09,000,0.09
2014-10-06,0.09,0.09,0.09,0.09,000,0.09
2014-10-03,0.09,0.09,0.09,0.09,000,0.09
2014-10-02,0.09,0.09,0.09,0.09,000,0.09
2014-10-01,0.09,0.09,0.09,0.09,000,0.09
2014-09-30,0.09,0.09,0.09,0.09,000,0.09
2014-09-29,0.09,0.09,0.09,0.09,000,0.09
2014-09-26,0.09,0.09,0.09,0.09,000,0.09
2014-09-25,0.09,0.09,0.09,0.09,000,0.09
2014-09-24,0.09,0.09,0.09,0.09,000,0.09
2014-09-23,0.09,0.09,0.09,0.09,000,0.09
2014-09-22,0.09,0.09,0.09,0.09,000,0.09
2014-09-19,0.09,0.09,0.09,0.09,000,0.09
2014-09-18,0.09,0.09,0.09,0.09,000,0.09
2014-09-17,0.09,0.09,0.09,0.09,000,0.09
2014-09-16,0.09,0.09,0.09,0.09,000,0.09
2014-09-15,0.09,0.09,0.09,0.09,000,0.09
2014-09-12,0.09,0.09,0.09,0.09,000,0.09
2014-09-11,0.09,0.09,0.09,0.09,000,0.09
2014-09-10,0.09,0.09,0.09,0.09,000,0.09
2014-09-09,0.09,0.09,0.09,0.09,000,0.09
2014-09-08,0.09,0.09,0.09,0.09,000,0.09
2014-09-05,0.09,0.09,0.09,0.09,000,0.09
2014-09-04,0.09,0.09,0.09,0.09,000,0.09
2014-09-03,0.09,0.09,0.09,0.09,000,0.09
2014-09-02,0.09,0.09,0.09,0.09,000,0.09
2014-09-01,0.09,0.09,0.09,0.09,000,0.09
2014-08-29,0.09,0.09,0.09,0.09,000,0.09
2014-08-28,0.09,0.09,0.09,0.09,000,0.09
2014-08-27,0.09,0.09,0.09,0.09,000,0.09
2014-08-26,0.09,0.09,0.09,0.09,000,0.09
2014-08-25,0.09,0.09,0.09,0.09,000,0.09
2014-08-22,0.09,0.09,0.09,0.09,000,0.09
2014-08-21,0.09,0.09,0.09,0.09,000,0.09
2014-08-20,0.09,0.09,0.09,0.09,000,0.09
2014-08-19,0.09,0.09,0.09,0.09,000,0.09
2014-08-18,0.09,0.09,0.09,0.09,000,0.09
2014-08-15,0.09,0.09,0.09,0.09,000,0.09
2014-08-14,0.09,0.09,0.09,0.09,000,0.09
2014-08-13,0.09,0.09,0.09,0.09,000,0.09
2014-08-12,0.09,0.09,0.09,0.09,000,0.09
2014-08-11,0.09,0.09,0.09,0.09,000,0.09
2014-08-08,0.09,0.09,0.09,0.09,000,0.09
2014-08-07,0.09,0.09,0.09,0.09,000,0.09
2014-08-06,0.09,0.09,0.09,0.09,000,0.09
2014-08-05,0.09,0.09,0.09,0.09,000,0.09
2014-08-04,0.09,0.09,0.09,0.09,000,0.09
2014-08-01,0.09,0.09,0.09,0.09,000,0.09
2014-07-31,0.09,0.09,0.09,0.09,000,0.09
2014-07-30,0.09,0.09,0.09,0.09,000,0.09
2014-07-29,0.09,0.09,0.09,0.09,000,0.09
2014-07-28,0.09,0.09,0.09,0.09,000,0.09
2014-07-25,0.09,0.09,0.09,0.09,000,0.09
2014-07-24,0.09,0.09,0.09,0.09,000,0.09
2014-07-23,0.09,0.09,0.09,0.09,000,0.09
2014-07-22,0.09,0.09,0.09,0.09,000,0.09
2014-07-21,0.09,0.09,0.09,0.09,000,0.09
2014-07-18,0.09,0.09,0.09,0.09,000,0.09
2014-07-17,0.09,0.09,0.09,0.09,000,0.09
2014-07-16,0.09,0.09,0.09,0.09,000,0.09
2014-07-15,0.09,0.09,0.09,0.09,000,0.09
2014-07-14,0.09,0.09,0.09,0.09,000,0.09
2014-07-11,0.09,0.09,0.09,0.09,000,0.09
2014-07-10,0.09,0.09,0.09,0.09,000,0.09
2014-07-09,0.09,0.09,0.09,0.09,000,0.09
2014-07-08,0.09,0.09,0.09,0.09,000,0.09
2014-07-07,0.09,0.09,0.09,0.09,000,0.09
2014-07-04,0.09,0.09,0.09,0.09,000,0.09
2014-07-03,0.09,0.09,0.09,0.09,000,0.09
2014-07-02,0.09,0.09,0.09,0.09,000,0.09
2014-07-01,0.09,0.09,0.09,0.09,000,0.09
2014-06-30,0.09,0.09,0.09,0.09,000,0.09
2014-06-27,0.09,0.09,0.09,0.09,000,0.09
2014-06-26,0.09,0.09,0.09,0.09,000,0.09
2014-06-25,0.09,0.09,0.09,0.09,000,0.09
2014-06-24,0.09,0.09,0.09,0.09,000,0.09
2014-06-23,0.09,0.09,0.09,0.09,000,0.09
2014-06-20,0.09,0.09,0.09,0.09,000,0.09
2014-06-19,0.09,0.09,0.09,0.09,000,0.09
2014-06-18,0.09,0.09,0.09,0.09,000,0.09
2014-06-17,0.09,0.09,0.09,0.09,000,0.09
2014-06-16,0.09,0.09,0.09,0.09,000,0.09
2014-06-13,0.09,0.09,0.09,0.09,000,0.09
2014-06-12,0.09,0.09,0.09,0.09,000,0.09
2014-06-11,0.09,0.09,0.09,0.09,000,0.09
2014-06-10,0.09,0.09,0.09,0.09,000,0.09
2014-06-09,0.09,0.09,0.09,0.09,000,0.09
2014-06-06,0.09,0.09,0.09,0.09,000,0.09
2014-06-05,0.09,0.09,0.09,0.09,000,0.09
2014-06-04,0.09,0.09,0.09,0.09,000,0.09
2014-06-03,0.09,0.09,0.09,0.09,000,0.09
2014-06-02,0.09,0.09,0.09,0.09,000,0.09
2014-05-30,0.09,0.09,0.09,0.09,000,0.09
2014-05-29,0.09,0.09,0.09,0.09,000,0.09
2014-05-28,0.09,0.09,0.09,0.09,000,0.09
2014-05-27,0.09,0.09,0.09,0.09,000,0.09
2014-05-26,0.09,0.09,0.09,0.09,000,0.09
2014-05-23,0.09,0.09,0.09,0.09,000,0.09
2014-05-22,0.09,0.09,0.09,0.09,000,0.09
2014-05-21,0.09,0.09,0.09,0.09,000,0.09
2014-05-20,0.09,0.09,0.09,0.09,000,0.09
2014-05-19,0.09,0.09,0.09,0.09,000,0.09
2014-05-16,0.09,0.09,0.09,0.09,000,0.09
2014-05-15,0.09,0.09,0.09,0.09,000,0.09
2014-05-14,0.09,0.09,0.09,0.09,000,0.09
2014-05-13,0.09,0.09,0.09,0.09,000,0.09
2014-05-12,0.09,0.09,0.09,0.09,000,0.09
2014-05-09,0.09,0.09,0.09,0.09,000,0.09
2014-05-08,0.09,0.09,0.09,0.09,000,0.09
2014-05-07,0.09,0.09,0.09,0.09,000,0.09
2014-05-06,0.09,0.09,0.09,0.09,000,0.09
2014-05-01,0.09,0.09,0.09,0.09,000,0.09
2014-04-30,0.09,0.09,0.09,0.09,000,0.09
2014-04-29,0.09,0.09,0.09,0.09,000,0.09
2014-04-28,0.09,0.09,0.09,0.09,000,0.09
2014-04-25,0.09,0.09,0.09,0.09,000,0.09
2014-04-24,0.09,0.09,0.09,0.09,000,0.09
2014-04-23,0.09,0.09,0.09,0.09,000,0.09
2014-04-22,0.09,0.09,0.09,0.09,000,0.09
2014-04-21,0.09,0.09,0.09,0.09,000,0.09
2014-04-18,0.09,0.09,0.09,0.09,000,0.09
2014-04-17,0.09,0.09,0.09,0.09,000,0.09
2014-04-16,0.09,0.09,0.09,0.09,000,0.09
2014-04-15,0.09,0.09,0.09,0.09,000,0.09
2014-04-14,0.09,0.09,0.09,0.09,000,0.09
2014-04-11,0.09,0.09,0.09,0.09,000,0.09
2014-04-10,0.09,0.09,0.09,0.09,000,0.09
2014-04-09,0.09,0.09,0.09,0.09,000,0.09
2014-04-08,0.09,0.09,0.09,0.09,000,0.09
2014-04-07,0.09,0.09,0.09,0.09,000,0.09
2014-04-04,0.09,0.09,0.09,0.09,000,0.09
2014-04-02,0.09,0.09,0.09,0.09,000,0.09
2014-04-01,0.09,0.09,0.09,0.09,000,0.09
2014-03-31,0.09,0.09,0.09,0.09,000,0.09
2014-03-28,0.09,0.09,0.09,0.09,000,0.09
2014-03-27,0.09,0.09,0.09,0.09,000,0.09
2014-03-26,0.09,0.09,0.09,0.09,000,0.09
2014-03-25,0.09,0.09,0.09,0.09,000,0.09
2014-03-24,0.09,0.09,0.09,0.09,000,0.09
2014-03-21,0.09,0.09,0.09,0.09,000,0.09
2014-03-20,0.09,0.09,0.09,0.09,000,0.09
2014-03-19,0.09,0.09,0.09,0.09,000,0.09
2014-03-18,0.09,0.09,0.09,0.09,000,0.09
2014-03-17,0.09,0.09,0.09,0.09,000,0.09
2014-03-14,0.09,0.09,0.09,0.09,000,0.09
2014-03-13,0.09,0.09,0.09,0.09,000,0.09
2014-03-12,0.09,0.09,0.09,0.09,000,0.09
2014-03-11,0.09,0.09,0.09,0.09,000,0.09
2014-03-10,0.09,0.09,0.09,0.09,000,0.09
2014-03-07,0.09,0.09,0.09,0.09,000,0.09
2014-03-06,0.09,0.09,0.09,0.09,000,0.09
2014-03-05,0.09,0.09,0.09,0.09,000,0.09
2014-03-04,0.09,0.09,0.09,0.09,000,0.09
2014-03-03,0.09,0.09,0.09,0.09,000,0.09
2014-02-28,0.09,0.09,0.09,0.09,000,0.09
2014-02-27,0.09,0.09,0.09,0.09,000,0.09
2014-02-26,0.09,0.09,0.09,0.09,000,0.09
2014-02-25,0.09,0.09,0.09,0.09,000,0.09
2014-02-24,0.09,0.09,0.09,0.09,000,0.09
2014-02-21,0.09,0.09,0.09,0.09,000,0.09
2014-02-20,0.09,0.09,0.09,0.09,000,0.09
2014-02-19,0.09,0.09,0.09,0.09,000,0.09
2014-02-18,0.09,0.09,0.09,0.09,000,0.09
2014-02-17,0.09,0.09,0.09,0.09,000,0.09
2014-02-14,0.09,0.09,0.09,0.09,000,0.09
2014-02-13,0.09,0.09,0.09,0.09,000,0.09
2014-02-12,0.09,0.09,0.09,0.09,000,0.09
2014-02-11,0.09,0.09,0.09,0.09,000,0.09
2014-02-10,0.09,0.09,0.09,0.09,000,0.09
2014-02-07,0.09,0.09,0.09,0.09,000,0.09
2014-02-06,0.09,0.09,0.09,0.09,000,0.09
2014-02-05,0.09,0.09,0.09,0.09,000,0.09
2014-02-04,0.09,0.09,0.09,0.09,000,0.09
2014-02-03,0.09,0.09,0.09,0.09,000,0.09
2014-01-31,0.09,0.09,0.09,0.09,000,0.09
2014-01-30,0.09,0.09,0.09,0.09,000,0.09
2014-01-29,0.09,0.09,0.09,0.09,000,0.09
2014-01-28,0.09,0.09,0.09,0.09,000,0.09
2014-01-27,0.09,0.09,0.09,0.09,000,0.09
2014-01-24,0.09,0.09,0.09,0.09,000,0.09
2014-01-23,0.09,0.09,0.09,0.09,000,0.09
2014-01-22,0.09,0.09,0.09,0.09,000,0.09
2014-01-21,0.09,0.09,0.09,0.09,000,0.09
2014-01-20,0.09,0.09,0.09,0.09,000,0.09
2014-01-17,0.09,0.09,0.09,0.09,000,0.09
2014-01-16,0.09,0.09,0.09,0.09,000,0.09
2014-01-15,0.09,0.09,0.09,0.09,000,0.09
2014-01-14,0.09,0.09,0.09,0.09,000,0.09
2014-01-13,0.09,0.09,0.09,0.09,000,0.09
2014-01-10,0.09,0.09,0.09,0.09,000,0.09
2014-01-09,0.09,0.09,0.09,0.09,000,0.09
2014-01-08,0.09,0.09,0.09,0.09,000,0.09
2014-01-07,0.09,0.09,0.09,0.09,000,0.09
2014-01-06,0.09,0.09,0.09,0.09,000,0.09
2014-01-03,0.09,0.09,0.09,0.09,000,0.09
2014-01-02,0.09,0.09,0.09,0.09,000,0.09
2014-01-01,0.09,0.09,0.09,0.09,000,0.09
2013-12-30,0.09,0.09,0.09,0.09,000,0.09
2013-12-27,0.09,0.09,0.09,0.09,000,0.09
2013-12-26,0.09,0.09,0.09,0.09,000,0.09
2013-12-25,0.09,0.09,0.09,0.09,000,0.09
2013-12-24,0.09,0.09,0.09,0.09,000,0.09
2013-12-23,0.09,0.09,0.09,0.09,000,0.09
2013-12-20,0.09,0.09,0.09,0.09,000,0.09
2013-12-19,0.09,0.09,0.09,0.09,000,0.09
2013-12-18,0.09,0.09,0.09,0.09,000,0.09
2013-12-17,0.09,0.09,0.09,0.09,000,0.09
2013-12-16,0.09,0.09,0.09,0.09,000,0.09
2013-12-13,0.09,0.09,0.09,0.09,000,0.09
2013-12-12,0.09,0.09,0.09,0.09,000,0.09
2013-12-11,0.09,0.09,0.09,0.09,000,0.09
2013-12-10,0.09,0.09,0.09,0.09,000,0.09
2013-12-09,0.09,0.09,0.09,0.09,000,0.09
2013-12-06,0.09,0.09,0.09,0.09,000,0.09
2013-12-05,0.09,0.09,0.09,0.09,000,0.09
2013-12-04,0.09,0.09,0.09,0.09,000,0.09
2013-12-03,0.09,0.09,0.09,0.09,000,0.09
2013-12-02,0.09,0.09,0.09,0.09,000,0.09
2013-11-29,0.09,0.09,0.09,0.09,000,0.09
2013-11-28,0.09,0.09,0.09,0.09,000,0.09
2013-11-27,0.09,0.09,0.09,0.09,000,0.09
2013-11-26,0.09,0.09,0.09,0.09,000,0.09
2013-11-25,0.09,0.09,0.09,0.09,000,0.09
201
3-11-22,0.09,0.09,0.09,0.09,000,0.09
2013-11-21,0.09,0.09,0.09,0.09,000,0.09
2013-11-20,0.09,0.09,0.09,0.09,000,0.09
2013-11-19,0.09,0.09,0.09,0.09,000,0.09
2013-11-18,0.09,0.09,0.09,0.09,000,0.09
2013-11-15,0.09,0.09,0.09,0.09,000,0.09
2013-11-14,0.09,0.09,0.09,0.09,000,0.09
2013-11-13,0.09,0.09,0.09,0.09,000,0.09
2013-11-12,0.09,0.09,0.09,0.09,000,0.09
2013-11-11,0.09,0.09,0.09,0.09,000,0.09
2013-11-08,0.09,0.09,0.09,0.09,000,0.09
2013-11-07,0.09,0.09,0.09,0.09,000,0.09
2013-11-06,0.09,0.09,0.09,0.09,000,0.09
2013-11-05,0.09,0.09,0.09,0.09,000,0.09
2013-11-04,0.09,0.09,0.09,0.09,000,0.09
2013-11-01,0.09,0.09,0.09,0.09,000,0.09
2013-10-31,0.09,0.09,0.09,0.09,000,0.09
2013-10-30,0.09,0.09,0.09,0.09,000,0.09
2013-10-29,0.09,0.09,0.09,0.09,000,0.09
2013-10-28,0.09,0.09,0.09,0.09,000,0.09
2013-10-25,0.09,0.09,0.09,0.09,000,0.09
2013-10-24,0.09,0.09,0.09,0.09,000,0.09
2013-10-23,0.09,0.09,0.09,0.09,000,0.09
2013-10-22,0.09,0.09,0.09,0.09,000,0.09
2013-10-21,0.09,0.09,0.09,0.09,000,0.09
2013-10-18,0.09,0.09,0.09,0.09,000,0.09
2013-10-17,0.09,0.09,0.09,0.09,000,0.09
2013-10-16,0.09,0.09,0.09,0.09,000,0.09
2013-10-15,0.09,0.09,0.09,0.09,000,0.09
2013-10-14,0.09,0.09,0.09,0.09,000,0.09
2013-10-11,0.09,0.09,0.09,0.09,000,0.09
2013-10-10,0.09,0.09,0.09,0.09,000,0.09
2013-10-09,0.09,0.09,0.09,0.09,000,0.09
2013-10-08,0.09,0.09,0.09,0.09,000,0.09
2013-10-07,0.09,0.09,0.09,0.09,000,0.09
2013-10-04,0.09,0.09,0.09,0.09,000,0.09
2013-10-03,0.09,0.09,0.09,0.09,000,0.09
2013-10-02,0.09,0.09,0.09,0.09,000,0.09
2013-10-01,0.09,0.09,0.09,0.09,000,0.09
2013-09-30,0.09,0.09,0.09,0.09,000,0.09
2013-09-27,0.09,0.09,0.09,0.09,000,0.09
2013-09-26,0.09,0.09,0.09,0.09,000,0.09
2013-09-25,0.09,0.09,0.09,0.09,000,0.09
2013-09-24,0.09,0.09,0.09,0.09,000,0.09
2013-09-23,0.09,0.09,0.09,0.09,000,0.09
2013-09-20,0.09,0.09,0.09,0.09,000,0.09
2013-09-19,0.09,0.09,0.09,0.09,000,0.09
2013-09-18,0.09,0.09,0.09,0.09,000,0.09
2013-09-17,0.09,0.09,0.09,0.09,000,0.09
2013-09-16,0.09,0.09,0.09,0.09,000,0.09
2013-09-13,0.09,0.09,0.09,0.09,000,0.09
2013-09-12,0.09,0.09,0.09,0.09,000,0.09
2013-09-11,0.09,0.09,0.09,0.09,000,0.09
2013-09-10,0.09,0.09,0.09,0.09,000,0.09
2013-09-09,0.09,0.09,0.09,0.09,000,0.09
2013-09-06,0.09,0.09,0.09,0.09,000,0.09
2013-09-05,0.09,0.09,0.09,0.09,000,0.09
2013-09-04,0.09,0.09,0.09,0.09,000,0.09
2013-09-03,0.09,0.09,0.09,0.09,000,0.09
2013-09-02,0.09,0.09,0.09,0.09,000,0.09
2013-08-30,0.09,0.09,0.09,0.09,000,0.09
2013-08-29,0.09,0.09,0.09,0.09,000,0.09
2013-08-28,0.09,0.09,0.09,0.09,000,0.09
2013-08-27,0.09,0.09,0.09,0.09,000,0.09
2013-08-26,0.09,0.09,0.09,0.09,000,0.09
2013-08-23,0.09,0.09,0.09,0.09,000,0.09
2013-08-22,0.09,0.09,0.09,0.09,000,0.09
2013-08-21,0.09,0.09,0.09,0.09,000,0.09
2013-08-20,0.09,0.09,0.09,0.09,000,0.09
2013-08-19,0.09,0.09,0.09,0.09,000,0.09
2013-08-16,0.09,0.09,0.09,0.09,000,0.09
2013-08-15,0.09,0.09,0.09,0.09,000,0.09
2013-08-14,0.09,0.09,0.09,0.09,000,0.09
2013-08-13,0.09,0.09,0.09,0.09,000,0.09
2013-08-12,0.09,0.09,0.09,0.09,000,0.09
2013-08-09,0.09,0.09,0.09,0.09,000,0.09
2013-08-08,0.09,0.09,0.09,0.09,000,0.09
2013-08-07,0.09,0.09,0.09,0.09,000,0.09
2013-08-06,0.09,0.09,0.09,0.09,000,0.09
2013-08-05,0.09,0.09,0.09,0.09,000,0.09
2013-08-02,0.09,0.09,0.09,0.09,000,0.09
2013-08-01,0.09,0.09,0.09,0.09,000,0.09
2013-07-31,0.09,0.09,0.09,0.09,000,0.09
2013-07-30,0.09,0.09,0.09,0.09,000,0.09
2013-07-29,0.09,0.09,0.09,0.09,000,0.09
2013-07-26,0.09,0.09,0.09,0.09,000,0.09
2013-07-25,0.09,0.09,0.09,0.09,000,0.09
2013-07-24,0.09,0.09,0.09,0.09,000,0.09
2013-07-23,0.09,0.09,0.09,0.09,000,0.09
2013-07-22,0.09,0.09,0.09,0.09,000,0.09
2013-07-19,0.09,0.09,0.09,0.09,000,0.09
2013-07-18,0.09,0.09,0.09,0.09,000,0.09
2013-07-17,0.09,0.09,0.09,0.09,000,0.09
2013-07-16,0.09,0.09,0.09,0.09,000,0.09
2013-07-15,0.09,0.09,0.09,0.09,000,0.09
2013-07-12,0.09,0.09,0.09,0.09,000,0.09
2013-07-11,0.09,0.09,0.09,0.09,000,0.09
2013-07-10,0.09,0.09,0.09,0.09,000,0.09
2013-07-09,0.09,0.09,0.09,0.09,000,0.09
2013-07-08,0.09,0.09,0.09,0.09,000,0.09
2013-07-05,0.09,0.09,0.09,0.09,000,0.09
2013-07-04,0.09,0.09,0.09,0.09,000,0.09
2013-07-03,0.09,0.09,0.09,0.09,000,0.09
2013-07-02,0.09,0.09,0.09,0.09,000,0.09
2013-07-01,0.09,0.09,0.09,0.09,000,0.09
2013-06-28,0.09,0.09,0.09,0.09,000,0.09
2013-06-27,0.09,0.09,0.09,0.09,000,0.09
2013-06-26,0.09,0.09,0.09,0.09,000,0.09
2013-06-25,0.09,0.09,0.09,0.09,000,0.09
2013-06-24,0.09,0.09,0.09,0.09,000,0.09
2013-06-21,0.09,0.09,0.09,0.09,000,0.09
2013-06-20,0.09,0.09,0.09,0.09,000,0.09
2013-06-19,0.09,0.09,0.09,0.09,000,0.09
2013-06-18,0.09,0.09,0.09,0.09,000,0.09
2013-06-17,0.09,0.09,0.09,0.09,000,0.09
2013-06-14,0.09,0.09,0.09,0.09,000,0.09
2013-06-13,0.09,0.09,0.09,0.09,000,0.09
2013-06-12,0.09,0.09,0.09,0.09,000,0.09
2013-06-11,0.09,0.09,0.09,0.09,000,0.09
2013-06-10,0.09,0.09,0.09,0.09,000,0.09
2013-06-07,0.09,0.09,0.09,0.09,000,0.09
2013-06-06,0.09,0.09,0.09,0.09,000,0.09
2013-06-05,0.09,0.09,0.09,0.09,000,0.09
2013-06-04,0.09,0.09,0.09,0.09,000,0.09
2013-06-03,0.09,0.09,0.09,0.09,000,0.09
2013-05-31,0.09,0.09,0.09,0.09,000,0.09
2013-05-30,0.09,0.09,0.09,0.09,000,0.09
2013-05-29,0.09,0.09,0.09,0.09,000,0.09
2013-05-28,0.09,0.09,0.09,0.09,000,0.09
2013-05-27,0.09,0.09,0.09,0.09,000,0.09
2013-05-24,0.09,0.09,0.09,0.09,000,0.09
2013-05-23,0.09,0.09,0.09,0.09,000,0.09
2013-05-22,0.09,0.09,0.09,0.09,000,0.09
2013-05-21,0.09,0.09,0.09,0.09,000,0.09
2013-05-20,0.09,0.09,0.09,0.09,000,0.09
2013-05-17,0.09,0.09,0.09,0.09,000,0.09
2013-05-16,0.09,0.09,0.09,0.09,000,0.09
2013-05-15,0.09,0.09,0.09,0.09,000,0.09
2013-05-14,0.09,0.09,0.09,0.09,000,0.09
2013-05-13,0.09,0.09,0.09,0.09,000,0.09
2013-05-10,0.09,0.09,0.09,0.09,000,0.09
2013-05-09,0.09,0.09,0.09,0.09,000,0.09
2013-05-08,0.09,0.09,0.09,0.09,000,0.09
2013-05-07,0.09,0.09,0.09,0.09,000,0.09
2013-05-06,0.09,0.09,0.09,0.09,000,0.09
2013-05-03,0.09,0.09,0.09,0.09,000,0.09
2013-05-01,0.09,0.09,0.09,0.09,000,0.09
2013-04-30,0.09,0.09,0.09,0.09,000,0.09
2013-04-29,0.09,0.09,0.09,0.09,000,0.09
2013-04-26,0.09,0.09,0.09,0.09,000,0.09
2013-04-25,0.09,0.09,0.09,0.09,000,0.09
2013-04-24,0.09,0.09,0.09,0.09,000,0.09
2013-04-23,0.09,0.09,0.09,0.09,000,0.09
2013-04-22,0.09,0.09,0.09,0.09,000,0.09
2013-04-19,0.09,0.09,0.09,0.09,000,0.09
2013-04-18,0.09,0.09,0.09,0.09,000,0.09
2013-04-17,0.09,0.09,0.09,0.09,000,0.09
2013-04-16,0.09,0.09,0.09,0.09,000,0.09
2013-04-15,0.09,0.09,0.09,0.09,000,0.09
2013-04-12,0.09,0.09,0.09,0.09,000,0.09
2013-04-11,0.09,0.09,0.09,0.09,000,0.09
2013-04-10,0.09,0.09,0.09,0.09,000,0.09
2013-04-09,0.09,0.09,0.09,0.09,000,0.09
2013-04-08,0.09,0.09,0.09,0.09,000,0.09
2013-04-05,0.09,0.09,0.09,0.09,000,0.09
2013-04-04,0.09,0.09,0.09,0.09,000,0.09
2013-04-03,0.09,0.09,0.09,0.09,000,0.09
2013-04-02,0.09,0.09,0.09,0.09,000,0.09
2013-03-28,0.09,0.09,0.09,0.09,000,0.09
2013-03-27,0.09,0.09,0.09,0.09,000,0.09
2013-03-26,0.09,0.09,0.09,0.09,000,0.09
2013-03-25,0.09,0.09,0.09,0.09,000,0.09
2013-03-22,0.09,0.09,0.09,0.09,000,0.09
2013-03-21,0.09,0.09,0.09,0.09,000,0.09
2013-03-20,0.09,0.09,0.09,0.09,000,0.09
2013-03-19,0.09,0.09,0.09,0.09,000,0.09
2013-03-18,0.09,0.09,0.09,0.09,000,0.09
2013-03-15,0.09,0.09,0.09,0.09,000,0.09
2013-03-14,0.09,0.09,0.09,0.09,000,0.09
2013-03-13,0.09,0.09,0.09,0.09,000,0.09
2013-03-12,0.09,0.09,0.09,0.09,000,0.09
2013-03-11,0.09,0.09,0.09,0.09,000,0.09
2013-03-08,0.09,0.09,0.09,0.09,000,0.09
2013-03-07,0.09,0.09,0.09,0.09,000,0.09
2013-03-06,0.09,0.09,0.09,0.09,000,0.09
2013-03-05,0.09,0.09,0.09,0.09,000,0.09
2013-03-04,0.09,0.09,0.09,0.09,000,0.09
2013-03-01,0.09,0.09,0.09,0.09,000,0.09
2013-02-28,0.09,0.09,0.09,0.09,000,0.09
2013-02-27,0.09,0.09,0.09,0.09,000,0.09
2013-02-26,0.09,0.09,0.09,0.09,000,0.09
2013-02-25,0.09,0.09,0.09,0.09,000,0.09
2013-02-22,0.09,0.09,0.09,0.09,000,0.09
2013-02-21,0.09,0.09,0.09,0.09,000,0.09
2013-02-20,0.09,0.09,0.09,0.09,000,0.09
2013-02-19,0.09,0.09,0.09,0.09,000,0.09
2013-02-18,0.09,0.09,0.09,0.09,000,0.09
2013-02-15,0.09,0.09,0.09,0.09,000,0.09
2013-02-14,0.09,0.09,0.09,0.09,000,0.09
2013-02-13,0.09,0.09,0.09,0.09,000,0.09
2013-02-12,0.09,0.09,0.09,0.09,000,0.09
2013-02-11,0.09,0.09,0.09,0.09,000,0.09
2013-02-08,0.09,0.09,0.09,0.09,000,0.09
2013-02-07,0.09,0.09,0.09,0.09,000,0.09
2013-02-06,0.09,0.09,0.09,0.09,000,0.09
2013-02-05,0.09,0.09,0.09,0.09,000,0.09
2013-02-04,0.09,0.09,0.09,0.09,000,0.09
2013-02-01,0.09,0.09,0.09,0.09,000,0.09
2013-01-31,0.09,0.09,0.09,0.09,000,0.09
2013-01-30,0.09,0.09,0.09,0.09,000,0.09
2013-01-29,0.09,0.09,0.09,0.09,000,0.09
2013-01-28,0.09,0.09,0.09,0.09,000,0.09
2013-01-25,0.09,0.09,0.09,0.09,000,0.09
2013-01-24,0.09,0.09,0.09,0.09,000,0.09
2013-01-23,0.09,0.09,0.09,0.09,000,0.09
2013-01-22,0.09,0.09,0.09,0.09,000,0.09
2013-01-21,0.09,0.09,0.09,0.09,000,0.09
2013-01-18,0.09,0.09,0.09,0.09,000,0.09
2013-01-17,0.09,0.09,0.09,0.09,000,0.09
2013-01-16,0.09,0.09,0.09,0.09,000,0.09
2013-01-15,0.09,0.09,0.09,0.09,000,0.09
2013-01-14,0.09,0.09,0.09,0.09,000,0.09
2013-01-11,0.09,0.09,0.09,0.09,000,0.09
2013-01-10,0.09,0.09,0.09,0.09,000,0.09
2013-01-09,0.09,0.09,0.09,0.09,000,0.09
2013-01-08,0.09,0.09,0.09,0.09,000,0.09
2013-01-07,0.09,0.09,0.09,0.09,000,0.09
2013-01-04,0.09,0.09,0.09,0.09,000,0.09
2013-01-03,0.09,0.09,0.09,0.09,000,0.09
2013-01-02,0.09,0.09,0.09,0.09,000,0.09
2013-01-01,0.09,0.09,0.09,0.09,000,0.09
2012-12-31,0.09,0.09,0.09,0.09,000,0.09
2012-12-28,0.09,0.09,0.09,0.09,000,0.09
2012-12-27,0.09,0.09,0.09,0.09,000,0.09
2012-12-26,0.09,0.09,0.09,0.09,000,0.09
2012-12-25,0.09,0.09,0.09,0.09,000,0.09
2012-12-24,0.09,0.09,0.09,0.09,000,0.09
2012-12-21,0.09,0.09,0.09,0.09,000,0.09
2012-12-20,0.09,0.09,0.09,0.09,000,0.09
2012-12-19,0.09,0.09,0.09,0.09,000,0.09
2012-12-18,0.09,0.09,0.09,0.09,000,0.09
2012-12-17,0.09,0.09,0.09,0.09,000,0.09
2012-12-14,0.09,0.09,0.09,0.09,000,0.09
2012-12-13,0.09,0.09,0.09,0.09,000,0.09
2012-12-12,0.09,0.09,0.09,0.09,000,0.09
2012-12-11,0.09,0.09,0.09,0.09,000,0.09
2012-12-10,0.09,0.09,0.09,0.09,000,0.09
2012-12-07,0.09,0.09,0.09,0.09,000,0.09
2012-12-06,0.09,0.09,0.09,0.09,000,0.09
2012-12-05,0.09,0.09,0.09,0.09,000,0.09
2012-12-04,0.09,0.09,0.09,0.09,000,0.09
2012-12-03,0.09,0.09,0.09,0.09,000,0.09
2012-11-30,0.09,0.09,0.09,0.09,000,0.09
2012-11-29,0.09,0.09,0.09,0.09,000,0.09
2012-11-28,0.09,0.09,0.09,0.09,000,0.09
2012-11-27,0.09,0.09,0.09,0.09,000,0.09
2012-11-26,0.09,0.09,0.09,0.09,000,0.09
2012-11-23,0.09,0.09,0.09,0.09,000,0.09
2012-11-22,0.09,0.09,0.09,0.09,000,0.09
2012-11-21,0.09,0.09,0.09,0.09,000,0.09
2012-11-20,0.09,0.09,0.09,0.09,000,0.09
2012-11-19,0.09,0.09,0.09,0.09,000,0.09
2012-11-16,0.09,0.09,0.09,0.09,000,0.09
2012-11-15,0.09,0.09,0.09,0.09,000,0.09
2012-11-14,0.09,0.09,0.09,0.09,000,0.09
2012-11-13,0.09,0.09,0.09,0.09,000,0.09
2012-11-12,0.09,0.09,0.09,0.09,000,0.09
2012-11-09,0.09,0.09,0.09,0.09,000,0.09
2012-11-08,0.09,0.09,0.09,0.09,000,0.09
2012-11-07,0.09,0.09,0.09,0.09,000,0.09
2012-11-06,0.09,0.09,0.09,0.09,000,0.09
2012-11-05,0.09,0.09,0.09,0.09,000,0.09
2012-11-02,0.09,0.09,0.09,0.09,000,0.09
2012-11-01,0.09,0.09,0.09,0.09,000,0.09
2012-10-31,0.09,0.09,0.09,0.09,000,0.09
2012-10-30,0.09,0.09,0.09,0.09,000,0.09
2012-10-29,0.09,0.09,0.09,0.09,000,0.09
2012-10-26,0.09,0.09,0.09,0.09,000,0.09
2012-10-25,0.09,0.09,0.09,0.09,000,0.09
2012-10-24,0.09,0.09,0.09,0.09,000,0.09
2012-10-23,0.09,0.09,0.09,0.09,000,0.09
2012-10-22,0.09,0.09,0.09,0.09,000,0.09
2012-10-19,0.09,0.09,0.09,0.09,000,0.09
2012-10-18,0.09,0.09,0.09,0.09,000,0.09
2012-10-17,0.09,0.09,0.09,0.09,000,0.09
2012-10-16,0.09,0.09,0.09,0.09,000,0.09
2012-10-15,0.09,0.09,0.09,0.09,000,0.09
2012-10-12,0.09,0.09,0.09,0.09,000,0.09
2012-10-11,0.09,0.09,0.09,0.09,000,0.09
2012-10-10,0.09,0.09,0.09,0.09,000,0.09
2012-10-09,0.09,0.09,0.09,0.09,000,0.09
2012-10-08,0.09,0.09,0.09,0.09,000,0.09
2012-10-05,0.09,0.09,0.09,0.09,000,0.09
2012-10-04,0.09,0.09,0.09,0.09,000,0.09
2012-10-03,0.09,0.09,0.09,0.09,000,0.09
2012-10-02,0.09,0.09,0.09,0.09,000,0.09
2012-10-01,0.09,0.09,0.09,0.09,000,0.09
2012-09-28,0.09,0.09,0.09,0.09,000,0.09
2012-09-27,0.09,0.09,0.09,0.09,000,0.09
2012-09-26,0.09,0.09,0.09,0.09,000,0.09
2012-09-25,0.09,0.09,0.09,0.09,000,0.09
2012-09-24,0.09,0.09,0.09,0.09,000,0.09
2012-09-21,0.09,0.09,0.09,0.09,000,0.09
2012-09-20,0.09,0.09,0.09,0.09,000,0.09
2012-09-19,0.09,0.09,0.09,0.09,000,0.09
2012-09-18,0.09,0.09,0.09,0.09,000,0.09
2012-09-17,0.09,0.09,0.09,0.09,000,0.09
2012-09-14,0.09,0.09,0.09,0.09,000,0.09
2012-09-13,0.09,0.09,0.09,0.09,000,0.09
2012-09-12,0.09,0.09,0.09,0.09,000,0.09
2012-09-11,0.09,0.09,0.09,0.09,000,0.09
2012-09-10,0.09,0.09,0.09,0.09,000,0.09
2012-09-07,0.09,0.09,0.09,0.09,000,0.09
2012-09-06,0.09,0.09,0.09,0.09,000,0.09
2012-09-05,0.09,0.09,0.09,0.09,000,0.09
2012-09-04,0.09,0.09,0.09,0.09,000,0.09
2012-09-03,0.09,0.09,0.09,0.09,000,0.09
2012-08-31,0.09,0.09,0.09,0.09,000,0.09
2012-08-30,0.09,0.09,0.09,0.09,000,0.09
2012-08-29,0.09,0.09,0.09,0.09,000,0.09
2012-08-28,0.09,0.09,0.09,0.09,000,0.09
2012-08-27,0.09,0.09,0.09,0.09,000,0.09
2012-08-24,0.09,0.09,0.09,0.09,000,0.09
2012-08-23,0.09,0.09,0.09,0.09,000,0.09
2012-08-22,0.09,0.09,0.09,0.09,000,0.09
2012-08-21,0.09,0.09,0.09,0.09,000,0.09
2012-08-20,0.09,0.09,0.09,0.09,000,0.09
2012-08-17,0.09,0.09,0.09,0.09,000,0.09
2012-08-16,0.09,0.09,0.09,0.09,000,0.09
2012-08-15,0.09,0.09,0.09,0.09,000,0.09
2012-08-14,0.09,0.09,0.09,0.09,000,0.09
2012-08-13,0.09,0.09,0.09,0.09,000,0.09
2012-08-10,0.09,0.09,0.09,0.09,000,0.09
2012-08-09,0.09,0.09,0.09,0.09,000,0.09
2012-08-08,0.09,0.09,0.09,0.09,000,0.09
2012-08-07,0.09,0.09,0.09,0.09,000,0.09
2012-08-06,0.09,0.09,0.09,0.09,000,0.09
2012-08-03,0.09,0.09,0.09,0.09,000,0.09
2012-08-02,0.09,0.09,0.09,0.09,000,0.09
2012-08-01,0.09,0.09,0.09,0.09,000,0.09
2012-07-31,0.09,0.09,0.09,0.09,000,0.09
2012-07-30,0.09,0.09,0.09,0.09,000,0.09
2012-07-27,0.09,0.09,0.09,0.09,000,0.09
2012-07-26,0.09,0.09,0.09,0.09,000,0.09
2012-07-25,0.09,0.09,0.09,0.09,000,0.09
2012-07-24,0.09,0.09,0.09,0.09,000,0.09
2012-07-23,0.09,0.09,0.09,0.09,000,0.09
2012-07-20,0.09,0.09,0.09,0.09,000,0.09
2012-07-19,0.09,0.09,0.09,0.09,000,0.09
2012-07-18,0.09,0.09,0.09,0.09,000,0.09
2012-07-17,0.09,0.09,0.09,0.09,000,0.09
2012-07-16,0.09,0.09,0.09,0.09,000,0.09
2012-07-13,0.09,0.09,0.09,0.09,000,0.09
2012-07-12,0.09,0.09,0.09,0.09,000,0.09
2012-07-11,0.09,0.09,0.09,0.09,000,0.09
2012-07-10,0.09,0.09,0.09,0.09,000,0.09
2012-07-09,0.09,0.09,0.09,0.09,000,0.09
2012-07-06,0.09,0.09,0.09,0.09,000,0.09
2012-07-05,0.09,0.09,0.09,0.09,000,0.09
2012-07-04,0.09,0.09,0.09,0.09,000,0.09
2012-07-03,0.09,0.09,0.09,0.09,000,0.09
2012-07-02,0.09,0.09,0.09,0.09,000,0.09
2012
-06-29,0.09,0.09,0.09,0.09,000,0.09
2012-06-28,0.09,0.09,0.09,0.09,000,0.09
2012-06-26,0.09,0.09,0.09,0.09,000,0.09
2012-06-25,0.09,0.09,0.09,0.09,000,0.09
2012-06-22,0.09,0.09,0.09,0.09,000,0.09
2012-06-21,0.09,0.09,0.09,0.09,000,0.09
2012-06-20,0.09,0.09,0.09,0.09,000,0.09
2012-06-19,0.09,0.09,0.09,0.09,000,0.09
2012-06-18,0.09,0.09,0.09,0.09,000,0.09
2012-06-15,0.09,0.09,0.09,0.09,000,0.09
2012-06-14,0.09,0.09,0.09,0.09,000,0.09
2012-06-13,0.09,0.09,0.09,0.09,000,0.09
2012-06-12,0.09,0.09,0.09,0.09,000,0.09
2012-06-11,0.09,0.09,0.09,0.09,000,0.09
2012-06-08,0.09,0.09,0.09,0.09,000,0.09
2012-06-07,0.09,0.09,0.09,0.09,000,0.09
2012-06-06,0.09,0.09,0.09,0.09,000,0.09
2012-06-05,0.09,0.09,0.09,0.09,000,0.09
2012-06-04,0.09,0.09,0.09,0.09,000,0.09
2012-06-01,0.09,0.09,0.09,0.09,000,0.09
2012-05-31,0.09,0.09,0.09,0.09,000,0.09
2012-05-30,0.09,0.09,0.09,0.09,000,0.09
2012-05-29,0.09,0.09,0.09,0.09,000,0.09
2012-05-28,0.09,0.09,0.09,0.09,000,0.09
2012-05-25,0.09,0.09,0.09,0.09,000,0.09
2012-05-24,0.09,0.09,0.09,0.09,000,0.09
2012-05-23,0.09,0.09,0.09,0.09,000,0.09
2012-05-22,0.09,0.09,0.09,0.09,000,0.09
2012-05-21,0.09,0.09,0.09,0.09,000,0.09
2012-05-18,0.09,0.09,0.09,0.09,000,0.09
2012-05-17,0.09,0.09,0.09,0.09,000,0.09
2012-05-16,0.09,0.09,0.09,0.09,000,0.09
2012-05-15,0.09,0.09,0.09,0.09,000,0.09
2012-05-11,0.09,0.09,0.09,0.09,000,0.09
2012-05-10,0.09,0.09,0.09,0.09,000,0.09
2012-05-09,0.09,0.09,0.09,0.09,000,0.09
2012-05-08,0.09,0.09,0.09,0.09,000,0.09
2012-05-07,0.09,0.09,0.09,0.09,000,0.09
2012-05-04,0.09,0.09,0.09,0.09,000,0.09
2012-05-03,0.09,0.09,0.09,0.09,000,0.09
2012-05-01,0.09,0.09,0.09,0.09,000,0.09
2012-04-30,0.09,0.09,0.09,0.09,000,0.09
2012-04-27,0.09,0.09,0.09,0.09,000,0.09
2012-04-26,0.09,0.09,0.09,0.09,000,0.09
2012-04-25,0.09,0.09,0.09,0.09,000,0.09
2012-04-24,0.09,0.09,0.09,0.09,000,0.09
2012-04-23,0.09,0.09,0.09,0.09,000,0.09
2012-04-20,0.09,0.09,0.09,0.09,000,0.09
2012-04-19,0.09,0.09,0.09,0.09,000,0.09
2012-04-18,0.09,0.09,0.09,0.09,000,0.09
2012-04-17,0.09,0.09,0.09,0.09,000,0.09
2012-04-16,0.09,0.09,0.09,0.09,000,0.09
2012-04-13,0.09,0.09,0.09,0.09,000,0.09
2012-04-12,0.09,0.09,0.09,0.09,000,0.09
2012-04-11,0.09,0.09,0.09,0.09,000,0.09
2012-04-10,0.09,0.09,0.09,0.09,000,0.09
2012-04-05,0.09,0.09,0.09,0.09,000,0.09
2012-04-04,0.09,0.09,0.09,0.09,000,0.09
2012-04-03,0.09,0.09,0.09,0.09,000,0.09
2012-04-02,0.09,0.09,0.09,0.09,000,0.09
2012-03-30,0.09,0.09,0.09,0.09,000,0.09
2012-03-29,0.09,0.09,0.09,0.09,000,0.09
2012-03-28,0.09,0.09,0.09,0.09,000,0.09
2012-03-27,0.09,0.09,0.09,0.09,000,0.09
2012-03-26,0.09,0.09,0.09,0.09,000,0.09
2012-03-23,0.09,0.09,0.09,0.09,000,0.09
2012-03-22,0.09,0.09,0.09,0.09,000,0.09
2012-03-21,0.09,0.09,0.09,0.09,000,0.09
2012-03-20,0.09,0.09,0.09,0.09,000,0.09
2012-03-19,0.09,0.09,0.09,0.09,000,0.09
2012-03-16,0.09,0.09,0.09,0.09,000,0.09
2012-03-15,0.09,0.09,0.09,0.09,000,0.09
2012-03-14,0.09,0.09,0.09,0.09,000,0.09
2012-03-13,0.09,0.09,0.09,0.09,000,0.09
2012-03-12,0.09,0.09,0.09,0.09,000,0.09
2012-03-09,0.09,0.09,0.09,0.09,000,0.09
2012-03-08,0.09,0.09,0.09,0.09,000,0.09
2012-03-07,0.09,0.09,0.09,0.09,000,0.09
2012-03-06,0.09,0.09,0.09,0.09,000,0.09
2012-03-05,0.09,0.09,0.09,0.09,000,0.09
2012-03-02,0.09,0.09,0.09,0.09,000,0.09
2012-03-01,0.09,0.09,0.09,0.09,000,0.09
2012-02-29,0.09,0.09,0.09,0.09,000,0.09
2012-02-28,0.09,0.09,0.09,0.09,000,0.09
2012-02-27,0.09,0.09,0.09,0.09,000,0.09
2012-02-24,0.09,0.09,0.09,0.09,000,0.09
2012-02-23,0.09,0.09,0.09,0.09,000,0.09
2012-02-22,0.09,0.09,0.09,0.09,000,0.09
2012-02-21,0.09,0.09,0.09,0.09,000,0.09
2012-02-20,0.09,0.09,0.09,0.09,000,0.09
2012-02-17,0.09,0.09,0.09,0.09,000,0.09
2012-02-16,0.09,0.09,0.09,0.09,000,0.09
2012-02-15,0.09,0.09,0.09,0.09,000,0.09
2012-02-14,0.09,0.09,0.09,0.09,000,0.09
2012-02-13,0.09,0.09,0.09,0.09,000,0.09
2012-02-10,0.09,0.09,0.09,0.09,000,0.09
2012-02-09,0.09,0.09,0.09,0.09,000,0.09
2012-02-08,0.09,0.09,0.09,0.09,000,0.09
2012-02-07,0.09,0.09,0.09,0.09,000,0.09
2012-02-06,0.09,0.09,0.09,0.09,000,0.09
2012-02-03,0.09,0.09,0.09,0.09,000,0.09
2012-02-02,0.09,0.09,0.09,0.09,000,0.09
2012-02-01,0.09,0.09,0.09,0.09,000,0.09
2012-01-31,0.09,0.09,0.09,0.09,000,0.09
2012-01-30,0.09,0.09,0.09,0.09,000,0.09
2012-01-27,0.09,0.09,0.09,0.09,000,0.09
2012-01-26,0.09,0.09,0.09,0.09,000,0.09
2012-01-24,0.09,0.09,0.09,0.09,000,0.09
2012-01-23,0.09,0.09,0.09,0.09,000,0.09
2012-01-20,0.09,0.09,0.09,0.09,000,0.09
2012-01-19,0.09,0.09,0.09,0.09,000,0.09
2012-01-18,0.09,0.09,0.09,0.09,000,0.09
2012-01-17,0.09,0.09,0.09,0.09,000,0.09
2012-01-16,0.09,0.09,0.09,0.09,000,0.09
2012-01-13,0.09,0.09,0.09,0.09,000,0.09
2012-01-12,0.09,0.09,0.09,0.09,000,0.09
2012-01-11,0.09,0.09,0.09,0.09,000,0.09
2012-01-10,0.09,0.09,0.09,0.09,000,0.09
2012-01-09,0.09,0.09,0.09,0.09,000,0.09
2012-01-04,0.10,0.09,0.09,0.09,2700,0.09
2012-01-03,0.075,0.075,0.075,0.075,000,0.075
2011-12-29,0.075,0.075,0.075,0.075,000,0.075
2011-12-28,0.075,0.075,0.075,0.075,000,0.075
2011-12-27,0.027,0.075,0.075,0.075,000,0.075
2011-12-26,0.027,0.027,0.027,0.027,000,0.027
2011-12-23,0.027,0.027,0.027,0.027,000,0.027
2011-12-22,0.027,0.027,0.027,0.027,000,0.027
2011-12-21,0.027,0.027,0.027,0.027,000,0.027
2011-12-20,0.027,0.027,0.027,0.027,000,0.027
2011-12-19,0.036,0.027,0.027,0.027,9900,0.027
2011-12-14,0.036,0.036,0.036,0.036,000,0.036
2011-12-13,0.036,0.036,0.036,0.036,000,0.036
2011-12-12,0.036,0.036,0.036,0.036,000,0.036
2011-12-09,0.036,0.036,0.036,0.036,000,0.036
2011-12-08,0.036,0.036,0.036,0.036,000,0.036
2011-12-07,0.036,0.036,0.036,0.036,000,0.036
2011-12-06,0.036,0.036,0.036,0.036,000,0.036
2011-12-05,0.036,0.036,0.036,0.036,000,0.036
2011-12-02,0.036,0.036,0.036,0.036,000,0.036
2011-12-01,0.036,0.036,0.036,0.036,000,0.036
2011-11-30,0.036,0.036,0.036,0.036,000,0.036
2011-11-29,0.036,0.036,0.036,0.036,000,0.036
2011-11-28,0.036,0.036,0.036,0.036,000,0.036
2011-11-23,0.036,0.036,0.036,0.036,000,0.036
2011-11-22,0.036,0.036,0.036,0.036,000,0.036
2011-11-21,0.036,0.036,0.036,0.036,000,0.036
2011-11-18,0.036,0.036,0.036,0.036,200,0.036
2011-11-17,0.09,0.09,0.09,0.09,000,0.09
2011-11-01,0.10,0.09,0.09,0.09,2700,0.09
2011-10-31,0.037,0.098,0.037,0.037,000,0.037
2011-10-28,0.041,0.098,0.041,0.041,000,0.041
2011-10-27,0.099,0.10,0.099,0.10,3500,0.10
2011-10-26,0.04,0.099,0.04,0.04,000,0.04
2011-10-25,0.04,0.099,0.04,0.04,000,0.04
2011-10-24,0.04,0.10,0.04,0.04,000,0.04
2011-10-21,0.04,0.097,0.04,0.04,000,0.04
2011-10-20,0.04,0.097,0.04,0.04,000,0.04
2011-10-19,0.04,0.099,0.04,0.04,000,0.04
2011-10-18,0.037,0.099,0.037,0.037,000,0.037
2011-10-17,0.037,0.099,0.037,0.037,000,0.037
2011-10-14,0.037,0.097,0.037,0.037,000,0.037
2011-10-13,0.037,0.097,0.037,0.037,000,0.037
2011-10-12,0.037,0.097,0.037,0.037,000,0.037
2011-10-11,0.037,0.097,0.037,0.037,000,0.037
2011-10-10,0.037,0.097,0.037,0.037,000,0.037
2011-10-07,0.037,0.097,0.037,0.037,000,0.037
2011-10-06,0.04,0.09,0.04,0.04,000,0.04
2011-10-05,0.057,0.097,0.057,0.057,000,0.057
2011-10-04,0.09,0.09,0.09,0.09,500,0.09
2011-10-03,0.039,0.09,0.039,0.039,000,0.039
2011-09-30,0.039,0.09,0.039,0.039,000,0.039
2011-09-29,0.039,0.09,0.039,0.039,000,0.039
2011-09-28,0.039,0.09,0.039,0.039,000,0.039
2011-09-27,0.039,0.09,0.039,0.039,000,0.039
2011-09-26,0.039,0.09,0.039,0.039,000,0.039
2011-09-21,0.07,0.09,0.07,0.07,000,0.07
2011-09-20,0.07,0.09,0.07,0.07,000,0.07
2011-09-19,0.039,0.09,0.039,0.039,000,0.039
2011-09-16,0.039,0.09,0.039,0.039,000,0.039
2011-09-15,0.10,0.10,0.10,0.10,100,0.10
2011-09-14,0.037,0.099,0.037,0.037,000,0.037
2011-09-13,0.037,0.099,0.037,0.037,000,0.037
2011-09-12,0.037,0.099,0.037,0.037,000,0.037
2011-09-09,0.037,0.10,0.037,0.037,000,0.037
2011-09-08,0.037,0.10,0.037,0.037,000,0.037
2011-09-07,0.038,0.099,0.038,0.038,000,0.038
2011-09-02,0.036,0.10,0.036,0.036,000,0.036
2011-09-01,0.036,0.10,0.036,0.036,000,0.036
2011-08-31,0.042,0.042,0.042,0.042,1900,0.042
2011-08-30,0.037,0.069,0.037,0.037,000,0.037
2011-08-29,0.069,0.069,0.04,0.04,10000,0.04
2011-08-26,0.041,0.10,0.041,0.041,000,0.041
2011-08-25,0.04,0.10,0.04,0.04,000,0.04
2011-08-24,0.04,0.10,0.04,0.04,000,0.04
2011-08-23,0.04,0.10,0.04,0.04,000,0.04
2011-08-22,0.04,0.10,0.04,0.04,000,0.04
2011-08-19,0.04,0.235,0.04,0.04,000,0.04
2011-08-18,0.04,0.238,0.04,0.04,000,0.04
2011-08-17,0.04,0.14,0.04,0.04,000,0.04
2011-08-16,0.04,0.14,0.04,0.04,000,0.04
2011-08-15,0.041,0.14,0.041,0.041,000,0.041
2011-08-12,0.04,0.14,0.04,0.04,000,0.04
2011-08-11,0.041,0.14,0.041,0.041,000,0.041
2011-08-10,0.041,0.14,0.041,0.041,000,0.041
2011-08-09,0.041,0.14,0.041,0.041,000,0.041
2011-08-08,0.041,0.14,0.041,0.041,000,0.041
2011-08-05,0.041,0.14,0.041,0.041,000,0.041
2011-08-04,0.077,0.041,0.041,0.041,1000,0.041
2011-08-03,0.042,0.142,0.042,0.042,000,0.042
2011-08-02,0.04,0.143,0.04,0.04,000,0.04
2011-08-01,0.04,0.143,0.04,0.04,000,0.04
2011-07-29,0.045,0.144,0.045,0.045,000,0.045
2011-07-28,0.078,0.144,0.078,0.078,000,0.078
2011-07-27,0.04,0.126,0.04,0.04,000,0.04
2011-07-26,0.04,0.145,0.04,0.04,000,0.04
2011-07-25,0.042,0.145,0.042,0.042,000,0.042
2011-07-22,0.042,0.146,0.042,0.042,000,0.042
2011-07-21,0.04,0.147,0.04,0.04,000,0.04
2011-07-20,0.04,0.147,0.04,0.04,000,0.04
2011-07-19,0.04,0.147,0.04,0.04,000,0.04
2011-07-18,0.042,0.148,0.042,0.042,000,0.042
2011-07-15,0.042,0.149,0.042,0.042,000,0.042
2011-07-14,0.043,0.149,0.043,0.043,000,0.043
2011-07-13,0.06,0.148,0.06,0.06,000,0.06
2011-07-12,0.077,0.077,0.077,0.077,900,0.077
2011-07-11,0.06,0.077,0.06,0.06,000,0.06
2011-07-08,0.061,0.077,0.061,0.061,000,0.061
2011-07-07,0.06,0.077,0.06,0.06,000,0.06
2011-07-06,0.04,0.077,0.04,0.04,000,0.04
2011-07-05,0.04,0.077,0.04,0.04,000,0.04
2011-07-04,0.04,0.097,0.04,0.04,000,0.04
2011-07-01,0.04,0.097,0.04,0.04,000,0.04
2011-06-30,0.04,0.088,0.04,0.04,000,0.04
2011-06-29,0.037,0.088,0.037,0.037,000,0.037
2011-06-28,0.038,0.088,0.038,0.038,000,0.038
2011-06-27,0.038,0.088,0.038,0.038,000,0.038
2011-06-24,0.038,0.088,0.038,0.038,000,0.038
2011-06-23,0.037,0.088,0.037,0.037,000,0.037
2011-06-22,0.045,0.088,0.045,0.045,000,0.045
2011-06-21,0.037,0.087,0.037,0.037,000,0.037
2011-06-20,0.04,0.04,0.04,0.04,2000,0.04
2011-06-
17,0.037,0.055,0.037,0.037,000,0.037
2011-06-16,0.037,0.06,0.037,0.037,000,0.037
2011-06-15,0.037,0.055,0.037,0.037,000,0.037
2011-06-14,0.037,0.074,0.037,0.037,000,0.037
2011-06-13,0.037,0.075,0.037,0.037,000,0.037
2011-06-10,0.036,0.037,0.037,0.037,900,0.037
2011-06-09,0.037,0.06,0.037,0.037,000,0.037
2011-06-08,0.037,0.065,0.037,0.037,000,0.037
2011-06-07,0.041,0.041,0.036,0.036,21000,0.036
2011-06-06,0.041,0.095,0.041,0.041,000,0.041
2011-06-03,0.07,0.07,0.036,0.04,43700,0.04
2011-06-02,0.05,0.10,0.05,0.05,000,0.05
2011-06-01,0.04,0.10,0.04,0.04,000,0.04
2011-05-31,0.053,0.10,0.053,0.053,000,0.053
2011-05-30,0.10,0.10,0.10,0.10,1000,0.10
2011-05-27,0.04,0.10,0.04,0.04,000,0.04
2011-05-26,0.08,0.10,0.10,0.10,1000,0.10
2011-05-25,0.08,0.08,0.08,0.08,700,0.08
2011-05-20,0.026,0.08,0.026,0.026,000,0.026
2011-05-19,0.051,0.10,0.051,0.051,000,0.051
2011-05-18,0.051,0.10,0.051,0.051,000,0.051
2011-05-17,0.051,0.10,0.051,0.051,000,0.051
2011-05-16,0.055,0.10,0.055,0.055,000,0.055
2011-05-13,0.05,0.05,0.05,0.05,15600,0.05
2011-05-12,0.127,0.127,0.05,0.05,41900,0.05
2011-05-11,0.14,0.24,0.14,0.14,000,0.14
2011-05-10,0.14,0.249,0.14,0.14,000,0.14
2011-05-09,0.14,0.249,0.14,0.14,000,0.14
2011-05-05,0.14,0.249,0.14,0.14,000,0.14
2011-05-04,0.14,0.24,0.14,0.14,000,0.14
2011-05-03,0.14,0.24,0.14,0.14,000,0.14
2011-05-02,0.14,0.24,0.14,0.14,000,0.14
2011-04-29,0.14,0.141,0.14,0.141,1000,0.141
2011-04-28,0.20,0.25,0.20,0.20,000,0.20
2011-04-27,0.20,0.26,0.20,0.20,000,0.20
2011-04-26,0.20,0.249,0.20,0.20,000,0.20
2011-04-21,0.20,0.249,0.20,0.20,000,0.20
2011-04-20,0.201,0.25,0.201,0.201,000,0.201
2011-04-19,0.20,0.299,0.20,0.20,000,0.20
2011-04-18,0.20,0.24,0.20,0.20,000,0.20
2011-04-15,0.20,0.25,0.20,0.20,000,0.20
2011-04-14,0.20,0.25,0.20,0.20,000,0.20
2011-04-13,0.20,0.25,0.20,0.20,000,0.20
2011-04-12,0.20,0.299,0.20,0.20,000,0.20
2011-04-11,0.20,0.299,0.20,0.20,000,0.20
2011-04-08,0.20,0.299,0.20,0.20,000,0.20
2011-04-07,0.20,0.299,0.20,0.20,000,0.20
2011-04-06,0.20,0.299,0.20,0.20,000,0.20
2011-04-05,0.20,0.299,0.20,0.20,000,0.20
2011-04-04,0.20,0.299,0.20,0.20,000,0.20
2011-04-01,0.20,0.299,0.20,0.20,000,0.20
2011-03-31,0.201,0.201,0.201,0.201,300,0.201
2011-03-30,0.201,0.299,0.201,0.201,000,0.201
2011-03-29,0.201,0.299,0.201,0.201,000,0.201
2011-03-28,0.201,0.299,0.201,0.201,000,0.201
2011-03-25,0.201,0.23,0.201,0.201,000,0.201
2011-03-24,0.20,0.299,0.20,0.20,000,0.20
2011-03-23,0.201,0.216,0.201,0.201,000,0.201
2011-03-22,0.20,0.216,0.20,0.20,000,0.20
2011-03-21,0.20,0.23,0.20,0.20,000,0.20
2011-03-18,0.20,0.23,0.20,0.20,000,0.20
2011-03-17,0.20,0.299,0.20,0.20,000,0.20
2011-03-16,0.20,0.299,0.20,0.20,000,0.20
2011-03-15,0.20,0.299,0.20,0.20,000,0.20
2011-03-14,0.20,0.299,0.20,0.20,000,0.20
2011-03-11,0.20,0.299,0.20,0.20,000,0.20
2011-03-10,0.20,0.299,0.20,0.20,000,0.20
2011-03-09,0.20,0.299,0.20,0.20,000,0.20
2011-03-08,0.20,0.299,0.20,0.20,000,0.20
2011-03-07,0.20,0.299,0.20,0.20,000,0.20
2011-03-02,0.216,0.299,0.216,0.216,000,0.216
2011-03-01,0.216,0.216,0.216,0.216,1500,0.216
2011-02-28,0.214,0.214,0.214,0.214,100,0.214
2011-02-25,0.214,0.299,0.214,0.214,000,0.214
2011-02-24,0.214,0.299,0.214,0.214,000,0.214
2011-02-23,0.214,0.299,0.214,0.214,000,0.214
2011-02-22,0.214,0.24,0.214,0.214,000,0.214
2011-02-21,0.207,0.25,0.207,0.207,000,0.207
2011-02-18,0.207,0.299,0.207,0.207,000,0.207
2011-02-17,0.207,0.298,0.207,0.207,000,0.207
2011-02-16,0.21,0.23,0.21,0.23,2200,0.23
2011-02-15,0.21,0.299,0.21,0.21,000,0.21
2011-02-14,0.21,0.299,0.21,0.21,000,0.21
2011-02-11,0.21,0.299,0.21,0.21,000,0.21
2011-02-10,0.207,0.299,0.207,0.207,000,0.207
2011-02-09,0.206,0.299,0.206,0.206,000,0.206
2011-02-08,0.206,0.299,0.206,0.206,000,0.206
2011-02-07,0.206,0.299,0.206,0.206,000,0.206
2011-02-04,0.207,0.299,0.207,0.207,000,0.207
2011-02-03,0.206,0.299,0.206,0.206,000,0.206
2011-02-02,0.205,0.299,0.205,0.205,000,0.205
2011-02-01,0.203,0.299,0.203,0.203,000,0.203
2011-01-31,0.202,0.202,0.202,0.202,100,0.202
2011-01-28,0.203,0.299,0.203,0.203,000,0.203
2011-01-27,0.201,0.299,0.201,0.201,000,0.201
2011-01-26,0.201,0.299,0.201,0.201,000,0.201
2011-01-25,0.29,0.29,0.29,0.29,2100,0.29
2011-01-24,0.20,0.29,0.20,0.20,000,0.20
2011-01-21,0.20,0.29,0.20,0.20,000,0.20
2011-01-20,0.202,0.29,0.202,0.202,000,0.202
2011-01-19,0.202,0.29,0.202,0.202,000,0.202
2011-01-18,0.202,0.29,0.202,0.202,000,0.202
2011-01-17,0.202,0.29,0.202,0.202,000,0.202
2011-01-14,0.202,0.29,0.202,0.202,000,0.202
2011-01-13,0.202,0.29,0.202,0.202,000,0.202
2011-01-12,0.202,0.29,0.202,0.202,000,0.202
2011-01-11,0.202,0.29,0.202,0.202,000,0.202
2011-01-10,0.202,0.29,0.202,0.202,000,0.202
2011-01-07,0.202,0.29,0.202,0.202,000,0.202
2011-01-06,0.29,0.29,0.29,0.29,2000,0.29
2011-01-05,0.202,0.29,0.202,0.202,000,0.202
2011-01-04,0.202,0.29,0.202,0.202,000,0.202
2011-01-03,0.202,0.29,0.202,0.202,000,0.202
2010-12-30,0.25,0.29,0.25,0.29,200,0.29
2010-12-29,0.202,0.29,0.202,0.202,000,0.202
2010-12-28,0.202,0.29,0.202,0.202,000,0.202
2010-12-27,0.21,0.299,0.21,0.21,000,0.21
2010-12-23,0.22,0.299,0.22,0.22,000,0.22
2010-12-22,0.217,0.29,0.217,0.217,000,0.217
2010-12-21,0.288,0.29,0.287,0.29,6600,0.29
2010-12-20,0.288,0.60,0.288,0.288,000,0.288
2010-12-17,0.288,0.60,0.288,0.288,000,0.288
2010-12-16,0.288,0.60,0.288,0.288,000,0.288
2010-12-15,0.301,0.301,0.301,0.301,000,0.301
2010-12-14,0.30,0.50,0.30,0.30,000,0.30
2010-12-13,0.30,0.50,0.30,0.30,000,0.30
2010-12-10,0.30,0.50,0.30,0.30,000,0.30
2010-12-09,0.30,0.678,0.30,0.30,000,0.30
2010-12-08,0.30,0.502,0.30,0.30,000,0.30
2010-12-07,0.371,0.678,0.371,0.371,000,0.371
2010-12-06,0.371,0.678,0.371,0.371,000,0.371
2010-12-03,0.381,0.678,0.381,0.381,000,0.381
2010-12-02,0.381,0.50,0.381,0.381,000,0.381
2010-12-01,0.381,0.678,0.381,0.381,000,0.381
2010-11-30,0.62,0.456,0.38,0.418,100,0.418
2010-11-29,0.38,0.68,0.38,0.38,000,0.38
2010-11-26,0.38,0.65,0.38,0.38,000,0.38
2010-11-25,0.38,0.68,0.38,0.38,000,0.38
2010-11-24,0.38,0.68,0.38,0.38,000,0.38
2010-11-23,0.38,2.00,0.38,0.38,000,0.38
2010-11-22,0.405,0.62,0.405,0.405,000,0.405
2010-11-19,0.655,0.69,0.62,0.62,800,0.62
2010-11-18,0.37,0.595,0.37,0.595,800,0.595
2010-11-17,0.60,3.99,0.60,0.60,000,0.60
2010-11-16,0.60,3.99,0.60,0.60,000,0.60
2010-11-15,0.60,3.99,0.60,0.60,000,0.60
2010-11-12,0.60,3.99,0.60,0.60,000,0.60
2010-11-11,0.60,3.99,0.60,0.60,000,0.60
2010-11-10,0.60,3.99,0.60,0.60,000,0.60
2010-11-09,0.60,3.99,0.60,0.60,000,0.60
2010-11-08,0.60,3.99,0.60,0.60,000,0.60
2010-11-05,0.60,3.99,0.60,0.60,000,0.60
2010-11-04,0.60,3.99,0.60,0.60,000,0.60
2010-11-03,0.60,3.99,0.60,0.60,000,0.60
2010-11-02,0.60,3.99,0.60,0.60,000,0.60
2010-11-01,0.60,3.99,0.60,0.60,000,0.60
2010-10-29,0.80,0.80,0.80,0.80,000,0.80
2010-10-28,0.80,3.99,0.80,0.80,000,0.80
2010-10-27,0.80,3.99,0.80,0.80,000,0.80
2010-10-26,0.80,3.99,0.80,0.80,000,0.80
2010-10-25,0.80,3.99,0.80,0.80,000,0.80
2010-10-22,0.80,3.99,0.80,0.80,000,0.80
2010-10-21,0.80,3.99,0.80,0.80,000,0.80
2010-10-20,0.80,3.99,0.80,0.80,000,0.80
2010-10-19,0.80,3.99,0.80,0.80,000,0.80
2010-10-18,0.80,3.99,0.80,0.80,000,0.80
2010-10-15,0.80,3.99,0.80,0.80,000,0.80
2010-10-14,0.80,3.99,0.80,0.80,000,0.80
2010-10-13,0.80,3.99,0.80,0.80,000,0.80
2010-10-12,0.80,3.99,0.80,0.80,000,0.80
2010-10-11,0.80,3.99,0.80,0.80,000,0.80
2010-10-08,0.80,3.99,0.80,0.80,000,0.80
2010-10-07,0.80,4.00,0.80,0.80,000,0.80
2010-10-06,0.80,4.00,0.80,0.80,000,0.80
2010-10-05,0.80,4.00,0.80,0.80,000,0.80
2010-10-04,0.80,4.00,0.80,0.80,000,0.80
2010-10-01
,0.80,4.00,0.80,0.80,000,0.80
2010-09-30,0.80,0.80,0.80,0.80,000,0.80
2010-09-29,1.00,1.50,1.00,1.00,000,1.00
2010-09-28,1.00,4.00,1.00,1.00,000,1.00
2010-09-27,1.00,4.00,1.00,1.00,000,1.00
2010-09-24,1.00,4.00,1.00,1.00,000,1.00
2010-09-23,1.00,4.00,1.00,1.00,000,1.00
2010-09-21,1.00,4.00,1.00,1.00,000,1.00
2010-09-20,1.00,4.00,1.00,1.00,000,1.00
2010-09-17,1.00,1.50,1.00,1.00,000,1.00
2010-09-16,1.00,1.50,1.00,1.00,000,1.00
2010-09-15,1.00,1.50,1.00,1.00,000,1.00
2010-09-14,1.00,1.50,1.00,1.00,000,1.00
2010-09-13,1.00,1.50,1.00,1.00,000,1.00
2010-09-10,1.00,1.50,1.00,1.00,000,1.00
2010-09-09,1.00,1.50,1.00,1.00,000,1.00
2010-09-08,1.00,1.50,1.00,1.00,000,1.00
2010-09-07,1.00,1.50,1.00,1.00,000,1.00
2010-09-03,1.00,1.50,1.00,1.00,000,1.00
2010-09-02,1.00,1.50,1.00,1.00,000,1.00
2010-09-01,1.00,1.50,1.00,1.00,000,1.00
2010-08-31,1.00,1.00,1.00,1.00,000,1.00
2010-08-30,1.20,1.20,1.20,1.20,000,1.20
2010-08-27,0.80,1.50,0.80,0.80,000,0.80
2010-08-26,0.80,1.50,0.80,0.80,000,0.80
2010-08-25,0.80,1.50,0.80,0.80,000,0.80
2010-08-24,0.80,1.50,0.80,0.80,000,0.80
2010-08-23,0.80,1.50,0.80,0.80,000,0.80
2010-08-20,0.80,1.50,0.80,0.80,000,0.80
2010-08-19,0.80,1.50,0.80,0.80,000,0.80
2010-08-18,0.80,1.50,0.80,0.80,000,0.80
2010-08-17,0.80,1.50,0.80,0.80,000,0.80
2010-08-16,0.80,1.50,0.80,0.80,000,0.80
2010-08-13,0.80,1.50,0.80,0.80,000,0.80
2010-08-12,0.80,1.50,0.80,0.80,000,0.80
2010-08-11,0.80,1.50,0.80,0.80,000,0.80
2010-08-10,0.80,1.50,0.80,0.80,000,0.80
2010-08-09,0.80,1.50,0.80,0.80,000,0.80
2010-08-06,0.80,1.50,0.80,0.80,000,0.80
2010-08-05,0.80,1.50,0.80,0.80,000,0.80
2010-08-04,0.80,1.50,0.80,0.80,000,0.80
2010-08-03,0.80,1.50,0.80,0.80,000,0.80
2010-08-02,0.80,1.50,0.80,0.80,000,0.80
2010-07-30,1.40,1.40,1.40,1.40,000,1.40
2010-07-29,0.80,1.50,0.80,0.80,000,0.80
2010-07-28,0.80,1.50,0.80,0.80,000,0.80
2010-07-27,0.80,1.50,0.80,0.80,000,0.80
2010-07-26,0.80,1.50,0.80,0.80,000,0.80
2010-07-23,0.80,1.50,0.80,0.80,000,0.80
2010-07-22,0.80,1.50,0.80,0.80,000,0.80
2010-07-21,0.80,1.50,0.80,0.80,000,0.80
2010-07-20,0.80,1.50,0.80,0.80,000,0.80
2010-07-19,0.80,1.50,0.80,0.80,000,0.80
2010-07-16,0.80,1.50,0.80,0.80,000,0.80
2010-07-15,0.80,1.50,0.80,0.80,000,0.80
2010-07-14,0.80,1.50,0.80,0.80,000,0.80
2010-07-13,0.80,1.50,0.80,0.80,000,0.80
2010-07-12,0.80,1.50,0.80,0.80,000,0.80
2010-07-09,0.80,1.50,0.80,0.80,000,0.80
2010-07-08,0.80,1.50,0.80,0.80,000,0.80
2010-07-07,0.80,1.50,0.80,0.80,000,0.80
2010-07-06,0.80,1.50,0.80,0.80,000,0.80
2010-07-05,0.80,1.50,0.80,0.80,000,0.80
2010-07-02,0.80,1.50,0.80,0.80,000,0.80
2010-07-01,0.80,1.50,0.80,0.80,000,0.80
2010-06-30,1.40,1.40,1.40,1.40,000,1.40
2010-06-29,0.80,1.50,0.80,0.80,000,0.80
2010-06-28,0.80,1.50,0.80,0.80,000,0.80
2010-06-25,0.80,1.50,0.80,0.80,000,0.80
2010-06-24,0.80,1.50,0.80,0.80,000,0.80
2010-06-23,0.80,1.50,0.80,0.80,000,0.80
2010-06-22,0.80,1.50,0.80,0.80,000,0.80
2010-06-21,0.80,1.70,0.80,0.80,000,0.80
2010-06-18,0.80,1.70,0.80,0.80,000,0.80
2010-06-17,0.80,1.70,0.80,0.80,000,0.80
2010-06-16,0.80,1.70,0.80,0.80,000,0.80
2010-06-15,0.80,1.70,0.80,0.80,000,0.80
2010-06-14,0.80,1.70,0.80,0.80,000,0.80
2010-06-11,0.80,1.70,0.80,0.80,000,0.80
2010-06-10,0.80,4.00,0.80,0.80,000,0.80
2010-06-09,0.80,4.00,0.80,0.80,000,0.80
2010-06-08,0.80,4.00,0.80,0.80,000,0.80
2010-06-07,0.80,4.00,0.80,0.80,000,0.80
2010-06-04,0.80,4.00,0.80,0.80,000,0.80
2010-06-03,0.80,4.00,0.80,0.80,000,0.80
2010-06-02,0.80,4.00,0.80,0.80,000,0.80
2010-06-01,0.80,4.00,0.80,0.80,000,0.80
2010-05-31,1.55,1.55,1.55,1.55,000,1.55
2010-05-03,1.55,1.55,1.55,1.55,000,1.55
2010-04-30,1.55,1.55,1.55,1.55,000,1.55
2010-04-29,0.85,4.00,0.85,0.85,000,0.85
2010-04-28,0.85,4.00,0.85,0.85,000,0.85
2010-04-27,0.85,4.00,0.85,0.85,000,0.85
2010-04-26,0.85,4.00,0.85,0.85,000,0.85
2010-04-23,0.85,4.00,0.85,0.85,000,0.85
2010-04-22,0.85,4.00,0.85,0.85,000,0.85
2010-04-21,0.85,4.00,0.85,0.85,000,0.85
2010-04-20,0.85,4.00,0.85,0.85,000,0.85
2010-04-19,0.85,4.00,0.85,0.85,000,0.85
2010-04-16,0.85,4.00,0.85,0.85,000,0.85
2010-04-15,0.85,4.00,0.85,0.85,000,0.85
2010-04-14,0.85,4.00,0.85,0.85,000,0.85
2010-04-13,0.85,4.00,0.85,0.85,000,0.85
2010-04-12,0.85,4.00,0.85,0.85,000,0.85
2010-04-09,0.85,5.00,0.85,0.85,000,0.85
2010-04-08,0.85,5.00,0.85,0.85,000,0.85
2010-04-07,0.85,5.00,0.85,0.85,000,0.85
2010-04-06,0.85,5.00,0.85,0.85,000,0.85
2010-04-01,0.85,5.00,0.85,0.85,000,0.85
2010-03-31,1.55,1.55,1.55,1.55,000,1.55
2010-03-30,0.85,5.00,0.85,0.85,000,0.85
2010-03-29,1.55,1.55,1.55,1.55,000,1.55
2010-03-26,0.85,5.00,0.85,0.85,000,0.85
2010-03-25,0.85,5.00,0.85,0.85,000,0.85
2010-03-24,0.85,5.00,0.85,0.85,000,0.85
2010-03-23,0.85,5.00,0.85,0.85,000,0.85
2010-03-22,0.85,5.00,0.85,0.85,000,0.85
2010-03-19,0.85,5.00,0.85,0.85,000,0.85
2010-03-18,0.85,5.00,0.85,0.85,000,0.85
2010-03-17,0.85,5.00,0.85,0.85,000,0.85
2010-03-16,0.85,5.00,0.85,0.85,000,0.85
2010-03-15,0.901,5.00,0.901,0.901,000,0.901
2010-03-12,0.901,5.00,0.901,0.901,000,0.901
2010-03-11,0.901,5.00,0.901,0.901,000,0.901
2010-03-10,0.901,5.00,0.901,0.901,000,0.901
2010-03-09,0.901,5.00,0.901,0.901,000,0.901
2010-03-08,0.901,5.00,0.901,0.901,000,0.901
2010-03-05,0.901,5.00,0.901,0.901,000,0.901
2010-03-04,0.901,5.00,0.901,0.901,000,0.901
2010-03-02,0.901,5.00,0.901,0.901,000,0.901
2010-03-01,0.901,5.00,0.901,0.901,000,0.901
2010-02-26,1.55,1.55,1.55,1.55,000,1.55
2010-02-25,0.901,5.00,0.901,0.901,000,0.901
2010-02-24,0.901,5.00,0.901,0.901,000,0.901
2010-02-23,0.901,5.00,0.901,0.901,000,0.901
2010-02-22,0.901,5.00,0.901,0.901,000,0.901
2010-02-19,0.901,5.00,0.901,0.901,000,0.901
2010-02-18,0.901,5.00,0.901,0.901,000,0.901
2010-02-17,0.901,5.00,0.901,0.901,000,0.901
2010-02-16,0.901,5.00,0.901,0.901,000,0.901
2010-02-15,0.901,5.00,0.901,0.901,000,0.901
2010-02-12,0.901,5.00,0.901,0.901,000,0.901
2010-02-11,0.901,5.00,0.901,0.901,000,0.901
2010-02-10,0.901,5.00,0.901,0.901,000,0.901
2010-02-09,0.901,5.00,0.901,0.901,000,0.901
2010-02-08,0.901,5.00,0.901,0.901,000,0.901
2010-02-05,0.901,5.00,0.901,0.901,000,0.901
2010-02-04,0.901,5.00,0.901,0.901,000,0.901
2010-02-03,0.901,5.00,0.901,0.901,000,0.901
2010-02-02,0.901,5.00,0.901,0.901,000,0.901
2010-02-01,0.901,5.00,0.901,0.901,000,0.901
2010-01-29,1.70,1.70,1.70,1.70,100,1.70
2010-01-28,0.901,5.00,0.901,0.901,000,0.901
2010-01-27,1.70,1.70,1.70,1.70,100,1.70
2010-01-26,0.901,5.00,0.901,0.901,000,0.901
2010-01-25,0.901,5.00,0.901,0.901,000,0.901
2010-01-22,0.901,5.00,0.901,0.901,000,0.901
2010-01-21,0.901,5.00,0.901,0.901,000,0.901
2010-01-20,0.901,5.00,0.901,0.901,000,0.901
2010-01-19,0.901,5.00,0.901,0.901,000,0.901
2010-01-18,0.901,5.00,0.901,0.901,000,0.901
2010-01-15,0.901,5.00,0.901,0.901,000,0.901
2010-01-14,0.901,5.00,0.901,0.901,000,0.901
2010-01-13,0.901,5.00,0.901,0.901,000,0.901
2010-01-12,0.901,5.00,0.901,0.901,000,0.901
2010-01-11,0.901,5.00,0.901,0.901,000,0.901
2010-01-08,0.901,5.00,0.901,0.901,000,0.901
2010-01-07,0.901,5.00,0.901,0.901,000,0.901
2010-01-06,0.901,5.00,0.901,0.901,000,0.901
2010-01-05,0.901,5.00,0.901,0.901,000,0.901
2010-01-04,0.901,5.00,0.901,0.901,000,0.901
2009-12-28,1.80,1.80,1.80,1.80,000,1.80
2009-12-23,0.901,5.00,0.901,0.901,000,0.901
2009-12-22,2.00,5.00,2.00,2.00,000,2.00
2009-12-21,2.00,5.00,2.00,2.00,000,2.00
2009-12-18,0.901,2.00,0.901,0.901,000,0.901
2009-12-17,0.901,5.00,0.901,0.901,000,0.901
2009-12-16,2.00,5.00,2.00,2.00,000,2.00
2009-12-15,0.90,5.00,0.90,0.90,000,0.90
2009-12-14,0.90,2.00,0.90,0.90,000,0.90
2009-12-11,0.90,0.90,0.90,0.90,000,0.90
2009-12-10,0.90,0.90,0.90,0.90,000,0.90
2009-12-09,0.90,0.90,0.90,0.90,000,0.90
2009-12-08,0.90,0.90,0.90,0.90,000,0.90
2009-12-07,0.90,0.90,0.90,0.90,000,0.90
2009-12-04,0.901,0.901,0.901,0.901,000,0.901
2009-12-03,0.901,0.901,0.901,0.901,000,0.901
2009-12-02,0.901,0.901,0.901,0.901,000,0.901
2009-12-01,1.20,1.20,1.20,1.20,000,1.20
2009-11-30,1.85,1.85,1.85,1.85,000,1.85
2009-11-27,1.20,20.00,1.20,1.20,000,1.20
2009-11-26,1.20,20.00,1.20,1.20,000,1.20
2009-11-25,1.20,20.00,1.20,1.20,000,1.20
2009-11-24,1.20,20.00,1.20,1.20,000,1.20
2009-11-23,1.20,20.00,1.20,1.20,000,1.20
2009-11-20,1.20,20.00,1.20,1.20,000,1.20
2009-11-19,1.20,20.00,1.20,1.20,000,1.20
2009-11-18,1.20,20.00,1.20,1.20,000,1.20
2009-11-17,1.20,20.00,1.20,1.20,000,1.20
2009-11-16,1.20,20.00,1.20,1.20,000,1.20
2009-11-13,1.20,20.00,1.20,1.20,000,1.20
2009-11-12,1.20,20.00,1.20,1.20,000,1.20
2009-11-11,1.20,20.00,1.20,1.20,000,1.20
2009-11-10,1.20,1.20,1.20,1.20,000,1.20
2009-11-09,1.20,1.20,1.20,1.20,000,1.20
2009-11-06,1.20,1.20,1.20,1.20,000,1.20
2009-11-05,1.20,1.20,1.20,1.20,000,1.20
2009-11-04,1.20,1.20,1.20,1.20,000,1.20
2009-11-03,1.20,1.20,1.20,1.20,000,1.20
2009-11-02,1.20,1.20,1.20,1.20,000,1.20
2009-10-30,1.80,1.80,1.80,1.80,100,1.80
2009-10-29,1.20,2.00,1.20,1.20,000,1.20
2009-10-28,1.20,2.00,1.20,1.20,000,1.20
2009-10-27,1.20,2.00,1.20,1.20,000,1.20
2009-10-26,1.20,2.00,1.20,1.20,000,1.20
2009-10-23,1.20,2.00,1.20,1.20,000,1.20
2009-10-22,1.20,2.00,1.20,1.20,000,1.20
2009-10-21,1.20,2.00,1.20,1.20,000,1.20
2009-10-20,1.20,2.00,1.20,1.20,000,1.20
2009-10-19,1.20,2.00,1.20,1.20,000,1.20
2009-10-16,1.20,2.00,1.20,1.20,000,1.20
2009-10-15,1.20,2.00,1.20,1.20,000,1.20
2009-10-14,1.20,2.00,1.20,1.20,000,1.20
2009-10-13,1.20,2.00,1.20,1.20,000,1.20
2009-10-12,1.20,2.00,1.20,1.20,000,1.20
2009-10-09,1.20,2.00,1.20,1.20,000,1.20
2009-10-08,1.20,2.00,1.20,1.20,000,1.20
2009-10-07,1.20,2.00,1.20,1.20,000,1.20
2009-10-06,1.20,2.00,1.20,1.20,000,1.20
2009-10-05,1.20,2.00,1.20,1.20,000,1.20
2009-10-02,1.20,2.00,1.20,1.20,000,1.20
2009-10-01,1.50,2.00,1.50,2.00,300,2.00
2009-09-30,2.20,2.20,2.20,2.20,000,2.20
2009-09-29,1.50,2.90,1.50,1.50,000,1.50
2009-09-28,1.50,2.90,1.50,1.50,000,1.50
2009-09-25,1.50,2.90,1.50,1.50,000,1.50
2009-09-24,1.50,2.90,1.50,1.50,000,1.50
2009-09-23,1.50,2.90,1.50,1.50,000,1.50
2009-09-18,1.50,2.90,1.50,1.50,000,1.50
2009-09-17,1.50,2.90,1.50,1.50,000,1.50
2009-09-16,2.20,2.20,2.20,2.20,000,2.20
2009-09-15,1.50,2.201,1.50,1.50,000,1.50
2009-09-14,1.50,2.90,1.50,1.50,000,1.50
2009-09-11,1.50,2.998,1.50,1.50,000,1.50
2009-09-10,1.50,2.998,1.50,1.50,000,1.50
2009-09-09,1.50,2.998,1.50,1.50,000,1.50
2009-09-08,1.50,2.998,1.50,1.50,000,1.50
2009-09-07,1.50,2.998,1.50,1.50,000,1.50
2009-09-04,2.00,2.00,2.00,2.00,000,2.00
2009-09-03,2.00,2.998,2.00,2.00,000,2.00
2009-09-02,1.50,2.998,1.50,1.50,000,1.50
2009-09-01,1.50,2.998,1.50,1.50,000,1.50
2009-08-31,1.501,1.501,1.501,1.501,000,1.501
2009-08-28,2.00,2.00,2.00,2.00,100,2.00
2009-08-27,2.00,4.00,2.00,2.00,000,2.00
2009-08-26,2.00,4.00,2.00,2.00,000,2.00
2009-08-25,2.00,4.00,2.00,2.00,000,2.00
2009-08-24,2.00,4.00,2.00,2.00,000,2.00
2009-08-21,2.00,4.00,2.00,2.00,000,2.00
2009-08-20,2.00,4.00,2.00,2.00,000,2.00
2009-08-19,2.00,4.00,2.00,2.00,000,2.00
2009-08-18,2.00,4.00,2.00,2.00,000,2.00
2009-08-17,2.00,4.00,2.00,2.00,000,2.00
2009-08-14,2.00,4.00,2.00,2.00,000,2.00
2009-08-13,2.00,4.00,2.00,2.00,000,2.00
2009-08-12,2.00,5.00,2.00,2.00,000,2.00
2009-08-11,2.00,5.00,2.00,2.00,000,2.00
2009-08-10,3.50,3.50,3.50,3.50,000,3.50
2009-08-07,4.00,5.00,4.00,4.45,000,4.45
2009-08-06,4.00,5.00,4.00,4.00,000,4.00
2009-08-05,4.00,5.00,4.00,4.00,000,4.00
2009-08-04,4.00,5.00,4.00,4.00,000,4.00
2009-08-03,4.00,5.00,4.00,4.00,000,4.00
2009-07-31,4.95,4.95,4.95,4.95,000,4.95
2009-07-30,5.00,5.00,5.00,5.00,000,5.00
2009-07-29,4.00,5.00,4.00,4.00,000,4.00
2009-07-28,4.00,5.00,4.00,4.00,000,4.00
2009-07-2
7,4.00,5.00,4.00,4.00,000,4.00
2009-07-24,4.00,5.00,4.00,4.00,000,4.00
2009-07-23,4.00,5.00,4.00,4.00,000,4.00
2009-07-22,4.00,5.00,4.00,4.00,000,4.00
2009-07-21,4.00,5.00,4.00,4.00,000,4.00
2009-07-20,4.00,5.00,4.00,4.00,000,4.00
2009-07-17,4.00,5.00,4.00,4.00,000,4.00
2009-07-16,4.00,5.00,4.00,4.00,000,4.00
2009-07-15,4.00,5.00,4.00,4.00,000,4.00
2009-07-14,4.00,5.00,4.00,4.00,000,4.00
2009-07-13,4.00,5.00,4.00,4.00,000,4.00
2009-07-10,4.00,5.00,4.00,4.00,000,4.00
2009-07-09,4.00,5.00,4.00,4.00,000,4.00
2009-07-08,4.00,5.00,4.00,4.00,000,4.00
2009-07-07,4.00,5.00,4.00,4.00,000,4.00
2009-07-06,4.00,5.00,4.00,4.00,000,4.00
2009-07-03,4.00,5.00,4.00,4.00,000,4.00
2009-07-01,4.00,4.00,4.00,4.00,000,4.00
2009-06-30,4.99,4.99,4.99,4.99,000,4.99
2009-06-29,5.00,5.00,5.00,5.00,000,5.00
2009-06-26,4.00,5.00,4.00,4.00,000,4.00
2009-06-25,4.00,5.00,4.00,4.00,000,4.00
2009-06-24,4.00,5.00,4.00,4.00,000,4.00
2009-06-23,4.00,5.00,4.00,4.00,000,4.00
2009-06-22,4.00,5.00,4.00,4.00,000,4.00
2009-06-19,4.00,5.00,4.00,4.00,000,4.00
2009-06-18,4.00,5.00,4.00,4.00,000,4.00
2009-06-17,4.00,5.00,4.00,4.00,000,4.00
2009-06-16,4.00,5.00,4.00,4.00,000,4.00
2009-06-15,4.00,5.00,4.00,4.00,000,4.00
2009-06-12,4.00,5.00,4.00,4.00,000,4.00
2009-06-11,4.00,5.00,4.00,4.00,000,4.00
2009-06-10,4.00,5.00,4.00,4.00,000,4.00
2009-06-09,4.00,5.00,4.00,4.00,000,4.00
2009-06-08,4.00,5.00,4.00,4.00,000,4.00
2009-06-05,4.00,5.50,4.00,4.00,000,4.00
2009-06-04,4.00,5.50,4.00,4.00,000,4.00
2009-06-03,4.00,5.50,4.00,4.00,000,4.00
2009-06-02,4.00,5.50,4.00,4.00,000,4.00
2009-06-01,4.00,5.50,4.00,4.00,000,4.00
2009-05-29,4.95,4.95,4.95,4.95,000,4.95
2009-05-28,4.00,5.00,4.00,4.00,000,4.00
2009-05-27,4.00,5.00,4.00,4.00,000,4.00
2009-05-26,4.00,5.00,4.00,4.00,000,4.00
2009-05-25,4.00,5.00,4.00,4.00,000,4.00
2009-05-22,4.00,5.00,4.00,4.00,000,4.00
2009-05-21,5.00,5.00,5.00,5.00,000,5.00
2009-05-20,5.00,5.50,5.00,5.00,000,5.00
2009-05-19,5.00,5.50,5.00,5.00,000,5.00
2009-05-18,5.00,5.50,5.00,5.00,000,5.00
2009-05-15,5.00,5.50,5.00,5.00,000,5.00
2009-05-14,5.00,5.50,5.00,5.00,000,5.00
2009-05-13,5.00,5.50,5.00,5.00,000,5.00
2009-05-12,5.00,5.50,5.00,5.00,000,5.00
2009-05-11,5.00,5.50,5.00,5.00,000,5.00
2009-05-08,5.00,5.50,5.00,5.00,000,5.00
2009-05-07,5.00,5.50,5.00,5.00,000,5.00
2009-04-30,5.299,5.299,5.299,5.299,000,5.299
2009-04-29,5.00,5.30,5.00,5.00,000,5.00
2009-04-28,5.00,5.30,5.00,5.00,000,5.00
2009-04-27,5.00,5.30,5.00,5.00,000,5.00
2009-04-24,5.00,5.30,5.00,5.00,000,5.00
2009-04-23,5.00,5.30,5.00,5.00,000,5.00
2009-04-22,5.00,5.30,5.00,5.00,000,5.00
2009-04-21,5.00,5.30,5.00,5.00,000,5.00
2009-04-17,5.30,5.30,5.30,5.30,1500,5.30
2009-04-16,5.00,5.50,5.00,5.00,000,5.00
2009-04-15,5.00,5.50,5.00,5.00,000,5.00
2009-04-14,5.00,5.50,5.00,5.00,000,5.00
2009-04-09,5.00,5.45,5.00,5.00,000,5.00
2009-04-08,5.00,5.45,5.00,5.00,000,5.00
2009-04-07,5.00,5.45,5.00,5.00,000,5.00
2009-04-06,5.00,5.45,5.00,5.00,000,5.00
2009-04-03,5.00,5.45,5.00,5.00,000,5.00
2009-04-02,5.00,5.45,5.00,5.00,000,5.00
2009-04-01,5.00,5.45,5.00,5.00,000,5.00
2009-03-31,5.30,5.30,5.30,5.30,000,5.30
2009-03-30,5.00,5.50,5.00,5.00,000,5.00
2009-03-27,5.00,5.50,5.00,5.00,000,5.00
2009-03-26,5.00,5.50,5.00,5.00,000,5.00
2009-03-25,5.00,5.50,5.00,5.00,000,5.00
2009-03-24,5.00,5.50,5.00,5.00,000,5.00
2009-03-23,5.00,5.50,5.00,5.00,000,5.00
2009-03-20,5.00,5.50,5.00,5.00,000,5.00
2009-03-19,5.00,6.00,5.00,5.00,000,5.00
2009-03-18,5.00,5.00,5.00,5.00,000,5.00
2009-03-17,5.00,6.00,5.00,5.00,000,5.00
2009-03-16,5.00,6.50,5.00,5.00,000,5.00
2009-03-13,5.00,6.50,5.00,5.00,000,5.00
2009-03-12,5.00,6.50,5.00,5.00,000,5.00
2009-03-11,5.00,6.50,5.00,5.00,000,5.00
2009-03-10,5.00,6.50,5.00,5.00,000,5.00
2009-03-09,1.40,6.50,1.40,1.40,000,1.40
2009-03-06,1.40,6.50,1.40,1.40,000,1.40
2009-03-05,1.40,6.50,1.40,1.40,000,1.40
2009-03-04,1.40,6.50,1.40,1.40,000,1.40
2009-02-27,6.499,6.499,6.499,6.499,100,6.499
2009-02-26,4.50,6.50,4.50,4.50,000,4.50
2009-02-25,4.50,6.50,4.50,4.50,000,4.50
2009-02-24,4.50,6.50,4.50,4.50,000,4.50
2009-02-23,4.50,6.50,4.50,4.50,000,4.50
2009-02-20,4.50,6.50,4.50,4.50,000,4.50
2009-02-19,4.50,6.50,4.50,4.50,000,4.50
2009-02-18,4.50,6.50,4.50,4.50,000,4.50
2009-02-17,4.50,6.50,4.50,4.50,000,4.50
2009-02-16,4.50,6.50,4.50,4.50,000,4.50
2009-02-13,4.50,6.50,4.50,4.50,000,4.50
2009-02-12,4.50,6.50,4.50,4.50,000,4.50
2009-02-11,4.50,6.50,4.50,4.50,000,4.50
2009-02-10,4.50,6.50,4.50,4.50,000,4.50
2009-02-09,4.50,6.50,4.50,4.50,000,4.50
2009-02-06,4.50,6.50,4.50,4.50,000,4.50
2009-02-05,4.50,6.50,4.50,4.50,000,4.50
2009-02-04,4.50,6.50,4.50,4.50,000,4.50
2009-02-03,6.50,6.50,6.50,6.50,000,6.50
2009-02-02,5.50,5.50,5.50,5.50,000,5.50
2009-01-30,6.50,6.50,6.50,6.50,100,6.50
2009-01-29,6.00,7.00,6.00,6.00,000,6.00
2009-01-28,6.00,6.00,6.00,6.00,000,6.00
2009-01-27,6.00,7.00,6.00,6.00,000,6.00
2009-01-26,6.00,7.00,6.00,6.00,000,6.00
2009-01-23,6.00,7.00,6.00,6.00,000,6.00
2009-01-22,6.00,7.00,6.00,6.00,000,6.00
2009-01-21,6.00,7.00,6.00,6.00,000,6.00
2009-01-20,6.00,7.00,6.00,6.00,000,6.00
2009-01-19,7.00,7.00,7.00,7.00,000,7.00
2009-01-16,6.00,7.00,6.00,6.00,000,6.00
2009-01-15,6.00,7.00,6.00,6.00,000,6.00
2009-01-14,6.00,7.00,6.00,6.00,000,6.00
2009-01-13,6.00,7.50,6.00,6.00,000,6.00
2009-01-12,6.00,7.50,6.00,6.00,000,6.00
2009-01-09,7.00,7.50,7.00,7.00,000,7.00
2009-01-08,7.00,7.50,7.00,7.00,000,7.00
2009-01-07,7.00,7.50,7.00,7.00,000,7.00
2009-01-06,7.00,7.50,7.00,7.00,000,7.00
2009-01-05,7.00,7.50,7.00,7.00,000,7.00
2008-12-23,7.50,7.50,7.50,7.50,000,7.50
2008-12-22,6.00,7.00,6.00,6.00,000,6.00
2008-12-19,6.00,7.50,6.00,6.00,000,6.00
2008-12-18,6.00,7.50,6.00,6.00,000,6.00
2008-12-17,6.00,7.50,6.00,6.00,000,6.00
2008-12-16,7.50,7.50,7.50,7.50,000,7.50
2008-12-15,7.50,7.65,7.50,7.50,000,7.50
2008-12-12,7.50,8.00,7.50,7.50,000,7.50
2008-12-11,7.50,8.00,7.50,7.50,000,7.50
2008-12-10,7.50,8.00,7.50,7.50,000,7.50
2008-12-09,7.50,8.00,7.50,7.50,000,7.50
2008-12-08,7.50,8.00,7.50,7.50,000,7.50
2008-12-05,7.50,8.00,7.50,7.50,000,7.50
2008-12-04,7.50,8.00,7.50,7.50,000,7.50
2008-12-03,7.50,8.00,7.50,7.50,000,7.50
2008-12-02,7.50,8.00,7.50,7.50,000,7.50
2008-12-01,7.50,8.00,7.50,7.50,000,7.50
2008-11-28,8.00,8.00,8.00,8.00,000,8.00
2008-11-27,7.50,8.00,7.50,7.50,000,7.50
2008-11-26,7.50,8.00,7.50,7.50,000,7.50
2008-11-25,7.50,8.00,7.50,7.50,000,7.50
2008-11-24,7.50,8.00,7.50,7.50,000,7.50
2008-11-21,7.50,8.00,7.50,7.50,000,7.50
2008-11-20,7.50,8.00,7.50,7.50,000,7.50
2008-11-19,7.50,8.00,7.50,7.50,000,7.50
2008-11-18,7.50,8.00,7.50,7.50,000,7.50
2008-11-17,7.50,8.00,7.50,7.50,000,7.50
2008-11-14,7.50,8.00,7.50,7.50,000,7.50
2008-11-13,7.50,8.00,7.50,7.50,000,7.50
2008-11-12,7.50,8.00,7.50,7.50,000,7.50
2008-11-11,7.50,8.00,7.50,7.50,000,7.50
2008-11-10,7.50,8.00,7.50,7.50,000,7.50
2008-11-07,7.50,8.00,7.50,7.50,000,7.50
2008-11-06,7.50,8.00,7.50,7.50,000,7.50
2008-11-05,7.50,7.999,7.50,7.50,000,7.50
2008-11-04,7.50,8.00,7.50,7.50,000,7.50
2008-11-03,7.50,8.00,7.50,7.50,000,7.50
2008-10-31,8.00,8.00,8.00,8.00,000,8.00
2008-10-30,7.50,8.00,7.50,7.50,000,7.50
2008-10-29,7.50,8.00,7.50,7.50,000,7.50
2008-10-28,7.50,8.50,7.50,7.50,000,7.50
2008-10-27,7.50,8.00,7.50,7.50,000,7.50
2008-10-24,7.50,8.50,7.50,7.50,000,7.50
2008-10-23,7.50,8.50,7.50,7.50,000,7.50
2008-10-22,8.50,9.00,8.50,8.50,100,8.50
2008-10-21,9.00,9.25,9.00,9.00,000,9.00
2008-10-20,9.00,9.50,9.00,9.00,000,9.00
2008-10-17,9.00,9.50,9.00,9.00,000,9.00
2008-10-16,9.00,9.50,9.00,9.00,000,9.00
2008-10-15,9.00,9.50,9.00,9.00,000,9.00
2008-10-14,9.00,9.50,9.00,9.00,000,9.00
2008-10-13,9.00,9.50,9.00,9.00,000,9.00
2008-10-10,9.00,9.50,9.00,9.00,000,9.00
2008-10-09,9.00,9.50,9.00,9.00,000,9.00
2008-10-08,9.00,9.50,9.00,9.00,000,9.00
2008-10-07,9.00,9.50,9.00,9.00,000,9.00
2008-10-06,9.00,9.50,9.00,9.00,000,9.00
2008-10-03,9.00,9.50,9.00,9.00,000,9.00
2008-10-02,9.00,9.50,9.00,9.00,000,9.00
2008-10-01,9.00,9.50,9.00,9.00,000,9.00
2008-09-30,9.00,9.00,9.00,9.00,000,9.00
2008-09-29,9.00,9.90,9.00,9.00,000,9.00
2008-09-26,9.00,9.90,9.00,9.00,000,9.00
2008-09-25,9.00,9.90,9.00,9.00,000,9.00
2008-09-24,9.00,9.90,9.00,9.00,000,9.00
2008-09-23,9.00,9.90,9.00,9.00,000,9.00
2008-09-19,9.00,9.90,9.00,9.00,000,9.00
2008-09-18,9.00,9.90,9.00,9.00,000,9.00
2008-09-17,9.00,9.90,9.00,9.00,000,9.00
2008-09-16,9.00,9.90,9.00,9.00,000,9.00
2008-09-15,9.00,9.90,9.00,9.00,000,9.00
2008-09-12,9.00,9.90,9.00,9.00,000,9.00
2008-09-11,9.00,9.90,9.00,9.00,000,9.00
2008-09-10,9.00,9.90,9.00,9.00,000,9.00
2008-09-09,9.00,9.90,9.00,9.00,000,9.00
2008-09-08,9.00,9.90,9.00,9.00,000,9.00
2008-09-05,9.00,9.90,9.00,9.00,000,9.00
2008-09-04,9.00,9.90,9.00,9.00,000,9.00
2008-09-03,9.00,9.90,9.00,9.00,000,9.00
2008-09-02,9.00,9.90,9.00,9.00,000,9.00
2008-09-01,9.00,10.00,9.00,9.00,000,9.00
2008-08-29,9.70,9.70,9.50,9.70,6200,9.70
2008-08-28,9.00,10.00,9.00,9.00,000,9.00
2008-08-27,9.00,10.00,9.00,9.00,000,9.00
2008-08-26,9.00,10.00,9.00,9.00,000,9.00
2008-08-25,9.00,10.00,9.00,9.00,000,9.00
2008-08-22,9.00,10.00,9.00,9.00,000,9.00
2008-08-21,9.00,10.00,9.00,9.00,000,9.00
2008-08-20,9.00,10.00,9.00,9.00,000,9.00
2008-08-19,9.00,10.00,9.00,9.00,000,9.00
2008-08-18,9.00,10.00,9.00,9.00,000,9.00
2008-08-13,9.00,9.995,9.00,9.00,000,9.00
2008-08-12,9.00,9.995,9.00,9.00,000,9.00
2008-08-11,9.00,9.995,9.00,9.00,000,9.00
2008-08-08,9.00,9.995,9.00,9.00,000,9.00
2008-08-07,9.00,9.995,9.00,9.00,000,9.00
2008-08-06,9.00,9.995,9.00,9.00,000,9.00
2008-08-05,9.00,9.995,9.00,9.00,000,9.00
2008-08-04,9.00,10.00,9.00,9.00,000,9.00
2008-08-01,9.00,10.00,9.00,9.00,000,9.00
2008-07-31,10.00,10.00,10.00,10.00,000,10.00
2008-07-30,9.00,10.00,9.00,9.00,000,9.00
2008-07-29,10.00,10.00,9.00,10.00,000,10.00
2008-07-28,9.50,10.999,9.50,9.50,000,9.50
2008-07-25,9.50,10.999,9.50,9.50,000,9.50
2008-07-24,9.50,10.999,9.50,9.50,000,9.50
2008-07-23,9.50,10.999,9.50,9.50,000,9.50
2008-07-22,9.50,10.999,9.50,9.50,000,9.50
2008-07-21,9.50,10.999,9.50,9.50,000,9.50
2008-07-18,9.50,10.999,9.50,9.50,000,9.50
2008-07-17,9.50,10.999,9.50,9.50,000,9.50
2008-07-16,9.50,10.999,9.50,9.50,000,9.50
2008-07-15,9.50,10.999,9.50,9.50,000,9.50
2008-07-14,9.50,10.999,9.50,9.50,000,9.50
2008-07-11,9.50,11.00,9.50,9.50,000,9.50
2008-07-10,9.50,11.00,9.50,9.50,000,9.50
2008-07-09,9.50,11.00,9.50,9.50,000,9.50
2008-07-08,9.50,11.00,9.50,9.50,000,9.50
2008-07-07,10.90,10.90,10.00,10.90,2800,10.90
2008-07-04,9.50,10.80,9.50,9.50,000,9.50
2008-07-03,9.50,11.999,9.50,9.50,000,9.50
2008-07-02,9.50,11.999,9.50,9.50,000,9.50
2008-07-01,9.50,11.999,9.50,9.50,000,9.50
2008-06-30,9.90,9.90,9.90,9.90,000,9.90
2008-06-27,9.50,11.999,9.50,9.50,000,9.50
2008-06-26,9.50,11.999,9.50,9.50,000,9.50
2008-06-25,9.90,11.999,9.90,9.90,000,9.90
2008-06-24,9.00,9.00,9.00,9.00,100,9.00
2008-06-23,10.00,10.00,10.00,10.00,100,10.00
2008-06-20,11.00,11.00,11.00,11.00,000,11.00
2008-06-19,11.00,12.00,11.00,11.00,000,11.00
2008-06-18,11.00,12.499,11.00,11.00,000,11.00
2008-06-17,11.00,15.00,11.00,11.00,000,11.00
2008-06-11,11.50,13.499,11.50,11.50,000,11.50
2008-06-10,11.50,13.499,11.50,11.50,000,11.50
2008-06-09,11.00,13.499,11.00,11.00,000,11.00
2008-06-06,12.00,12.50,12.00,12.00,200,12.00
2008-06-05,12.00,13.499,12.00,12.00,000,12.00
2008-06-04,12.00,12.90,12.00,12.00,000,12.00
2008-06-03,13.00,13.00,13.00,13.00,000,13.00
2008-06-02,13.00,13.
999,13.00,13.00,000,13.00
2008-05-30,13.00,13.00,13.00,13.00,000,13.00
2008-05-29,13.00,14.299,13.00,13.00,000,13.00
2008-05-28,13.00,14.299,13.00,13.00,000,13.00
2008-05-27,13.00,14.299,13.00,13.00,000,13.00
2008-05-26,13.00,14.299,13.00,13.00,000,13.00
2008-05-23,13.00,14.299,13.00,13.00,000,13.00
2008-05-22,13.00,14.299,13.00,13.00,000,13.00
2008-05-21,12.50,14.299,12.50,12.50,000,12.50
2008-05-20,12.60,13.00,12.60,12.60,2500,12.60
2008-05-19,13.00,14.399,13.00,13.00,000,13.00
2008-05-16,13.00,14.399,13.00,13.00,000,13.00
2008-05-15,13.00,14.399,13.00,13.00,000,13.00
2008-05-14,13.00,14.399,13.00,13.00,000,13.00
2008-05-13,13.00,14.399,13.00,13.00,000,13.00
2008-05-12,13.00,14.399,13.00,13.00,000,13.00
2008-05-09,13.00,14.399,13.00,13.00,000,13.00
2008-05-08,14.40,14.40,14.40,14.40,000,14.40
2008-05-07,13.00,14.489,13.00,13.00,000,13.00
2008-04-30,13.50,13.50,13.50,13.50,000,13.50
2008-04-29,13.00,14.489,13.00,13.00,000,13.00
2008-04-25,13.00,14.489,13.00,13.00,000,13.00
2008-04-24,13.00,14.489,13.00,13.00,000,13.00
2008-04-23,13.50,13.50,13.50,13.50,000,13.50
2008-04-22,13.50,14.499,13.50,13.50,000,13.50
2008-04-21,13.50,14.499,13.50,13.50,000,13.50
2008-04-18,13.50,14.50,13.149,13.50,3000,13.50
2008-04-17,12.30,13.149,12.30,12.30,000,12.30
2008-04-16,12.00,13.149,12.00,12.00,000,12.00
2008-04-15,12.725,12.73,12.725,12.725,17900,12.725
2008-04-14,12.00,13.149,12.00,12.00,000,12.00
2008-04-11,12.50,12.50,12.50,12.50,2200,12.50
2008-04-10,12.00,13.149,12.00,12.00,000,12.00
2008-04-09,12.00,13.249,12.00,12.00,000,12.00
2008-04-08,12.00,13.249,12.00,12.00,000,12.00
2008-04-07,12.00,13.249,12.00,12.00,000,12.00
2008-04-04,12.00,13.249,12.00,12.00,000,12.00
2008-04-03,12.00,13.249,12.00,12.00,000,12.00
2008-04-02,12.00,13.249,12.00,12.00,000,12.00
2008-04-01,11.75,13.249,11.75,11.75,000,11.75
2008-03-31,12.00,12.00,12.00,12.00,000,12.00
2008-03-28,12.00,12.00,12.00,12.00,100,12.00
2008-03-27,12.00,13.249,12.00,12.00,000,12.00
2008-03-26,11.50,13.449,11.50,11.50,000,11.50
2008-03-25,11.50,12.00,11.50,11.50,100,11.50
2008-03-24,12.00,13.999,12.00,12.00,000,12.00
2008-03-21,12.00,13.999,12.00,12.00,000,12.00
2008-03-20,12.00,13.999,12.00,12.00,000,12.00
2008-03-19,12.00,13.199,12.00,12.00,000,12.00
2008-03-18,12.00,13.199,12.00,12.00,000,12.00
2008-03-14,12.00,13.199,12.00,12.00,000,12.00
2008-03-13,12.00,13.199,12.00,12.00,000,12.00
2008-03-12,12.00,13.199,12.00,12.00,000,12.00
2008-03-11,12.00,13.199,12.00,12.00,000,12.00
2008-03-10,12.00,13.199,12.00,12.00,000,12.00
2008-03-07,12.00,13.199,12.00,12.00,000,12.00
2008-03-06,12.00,13.199,12.00,12.00,000,12.00
2008-03-05,12.00,13.199,12.00,12.00,000,12.00
2008-03-04,12.00,13.199,12.00,12.00,000,12.00
2008-02-29,12.00,12.00,12.00,12.00,000,12.00
2008-02-28,12.00,13.20,12.00,12.00,000,12.00
2008-02-27,11.20,13.228,11.20,11.20,000,11.20
2008-02-26,11.00,13.228,11.00,11.00,000,11.00
2008-02-25,11.00,13.228,11.00,11.00,000,11.00
2008-02-22,11.00,13.228,11.00,11.00,000,11.00
2008-02-21,10.50,13.228,10.50,10.50,000,10.50
2008-02-20,10.50,13.228,10.50,10.50,000,10.50
2008-02-19,10.10,13.228,10.10,10.10,000,10.10
2008-02-18,13.228,13.23,13.228,13.228,15400,13.228
2008-02-15,10.10,13.299,10.10,10.10,000,10.10
2008-02-14,10.10,13.299,10.10,10.10,000,10.10
2008-02-13,10.10,13.20,10.10,10.10,000,10.10
2008-02-12,10.10,13.299,10.10,10.10,000,10.10
2008-02-11,10.10,13.299,10.10,10.10,000,10.10
2008-02-08,10.10,13.299,10.10,10.10,000,10.10
2008-02-07,13.299,13.30,13.299,13.299,000,13.299
2008-02-06,10.00,13.299,10.00,10.00,000,10.00
2008-02-05,10.00,13.299,10.00,10.00,000,10.00
2008-02-04,10.00,13.30,10.00,10.00,000,10.00
2008-02-01,10.00,13.402,10.00,10.00,000,10.00
2008-01-31,10.10,10.50,10.10,10.10,300,10.10
2008-01-30,11.00,11.00,11.00,11.00,200,11.00