Date,Open,High,Low,Close,Volume,Adj Close
2016-08-05,10.69,10.73,10.11,10.23,38800,10.23
2016-08-04,11.17,11.30,10.35,10.60,35200,10.60
2016-08-03,11.50,11.56,10.97,11.15,34100,11.15
2016-08-02,12.02,12.36,11.50,11.75,114900,11.344
2016-08-01,11.60,11.94,11.31,11.86,62600,11.450199
2016-07-29,11.10,11.57,10.95,11.29,85600,10.899895
2016-07-28,11.28,11.50,10.92,11.02,31200,10.639225
2016-07-27,10.52,11.20,10.48,11.20,64300,10.813004
2016-07-26,10.45,10.68,10.15,10.26,30100,9.905485
2016-07-25,10.59,10.59,10.21,10.34,34600,9.98272
2016-07-22,10.62,10.89,10.44,10.76,34700,10.388208
2016-07-21,10.17,10.72,10.17,10.55,14300,10.185464
2016-07-20,10.76,10.80,10.00,10.11,44300,9.760667
2016-07-19,10.75,10.99,10.52,10.76,43400,10.388208
2016-07-18,10.35,10.98,9.91,10.83,45000,10.455789
2016-07-15,10.28,10.55,10.24,10.34,6100,9.98272
2016-07-14,10.63,10.70,10.25,10.25,20900,9.89583
2016-07-13,10.37,10.74,10.37,10.54,18800,10.17581
2016-07-12,10.35,10.72,10.35,10.45,57500,10.088919
2016-07-11,9.99,10.50,9.99,10.31,73000,9.953757
2016-07-08,9.70,10.21,9.60,9.85,60100,9.509652
2016-07-07,9.73,9.83,9.55,9.58,21200,9.248981
2016-07-06,9.39,9.80,9.30,9.70,16100,9.364834
2016-07-05,9.38,9.60,9.16,9.40,21700,9.0752
2016-07-01,9.74,9.78,9.08,9.58,37400,9.248981
2016-06-30,9.47,9.83,9.47,9.74,21300,9.403452
2016-06-29,9.22,9.54,9.18,9.43,9100,9.104164
2016-06-28,9.01,9.33,8.96,9.06,15400,8.746949
2016-06-27,9.51,9.64,8.86,8.95,63100,8.640749
2016-06-24,9.40,9.84,9.30,9.64,74100,9.306908
2016-06-23,9.62,9.75,9.45,9.51,9500,9.1814
2016-06-22,9.63,9.75,9.40,9.44,21600,9.113818
2016-06-21,9.50,9.73,9.50,9.63,11300,9.297253
2016-06-20,9.75,9.75,9.50,9.51,21000,9.1814
2016-06-17,9.68,9.74,9.55,9.59,15000,9.258635
2016-06-16,9.60,9.63,9.35,9.55,26800,9.220017
2016-06-15,9.46,9.75,9.39,9.68,59600,9.345526
2016-06-14,9.55,9.55,9.30,9.46,16000,9.133127
2016-06-13,9.12,9.77,9.12,9.39,37900,9.065546
2016-06-10,9.16,9.43,9.11,9.15,16600,8.833838
2016-06-09,9.59,9.68,9.16,9.22,46200,8.90142
2016-06-08,8.90,9.69,8.90,9.66,36300,9.326216
2016-06-07,8.85,9.00,8.59,8.80,61100,8.495932
2016-06-06,8.35,8.97,8.23,8.76,64600,8.457314
2016-06-03,8.17,8.33,8.10,8.16,13300,7.878046
2016-06-02,8.10,8.42,8.10,8.13,23600,7.849083
2016-06-01,8.03,8.21,8.00,8.13,80500,7.849083
2016-05-31,8.07,8.20,7.96,8.03,74200,7.752538
2016-05-27,8.17,8.17,8.05,8.10,25800,7.82012
2016-05-26,8.11,8.20,8.07,8.17,51000,7.887701
2016-05-25,8.05,8.12,8.04,8.11,10600,7.829773
2016-05-24,8.04,8.20,8.01,8.06,10100,7.781502
2016-05-23,8.13,8.28,8.02,8.07,22700,7.791156
2016-05-20
,8.10,8.47,8.00,8.12,42000,7.839428
2016-05-19,8.16,8.48,7.98,8.07,39500,7.791156
2016-05-18,8.01,8.38,8.00,8.21,18600,7.926319
2016-05-17,8.15,8.42,8.02,8.18,37600,7.897355
2016-05-16,8.90,8.90,8.02,8.15,55200,7.868391
2016-05-13,8.98,9.30,8.81,8.90,38100,8.592476
2016-05-12,8.65,8.98,8.56,8.98,26600,8.669712
2016-05-11,8.27,9.10,8.27,8.54,27800,8.244916
2016-05-10,8.24,8.51,8.06,8.31,24300,8.022864
2016-05-09,8.91,8.97,8.05,8.13,43900,7.849083
2016-05-06,8.75,9.05,8.75,9.00,26400,8.689021
2016-05-05,9.62,9.62,8.86,8.93,33600,8.62144
2016-05-04,9.85,9.97,9.38,9.50,38700,9.171745
2016-05-03,10.00,10.23,9.90,10.02,49800,9.281806
2016-05-02,10.18,10.27,9.66,9.92,33000,9.189173
2016-04-29,9.93,9.93,9.45,9.78,23600,9.059486
2016-04-28,9.48,10.09,9.25,9.90,60000,9.170646
2016-04-27,9.50,9.83,9.30,9.50,51400,8.800115
2016-04-26,9.36,9.50,9.01,9.24,27000,8.559269
2016-04-25,9.11,9.55,9.11,9.25,27600,8.568533
2016-04-22,9.16,9.28,8.82,9.28,33900,8.596323
2016-04-21,9.34,9.52,8.65,9.14,38200,8.466637
2016-04-20,9.29,9.51,9.03,9.26,48500,8.577796
2016-04-19,8.78,9.11,8.73,9.10,42400,8.429584
2016-04-18,8.23,8.81,8.23,8.67,12800,8.031263
2016-04-15,8.69,8.76,8.08,8.46,25800,7.836734
2016-04-14,8.84,8.93,8.29,8.64,20600,8.003473
2016-04-13,8.70,9.01,8.56,8.69,21100,8.049789
2016-04-12,8.25,8.75,8.23,8.62,54500,7.984946
2016-04-11,8.23,8.50,8.11,8.18,29800,7.577362
2016-04-08,8.11,8.48,7.88,8.11,27200,7.512519
2016-04-07,7.70,7.81,7.46,7.68,23700,7.114198
2016-04-06,7.68,8.00,7.34,7.81,27000,7.234621
2016-04-05,7.85,7.92,7.49,7.61,34300,7.049355
2016-04-04,8.15,8.28,7.61,7.87,34300,7.2902
2016-04-01,8.01,8.57,7.61,8.17,19400,7.568099
2016-03-31,8.27,8.72,8.11,8.23,38300,7.623678
2016-03-30,9.00,9.36,8.30,8.44,50500,7.818207
2016-03-29,8.50,8.99,8.02,8.81,35400,8.160949
2016-03-28,8.79,8.79,8.50,8.50,13800,7.873787
2016-03-24,7.69,9.11,7.64,8.86,59500,8.207265
2016-03-23,8.25,8.46,7.91,7.91,24600,7.327253
2016-03-22,8.34,8.63,8.25,8.43,53000,7.808944
2016-03-21,8.38,8.91,8.28,8.56,44300,7.929367
2016-03-18,8.87,8.96,8.50,8.61,23200,7.975683
2016-03-17,8.78,9.50,8.38,8.72,72400,8.077579
2016-03-16,8.94,9.14,8.36,8.57,26600,7.93863
2016-03-15,9.30,9.52,8.53,8.68,30500,8.040526
2016-03-14,9.30,9.80,9.06,9.30,34700,8.614849
2016-03-11,9.68,9.68,9.00,9.03,8800,8.364741
2016-03-10,9.51,9.54,9.29,9.29,3700,8.605586
2016-03-09,9.57,9.73,9.25,9.35,16300,8.661166
2016-03-08,9.62,9.80,9.00,9.30,35100,8.614849
2016-03-07,9.30,10.50,8.70,9.91,62300,9.179909
2016-03-04,8.35,9.26,7.58,9.20,94300,8.522216
2016-03-03,7.43,8.70,7.23,8.05,31100,7.45694
2016-03-02,6.35,7.50,6.16,7.43,18100,6.882616
2016-03-01,6.25,6.48,6.01,6.47,10200,5.993341
2016-02-29,6.07,6.43,6.00,6.08,12000,5.632073
2016-02-26,6.06,6.23,5.99,6.12,10500,5.669127
2016-02-25,6.60,6.64,5.82,5.90,31800,5.465335
2016-02-24,6.22,6.5
5,6.10,6.42,10700,5.947025
2016-02-23,6.60,6.61,6.12,6.22,23700,5.761759
2016-02-22,6.43,6.72,6.29,6.61,14400,6.123027
2016-02-19,6.09,6.47,6.09,6.38,6900,5.909972
2016-02-18,6.59,6.76,5.94,6.15,25400,5.696917
2016-02-17,5.87,6.81,5.87,6.80,25700,6.29903
2016-02-16,5.87,6.38,5.86,6.02,56600,5.576494
2016-02-12,6.44,6.71,5.85,6.00,90600,5.557967
2016-02-11,6.85,6.96,5.76,5.83,169900,5.400491
2016-02-10,7.88,8.16,7.08,7.08,11900,6.558401
2016-02-09,7.49,8.54,7.47,8.06,16500,7.466203
2016-02-08,9.45,9.45,7.39,7.79,44800,7.216094
2016-02-05,9.59,10.73,8.81,10.53,28900,9.754232
2016-02-04,10.08,10.17,9.84,10.00,15200,9.263279
2016-02-03,9.95,10.34,9.60,10.34,24300,9.57823
2016-02-02,10.17,10.28,9.87,10.00,30600,8.88719
2016-02-01,9.36,10.73,9.28,10.29,108600,9.144919
2016-01-29,9.45,9.45,9.08,9.08,21500,8.069569
2016-01-28,9.35,9.53,8.62,9.45,142800,8.398395
2016-01-27,9.74,9.74,8.00,8.30,24800,7.376368
2016-01-26,8.40,9.82,7.91,9.34,91900,8.300636
2016-01-25,8.77,8.77,7.91,8.13,35700,7.225286
2016-01-22,7.30,9.65,7.30,8.84,73700,7.856276
2016-01-21,5.83,7.57,5.72,7.26,38700,6.4521
2016-01-20,6.37,6.37,5.28,6.07,59900,5.394525
2016-01-19,6.06,6.50,6.06,6.50,48100,5.776674
2016-01-15,6.23,6.36,5.78,5.82,26500,5.172345
2016-01-14,5.95,6.55,5.95,6.23,23900,5.53672
2016-01-13,6.38,6.48,5.60,6.11,40500,5.430073
2016-01-12,7.03,7.16,6.27,6.27,45100,5.572268
2016-01-11,7.00,7.39,6.99,7.04,39200,6.256582
2016-01-08,7.49,7.61,6.91,6.92,27600,6.149936
2016-01-07,8.10,8.59,7.50,7.50,43600,6.665393
2016-01-06,8.25,8.59,8.01,8.21,21100,7.296383
2016-01-05,8.64,8.70,8.26,8.26,11000,7.340819
2016-01-04,8.80,8.94,8.64,8.64,4900,7.678533
2015-12-31,8.58,8.92,8.54,8.80,25300,7.820728
2015-12-30,8.41,9.26,8.40,8.82,37300,7.838502
2015-12-29,8.93,9.07,8.54,8.65,53300,7.687419
2015-12-28,8.90,9.22,8.82,8.93,35200,7.936261
2015-12-24,9.21,9.21,9.02,9.02,6300,8.016246
2015-12-23,8.36,9.24,8.36,9.07,21600,8.060681
2015-12-22,7.87,8.25,7.83,8.20,34300,7.287496
2015-12-21,7.27,7.85,7.27,7.75,32600,6.887572
2015-12-18,7.35,7.54,7.02,7.29,38300,6.478762
2015-12-17,8.12,8.12,7.02,7.48,51300,6.647618
2015-12-16,7.68,8.34,7.56,8.12,17800,7.216398
2015-12-15,7.37,7.91,7.35,7.80,24400,6.932009
2015-12-14,8.44,8.45,7.51,7.60,35300,6.754264
2015-12-11,9.01,9.04,8.42,8.56,29000,7.607435
2015-12-10,9.09,9.50,8.76,9.31,42800,8.273974
2015-12-09,8.68,9.39,8.59,9.21,36100,8.185102
2015-12-08,7.45,9.29,7.35,8.74,55300,7.767404
2015-12-07,9.35,9.35,7.90,7.92,59300,7.038655
2015-12-04,9.20,9.71,8.76,9.57,79500,8.505041
2015-12-03,10.28,10.28,8.84,9.28,55600,8.247312
2015-12-02,10.19,10.19,9.69,10.01,12100,8.896078
2015-12-01,10.40,10.41,9.60,10.17,21700,9.038273
2015-11-30,10.83,10.83,10.36,10.53,15500,9.358211
2015-11-27,11.18,11.22,10.59,10.77,10700,9.571504
2015-11-25,10.50,
11.34,10.50,11.02,22700,9.793684
2015-11-24,11.29,11.32,10.34,10.71,24900,9.518181
2015-11-23,10.95,11.09,10.65,11.07,32300,9.838119
2015-11-20,11.29,11.35,10.80,10.93,21500,9.713699
2015-11-19,11.27,11.51,11.10,11.43,12300,10.158059
2015-11-18,11.08,11.47,10.90,11.30,14800,10.042525
2015-11-17,11.04,11.23,10.81,11.09,12200,9.855894
2015-11-16,11.36,11.39,11.00,11.04,20700,9.811458
2015-11-13,10.55,11.74,10.34,11.26,38600,10.006976
2015-11-12,10.57,10.88,10.37,10.59,15700,9.411535
2015-11-11,10.12,10.85,10.12,10.57,18100,9.39376
2015-11-10,10.85,11.05,9.95,10.12,23000,8.993836
2015-11-09,10.35,10.70,10.10,10.70,11800,9.509293
2015-11-06,10.55,10.69,10.00,10.11,12100,8.984949
2015-11-05,10.70,10.91,10.25,10.36,22700,9.207129
2015-11-04,11.72,12.15,10.76,10.77,18200,9.571504
2015-11-03,11.71,12.28,11.65,11.89,51200,10.206049
2015-11-02,11.36,11.94,11.24,11.62,21500,9.974288
2015-10-30,10.92,11.29,10.90,10.96,8200,9.407763
2015-10-29,10.91,11.32,10.70,10.86,13800,9.321925
2015-10-28,11.18,11.70,10.90,10.98,20800,9.42493
2015-10-27,11.08,11.99,11.05,11.13,54700,9.553686
2015-10-26,12.07,12.34,11.25,11.40,21200,9.785446
2015-10-23,12.09,12.22,11.75,11.98,24700,10.283302
2015-10-22,12.30,12.38,12.06,12.38,17700,10.626652
2015-10-21,12.25,12.40,11.75,12.39,25400,10.635236
2015-10-20,12.09,12.44,11.78,12.38,22700,10.626652
2015-10-19,12.38,12.40,11.51,12.14,43200,10.420643
2015-10-16,12.60,12.67,12.15,12.27,10400,10.532231
2015-10-15,11.70,12.88,11.59,12.58,24800,10.798326
2015-10-14,11.52,12.47,11.51,11.68,21200,10.025791
2015-10-13,12.09,12.09,11.53,11.65,15300,10.000039
2015-10-12,12.73,12.99,12.18,12.30,24900,10.557982
2015-10-09,12.34,12.52,12.22,12.47,11900,10.703905
2015-10-08,12.46,12.46,12.04,12.23,10400,10.497895
2015-10-07,11.95,12.98,11.71,12.38,52900,10.626652
2015-10-06,11.70,12.00,10.76,11.95,46500,10.257551
2015-10-05,10.80,11.97,10.80,11.50,22000,9.871284
2015-10-02,10.87,11.30,10.34,10.72,26400,9.201754
2015-10-01,10.55,10.74,10.27,10.48,22800,8.995744
2015-09-30,11.18,11.85,10.38,10.95,54600,9.399179
2015-09-29,12.05,12.26,10.97,11.40,51300,9.785446
2015-09-28,12.60,12.60,10.48,12.21,119300,10.480728
2015-09-25,13.20,13.68,12.26,12.60,36900,10.815494
2015-09-24,13.51,13.62,12.82,13.35,37900,11.459273
2015-09-23,13.13,13.37,13.04,13.37,9500,11.47644
2015-09-22,12.65,13.75,12.64,13.05,28000,11.201761
2015-09-21,12.26,13.26,12.05,13.10,24800,11.24468
2015-09-18,12.53,12.89,12.03,12.38,13300,10.626652
2015-09-17,12.16,12.65,12.00,12.57,21100,10.789742
2015-09-16,12.85,12.85,12.03,12.25,28900,10.515063
2015-09-15,13.01,13.51,12.56,12.73,24600,10.927082
2015-09-14,12.02,13.19,11.96,12.75,14300,10.944249
2015-09-11,12.82,12.82,12.01,12.01,31900,10.309054
2015-09-10,12.80,13.76,12.45,13.09,26700,11.236096
2015-09-09,13.47,13.47,12.73,12.81,16800,10.995752
2015-09-08,13.35,13.99,12.89,13.85,24200,11.88846
2015-09-04,12.99,13.49,12.26,13.30,33900,11.416355
2015-09-03,11.58,12.85,11.58,12.85,19600,11.030087
2015-09-02,12.82,12.82,11.63,11.71,46100,10.051542
2015-09-01,12.61,13.56,12.
11,12.15,29000,10.429226
2015-08-31,13.20,13.20,12.30,12.86,12400,11.03867
2015-08-28,12.47,13.40,12.19,13.37,26500,11.47644
2015-08-27,11.79,12.89,11.77,12.39,39300,10.635236
2015-08-26,12.01,12.57,10.78,11.83,20400,10.154547
2015-08-25,12.77,12.90,11.82,11.92,30800,10.2318
2015-08-24,10.00,12.67,10.00,12.39,30400,10.635236
2015-08-21,10.50,11.84,9.21,11.56,73000,9.922787
2015-08-20,10.73,11.52,10.50,10.50,85300,9.012911
2015-08-19,10.42,11.13,10.29,10.70,34400,9.184586
2015-08-18,12.13,12.36,10.32,10.42,45300,8.944242
2015-08-17,11.93,12.43,11.70,12.14,37700,10.420643
2015-08-14,11.16,11.98,10.90,11.94,67600,10.248967
2015-08-13,10.40,10.78,9.60,10.78,38800,9.253255
2015-08-12,9.96,10.57,9.96,10.44,41800,8.961409
2015-08-11,10.45,10.50,9.60,9.86,58100,8.463553
2015-08-10,10.38,10.64,9.90,10.28,46000,8.824069
2015-08-07,10.72,10.75,10.00,10.58,38100,9.081581
2015-08-06,11.31,11.31,10.23,10.54,51400,9.047246
2015-08-05,11.96,12.17,11.12,11.23,28200,9.639523
2015-08-04,11.74,12.59,11.56,12.49,29600,10.372573
2015-08-03,12.69,12.95,11.44,12.00,48800,9.965643
2015-07-31,13.24,13.47,12.68,12.70,29200,10.546972
2015-07-30,13.96,14.30,13.00,13.00,41700,10.796113
2015-07-29,13.22,14.46,13.15,14.11,45400,11.717935
2015-07-28,13.20,13.45,13.00,13.02,18100,10.812723
2015-07-27,12.67,13.34,12.20,13.33,32800,11.070169
2015-07-24,14.24,14.30,12.95,13.21,25300,10.970512
2015-07-23,13.74,14.94,13.47,14.00,52100,11.626584
2015-07-22,12.80,13.58,12.62,13.49,49300,11.203044
2015-07-21,12.69,14.29,12.61,12.88,50300,10.696457
2015-07-20,13.87,14.14,12.04,12.97,60700,10.7712
2015-07-17,14.21,14.47,13.95,14.02,24400,11.643193
2015-07-16,15.21,15.44,14.15,14.42,37300,11.975381
2015-07-15,15.08,15.08,14.30,14.99,37600,12.448749
2015-07-14,14.90,15.25,14.85,14.97,7800,12.43214
2015-07-13,15.75,16.17,14.49,14.97,93500,12.43214
2015-07-10,14.59,16.00,14.52,15.52,30000,12.888899
2015-07-09,14.60,14.83,14.28,14.68,40900,12.191304
2015-07-08,15.65,15.65,14.54,14.79,17700,12.282655
2015-07-07,15.08,16.219999,14.11,15.48,54500,12.855679
2015-07-06,15.65,15.91,15.18,15.20,17900,12.623148
2015-07-02,16.540001,16.540001,15.91,15.91,48400,13.212782
2015-07-01,16.34,16.639999,16.25,16.26,25100,13.503447
2015-06-30,16.42,16.83,16.299999,16.299999,43500,13.536665
2015-06-29,16.51,16.85,16.370001,16.40,58400,13.619712
2015-06-26,16.620001,17.040001,16.50,16.51,20000,13.711064
2015-06-25,16.76,17.389999,16.66,16.73,73500,13.893767
2015-06-24,17.10,17.43,16.469999,16.77,85800,13.926987
2015-06-23,16.959999,17.219999,16.52,17.049999,9100,14.159517
2015-06-22,16.50,17.42,16.309999,16.76,78600,13.918682
2015-06-19,16.90,16.99,16.51,16.51,11600,13.711064
2015-06-18,16.90,17.50,16.41,16.43,70600,13.644627
2015-06-17,17.24,17.43,16.48,16.950001,50500,14.076472
2015-06-16,17.059999,17.49,16.65,16.879999,34400,14.018337
2015-06-15,17.35,17.700001,16.75,17.33,45100,14.39205
2015-06-12,16.85,17.09,16.41,17.049999,
34300,14.159517
2015-06-11,16.82,17.09,16.639999,17.030001,26400,14.142909
2015-06-10,16.32,16.82,16.280001,16.799999,23500,13.9519
2015-06-09,16.35,16.77,16.200001,16.51,37200,13.711064
2015-06-08,16.440001,16.540001,16.120001,16.49,33800,13.694454
2015-06-05,16.75,16.889999,16.10,16.60,58900,13.785807
2015-06-04,16.00,16.780001,15.76,16.75,75400,13.910377
2015-06-03,15.52,16.08,15.25,16.01,65000,13.295829
2015-06-02,14.67,15.55,14.33,15.49,29100,12.863984
2015-06-01,14.50,15.12,14.23,14.72,48500,12.224523
2015-05-29,14.66,15.40,14.21,14.81,36300,12.299265
2015-05-28,14.95,14.95,13.90,14.45,88200,12.000295
2015-05-27,15.21,15.21,14.79,15.15,21800,12.581624
2015-05-26,15.42,15.45,15.12,15.24,14700,12.656367
2015-05-22,15.74,15.74,15.56,15.65,5700,12.996859
2015-05-21,15.26,15.59,15.26,15.59,13400,12.947032
2015-05-20,15.37,15.60,15.24,15.24,17100,12.656367
2015-05-19,15.25,15.33,15.00,15.16,22600,12.589929
2015-05-18,15.51,15.51,14.81,15.26,41500,12.672976
2015-05-15,15.87,16.01,15.18,15.41,27300,12.797547
2015-05-14,15.13,15.82,15.13,15.46,22200,12.83907
2015-05-13,15.63,15.81,14.62,15.11,111700,12.548405
2015-05-12,15.04,16.15,15.04,15.83,37500,13.146344
2015-05-11,16.190001,16.190001,15.02,15.12,24300,12.55671
2015-05-08,15.95,16.780001,15.95,16.120001,16600,13.387181
2015-05-07,16.00,16.030001,15.08,16.030001,42800,13.312439
2015-05-06,17.09,17.09,15.80,16.049999,16500,13.329047
2015-05-05,17.219999,17.50,16.969999,17.00,21900,13.780823
2015-05-04,18.00,18.00,16.969999,17.24,31000,13.975375
2015-05-01,16.379999,17.889999,16.120001,17.620001,26300,14.283418
2015-04-30,16.120001,16.40,15.63,16.190001,30700,13.124208
2015-04-29,15.70,16.139999,15.70,16.120001,28800,13.067463
2015-04-28,15.40,16.370001,15.40,15.66,42200,12.69457
2015-04-27,16.01,16.07,15.44,15.53,30500,12.589187
2015-04-24,16.120001,16.450001,15.76,15.91,27800,12.897229
2015-04-23,15.74,15.87,15.19,15.76,50700,12.775634
2015-04-22,15.70,15.81,15.43,15.55,35700,12.6054
2015-04-21,16.049999,16.049999,15.40,15.41,30800,12.49191
2015-04-20,15.49,16.50,15.42,15.75,56800,12.767527
2015-04-17,15.35,15.53,15.19,15.42,21500,12.500017
2015-04-16,14.90,15.63,14.87,15.39,50200,12.475698
2015-04-15,15.19,15.57,14.78,14.94,39800,12.110911
2015-04-14,14.15,15.23,14.15,15.10,47700,12.240614
2015-04-13,14.01,14.20,13.73,14.10,58400,11.429977
2015-04-10,14.10,14.56,13.61,13.69,27500,11.097615
2015-04-09,14.25,14.30,13.48,13.96,52700,11.316488
2015-04-08,13.13,14.59,12.85,14.25,75100,11.551572
2015-04-07,12.82,13.31,12.76,13.12,40900,10.635553
2015-04-06,12.80,13.03,12.50,12.90,112500,10.457212
2015-04-02,12.77,13.00,12.50,12.67,46100,10.270766
2015-04-01,12.65,13.39,12.41,12.77,73600,10.35183
2015-03-31,13.25,14.00,13.01,13.20,88200,10.700403
2015-03-30,17.00,17.00,12.92,13.71,212500,11.113828
2015-03-27,16.99,17.42,16.57,16.940001,50300,13.732185
2015-03-26,16.559999,17.040001,16.139999,16.889999,10200,13.691652
2015-03-25,16.76,16.76,15.65,16.24,10300,13.164739
2015-03-24,17.15,17.41,16.790001,16.790001,34500,13.61059
2015-03-23,16.60,17.040001,16.559999,16.99,21100,13.772716
2015-03-20,17.49,17.49,16.620001,16.
620001,18400,13.472782
2015-03-19,17.00,17.50,16.889999,17.200001,26100,13.942951
2015-03-18,17.00,17.16,16.26,16.99,24200,13.772716
2015-03-17,16.620001,17.43,16.620001,16.85,21600,13.659228
2015-03-16,17.24,17.52,16.26,16.52,24500,13.391718
2015-03-13,16.18,17.299999,15.80,17.280001,20000,14.007802
2015-03-12,15.67,16.299999,15.55,16.299999,28100,13.213377
2015-03-11,15.34,15.83,14.82,15.82,52000,12.824271
2015-03-10,16.15,16.90,15.49,15.49,67900,12.556761
2015-03-09,17.610001,17.65,16.08,16.40,28000,13.294441
2015-03-06,17.23,17.860001,17.23,17.530001,30900,14.210461
2015-03-05,17.780001,17.870001,17.219999,17.33,10000,14.048333
2015-03-04,18.23,18.33,17.780001,17.82,12300,14.445545
2015-03-03,18.42,18.639999,18.10,18.42,22200,14.931927
2015-03-02,19.02,19.02,18.25,18.52,20900,15.012991
2015-02-27,18.00,19.17,18.00,18.799999,17300,15.239968
2015-02-26,19.27,19.27,18.02,18.219999,23800,14.769799
2015-02-25,19.60,19.60,18.52,19.16,20600,15.531798
2015-02-24,18.40,19.83,18.299999,19.23,91000,15.588542
2015-02-23,17.48,18.42,17.26,18.18,54900,14.737374
2015-02-20,17.52,17.76,17.26,17.65,12700,14.307736
2015-02-19,17.24,17.59,16.84,17.379999,17000,14.088864
2015-02-18,17.559999,17.799999,16.75,17.639999,47400,14.29963
2015-02-17,16.65,17.26,16.389999,17.26,18300,13.991589
2015-02-13,16.799999,16.799999,16.00,16.379999,21100,13.278227
2015-02-12,16.219999,16.549999,16.219999,16.23,17900,13.156632
2015-02-11,16.530001,16.530001,15.86,15.88,14500,12.87291
2015-02-10,16.24,16.790001,16.01,16.60,26400,13.456569
2015-02-09,16.76,16.76,16.049999,16.120001,23800,13.067463
2015-02-06,16.27,17.01,15.86,16.76,29600,13.58627
2015-02-05,16.60,16.74,15.65,16.41,59600,13.302547
2015-02-04,17.50,17.90,16.610001,16.860001,55500,13.338216
2015-02-03,16.780001,18.00,16.50,18.00,35100,14.240088
2015-02-02,15.50,16.90,15.27,16.780001,53000,13.274927
2015-01-30,14.99,15.45,14.76,15.45,46800,12.222742
2015-01-29,14.69,15.06,14.43,14.91,25900,11.795539
2015-01-28,15.25,15.40,14.55,14.93,53900,11.811362
2015-01-27,15.04,15.52,14.83,15.13,36100,11.969585
2015-01-26,14.65,15.31,14.04,15.04,36700,11.898385
2015-01-23,14.05,14.84,14.05,14.83,25900,11.73225
2015-01-22,13.77,14.99,13.77,14.22,43500,11.24967
2015-01-21,13.17,14.03,12.80,14.03,37900,11.099357
2015-01-20,12.75,13.17,12.53,13.10,43000,10.36362
2015-01-16,12.50,13.00,12.36,12.99,43800,10.276597
2015-01-15,13.13,13.17,12.29,12.53,23200,9.912683
2015-01-14,13.05,13.06,11.82,12.81,59100,10.134196
2015-01-13,13.66,13.66,13.06,13.10,31000,10.36362
2015-01-12,13.78,14.03,13.22,13.70,46700,10.838289
2015-01-09,13.33,14.11,13.28,13.99,22200,11.067713
2015-01-08,13.01,13.80,13.01,13.36,27100,10.569309
2015-01-07,13.02,13.39,12.03,13.10,47300,10.36362
2015-01-06,13.95,14.22,12.50,12.78,82600,10.110462
2015-01-05,15.00,15.14,13.83,14.04,37400,11.107269
2015-01-02,14.50,15.52,13.96,15.32,32300,12.119897
2014-12-31,14.37,14.51,13.53,14.30,82600,11.312959
2014-12-30,13.81,14.80,13.50,14.67,113900,11.605672
2014-12-29,14.25,14.48,14.01,14.10,63100,11.154736
2014-12-26,14.45,14.54,13.68,14.18,41700,11.218025
2014-12-24,
14.51,14.51,13.30,14.50,29200,11.471182
2014-12-23,13.95,14.79,13.75,14.64,39100,11.581939
2014-12-22,15.75,15.82,14.17,14.19,40200,11.225936
2014-12-19,14.95,15.89,14.95,15.85,35100,12.539189
2014-12-18,15.30,15.91,14.58,14.84,60300,11.740162
2014-12-17,15.75,16.200001,15.12,15.12,47600,11.961674
2014-12-16,14.96,16.00,13.61,15.76,94200,12.467988
2014-12-15,16.90,16.90,14.65,15.10,64900,11.945852
2014-12-12,16.620001,16.620001,14.35,16.25,92600,12.855635
2014-12-11,15.07,16.90,14.98,16.889999,146800,13.361949
2014-12-10,14.48,15.63,14.48,15.11,81600,11.953762
2014-12-09,12.00,14.65,11.90,14.56,159000,11.518649
2014-12-08,11.54,12.81,11.54,12.32,173900,9.746549
2014-12-05,14.63,14.71,12.20,12.81,236500,10.134196
2014-12-04,15.87,15.87,14.54,14.82,43800,11.724339
2014-12-03,15.26,16.379999,15.07,16.18,43900,12.800257
2014-12-02,16.00,16.25,15.16,15.48,52700,12.246475
2014-12-01,16.24,16.58,14.06,16.24,82900,12.847724
2014-11-28,17.75,17.75,16.17,16.299999,55800,12.89519
2014-11-26,18.24,18.540001,17.59,18.25,47600,14.437867
2014-11-25,18.639999,18.860001,18.00,18.17,41000,14.374578
2014-11-24,19.08,19.26,18.50,18.50,39000,14.635646
2014-11-21,18.92,19.440001,18.92,19.059999,47700,15.078671
2014-11-20,18.950001,19.209999,18.610001,18.969999,37600,15.00747
2014-11-19,19.23,19.23,18.780001,19.030001,30300,15.054938
2014-11-18,18.75,19.299999,18.559999,19.17,44800,15.165694
2014-11-17,18.60,18.879999,18.18,18.879999,46100,14.936269
2014-11-14,19.50,19.50,18.790001,18.799999,51000,14.87298
2014-11-13,20.309999,20.34,19.030001,19.639999,67300,15.537518
2014-11-12,20.90,21.35,20.309999,20.57,20700,16.273256
2014-11-11,21.66,21.959999,20.90,20.90,32900,16.534324
2014-11-10,21.389999,21.889999,21.16,21.309999,18000,16.858682
2014-11-07,21.60,21.709999,21.16,21.25,23300,16.811215
2014-11-06,22.110001,22.40,21.219999,21.43,15000,16.953616
2014-11-05,22.00,23.00,22.00,22.40,16100,17.399805
2014-11-04,22.950001,22.950001,21.629999,21.67,44900,16.832758
2014-11-03,22.98,22.98,22.60,22.950001,15500,17.827033
2014-10-31,22.93,22.98,22.620001,22.92,17700,17.80373
2014-10-30,23.00,23.200001,22.540001,22.75,22200,17.671677
2014-10-29,23.00,23.469999,22.57,23.00,24500,17.865872
2014-10-28,23.00,23.00,22.530001,23.00,25500,17.865872
2014-10-27,22.77,23.00,22.02,22.99,15900,17.858104
2014-10-24,23.00,23.00,22.870001,23.00,12600,17.865872
2014-10-23,22.84,22.940001,22.40,22.860001,11900,17.757123
2014-10-22,22.639999,22.84,22.290001,22.66,30100,17.601767
2014-10-21,21.959999,22.549999,21.90,22.549999,20300,17.516321
2014-10-20,21.440001,22.00,20.40,21.969999,25400,17.065791
2014-10-17,21.02,22.129999,21.02,21.66,39200,16.82499
2014-10-16,18.809999,21.00,18.549999,20.889999,36200,16.226872
2014-10-15,20.00,20.10,18.370001,19.809999,53600,15.387953
2014-10-14,22.68,22.90,19.309999,20.15,145300,15.652057
2014-10-13,19.43,21.00,19.02,20.60,80500,16.001607
2014-10-10,20.219999,20.219999,17.01,19.209999,136700,14.921886
2014-10-09,22.75,22.75,20.40,20.559999,103000,15.970535
2014-10-08,23.389999,23.59,22.51,22.75,45700,17.671677
2014-10-07,23.99,23.
99,23.549999,23.59,17300,18.32417
2014-10-06,23.870001,24.049999,23.68,23.870001,14800,18.541668
2014-10-03,24.34,24.450001,24.00,24.00,10600,18.642649
2014-10-02,24.59,24.85,23.85,24.09,29700,18.712559
2014-10-01,24.84,24.93,24.200001,24.219999,23400,18.813539
2014-09-30,25.00,25.00,24.690001,24.700001,17300,19.186393
2014-09-29,24.93,25.00,24.74,25.00,23900,19.419426
2014-09-26,24.92,25.00,24.780001,24.950001,19700,19.380587
2014-09-25,24.65,25.00,24.540001,24.950001,33000,19.380587
2014-09-24,24.709999,24.879999,24.280001,24.42,22800,18.968895
2014-09-23,24.309999,24.950001,24.299999,24.90,27200,19.341748
2014-09-22,24.75,24.76,24.110001,24.23,17000,18.821307
2014-09-19,24.23,24.66,24.120001,24.32,21400,18.891217
2014-09-18,24.90,24.950001,24.209999,24.34,27900,18.906753
2014-09-17,24.01,24.57,23.879999,24.50,31000,19.031037
2014-09-16,23.540001,24.299999,23.540001,24.290001,29400,18.867915
2014-09-15,24.34,24.34,23.40,23.440001,27200,18.207654
2014-09-12,24.41,24.629999,23.92,24.110001,8100,18.728095
2014-09-11,24.51,24.74,23.76,24.51,28500,19.038805
2014-09-10,24.75,24.75,24.299999,24.690001,41000,19.178625
2014-09-09,24.719999,24.950001,24.530001,24.530001,32500,19.054341
2014-09-08,25.00,25.00,24.530001,24.700001,19000,19.186393
2014-09-05,25.120001,25.60,24.969999,24.969999,29300,19.396122
2014-09-04,24.870001,25.780001,24.74,25.139999,66900,19.528174
2014-09-03,25.200001,25.200001,24.379999,24.559999,15000,19.077643
2014-09-02,24.99,25.219999,24.50,25.219999,23300,19.590316
2014-08-29,25.059999,25.16,25.00,25.129999,20500,19.520406
2014-08-28,24.57,25.10,24.42,25.09,15600,19.489336
2014-08-27,24.33,24.85,24.190001,24.440001,13400,18.984431
2014-08-26,24.51,24.540001,24.139999,24.32,23400,18.891217
2014-08-25,24.860001,25.110001,24.379999,24.50,46300,19.031037
2014-08-22,25.02,25.25,24.290001,24.93,18200,19.365052
2014-08-21,24.66,25.309999,24.50,25.15,15700,19.535942
2014-08-20,24.93,24.93,24.360001,24.719999,23700,19.201928
2014-08-19,24.51,24.85,24.50,24.639999,20600,19.139786
2014-08-18,24.50,24.700001,24.309999,24.52,19200,19.046573
2014-08-15,23.25,24.50,23.25,24.43,58000,18.976663
2014-08-14,23.83,24.139999,23.799999,23.83,18300,18.510597
2014-08-13,23.379999,23.700001,23.110001,23.700001,20400,18.409616
2014-08-12,23.00,23.389999,22.74,23.25,27700,18.060066
2014-08-11,23.00,23.389999,22.84,23.25,31200,18.060066
2014-08-08,23.41,23.41,22.40,22.889999,29400,17.780426
2014-08-07,22.98,23.34,22.59,23.01,8000,17.87364
2014-08-06,22.60,22.98,22.10,22.98,11600,17.850336
2014-08-05,22.65,22.969999,22.610001,22.959999,12100,17.526418
2014-08-04,22.32,23.23,22.32,22.610001,28400,17.259249
2014-08-01,22.50,22.959999,22.219999,22.440001,25200,17.12948
2014-07-31,23.35,23.50,22.50,22.52,41300,17.190547
2014-07-30,23.299999,23.59,23.26,23.450001,9300,17.900459
2014-07-29,23.57,23.60,23.299999,23.32,24000,17.801223
2014-07-28,23.51,23.73,23.50,23.67,6200,18.068395
2014-07-25,23.50,23.82,23.50,23.690001,10600,18.083662
2014-07-24,23.719999,23.719999,23.549999,23.549999,7500,17.976792
2014-07-23,23.25,23.719999,23.120001,23.540001,12200,17.96916
2014-07-22,23.08,23.49,23.02,23.209999,13800,17.717255
2014-07-21,23.76,23.76,23.00,23.01,32300,17.564587
2014-07-18,23.540001,23.58,23.219999,23.469999,24500,17.915725
2014-07-1
7,23.139999,23.870001,23.139999,23.50,45600,17.938626
2014-07-16,23.91,23.940001,23.280001,23.389999,29800,17.854657
2014-07-15,23.25,23.90,23.00,23.67,41900,18.068395
2014-07-14,23.309999,23.73,23.00,23.440001,44600,17.892825
2014-07-11,23.02,23.15,22.75,22.780001,7900,17.389017
2014-07-10,22.950001,23.200001,22.950001,23.07,11400,17.610387
2014-07-09,23.60,23.60,23.120001,23.26,20800,17.755423
2014-07-08,23.50,23.74,23.309999,23.57,11700,17.99206
2014-07-07,23.60,23.950001,23.299999,23.690001,22100,18.083662
2014-07-03,23.540001,23.98,23.51,23.65,7600,18.053127
2014-07-02,23.75,23.99,23.530001,23.559999,17900,17.984426
2014-07-01,23.73,23.98,23.52,23.60,17500,18.014961
2014-06-30,23.969999,24.00,23.51,23.790001,27800,18.159997
2014-06-27,23.60,23.99,23.50,23.52,17200,17.953893
2014-06-26,23.91,24.290001,23.50,23.52,11900,17.953893
2014-06-25,22.709999,23.93,22.700001,23.90,24100,18.243964
2014-06-24,23.01,23.07,22.75,22.809999,24400,17.411917
2014-06-23,22.60,23.280001,22.60,23.129999,23600,17.656187
2014-06-20,22.50,22.93,22.50,22.50,25100,17.17528
2014-06-19,22.889999,22.98,22.50,22.50,25800,17.17528
2014-06-18,22.34,22.77,22.309999,22.639999,13400,17.282148
2014-06-17,22.42,22.51,22.25,22.35,20900,17.060778
2014-06-16,22.35,22.76,22.35,22.459999,17300,17.144745
2014-06-13,23.23,23.25,22.370001,22.75,31200,17.366116
2014-06-12,23.629999,23.77,23.299999,23.40,10300,17.862291
2014-06-11,23.959999,23.959999,23.200001,23.200001,9900,17.709623
2014-06-10,24.00,24.08,23.540001,23.92,22500,18.259231
2014-06-09,23.27,23.629999,23.27,23.629999,14300,18.03786
2014-06-06,23.34,23.450001,23.25,23.27,13900,17.763057
2014-06-05,23.26,23.42,23.059999,23.139999,10500,17.663821
2014-06-04,23.290001,23.370001,23.200001,23.299999,10300,17.785956
2014-06-03,23.209999,23.40,23.10,23.200001,9500,17.709623
2014-06-02,23.299999,23.41,23.049999,23.15,11500,17.671454
2014-05-30,22.889999,23.299999,22.83,23.15,11600,17.671454
2014-05-29,22.82,23.200001,22.610001,22.83,31200,17.427184
2014-05-28,22.870001,22.870001,22.51,22.74,13800,17.358483
2014-05-27,22.049999,22.860001,22.049999,22.860001,16200,17.450085
2014-05-23,22.129999,22.35,22.030001,22.040001,47600,16.824142
2014-05-22,22.459999,22.459999,22.030001,22.200001,21100,16.946277
2014-05-21,23.02,23.02,22.120001,22.379999,29000,17.083678
2014-05-20,22.700001,23.280001,22.66,22.860001,30100,17.450085
2014-05-19,22.10,22.66,22.00,22.66,19700,17.297415
2014-05-16,22.25,22.92,22.200001,22.309999,28900,17.030244
2014-05-15,22.809999,23.24,21.559999,22.15,70600,16.908109
2014-05-14,23.00,23.34,22.700001,22.799999,27100,17.404283
2014-05-13,23.209999,23.58,23.00,23.01,11900,17.564587
2014-05-12,23.02,23.469999,22.809999,23.059999,13300,17.602753
2014-05-09,23.33,23.43,22.700001,22.76,31100,17.37375
2014-05-08,23.27,23.68,23.26,23.52,13600,17.953893
2014-05-07,23.459999,23.709999,23.34,23.379999,34700,17.847024
2014-05-06,23.370001,24.00,23.370001,23.719999,31600,18.106561
2014-05-05,23.530001,23.75,23.25,23.280001,13300,17.77069
2014-05-02,23.82,23.82,23.00,23.290001,22600,17.778324
2014-05-01,24.190001,24.209999,23.85,24.00,21300,18.090533
2014-04-30,24.110001,24.42,24.00,24.129999,38400,18.188523
2014-04-29,23.709999,24.440001,23.67,24.43,33500,18.414655
2014-04-28,23.700001,23.93,23.299999,23.51,23400,17.721185
2014-04-25,23.58,23.940001,23.549999,23.549999,5200,17.751335
2014-04-24,23.870001,23.99,23.549999,23.58,20900,17.773948
2014-04-23,23.99,24.040001,23.860001,23.860001,22800,17.985005
2014-04-22,23.959999,24.00,23.90,23.98,35800,18.075457
2014-04-21,23.860001,24.040001,23.860001,23.940001,22800,18.045307
2014-04-
17,24.030001,24.139999,23.799999,23.879999,35900,18.000079
2014-04-16,24.00,24.200001,23.860001,24.02,31400,18.105609
2014-04-15,23.799999,24.00,23.700001,23.940001,27800,18.045307
2014-04-14,23.879999,24.08,23.549999,23.75,31500,17.90209
2014-04-11,24.00,24.139999,23.50,23.65,40200,17.826712
2014-04-10,24.049999,24.18,23.84,24.040001,41600,18.120684
2014-04-09,24.49,24.49,23.85,24.040001,59600,18.120684
2014-04-08,24.299999,24.969999,23.85,23.99,148600,18.082995
2014-04-07,22.799999,24.52,22.50,23.84,195900,17.969929
2014-04-04,22.709999,23.389999,22.60,22.83,36000,17.208619
2014-04-03,22.379999,23.25,22.299999,23.16,91100,17.457364
2014-04-02,22.030001,22.73,21.27,22.26,92800,16.778969
2014-04-01,21.65,22.059999,21.65,21.98,81200,16.567913
2014-03-31,21.719999,21.799999,21.309999,21.60,118600,16.28148
2014-03-28,21.91,22.10,21.780001,21.870001,42700,16.484999
2014-03-27,22.00,22.120001,21.790001,21.870001,32800,16.484999
2014-03-26,22.299999,22.32,22.01,22.040001,39300,16.61314
2014-03-25,22.110001,22.309999,22.059999,22.299999,13500,16.809119
2014-03-24,22.60,22.60,22.02,22.120001,34400,16.673442
2014-03-21,22.40,22.59,22.10,22.51,79800,16.967412
2014-03-20,21.85,22.190001,21.780001,22.139999,41800,16.688516
2014-03-19,22.25,22.25,21.780001,21.799999,73500,16.432233
2014-03-18,22.549999,22.549999,21.00,22.09,185400,16.650828
2014-03-17,23.049999,23.25,22.209999,22.559999,160800,17.0051
2014-03-14,23.209999,23.540001,23.209999,23.309999,34500,17.57043
2014-03-13,23.60,23.65,23.15,23.27,24300,17.540279
2014-03-12,23.719999,23.790001,23.389999,23.42,30700,17.653345
2014-03-11,23.51,23.780001,23.379999,23.389999,20900,17.630731
2014-03-10,23.690001,23.93,23.360001,23.51,15500,17.721185
2014-03-07,23.50,23.950001,23.50,23.690001,7800,17.856864
2014-03-06,24.00,24.219999,23.50,23.65,43700,17.826712
2014-03-05,23.809999,24.66,23.77,24.01,19800,18.098071
2014-03-04,24.50,24.90,23.969999,24.00,31700,18.090533
2014-03-03,23.75,24.50,23.75,24.49,14700,18.459881
2014-02-28,24.200001,24.24,23.799999,23.889999,28100,18.007617
2014-02-27,23.40,24.50,23.40,24.40,43800,18.392041
2014-02-26,23.629999,23.860001,23.389999,23.389999,36700,17.630731
2014-02-25,23.75,23.940001,23.290001,23.620001,50900,17.8041
2014-02-24,23.09,24.389999,23.09,23.76,67600,17.909628
2014-02-21,23.42,23.42,22.870001,23.15,60600,17.449826
2014-02-20,23.860001,23.860001,23.10,23.42,150200,17.653345
2014-02-19,24.92,24.92,24.15,24.219999,57900,18.256362
2014-02-18,24.75,24.889999,24.110001,24.52,70800,18.482495
2014-02-14,24.90,25.65,24.01,24.799999,104400,18.69355
2014-02-13,23.809999,25.00,23.799999,24.530001,49300,18.490033
2014-02-12,24.50,24.50,23.77,24.110001,65900,18.173448
2014-02-11,23.57,24.83,23.469999,24.32,166700,18.33174
2014-02-10,23.49,23.49,22.77,23.139999,80300,17.442288
2014-02-07,23.51,23.60,23.41,23.559999,50600,17.758873
2014-02-06,23.40,23.51,23.200001,23.51,52400,17.721185
2014-02-05,23.190001,23.50,23.15,23.49,77400,17.706109
2014-02-04,23.16,23.40,23.110001,23.389999,48300,17.630731
2014-02-03,23.50,23.50,22.780001,23.459999,88200,17.683495
2014-01-31,23.030001,23.360001,23.01,23.34,48000,17.593043
2014-01-30,23.23,23.33,23.049999,23.190001,81200,17.479978
2014-01-29,23.389999,23.389999,22.82,23.190001,63400,17.479978
2014-01-28,23.200001,23.40,22.889999,23.059999,96800,17.381987
2014-01-27,23.50,23.50,22.60,23.50,98300,17.713647
2014-01-24,23.440001,26.00,22.84,22.93,281300,17.283997
2014-01-23,23.
02,23.35,22.209999,23.35,135400,17.600581
2014-01-22,23.00,23.24,22.540001,23.24,135300,17.517666
2014-01-21,22.879999,22.90,22.50,22.799999,194700,17.186006
2014-01-17,22.00,22.90,21.629999,22.459999,198100,16.929723
2014-01-16,21.60,22.10,21.049999,21.59,322600,16.273942
2014-01-15,20.00,21.74,19.549999,21.299999,1585900,16.055347