Date,Open,High,Low,Close,Volume,Adj Close
2016-08-05,5.34,5.36,5.31,5.31,47500,5.31
2016-08-04,5.38,5.39,5.31,5.31,13900,5.31
2016-08-03,5.36,5.38,5.36,5.36,37200,5.36
2016-08-02,5.36,5.38,5.35,5.35,5400,5.35
2016-08-01,5.32,5.41,5.32,5.37,28900,5.37
2016-07-29,5.39,5.41,5.34,5.36,28800,5.36
2016-07-28,5.44,5.45,5.39,5.41,90100,5.41
2016-07-27,5.49,5.49,5.38,5.42,54200,5.42
2016-07-26,5.53,5.55,5.40,5.41,44200,5.41
2016-07-25,5.69,5.69,5.45,5.45,13700,5.45
2016-07-22,5.55,5.60,5.55,5.57,15800,5.57
2016-07-21,5.59,5.65,5.53,5.56,8200,5.56
2016-07-20,5.57,5.59,5.50,5.53,18100,5.53
2016-07-19,5.45,5.49,5.42,5.49,12600,5.49
2016-07-18,5.46,5.46,5.42,5.45,10600,5.45
2016-07-15,5.40,5.47,5.40,5.47,12400,5.47
2016-07-14,5.48,5.48,5.41,5.46,15600,5.46
2016-07-13,5.54,5.56,5.44,5.46,56100,5.46
2016-07-12,5.38,5.54,5.38,5.49,28000,5.49
2016-07-11,5.43,5.46,5.36,5.42,23600,5.42
2016-07-08,5.52,5.56,5.40,5.47,96200,5.47
2016-07-07,5.62,5.65,5.45,5.55,157100,5.55
2016-07-06,5.78,5.78,5.56,5.61,79100,5.61
2016-07-05,5.79,5.79,5.67,5.78,5900,5.78
2016-07-01,5.76,5.84,5.72,5.83,11300,5.83
2016-06-30,5.71,5.80,5.65,5.75,50000,5.75
2016-06-29,5.70,5.82,5.60,5.71,18400,5.71
2016-06-28,5.68,5.78,5.68,5.75,8500,5.75
2016-06-27,5.80,5.80,5.68,5.71,16200,5.71
2016-06-24,5.75,5.82,5.75,5.78,9700,5.78
2016-06-23,5.83,5.88,5.78,5.86,23000,5.86
2016-06-22,5.78,5.82,5.78,5.82,37100,5.82
2016-06-21,5.90,5.90,5.76,5.79,19400,5.79
2016-06-20,6.02,6.08,5.88,5.91,42700,5.91
2016-06-17,5.87,6.04,5.87,6.01,43000,6.01
2016-06-16,5.81,6.01,5.79,5.92,96800,5.92
2016-06-15,6.10,6.10,5.67,5.77,106900,5.77
2016-06-14,5.75,6.05,5.75,5.93,117500,5.93
2016-06-13,5.92,5.92,5.75,5.78,84500,5.78
2016-06-10,5.98,5.99,5.90,5.92,18900,5.92
2016-06-09,5.93,5.99,5.93,5.98,7800,5.98
2016-06-08,5.93,5.99,5.93,5.98,20400,5.98
2016-06-07,5.98,6.02,5.90,5.94,27000,5.94
2016-06-06,5.96,6.03,5.96,5.99,24400,5.99
2016-06-03,6.03,6.05,5.95,5.99,91300,5.99
2016-06-02,6.07,6.12,6.03,6.08,37500,6.08
2016-06-01,6.12,6.12,6.05,6.10,6200,6.10
2016-05-31,6.07,6.15,6.01,6.08,21800,6.08
2016-05-27,6.04,6.05,5.80,6.03,34000,6.03
2016-05-26,6.01,6.07,6.01,6.05,12600,6.05
2016-05-25,6.03,6.12,6.00,6.02,14800,6.02
2016-05-24,6.14,6.14,6.05,6.05,8300,6.05
2016-05-23,6.03,6.19,6.03,6.13,21100,6.13
2016-05-20,6.05,6.06,6.05,6.06,4900,6.06
2016-05-19,6.05,6.07,6.05,6.06,9600,6.06
2016-05-18,6.05,6.08,6.04,6.05,21300,6.05
2016-05-17,6.14,6.14,6.04,6.05,5300,6.05
2016-05-16,6.12,6.18,6.11,6.14,13400,6.14
2016-05-13,6.20,6.21,6.12,6.17,7400,6.17
2016-05-12,6.15,6.23,6.15,6.21,150000,6.21
2016-05-11,6.23,6.23,6.18,6.23,107600,6.23
2016-05-10,6.20,6.23,6.17,6.23,145100,6.23
2016-05-09,6.14,6.25,6.14,6.21,43100,6.21
2016-05-06,6.15,6.26,6.15,6.20,26500,6.20
2016-05-05,6.22,6.29,6.21,6.22,4900,6.22
2016-05-04,6.17,6.26,6.17,6.25,32300,6.25
2016-05-03,6.12,6.27,6.11,6.21,27300,6.21
2016-05-02,6.17,6.24,6.14,6.21,24500,6.21
2016-04-29,6.21,6.26,6.17,6.24,10500,6.24
2016-04-28,6.20,6.25,6.19,6.20,37200,6.20
2016-04-27,6.19,6.23,6.13,6.22,8200,6.22
2016-04-26,6.22,6.24,6.15,6.24,11500,6.24
2016-04-25,6.21,6.28,6.21,6.24,5900,6.24
2016-04-22,6.12,6.30,6.12,6.24,21100,6.24
2016-04-21,6.30,6.31,6.14,6.14,343
00,6.14
2016-04-20,6.34,6.35,6.26,6.27,5200,6.27
2016-04-19,6.29,6.33,6.21,6.33,8700,6.33
2016-04-18,6.28,6.35,6.28,6.33,16800,6.33
2016-04-15,6.28,6.31,6.26,6.29,3100,6.29
2016-04-14,6.34,6.34,6.25,6.31,8100,6.31
2016-04-13,6.22,6.39,6.20,6.33,43900,6.33
2016-04-12,6.18,6.22,6.18,6.19,2700,6.19
2016-04-11,6.22,6.22,6.19,6.21,5200,6.21
2016-04-08,6.21,6.28,6.18,6.22,15800,6.22
2016-04-07,6.29,6.34,6.15,6.22,21100,6.22
2016-04-06,6.26,6.37,6.24,6.31,55700,6.31
2016-04-05,6.18,6.31,6.15,6.19,92800,6.19
2016-04-04,6.19,6.32,6.18,6.18,23000,6.18
2016-04-01,6.07,6.30,6.07,6.27,109000,6.27
2016-03-31,6.15,6.19,6.01,6.07,20700,6.07
2016-03-30,6.20,6.24,6.06,6.20,26000,6.20
2016-03-29,6.04,6.20,5.99,6.20,52100,6.20
2016-03-28,5.98,6.03,5.95,6.03,20200,6.03
2016-03-24,6.12,6.16,6.05,6.06,52900,6.06
2016-03-23,5.95,6.20,5.92,6.14,92300,6.14
2016-03-22,5.97,6.02,5.90,5.95,130100,5.95
2016-03-21,5.96,6.08,5.78,6.02,214300,6.02
2016-03-18,5.99,5.99,5.81,5.96,119500,5.96
2016-03-17,5.99,5.99,5.88,5.88,20100,5.88
2016-03-16,6.08,6.17,5.94,6.05,92000,6.05
2016-03-15,5.97,6.20,5.85,6.12,128600,6.12
2016-03-14,5.87,6.22,5.83,5.97,109100,5.97
2016-03-11,5.85,5.95,5.80,5.86,46700,5.86
2016-03-10,5.82,5.86,5.80,5.80,48400,5.80
2016-03-09,5.89,5.92,5.83,5.83,13700,5.83
2016-03-08,5.90,5.99,5.90,5.90,18900,5.90
2016-03-07,5.92,5.95,5.90,5.93,29700,5.93
2016-03-04,5.80,5.94,5.75,5.90,138400,5.90
2016-03-03,5.89,5.90,5.70,5.79,163600,5.79
2016-03-02,5.86,5.91,5.80,5.84,39300,5.84
2016-03-01,6.06,6.06,5.80,5.80,63900,5.80
2016-02-29,5.75,6.00,5.75,5.92,71400,5.92
2016-02-26,5.88,6.00,5.86,5.87,88000,5.87
2016-02-25,5.94,6.04,5.86,5.90,137400,5.90
2016-02-24,5.89,6.07,5.77,5.93,100300,5.93
2016-02-23,5.92,5.95,5.90,5.90,30300,5.90
2016-02-22,5.92,6.04,5.75,5.92,299800,5.92
2016-02-19,5.94,5.98,5.90,5.92,11700,5.92
2016-02-18,5.95,5.95,5.90,5.93,31600,5.93
2016-02-17,5.88,5.95,5.86,5.93,31600,5.93
2016-02-16,5.65,5.88,5.65,5.85,69100,5.85
2016-02-12,5.77,5.79,5.65,5.71,60700,5.71
2016-02-11,5.69,5.76,5.58,5.67,55100,5.67
2016-02-10,5.79,5.89,5.72,5.72,36800,5.72
2016-02-09,5.62,5.85,5.54,5.79,221200,5.79
2016-02-08,5.84,5.86,5.66,5.68,138000,5.68
2016-02-05,5.93,5.98,5.85,5.86,83400,5.86
2016-02-04,5.95,5.99,5.90,5.91,89900,5.91
2016-02-03,5.96,6.04,5.85,5.93,56900,5.93
2016-02-02,6.01,6.07,5.94,5.95,25100,5.95
2016-02-01,6.00,6.04,5.94,6.02,44800,6.02
2016-01-29,5.94,6.07,5.90,5.98,37400,5.98
2016-01-28,5.98,6.00,5.87,5.90,90400,5.90
2016-01-27,6.07,6.07,5.98,5.98,57300,5.98
2016-01-26,6.10,6.13,6.02,6.04,60900,6.04
2016-01-25,6.14,6.18,6.12,6.12,39000,6.12
2016-01-22,6.12,6.18,6.11,6.14,265300,6.14
2016-01-21,6.06,6.15,5.95,6.12,153700,6.12
2016-01-20,6.13,6.13,6.06,6.10,115100,6.10
2016-01-19,6.16,6.20,6.09,6.14,402700,6.14
2016-01-15,6.06,6.20,6.06,6.16,92400,6.16
2016-01-14,6.09,6.20,6.07,6.15,85300,6.15
2016-01-13,6.14,6.20,6.07,6.13,266500,6.13
2016-01-12,6.10,6.19,6.07,6.13,119500,6.13
2016-01-11,6.06,6.20,6.04,6.06,146400,6.06
2016-01-08,6.09,6.22,6.01,6.03,308300,6.03
2016-01-07,6.02,6.16,6.00,6.09,307000,6.09
2016-01-06,6.18,6.24,6.08,6.10,80800,6.10
2016-01-05,6.30,6.30,6.13,6.17,52300,6.17
2016-01-04,6.18,6.31,6.05,6.25,166100,6.25
2015-12-31,6.20,6.37,6.17,6.37,78600,6.37
2015-12-30,6.23,6.29,6.11,6.22,114000,6.22
2015-12-29,6.23,6.25,6.00,6.20,142300,6.20
2015-12-28,6.37,6.37,6.17,6.20,82700,6.20
2015-12-24,6.32,6.37,6.25,6.30,50700,6.30
2015-12-23,6.41,6.45,6.39,6.40,92600,6.40
2015-12-22,6.34,6.46,6.30,6.39,33000,6.39
2015-12-21,6.37,6.48,6.37,6.40,160200,6.40
2015-12-18,6.21,6.45,6.15,6.45,92300,6.45
2015-12-17,6.32,6.35
,6.17,6.21,99800,6.21
2015-12-16,6.26,6.33,6.21,6.23,24600,6.23
2015-12-15,6.28,6.36,6.25,6.28,69200,6.28
2015-12-14,6.26,6.35,6.26,6.29,27900,6.29
2015-12-11,6.39,6.39,6.30,6.30,31400,6.30
2015-12-10,6.39,6.40,6.34,6.39,49700,6.39
2015-12-09,6.31,6.40,6.31,6.39,36300,6.39
2015-12-08,6.37,6.40,6.32,6.35,52100,6.35
2015-12-07,6.29,6.40,6.29,6.36,72000,6.36
2015-12-04,6.30,6.40,6.27,6.38,52300,6.38
2015-12-03,6.42,6.45,6.30,6.30,40400,6.30
2015-12-02,6.40,6.41,6.36,6.40,45700,6.40
2015-12-01,6.37,6.45,6.36,6.41,33400,6.41
2015-11-30,6.39,6.47,6.35,6.37,104400,6.37
2015-11-27,6.33,6.42,6.33,6.38,7100,6.38
2015-11-25,6.39,6.40,6.32,6.32,59300,6.32
2015-11-24,6.30,6.39,6.23,6.38,108900,6.38
2015-11-23,6.26,6.38,6.26,6.30,20200,6.30
2015-11-20,6.25,6.29,6.22,6.25,57000,6.25
2015-11-19,6.39,6.39,6.24,6.26,12700,6.26
2015-11-18,6.23,6.39,6.16,6.38,121900,6.38
2015-11-17,6.36,6.40,6.24,6.25,190000,6.25
2015-11-16,6.37,6.37,6.25,6.32,114900,6.32
2015-11-13,6.35,6.38,6.31,6.36,86700,6.36
2015-11-12,6.38,6.40,6.31,6.34,116400,6.34
2015-11-11,6.44,6.44,6.36,6.38,138100,6.38
2015-11-10,6.43,6.46,6.38,6.41,74500,6.41
2015-11-09,6.45,6.46,6.41,6.44,92200,6.44
2015-11-06,6.43,6.51,6.37,6.42,299400,6.42
2015-11-05,6.35,6.46,6.27,6.32,671400,6.32
2015-11-04,6.40,6.40,6.31,6.36,33500,6.36
2015-11-03,6.39,6.40,6.31,6.40,53200,6.40
2015-11-02,6.36,6.40,6.30,6.40,76600,6.40
2015-10-30,6.34,6.37,6.29,6.37,67000,6.37
2015-10-29,6.32,6.40,6.30,6.32,79500,6.32
2015-10-28,6.37,6.40,6.33,6.37,37900,6.37
2015-10-27,6.36,6.40,6.36,6.38,28700,6.38
2015-10-26,6.40,6.53,6.37,6.38,88200,6.38
2015-10-23,6.31,6.45,6.25,6.35,428600,6.35
2015-10-22,6.35,6.35,6.27,6.30,77900,6.30
2015-10-21,6.31,6.34,6.29,6.32,177700,6.32
2015-10-20,6.25,6.37,6.25,6.34,84200,6.34
2015-10-19,6.25,6.36,6.23,6.26,66700,6.26
2015-10-16,6.25,6.30,6.21,6.23,30600,6.23
2015-10-15,6.20,6.33,6.17,6.23,242600,6.23
2015-10-14,6.20,6.27,6.19,6.21,43300,6.21
2015-10-13,6.19,6.28,6.17,6.21,160900,6.21
2015-10-12,6.21,6.28,6.21,6.23,37200,6.23
2015-10-09,6.21,6.26,6.10,6.23,167700,6.23
2015-10-08,6.22,6.28,6.20,6.24,200200,6.24
2015-10-07,6.18,6.27,6.18,6.23,145500,6.23
2015-10-06,6.18,6.34,6.12,6.19,421600,6.19
2015-10-05,6.05,6.26,6.05,6.21,257700,6.21
2015-10-02,5.99,6.23,5.87,6.22,149300,6.22
2015-10-01,6.06,6.06,5.81,6.00,256800,6.00
2015-09-30,6.02,6.08,5.92,6.02,231000,6.02
2015-09-29,6.15,6.18,5.99,6.04,179800,6.04
2015-09-28,6.25,6.25,6.16,6.18,116500,6.18
2015-09-25,6.30,6.30,6.18,6.24,139700,6.24
2015-09-24,6.18,6.27,6.15,6.18,72500,6.18
2015-09-23,6.31,6.31,6.18,6.22,88500,6.22
2015-09-22,6.20,6.27,6.20,6.25,34600,6.25
2015-09-21,6.34,6.40,6.20,6.25,141900,6.25
2015-09-18,6.42,6.45,6.25,6.25,54100,6.25
2015-09-17,6.37,6.54,6.32,6.45,86000,6.45
2015-09-16,6.28,6.43,6.24,6.35,257200,6.35
2015-09-15,6.30,6.35,6.19,6.22,53700,6.22
2015-09-14,6.36,6.39,6.23,6.33,38600,6.33
2015-09-11,6.38,6.42,6.32,6.39,35400,6.39
2015-09-10,6.40,6.56,6.37,6.40,72900,6.40
2015-09-09,6.33,6.47,6.31,6.40,52800,6.40
2015-09-08,6.36,6.39,6.15,6.29,103000,6.29
2015-09-04,6.05,6.35,6.02,6.25,106600,6.25
2015-09-03,6.33,6.36,6.05,6.08,171100,6.08
2015-09-02,6.55,6.55,6.30,6.33,59600,6.33
2015-09-01,6.48,6.55,6.22,6.52,231300,6.52
2015-08-31,6.61,6.69,6.52,6.52,141800,6.52
2015-08-28,6.58,6.69,6.55,6.69,118500,6.69
2015-08-27,6.38,6.65,6.33,6.60,403200,6.60
2015-08-26,6.68,6.68,6.24,6.28,171600,6.28
2015-08-25,6.81,6.87,6.55,6.57,164300,6.57
2015-08-24,6.54,6.69,6.20,6.58,245200,6.58
2015-08-21,7.03,7.09,6.91,6.97,408700,6.97
2015-08-20,7.29,7.29,7.14,7.16,284700,7.16
2015-08-19,7.41,7.47,7.19,7.29,319700,7.29
2015-08-18,7.61,7.61,7.07,7.45,214800,7.45
2015-08-17,7.28,7.69,7.28,7.65
,207600,7.65
2015-08-14,7.35,7.47,7.21,7.33,121500,7.33
2015-08-13,6.99,7.45,6.98,7.35,348300,7.35
2015-08-12,7.03,7.05,6.86,6.95,300900,6.95
2015-08-11,6.89,7.13,6.89,7.02,515000,7.02
2015-08-10,7.08,7.14,6.97,7.00,259900,7.00
2015-08-07,6.70,7.02,6.67,6.97,670900,6.97
2015-08-06,7.01,7.19,6.42,6.69,2134000,6.69
2015-08-05,5.86,5.92,5.79,5.88,134000,5.88
2015-08-04,5.98,6.05,5.86,5.88,286200,5.88
2015-08-03,5.58,6.06,5.56,6.02,227800,6.02
2015-07-31,5.45,5.59,5.45,5.54,173600,5.54
2015-07-30,5.40,5.45,5.31,5.44,149400,5.44
2015-07-29,5.61,5.61,5.40,5.42,288800,5.42
2015-07-28,5.64,5.64,5.52,5.54,230900,5.54
2015-07-27,5.55,5.69,5.55,5.62,159600,5.62
2015-07-24,5.80,5.86,5.69,5.77,131000,5.77
2015-07-23,5.81,5.91,5.80,5.81,147300,5.81
2015-07-22,5.86,5.93,5.80,5.82,219500,5.82
2015-07-21,5.64,5.88,5.64,5.85,149500,5.85
2015-07-20,5.56,5.66,5.56,5.61,183000,5.61
2015-07-17,5.51,5.58,5.51,5.55,125700,5.55
2015-07-16,5.57,5.59,5.51,5.55,132800,5.55
2015-07-15,5.58,5.58,5.49,5.52,253500,5.52
2015-07-14,5.48,5.62,5.48,5.56,97700,5.56
2015-07-13,5.54,5.54,5.48,5.51,118200,5.51
2015-07-10,5.58,5.60,5.45,5.51,182300,5.51
2015-07-09,5.17,5.54,5.15,5.49,559800,5.49
2015-07-08,5.40,5.40,5.02,5.13,353300,5.13
2015-07-07,5.02,5.55,4.61,5.45,1029700,5.45
2015-07-06,6.10,6.12,4.85,5.16,979300,5.16
2015-07-02,6.15,6.27,6.13,6.19,439300,6.19
2015-07-01,6.27,6.27,6.11,6.20,90000,6.20
2015-06-30,6.15,6.26,6.13,6.16,131400,6.16
2015-06-29,6.30,6.32,5.98,6.16,460000,6.16
2015-06-26,6.29,6.32,6.23,6.27,323200,6.27
2015-06-25,6.39,6.39,6.30,6.34,208300,6.34
2015-06-24,6.47,6.47,6.34,6.41,132900,6.41
2015-06-23,6.25,6.48,6.25,6.44,172200,6.44
2015-06-22,6.21,6.33,6.21,6.30,337300,6.30
2015-06-19,6.20,6.31,6.05,6.21,815700,6.21
2015-06-18,6.45,6.50,6.16,6.20,1199700,6.20
2015-06-17,6.40,6.82,6.30,6.43,1978400,6.43
2015-06-16,6.16,6.21,6.15,6.17,71700,6.17
2015-06-15,6.15,6.22,6.15,6.17,100500,6.17
2015-06-12,6.13,6.21,6.12,6.17,135500,6.17
2015-06-11,6.19,6.27,6.10,6.12,260900,6.12
2015-06-10,6.21,6.25,6.18,6.19,107800,6.19
2015-06-09,6.19,6.35,6.14,6.19,117600,6.19
2015-06-08,6.31,6.31,6.16,6.19,160900,6.19
2015-06-05,6.24,6.34,6.19,6.29,205600,6.29
2015-06-04,6.15,6.25,6.15,6.24,287200,6.24
2015-06-03,6.12,6.18,6.09,6.15,374200,6.15
2015-06-02,6.15,6.16,6.10,6.13,184500,6.13
2015-06-01,6.20,6.20,6.09,6.15,231900,6.15
2015-05-29,6.14,6.24,6.02,6.18,677900,6.18
2015-05-28,6.14,6.16,6.10,6.12,50900,6.12
2015-05-27,6.08,6.17,6.08,6.15,40000,6.15
2015-05-26,6.15,6.17,6.09,6.11,387900,6.11
2015-05-22,6.17,6.17,6.16,6.16,98600,6.16
2015-05-21,6.17,6.17,6.10,6.17,140700,6.17
2015-05-20,6.16,6.17,6.12,6.17,192100,6.17
2015-05-19,6.17,6.17,6.13,6.17,86000,6.17
2015-05-18,6.13,6.20,6.12,6.17,121100,6.17
2015-05-15,6.15,6.15,6.10,6.13,60600,6.13
2015-05-14,6.20,6.20,6.09,6.12,122000,6.12
2015-05-13,6.19,6.21,6.10,6.16,89600,6.16
2015-05-12,6.11,6.20,6.07,6.15,239900,6.15
2015-05-11,5.97,6.24,5.97,6.10,267000,6.10
2015-05-08,6.21,6.24,5.90,5.95,355400,5.95
2015-05-07,6.14,6.26,6.10,6.19,171700,6.19
2015-05-06,6.18,6.23,6.10,6.20,87500,6.20
2015-05-05,6.31,6.32,6.07,6.15,534200,6.15
2015-05-04,6.40,6.41,6.04,6.35,1209600,6.35
2015-05-01,6.36,6.39,6.32,6.34,66600,6.34
2015-04-30,6.31,6.37,6.14,6.30,343600,6.30
2015-04-29,6.40,6.48,6.30,6.33,568600,6.33
2015-04-28,6.61,6.70,6.30,6.38,1550600,6.38
2015-04-27,6.60,6.99,6.56,6.71,1292100,6.71
2015-04-24,6.85,7.24,6.85,7.22,623800,7.22
2015-04-23,6.43,6.85,6.43,6.8
0,512800,6.80
2015-04-22,6.60,6.81,6.25,6.42,556700,6.42
2015-04-21,6.11,6.53,6.11,6.47,656500,6.47
2015-04-20,5.89,6.19,5.80,6.00,945800,6.00
2015-04-17,5.85,5.87,5.75,5.84,146100,5.84
2015-04-16,5.93,5.99,5.79,5.85,285800,5.85
2015-04-15,5.73,5.90,5.66,5.90,138500,5.90
2015-04-14,5.66,5.99,5.66,5.69,1057500,5.69
2015-04-13,5.41,5.67,5.39,5.63,324600,5.63
2015-04-10,5.67,5.72,5.35,5.38,373200,5.38
2015-04-09,5.60,5.80,5.54,5.64,317500,5.64
2015-04-08,5.50,5.92,5.50,5.61,420200,5.61
2015-04-07,6.04,6.04,5.41,5.49,214900,5.49
2015-04-06,5.75,6.10,5.75,5.98,305600,5.98
2015-04-02,5.19,5.75,5.16,5.69,527900,5.69
2015-04-01,5.16,5.27,4.91,5.09,379400,5.09
2015-03-31,5.36,5.36,5.11,5.11,120900,5.11
2015-03-30,5.72,5.76,5.39,5.42,245100,5.42
2015-03-27,5.54,5.87,5.54,5.65,81200,5.65
2015-03-26,5.62,5.74,5.40,5.57,180700,5.57
2015-03-25,6.44,6.53,5.63,5.71,368200,5.71
2015-03-24,6.10,6.56,5.88,6.39,463600,6.39
2015-03-23,5.91,6.70,5.82,6.20,903400,6.20
2015-03-20,5.34,5.90,5.23,5.78,342000,5.78
2015-03-19,5.20,5.79,5.19,5.54,297700,5.54
2015-03-18,4.99,5.30,4.93,5.18,140100,5.18
2015-03-17,4.85,5.02,4.85,5.02,72000,5.02
2015-03-16,4.84,4.97,4.81,4.86,70200,4.86
2015-03-13,4.89,4.99,4.81,4.81,45000,4.81
2015-03-12,4.83,5.00,4.69,4.86,95600,4.86
2015-03-11,4.76,4.83,4.75,4.80,43800,4.80
2015-03-10,4.82,4.88,4.75,4.78,90600,4.78
2015-03-09,4.70,4.93,4.70,4.83,83400,4.83
2015-03-06,4.65,4.70,4.60,4.66,70400,4.66
2015-03-05,4.75,4.79,4.65,4.65,97300,4.65
2015-03-04,4.84,4.85,4.62,4.65,121600,4.65
2015-03-03,4.82,4.82,4.76,4.80,45200,4.80
2015-03-02,5.02,5.05,4.83,4.85,86800,4.85
2015-02-27,5.07,5.07,4.91,4.99,98300,4.99
2015-02-26,5.35,5.35,5.00,5.07,232500,5.07
2015-02-25,5.29,5.38,5.21,5.35,80300,5.35
2015-02-24,5.35,5.47,5.26,5.38,132700,5.38
2015-02-23,5.32,5.39,5.15,5.37,140400,5.37
2015-02-20,5.30,5.40,5.16,5.36,182600,5.36
2015-02-19,4.84,5.34,4.80,5.32,125100,5.32
2015-02-18,4.81,4.88,4.75,4.86,36000,4.86
2015-02-17,4.75,4.93,4.64,4.80,104700,4.80
2015-02-13,4.80,4.83,4.67,4.75,105500,4.75
2015-02-12,4.65,4.84,4.60,4.81,23600,4.81
2015-02-11,4.68,4.70,4.63,4.70,15600,4.70
2015-02-10,4.73,4.82,4.70,4.75,13300,4.75
2015-02-09,4.70,4.87,4.64,4.77,12300,4.77
2015-02-06,4.82,4.89,4.67,4.76,31300,4.76
2015-02-05,5.04,5.05,4.78,4.78,35500,4.78
2015-02-04,4.93,5.03,4.79,5.00,101200,5.00
2015-02-03,4.76,4.90,4.75,4.87,20500,4.87
2015-02-02,4.73,4.81,4.52,4.75,20700,4.75
2015-01-30,4.97,5.10,4.58,4.67,138500,4.67
2015-01-29,4.54,5.00,4.51,4.96,123400,4.96
2015-01-28,4.65,4.70,4.52,4.60,11600,4.60
2015-01-27,4.52,4.62,4.43,4.62,36800,4.62
2015-01-26,4.50,4.54,4.50,4.53,30500,4.53
2015-01-23,4.54,4.57,4.50,4.50,23800,4.50
2015-01-22,4.62,4.62,4.50,4.52,13800,4.52
2015-01-21,4.40,4.70,4.40,4.54,48400,4.54
2015-01-20,4.34,4.40,4.30,4.36,37800,4.36
2015-01-16,4.32,4.41,4.27,4.38,83900,4.38
2015-01-15,4.57,4.67,4.27,4.27,20900,4.27
2015-01-14,4.65,4.65,4.42,4.52,28400,4.52
2015-01-13,4.71,4.75,4.60,4.60,37500,4.60
2015-01-12,4.66,4.78,4.65,4.65,101700,4.65
2015-01-09,4.67,4.67,4.62,4.66,13100,4.66
2015-01-08,4.64,4.69,4.53,4.62,59600,4.62
2015-01-07,4.61,4.70,4.53,4.59,36700,4.5
9
2015-01-06,4.64,4.68,4.51,4.60,30000,4.60
2015-01-05,4.67,4.69,4.58,4.68,22400,4.68
2015-01-02,4.59,4.66,4.42,4.65,80300,4.65
2014-12-31,4.46,4.70,4.45,4.52,52000,4.52
2014-12-30,4.30,4.43,4.30,4.43,49400,4.43
2014-12-29,4.46,4.46,4.29,4.30,16900,4.30
2014-12-26,4.38,4.46,4.38,4.42,8200,4.42
2014-12-24,4.32,4.40,4.30,4.40,15000,4.40
2014-12-23,4.32,4.44,4.13,4.35,71000,4.35
2014-12-22,4.29,4.40,4.29,4.29,20300,4.29
2014-12-19,4.31,4.41,4.25,4.29,30700,4.29
2014-12-18,4.40,4.43,4.27,4.27,29300,4.27
2014-12-17,4.34,4.44,4.29,4.29,64400,4.29
2014-12-16,4.13,4.50,4.13,4.31,114600,4.31
2014-12-15,4.25,4.29,4.10,4.15,83100,4.15
2014-12-12,4.34,4.34,4.25,4.25,31100,4.25
2014-12-11,4.38,4.45,4.30,4.34,65100,4.34
2014-12-10,4.53,4.53,4.34,4.39,41200,4.39
2014-12-09,4.29,4.52,4.25,4.52,82800,4.52
2014-12-08,4.60,4.60,4.25,4.35,112300,4.35
2014-12-05,4.51,4.70,4.50,4.60,410400,4.60
2014-12-04,4.66,4.66,4.55,4.58,45200,4.58
2014-12-03,4.64,4.69,4.55,4.69,79800,4.69
2014-12-02,4.66,4.71,4.61,4.70,32700,4.70
2014-12-01,4.77,4.77,4.58,4.65,45600,4.65
2014-11-28,4.91,4.95,4.57,4.79,62200,4.79
2014-11-26,4.95,4.99,4.80,4.94,174600,4.94
2014-11-25,4.75,4.90,4.72,4.85,38300,4.85
2014-11-24,4.85,4.87,4.68,4.72,59600,4.72
2014-11-21,4.93,4.94,4.77,4.77,25300,4.77
2014-11-20,4.84,4.96,4.83,4.93,59700,4.93
2014-11-19,4.78,4.82,4.76,4.80,41700,4.80
2014-11-18,4.74,4.80,4.71,4.78,28000,4.78
2014-11-17,4.80,4.80,4.70,4.71,49600,4.71
2014-11-14,4.75,4.85,4.75,4.78,31900,4.78
2014-11-13,4.80,4.89,4.75,4.80,48800,4.80
2014-11-12,4.96,4.99,4.83,4.85,25100,4.85
2014-11-11,4.98,5.00,4.95,4.95,34700,4.95
2014-11-10,5.05,5.10,4.90,4.92,54100,4.92
2014-11-07,5.18,5.18,5.00,5.05,35500,5.05
2014-11-06,5.00,5.40,5.00,5.19,152900,5.19
2014-11-05,5.17,5.18,5.00,5.00,29800,5.00
2014-11-04,4.95,5.19,4.95,5.17,65400,5.17
2014-11-03,5.05,5.14,4.91,4.94,62400,4.94
2014-10-31,5.03,5.15,5.03,5.09,25700,5.09
2014-10-30,5.00,5.39,4.93,5.00,224600,5.00
2014-10-29,4.94,5.01,4.94,5.00,29000,5.00
2014-10-28,5.00,5.04,4.93,5.01,60600,5.01
2014-10-27,5.11,5.13,4.95,4.96,59900,4.96
2014-10-24,5.07,5.07,4.94,5.05,44200,5.05
2014-10-23,4.94,5.10,4.90,5.02,86500,5.02
2014-10-22,4.96,4.99,4.91,4.92,27600,4.92
2014-10-21,4.94,5.00,4.94,4.96,10900,4.96
2014-10-20,5.12,5.15,4.90,4.93,75100,4.93
2014-10-17,5.05,5.20,4.99,5.11,188100,5.11
2014-10-16,4.95,5.09,4.91,5.08,214300,5.08
2014-10-15,5.10,5.10,4.90,5.04,30900,5.04
2014-10-14,5.06,5.12,5.04,5.11,84800,5.11
2014-10-13,4.93,5.07,4.88,5.07,332400,5.07
2014-10-10,4.94,5.00,4.87,4.91,31900,4.91
2014-10-09,4.88,5.11,4.87,4.99,34500,4.99
2014-10-08,4.73,4.94,4.73,4.90,40400,4.90
2014-10-07,4.77,4.88,4.77,4.80,26800,4.80
2014-10-06,4.80,4.83,4.77,4.77,8600,4.77
2014-10-03,4.65,4.85,4.65,4.83,17500,4.83
2014-10-02,4.73,4.87,4.56,4.67,50500,4.67
2014-10-01,4.86,4.86,4.66,4.75,90200,4.75
2014-09-30,4.89,4.96,4.83,4.89,27700,4.89
2014-09-29,4.95,5.01,4.84,4.93,35100,4.93
2014-09-26,5.04,5.06,4.95,4.99,36500,4.99
2014-09-25,5.04,5.04,4.94,4.97,29500,4.97
2014-09-24,5.00,5.13,5.00,5.10,18600,5.10
2014-09-23,5.02,5.05,4.90,4.99,47600,4.99
2014-09-22,5.11,5.16,5.00,5.01,69400,5.01
2014-09-19,5.22,5.25,5.09,5.21,146000,5.21
2014-09-18,5.23,5.23,5.12,5.21,93000,5.21
2014-09-17,5.20,5.24,5.16,5.19,47000,5.19
2014-09-16,5.18,5.23,5.05,5.19,84700,5.19
2014-09-15,5.24,5.28,5.15,5.21,49100,5.21
2014-09-12,5.30,5.40,5.22,5.25,43200,5.25
2014-09-11,5.08,5.45,5.08,5.36,85200,5.36
2014
-09-10,4.96,5.20,4.94,5.07,88000,5.07
2014-09-09,5.06,5.06,4.85,4.95,42000,4.95
2014-09-08,4.93,5.08,4.93,4.99,70700,4.99
2014-09-05,4.84,5.03,4.80,4.91,65800,4.91
2014-09-04,5.10,5.16,4.91,4.91,87100,4.91
2014-09-03,5.12,5.20,4.88,5.02,178400,5.02
2014-09-02,5.40,5.40,5.12,5.13,59200,5.13
2014-08-29,5.45,5.45,5.05,5.25,112800,5.25
2014-08-28,5.22,5.30,5.07,5.23,158100,5.23
2014-08-27,5.53,5.56,5.10,5.29,204800,5.29
2014-08-26,5.68,5.68,5.25,5.57,224400,5.57
2014-08-25,4.80,5.70,4.80,5.70,342000,5.70
2014-08-22,4.70,4.79,4.65,4.77,66000,4.77
2014-08-21,4.51,4.67,4.42,4.65,42500,4.65
2014-08-20,4.52,4.55,4.48,4.53,17600,4.53
2014-08-19,4.50,4.56,4.48,4.55,22200,4.55
2014-08-18,4.50,4.54,4.43,4.54,20100,4.54
2014-08-15,4.60,4.60,4.44,4.53,22100,4.53
2014-08-14,4.55,4.68,4.49,4.60,20700,4.60
2014-08-13,4.51,4.59,4.46,4.59,26900,4.59
2014-08-12,4.53,4.59,4.43,4.54,109300,4.54
2014-08-11,4.45,4.60,4.31,4.55,33700,4.55
2014-08-08,4.47,4.52,4.43,4.47,35000,4.47
2014-08-07,4.39,4.57,4.39,4.49,56700,4.49
2014-08-06,4.34,4.58,4.34,4.37,52300,4.37
2014-08-05,4.33,4.41,4.27,4.34,27800,4.34
2014-08-04,4.50,4.51,4.28,4.32,55500,4.32
2014-08-01,4.51,4.62,4.39,4.47,72600,4.47
2014-07-31,4.51,4.55,4.44,4.48,39000,4.48
2014-07-30,4.62,4.68,4.31,4.53,112400,4.53
2014-07-29,4.51,4.64,4.46,4.56,48000,4.56
2014-07-28,4.56,4.60,4.45,4.51,87400,4.51
2014-07-25,4.65,4.69,4.60,4.60,35000,4.60
2014-07-24,4.69,4.73,4.61,4.63,66800,4.63
2014-07-23,4.64,4.74,4.54,4.66,101800,4.66
2014-07-22,4.50,4.66,4.50,4.57,80700,4.57
2014-07-21,4.57,4.61,4.45,4.47,81200,4.47
2014-07-18,4.55,4.63,4.45,4.53,139700,4.53
2014-07-17,4.81,4.88,4.56,4.59,218000,4.59
2014-07-16,4.67,4.90,4.67,4.81,163800,4.81
2014-07-15,4.61,4.74,4.61,4.64,62500,4.64
2014-07-14,4.79,4.88,4.60,4.69,349700,4.69
2014-07-11,4.70,4.87,4.60,4.82,122900,4.82
2014-07-10,4.33,4.72,4.16,4.65,233000,4.65
2014-07-09,4.47,4.73,4.47,4.57,443300,4.57
2014-07-08,5.38,5.38,4.12,4.34,1382000,4.34
2014-07-07,5.46,5.48,5.20,5.41,207900,5.41
2014-07-03,5.38,5.50,5.33,5.46,77400,5.46
2014-07-02,5.48,5.48,5.25,5.41,214000,5.41
2014-07-01,5.50,5.64,5.48,5.49,72700,5.49
2014-06-30,5.60,5.68,5.44,5.52,386000,5.52
2014-06-27,5.39,5.54,5.39,5.48,234100,5.48
2014-06-26,5.50,5.60,5.30,5.44,611000,5.44
2014-06-25,5.40,5.70,5.40,5.58,236600,5.58
2014-06-24,5.40,5.70,5.26,5.41,357200,5.41
2014-06-23,5.00,5.49,4.95,5.43,611500,5.43
2014-06-20,4.80,5.00,4.77,5.00,161200,5.00
2014-06-19,4.75,4.84,4.72,4.80,97800,4.80
2014-06-18,4.64,4.76,4.60,4.70,133900,4.70
2014-06-17,4.62,4.65,4.53,4.57,50200,4.57
2014-06-16,4.57,4.61,4.54,4.60,73600,4.60
2014-06-13,4.57,4.83,4.56,4.58,96700,4.58
2014-06-12,4.58,4.60,4.51,4.59,17900,4.59
2014-06-11,4.68,4.68,4.53,4.59,53700,4.59
2014-06-10,4.51,4.72,4.43,4.72,119000,4.72
2014-06-09,4.77,4.80,4.53,4.56,105900,4.56
2014-06-06,4.47,4.84,4.45,4.82,204800,4.82
2014-06-05,4.40,4.47,4.40,4.43,25200,4.43
2014-06-04,4.44,4.45,4.35,4.35,15900,4.35
2014-06-03,4.35,4.50,4.35,4.42,30500,4.42
2014-06-02,4.45,4.45,4.34,4.36,9400,4.36
2014-05-30,4.46,4.50,4.46,4.47,7000,4.47
2014-05-29,4.45,4.50,4.33,4.50,76800,4.50
2014-05-28,4.44,4.47,4.42,4.45,30500,4.45
2014-05-27,4.42,4.53,4.42,4.46,13700,4.46
2014-05-23,4.36,4.47,4.30,4.43,43900,4.43
2014-05-22,4.34,4.41,4.21,4.34,71100,4.34
2014-05-21,4.33,4.43,4.14,4.30,75800,4.30
2014-05-20,4.43,4.43,4.33,4.33,7200,4.3
3
2014-05-19,4.32,4.51,4.30,4.39,82200,4.39
2014-05-16,4.47,4.52,4.30,4.34,40500,4.34
2014-05-15,4.45,4.50,4.42,4.50,18000,4.50
2014-05-14,4.59,4.61,4.41,4.47,67700,4.47
2014-05-13,4.55,4.67,4.55,4.59,33900,4.59
2014-05-12,4.52,4.62,4.50,4.58,59300,4.58
2014-05-09,4.45,4.58,4.44,4.54,60400,4.54
2014-05-08,4.29,4.47,4.28,4.43,71600,4.43
2014-05-07,4.28,4.33,4.25,4.30,58000,4.30
2014-05-06,4.33,4.33,4.29,4.30,8900,4.30
2014-05-05,4.32,4.37,4.29,4.30,69300,4.30
2014-05-02,4.30,4.34,4.27,4.33,18400,4.33
2014-05-01,4.29,4.33,4.27,4.30,38600,4.30
2014-04-30,4.28,4.32,4.28,4.30,154500,4.30
2014-04-29,4.29,4.32,4.22,4.30,100300,4.30
2014-04-28,4.28,4.29,4.25,4.25,114700,4.25
2014-04-25,4.25,4.29,4.17,4.25,225100,4.25
2014-04-24,4.28,4.28,4.16,4.24,49300,4.24
2014-04-23,4.30,4.31,4.28,4.30,32500,4.30
2014-04-22,4.20,4.32,4.18,4.30,151600,4.30
2014-04-21,4.29,4.30,4.14,4.22,53400,4.22
2014-04-17,4.29,4.32,4.25,4.29,48100,4.29
2014-04-16,4.18,4.28,4.15,4.28,288300,4.28
2014-04-15,4.19,4.22,4.15,4.18,250700,4.18
2014-04-14,4.15,4.17,4.09,4.15,21800,4.15
2014-04-11,4.19,4.22,4.09,4.15,152800,4.15
2014-04-10,4.21,4.25,4.09,4.19,84300,4.19
2014-04-09,4.11,4.20,4.11,4.20,67000,4.20
2014-04-08,4.06,4.11,4.06,4.10,161600,4.10
2014-04-07,4.17,4.17,4.08,4.10,96800,4.10
2014-04-04,4.15,4.17,4.09,4.16,216200,4.16
2014-04-03,4.10,4.15,4.10,4.14,112800,4.14
2014-04-02,4.15,4.15,4.03,4.07,39300,4.07
2014-04-01,4.00,4.15,4.00,4.15,96000,4.15
2014-03-31,4.00,4.01,3.98,4.00,112600,4.00
2014-03-28,4.04,4.10,3.98,3.99,109500,3.99
2014-03-27,4.32,4.35,3.98,4.02,311600,4.02
2014-03-26,4.08,4.30,4.06,4.29,597300,4.29
2014-03-25,4.05,4.15,4.00,4.06,71500,4.06
2014-03-24,4.01,4.11,3.90,4.03,151400,4.03
2014-03-21,4.00,4.12,3.93,4.00,132500,4.00
2014-03-20,4.17,4.17,3.98,4.00,115200,4.00
2014-03-19,4.19,4.30,4.18,4.20,178100,4.20
2014-03-18,4.29,4.30,4.20,4.22,122100,4.22
2014-03-17,4.31,4.31,4.23,4.29,91300,4.29
2014-03-14,4.30,4.32,4.20,4.31,220000,4.31
2014-03-13,4.34,4.35,4.25,4.30,290800,4.30
2014-03-12,4.38,4.49,4.28,4.31,430600,4.31
2014-03-11,4.30,4.43,4.29,4.42,133800,4.42
2014-03-10,4.46,4.55,4.29,4.34,233300,4.34
2014-03-07,4.30,4.85,4.29,4.44,777500,4.44
2014-03-06,4.30,4.32,4.28,4.30,98500,4.30
2014-03-05,4.32,4.32,4.25,4.27,59600,4.27
2014-03-04,4.29,4.35,4.23,4.31,84900,4.31
2014-03-03,4.30,4.30,4.16,4.28,89400,4.28
2014-02-28,4.36,4.36,4.20,4.28,180700,4.28
2014-02-27,4.19,4.39,4.16,4.32,107000,4.32
2014-02-26,4.19,4.30,4.11,4.21,150500,4.21
2014-02-25,4.18,4.23,4.05,4.14,207200,4.14
2014-02-24,4.10,4.32,4.05,4.17,621600,4.17
2014-02-21,4.00,4.22,3.98,4.08,671700,4.08
2014-02-20,3.92,4.00,3.92,3.99,68100,3.99
2014-02-19,3.92,3.95,3.92,3.93,17300,3.93
2014-02-18,3.92,3.95,3.92,3.95,14500,3.95
2014-02-14,3.92,3.95,3.92,3.92,15300,3.92
2014-02-13,3.95,3.97,3.92,3.92,9800,3.92
2014-02-12,3.95,4.00,3.92,3.95,33800,3.95
2014-02-11,3.97,3.97,3.95,3.96,7300,3.96
2014-02-10,3.95,4.00,3.92,3.96,19700,3.96
2014-02-07,3.99,3.99,3.91,3.98,14400,3.98
2014-02-06,3.92,3.99,3.92,3.99,15400,3.99
2014-02-05,3.90,3.96,3.90,3.96,5700,3.96
2014-02-04,3.98,4.00,3.94,3.96,21300,3.96
2014-02-03,3.96,3.97,3.92,3.96,51800,3.96
2014-01-31,3.92,3.97,3.90,3.95,34300,3.95
2014-01-30,3.87,3.98,3.86,3.93,15000,3.93
2014-01-29,3.86,3.86,3.80,3.82,14800,3.82
2014-01-28,3.88,3.88,3.77,3.85,60100,3.85
2014-01-27,3.93,3.99,3.70,3.90,188800,3.90
2014-01-24,3.98,3.98,3.86,3.96,54600,3.96
2014-01-23,4.00,4.00,3.86,4.00,50300,4.00
2014-01-22,4.03,4.04,3.97,4.00,41600,4.00
2014-01-21,4.00,4.04,4.00,4.01,53400,4.01
2014-01-17,3.99,4.04,3.92,3.97,86200,3.97
2014-01-16,4.05,4.05,3.92,3.98,21700,3.98
2014-01-15,3.94,4.05,3.94,4.05,
69000,4.05
2014-01-14,3.93,3.96,3.89,3.92,16800,3.92
2014-01-13,3.98,4.01,3.88,3.88,34400,3.88
2014-01-10,3.91,4.02,3.87,4.01,52100,4.01
2014-01-09,3.90,3.98,3.83,3.90,44800,3.90
2014-01-08,3.90,3.93,3.90,3.91,22200,3.91
2014-01-07,3.96,3.98,3.87,3.91,75800,3.91
2014-01-06,4.00,4.02,3.92,3.95,93600,3.95
2014-01-03,4.02,4.02,3.98,4.00,309900,4.00
2014-01-02,4.01,4.02,3.93,4.02,156400,4.02
2013-12-31,4.03,4.03,3.92,4.01,249500,4.01
2013-12-30,4.03,4.04,3.90,4.00,245200,4.00
2013-12-27,3.87,4.00,3.87,4.00,61100,4.00
2013-12-26,4.10,4.13,3.83,3.91,104800,3.91
2013-12-24,4.05,4.10,4.05,4.09,16600,4.09
2013-12-23,4.00,4.05,3.85,4.05,52400,4.05
2013-12-20,4.00,4.00,3.99,3.99,79200,3.99
2013-12-19,4.00,4.00,3.93,4.00,201700,4.00
2013-12-18,4.02,4.02,3.91,4.00,164900,4.00
2013-12-17,4.01,4.01,3.96,4.01,157900,4.01
2013-12-16,4.06,4.06,3.90,4.01,63000,4.01
2013-12-13,4.04,4.07,4.03,4.05,306000,4.05
2013-12-12,4.06,4.06,4.00,4.04,14800,4.04
2013-12-11,3.94,4.05,3.94,4.05,138800,4.05
2013-12-10,3.97,4.04,3.87,3.97,48900,3.97
2013-12-09,4.10,4.10,3.96,4.03,33400,4.03
2013-12-06,4.07,4.10,4.00,4.10,51900,4.10
2013-12-05,3.89,4.02,3.83,4.01,36100,4.01
2013-12-04,4.05,4.05,3.95,3.95,44100,3.95
2013-12-03,4.00,4.00,3.97,4.00,43000,4.00
2013-12-02,4.00,4.02,3.84,4.00,86100,4.00
2013-11-29,3.97,4.05,3.95,4.02,38400,4.02
2013-11-27,3.97,4.03,3.93,3.93,43600,3.93
2013-11-26,3.95,4.05,3.92,3.98,130600,3.98
2013-11-25,3.97,4.12,3.82,3.97,61500,3.97
2013-11-22,4.22,4.23,3.96,4.00,74400,4.00
2013-11-21,4.24,4.24,4.15,4.23,120600,4.23
2013-11-20,4.15,4.24,4.09,4.22,150300,4.22
2013-11-19,4.05,4.17,4.05,4.14,120100,4.14
2013-11-18,3.80,4.10,3.80,4.02,438600,4.02
2013-11-15,4.01,4.01,3.70,3.72,288300,3.72
2013-11-14,4.00,4.01,3.98,3.98,78900,3.98
2013-11-13,3.99,4.00,3.95,3.99,61600,3.99
2013-11-12,4.00,4.06,3.94,3.99,56800,3.99
2013-11-11,4.02,4.02,3.98,4.00,222000,4.00
2013-11-08,4.00,4.01,3.98,3.99,90300,3.99
2013-11-07,4.04,4.05,3.98,3.98,82600,3.98
2013-11-06,4.00,4.10,3.98,4.01,89600,4.01
2013-11-05,4.05,4.08,3.94,3.98,44700,3.98
2013-11-04,4.07,4.18,3.96,4.07,158300,4.07
2013-11-01,4.15,4.15,4.03,4.09,82900,4.09
2013-10-31,4.00,4.17,3.93,4.15,135700,4.15
2013-10-30,3.88,4.00,3.87,3.98,111100,3.98
2013-10-29,3.82,3.95,3.78,3.87,98700,3.87
2013-10-28,4.00,4.00,3.75,3.82,175400,3.82
2013-10-25,4.05,4.05,3.85,4.00,126100,4.00
2013-10-24,4.05,4.07,4.00,4.04,85300,4.04
2013-10-23,4.00,4.07,3.97,4.06,86100,4.06
2013-10-22,3.92,4.03,3.87,4.00,74300,4.00
2013-10-21,4.06,4.14,3.89,3.92,142100,3.92
2013-10-18,4.14,4.15,4.00,4.05,225900,4.05
2013-10-17,4.07,4.15,4.05,4.10,180500,4.10
2013-10-16,3.92,4.20,3.86,4.09,731600,4.09
2013-10-15,3.83,4.00,3.83,3.92,233800,3.92
2013-10-14,3.81,3.87,3.79,3.85,225300,3.85
2013-10-11,3.88,3.90,3.80,3.85,142900,3.85
2013-10-10,3.85,3.86,3.82,3.85,102100,3.85
2013-10-09,3.80,3.86,3.80,3.82,67900,3.82
2013-10-08,3.88,3.92,3.78,3.80,62900,3.80
2013-10-07,3.71,3.92,3.71,3.90,173300,3.90
2013-10-04,3.82,3.93,3.67,3.71,76900,3.71
2013-10-03,3.99,4.00,3.77,3.78,127500,3.78
2013-10-02,3.92,3.95,3.74,3.94,277600,3.94
2013-10-01,3.80,3.81,3.76,3.80,61100,3.80
2013-09-30,4.00,4.00,3.70,3.80,301300,3.80
2013-09-27,3.43,4.17,3.30,4.16,1626800,4.16
2013-09-26,3.50,3.52,3.38,3.46,96600,3.46
2013-09-25,3.55,3.59,3.48,3.49,304900,3.49
2013-09-24,3.56,3.59,3.48,3.56,223800,3.56
2013-09-23,3.43,3.60,3.41,3.57,308200,3.57
2013-09-20,3.43,3.47,3.35,3.39,97800,3.39
2013-09-19,3.45,3.45,3.37,3.42,102500,3.42
2013-09-18,3.44,3.50,3.35,3.46,132600,3.46
2013-09-17,3.43,3.61,3.40,3.48,124900,3.48
2013-09-16,3.75,3.80,3.40,3.45,249500,3.45
2013-09-13,3.75,3.78,3.73,3.74,64000,3.74
2013-09-12,3.84,
3.85,3.73,3.75,68100,3.75
2013-09-11,3.86,3.89,3.85,3.85,60900,3.85
2013-09-10,3.86,3.90,3.81,3.86,184300,3.86
2013-09-09,3.87,3.89,3.82,3.85,73100,3.85
2013-09-06,3.88,3.88,3.81,3.85,25400,3.85
2013-09-05,3.84,3.88,3.84,3.86,58100,3.86
2013-09-04,3.85,3.86,3.81,3.83,62700,3.83
2013-09-03,3.86,3.90,3.85,3.86,39100,3.86
2013-08-30,3.84,3.86,3.80,3.83,63900,3.83
2013-08-29,3.80,3.88,3.80,3.84,118400,3.84
2013-08-28,4.12,4.13,3.78,3.82,247600,3.82
2013-08-27,4.27,4.30,4.10,4.14,287600,4.14
2013-08-26,4.29,4.46,4.21,4.27,183600,4.27
2013-08-23,4.32,4.32,4.28,4.30,163400,4.30
2013-08-22,4.21,4.35,4.19,4.32,114800,4.32
2013-08-21,4.10,4.22,4.08,4.21,153500,4.21
2013-08-20,4.17,4.19,4.15,4.15,55800,4.15
2013-08-19,4.30,4.30,4.12,4.18,87800,4.18
2013-08-16,4.14,4.27,4.14,4.27,75900,4.27
2013-08-15,4.38,4.40,4.10,4.14,180300,4.14
2013-08-14,4.40,4.43,4.34,4.37,53300,4.37
2013-08-13,4.43,4.60,4.33,4.41,135800,4.41
2013-08-12,4.33,4.39,4.30,4.36,83600,4.36
2013-08-09,4.44,4.44,4.31,4.33,64600,4.33
2013-08-08,4.38,4.48,4.32,4.38,139900,4.38
2013-08-07,4.14,4.50,4.14,4.36,251500,4.36
2013-08-06,4.22,4.23,4.08,4.18,63100,4.18
2013-08-05,4.13,4.23,4.10,4.23,95700,4.23
2013-08-02,4.21,4.22,4.08,4.12,60800,4.12
2013-08-01,4.20,4.20,4.12,4.17,161600,4.17
2013-07-31,4.20,4.20,3.95,4.05,228200,4.05
2013-07-30,3.83,4.24,3.79,4.19,495700,4.19
2013-07-29,3.48,3.80,3.44,3.78,957600,3.78
2013-07-26,3.33,3.44,3.30,3.44,66500,3.44
2013-07-25,3.30,3.36,3.27,3.31,62300,3.31
2013-07-24,3.29,3.38,3.21,3.27,114300,3.27
2013-07-23,3.46,3.46,3.29,3.30,80900,3.30
2013-07-22,3.46,3.50,3.40,3.44,111600,3.44
2013-07-19,3.65,3.71,3.41,3.46,166900,3.46
2013-07-18,3.70,3.70,3.65,3.70,51000,3.70
2013-07-17,3.75,3.75,3.65,3.70,115300,3.70
2013-07-16,3.81,3.89,3.66,3.75,120600,3.75
2013-07-15,3.38,3.76,3.38,3.72,158100,3.72
2013-07-12,3.40,3.45,3.33,3.39,62600,3.39
2013-07-11,3.42,3.43,3.27,3.38,106000,3.38
2013-07-10,3.15,3.50,3.15,3.36,365200,3.36
2013-07-09,2.85,3.18,2.84,3.13,605500,3.13
2013-07-08,2.88,2.88,2.85,2.86,24200,2.86
2013-07-05,2.82,2.87,2.82,2.86,47300,2.86
2013-07-03,2.90,2.90,2.87,2.87,7200,2.87
2013-07-02,2.90,2.91,2.80,2.90,271400,2.90
2013-07-01,2.87,2.88,2.79,2.81,47500,2.81
2013-06-28,2.88,2.90,2.80,2.81,9100,2.81
2013-06-27,2.86,2.90,2.86,2.86,29400,2.86
2013-06-26,2.86,2.91,2.83,2.84,52000,2.84
2013-06-25,2.85,2.87,2.83,2.83,15800,2.83
2013-06-24,2.89,2.89,2.79,2.83,103000,2.83
2013-06-21,2.75,2.92,2.75,2.89,82400,2.89
2013-06-20,2.91,2.96,2.77,2.77,128900,2.77
2013-06-19,2.96,3.14,2.90,2.94,307600,2.94
2013-06-18,2.91,2.91,2.86,2.91,135600,2.91
2013-06-17,2.87,2.94,2.87,2.87,43000,2.87
2013-06-14,2.87,2.91,2.86,2.86,8100,2.86
2013-06-13,2.84,2.87,2.84,2.84,17200,2.84
2013-06-12,2.90,2.90,2.85,2.86,72000,2.86
2013-06-11,2.83,2.90,2.83,2.87,29100,2.87
2013-06-10,2.83,2.86,2.82,2.82,9200,2.82
2013-06-07,2.79,2.85,2.79,2.83,63600,2.83
2013-06-06,2.76,2.80,2.76,2.79,46900,2.79
2013-06-05,2.80,2.85,2.76,2.76,66600,2.76
2013-06-04,2.92,2.93,2.80,2.80,61600,2.80
2013-06-03,2.77,2.88,2.77,2.88,53800,2.88
2013-05-31,2.78,2.82,2.75,2.79,75600,2.79
2013-05-30,2.84,2.84,2.75,2.76,90400,2.76
2013-05-29,2.81,2.88,2.79,2.84,85800,2.84
2013-05-28,2.83,2.85,2.79,2.79,140600,2.79
2013-05-24,2.80,2.84,2.79,2.80,63600,2.80
2013-05-23,2.82,2.82,2.77,2.80,74600,2.80
2013-05-22,2.85,2.87,2.83,2.84,89500,2.84
2013-05-21,2.86,2.90,2.81,2.85,131400,2.85
2013-05-20,2.81,2.89,2.80,2.86,44600,2.86
2013-05-17,2.89,2.91,2.7
5,2.82,126600,2.82
2013-05-16,2.91,2.92,2.88,2.88,94800,2.88
2013-05-15,2.87,2.90,2.86,2.88,13000,2.88
2013-05-14,2.92,2.92,2.85,2.85,16700,2.85
2013-05-13,2.90,2.91,2.83,2.91,48600,2.91
2013-05-10,3.02,3.03,2.87,2.91,143200,2.91
2013-05-09,2.94,3.02,2.84,3.02,325300,3.02
2013-05-08,2.92,2.96,2.83,2.94,127000,2.94
2013-05-07,2.94,2.95,2.90,2.92,82700,2.92
2013-05-06,2.90,2.95,2.90,2.90,50900,2.90
2013-05-03,2.92,2.92,2.90,2.90,8500,2.90
2013-05-02,2.94,2.98,2.83,2.91,81200,2.91
2013-05-01,2.91,3.03,2.89,2.92,210400,2.92
2013-04-30,2.80,2.95,2.80,2.89,128000,2.89
2013-04-29,2.83,2.84,2.80,2.80,2800,2.80
2013-04-26,2.86,2.86,2.80,2.84,9000,2.84
2013-04-25,2.85,2.92,2.83,2.83,241100,2.83
2013-04-24,2.81,2.85,2.81,2.81,9400,2.81
2013-04-23,2.85,2.85,2.82,2.82,3300,2.82
2013-04-22,2.83,2.86,2.81,2.81,2900,2.81
2013-04-19,2.80,2.86,2.80,2.81,8700,2.81
2013-04-18,2.76,2.84,2.75,2.79,13800,2.79
2013-04-17,2.78,2.80,2.77,2.80,9100,2.80
2013-04-16,2.75,2.84,2.75,2.76,55500,2.76
2013-04-15,2.87,2.89,2.82,2.89,45800,2.89
2013-04-12,2.90,2.91,2.83,2.85,334200,2.85
2013-04-11,2.89,2.92,2.81,2.85,699700,2.85
2013-04-10,2.93,2.93,2.84,2.90,32900,2.90
2013-04-09,2.84,2.84,2.84,2.84,300,2.84
2013-04-08,2.92,2.92,2.86,2.86,10700,2.86
2013-04-05,2.90,2.95,2.89,2.89,18900,2.89
2013-04-04,2.89,2.90,2.86,2.88,14400,2.88
2013-04-03,2.93,2.94,2.88,2.89,44200,2.89
2013-04-02,2.95,2.95,2.87,2.94,52800,2.94
2013-04-01,2.93,2.93,2.85,2.86,16600,2.86
2013-03-28,2.88,2.93,2.84,2.93,22200,2.93
2013-03-27,2.90,2.90,2.83,2.85,15500,2.85
2013-03-26,2.87,2.91,2.84,2.91,32100,2.91
2013-03-25,2.90,2.92,2.83,2.84,41900,2.84
2013-03-22,2.86,2.89,2.84,2.87,48900,2.87
2013-03-21,2.88,2.90,2.87,2.87,6900,2.87
2013-03-20,2.87,2.95,2.86,2.90,29800,2.90
2013-03-19,2.85,2.87,2.81,2.87,8600,2.87
2013-03-18,2.71,2.87,2.70,2.87,93300,2.87
2013-03-15,2.77,2.90,2.75,2.75,345000,2.75
2013-03-14,2.75,2.80,2.74,2.76,57600,2.76
2013-03-13,2.78,2.80,2.73,2.73,44900,2.73
2013-03-12,2.80,2.82,2.77,2.78,7300,2.78
2013-03-11,2.73,2.84,2.67,2.80,20600,2.80
2013-03-08,2.80,2.81,2.75,2.75,35000,2.75
2013-03-07,2.90,2.90,2.77,2.77,43200,2.77
2013-03-06,2.88,2.95,2.88,2.89,57300,2.89
2013-03-05,2.81,2.88,2.81,2.85,56900,2.85
2013-03-04,2.81,2.88,2.80,2.83,105600,2.83
2013-03-01,2.80,2.86,2.78,2.80,89000,2.80
2013-02-28,2.91,2.91,2.70,2.80,99500,2.80
2013-02-27,2.95,3.00,2.70,2.72,257000,2.72
2013-02-26,2.77,2.95,2.77,2.95,110100,2.95
2013-02-25,2.70,2.77,2.70,2.76,50400,2.76
2013-02-22,2.64,2.71,2.64,2.67,95100,2.67
2013-02-21,2.65,2.67,2.63,2.64,64200,2.64
2013-02-20,2.64,2.69,2.62,2.64,73400,2.64
2013-02-19,2.64,2.65,2.63,2.63,153700,2.63
2013-02-15,2.63,2.65,2.63,2.63,8100,2.63
2013-02-14,2.61,2.63,2.61,2.63,2000,2.63
2013-02-13,2.62,2.64,2.59,2.60,17200,2.60
2013-02-12,2.65,2.66,2.63,2.65,7900,2.65
2013-02-11,2.66,2.68,2.64,2.66,16300,2.66
2013-02-08,2.61,2.67,2.60,2.67,25000,2.67
2013-02-07,2.64,2.66,2.60,2.60,61800,2.60
2013-02-06,2.57,2.65,2.57,2.64,38500,2.64
2013-02-05,2.60,2.66,2.60,2.63,13500,2.63
2013-02-04,2.62,2.64,2.59,2.59,43300,2.59
2013-02-01,2.61,2.65,2.58,2.61,27800,2.61
2013-01-31,2.61,2.62,2.56,2.62,18700,2.62
2013-01-30,2.58,2.62,2.55,2.62,30800,2.62
2013-01-29,2.61,2.63,2.54,2.62,46300,2.62
2013-01-28,2.69,2.69,2.60,2.60,67300,2.60
2013-01-25,2.64,2.64,2.59,2.64,10700,2.64
2013-01-24,2.60,2.66,2.58,2.64,49700,2.64
2013-01-23,2.72,2.72,2.57,2.60,48900,2.60
2013-01-22,2.74,2.74,2.70,2.70,25900,2.70
2013-01-18,2.71,2.75,2.70,2.75,10700,2.75
2013-01-17,2.77,2.77,2.70,2.70,40000,2.70
2013-01-16,2.72,2.77,2.71,2.74,20400,2.74
2013-01-15,2.73,2.76,2.70,2.72,12000,2.72
2013-01-14,2.77,2.77,2.70,2.71,23600,2.71
2013-01-11,2.68,2.76,2.68,2.74,18000,2.74
2013-01-10,2.64,2.75,2.64,2.72,44600,2.72
2013-01-09,2.62,2.66,2.58,2.60,51000,2.60
2013-01-08,2.62,2.63,2.60,2.61,18000,2.61
2013-01-07,2.71,2.74,2.61,2.63,22300,2.63
2013-01-04,2.71,2.72,2.68,2.68,7100,2.68
2013-01-03,2.73,2.74,2.67,2.67,9000,2.67
2013-01-02,2.67,2.77,2.6
2,2.75,39000,2.75
2012-12-31,2.59,2.64,2.59,2.61,20000,2.61
2012-12-28,2.61,2.70,2.59,2.63,16200,2.63
2012-12-27,2.59,2.62,2.59,2.62,22500,2.62
2012-12-26,2.59,2.64,2.59,2.61,27500,2.61
2012-12-24,2.58,2.63,2.58,2.60,5500,2.60
2012-12-21,2.63,2.64,2.61,2.61,38900,2.61
2012-12-20,2.64,2.64,2.60,2.64,54900,2.64
2012-12-19,2.69,2.69,2.60,2.64,87500,2.64
2012-12-18,2.62,2.70,2.62,2.67,89400,2.67
2012-12-17,2.70,2.71,2.60,2.60,57900,2.60
2012-12-14,2.71,2.82,2.68,2.70,26700,2.70
2012-12-13,2.69,2.73,2.69,2.70,3400,2.70
2012-12-12,2.71,2.75,2.68,2.68,39500,2.68
2012-12-11,2.70,2.70,2.66,2.66,2900,2.66
2012-12-10,2.65,2.78,2.65,2.67,72100,2.67
2012-12-07,2.68,2.72,2.64,2.64,17200,2.64
2012-12-06,2.65,2.67,2.65,2.67,9500,2.67
2012-12-05,2.67,2.68,2.65,2.66,21100,2.66
2012-12-04,2.67,2.70,2.66,2.70,6100,2.70
2012-12-03,2.72,2.72,2.68,2.69,31300,2.69
2012-11-30,2.74,2.74,2.70,2.70,13900,2.70
2012-11-29,2.77,2.81,2.73,2.74,17000,2.74
2012-11-28,2.80,2.80,2.76,2.77,4400,2.77
2012-11-27,2.80,2.81,2.78,2.78,4500,2.78
2012-11-26,2.77,2.81,2.77,2.79,7200,2.79
2012-11-23,2.77,2.80,2.77,2.80,1000,2.80
2012-11-21,2.77,2.82,2.76,2.78,17700,2.78
2012-11-20,2.90,2.90,2.75,2.76,1029400,2.76
2012-11-19,2.78,2.79,2.74,2.79,9400,2.79
2012-11-16,2.77,2.80,2.74,2.80,14900,2.80
2012-11-15,2.82,2.82,2.75,2.80,262100,2.80
2012-11-14,2.80,2.87,2.73,2.79,142300,2.79
2012-11-13,2.83,2.84,2.80,2.80,6400,2.80
2012-11-12,2.81,2.85,2.80,2.85,9800,2.85
2012-11-09,2.80,2.86,2.80,2.80,12600,2.80
2012-11-08,2.87,2.88,2.80,2.83,5600,2.83
2012-11-07,2.90,2.90,2.86,2.90,79100,2.90
2012-11-06,2.91,2.97,2.89,2.89,58500,2.89
2012-11-05,2.90,2.98,2.87,2.88,69600,2.88
2012-11-02,2.87,2.93,2.87,2.90,46900,2.90
2012-11-01,2.93,3.04,2.86,2.86,279900,2.86
2012-10-31,2.88,2.95,2.88,2.95,48200,2.95
2012-10-26,2.91,2.91,2.86,2.87,32900,2.87
2012-10-25,2.79,2.90,2.79,2.90,132200,2.90
2012-10-24,2.85,2.87,2.70,2.80,1285400,2.80
2012-10-23,2.92,2.92,2.75,2.85,52600,2.85
2012-10-22,2.80,2.98,2.80,2.83,58000,2.83
2012-10-19,2.81,2.81,2.76,2.76,40300,2.76
2012-10-18,2.78,2.81,2.76,2.76,20500,2.76
2012-10-17,2.83,2.83,2.75,2.75,52300,2.75
2012-10-16,2.80,2.85,2.80,2.80,47600,2.80
2012-10-15,2.80,2.83,2.80,2.80,66700,2.80
2012-10-12,2.80,2.82,2.77,2.78,191300,2.78
2012-10-11,2.80,2.84,2.77,2.78,63200,2.78
2012-10-10,2.81,2.87,2.76,2.82,85400,2.82
2012-10-09,2.69,2.83,2.69,2.80,276600,2.80
2012-10-08,2.75,2.79,2.68,2.68,46700,2.68
2012-10-05,2.71,2.77,2.70,2.73,26700,2.73
2012-10-04,2.70,2.71,2.68,2.69,29200,2.69
2012-10-03,2.71,2.72,2.68,2.72,302000,2.72
2012-10-02,2.72,2.75,2.68,2.69,46500,2.69
2012-10-01,2.70,2.82,2.69,2.70,104100,2.70
2012-09-28,2.67,2.72,2.67,2.70,93800,2.70
2012-09-27,2.72,2.74,2.67,2.70,42600,2.70
2012-09-26,2.71,2.75,2.70,2.75,45900,2.75
2012-09-25,2.70,2.78,2.68,2.72,44900,2.72
2012-09-24,2.67,2.75,2.67,2.74,92200,2.74
2012-09-21,2.61,2.69,2.60,2.66,74100,2.66
2012-09-20,2.65,2.70,2.60,2.62,38500,2.62
2012-09-19,2.69,2.70,2.66,2.67,9100,2.67
2012-09-18,2.66,2.70,2.65,2.67,18400,2.67
2012-09-17,2.70,2.71,2.63,2.67,47800,2.67
2012-09-14,2.72,2.73,2.66,2.67,79200,2.67
2012-09-13,2.66,2.74,2.66,2.69,41500,2.69
2012-09-12,2.72,2.75,2.68,2.68,32400,2.68
2012-09-11,2.66,2.79,2.65,2.71,42700,2.71
2012-09-10,2.65,2.77,2.65,2.72,50100,2.72
2012-09-07,2.72,2.75,2.66,2.67,77100,2.67
2012-09-06,2.77,2.85,2.68,2.69,306600,2.69
2012-09-05,2.76,2.82,2.75,2.76,48800,2.76
2012-09-04,2.75,2.80,2.75,2.75,60100,2.75
2012-08-31,2.73,2.81,2.70,2.70,83000,2.70
2012-08-30,2.77,2.79,2.71,2.71,61300,2.71
2012-08-29,2.72,2.80,2.72,2.79,104200,2.79
2012-08-28,2.70,2.78,2.70,2.70,72100,2.70
2012-08-27,2.79,2.79,2.70,2.72,54000,2.72
2012-08-24,2.67,2.78,2.66,2.72,12200,2.72
2012-08-23,2.90,2.90,2.64,2.69,141400,2.69
2012-08-22,2.76,2.90,2.75,2.79,210200,2.79
2012-08-21,2.71,2.77,2.66,2.74,63400,2.74
2012-08-20,2.65,2.71,2.65,2.69,34800,2.69
2012-08-17,2.66,2.67,2.63,2.65,28900,2.65
2012-08-16,2.67,2.67,2.61,2.64,11100,2.64
2012-08-15,2.66,2.67,2.65,2.65,17600,2.65
2012-08-14,2.58,2.6
6,2.58,2.63,29200,2.63
2012-08-13,2.53,2.60,2.53,2.58,54000,2.58
2012-08-10,2.61,2.63,2.49,2.52,177700,2.52
2012-08-09,2.47,2.67,2.47,2.56,153600,2.56
2012-08-08,2.50,2.56,2.46,2.46,190500,2.46
2012-08-07,2.46,2.57,2.46,2.47,134900,2.47
2012-08-06,2.53,2.55,2.45,2.45,122000,2.45
2012-08-03,2.44,2.70,2.40,2.57,205800,2.57
2012-08-02,2.52,2.52,2.40,2.41,309000,2.41
2012-08-01,2.60,3.20,2.21,2.43,1884900,2.43
2012-07-31,2.48,2.50,2.45,2.47,99500,2.47
2012-07-30,2.50,2.52,2.48,2.48,84000,2.48
2012-07-27,2.47,2.51,2.46,2.48,61300,2.48
2012-07-26,2.49,2.52,2.46,2.48,47600,2.48
2012-07-25,2.48,2.51,2.45,2.45,60000,2.45
2012-07-24,2.53,2.57,2.46,2.47,66400,2.47
2012-07-23,2.48,2.54,2.45,2.52,58800,2.52
2012-07-20,2.50,2.52,2.48,2.48,369400,2.48
2012-07-19,2.51,2.55,2.50,2.51,592800,2.51
2012-07-18,2.51,2.57,2.50,2.50,27700,2.50
2012-07-17,2.52,2.60,2.51,2.52,33000,2.52
2012-07-16,2.52,2.59,2.50,2.50,93100,2.50
2012-07-13,2.63,2.64,2.50,2.52,1122100,2.52
2012-07-12,2.58,2.64,2.58,2.60,34600,2.60
2012-07-11,2.58,2.61,2.57,2.60,40500,2.60
2012-07-10,2.63,2.63,2.55,2.55,40800,2.55
2012-07-09,2.54,2.64,2.54,2.60,50800,2.60
2012-07-06,2.50,2.52,2.49,2.50,51000,2.50
2012-07-05,2.50,2.53,2.45,2.48,226000,2.48
2012-07-03,2.53,2.53,2.49,2.49,58900,2.49
2012-07-02,2.53,2.62,2.49,2.53,48700,2.53
2012-06-29,2.62,2.65,2.52,2.53,97200,2.53
2012-06-28,2.62,2.63,2.55,2.60,43000,2.60
2012-06-27,2.66,2.69,2.64,2.64,35100,2.64
2012-06-26,2.71,2.71,2.65,2.65,32900,2.65
2012-06-25,2.66,2.72,2.65,2.69,12700,2.69
2012-06-22,2.68,2.73,2.68,2.70,43900,2.70
2012-06-21,2.71,2.79,2.68,2.68,21500,2.68
2012-06-20,2.85,2.85,2.70,2.72,24800,2.72
2012-06-19,2.76,2.85,2.68,2.80,18400,2.80
2012-06-18,3.13,3.13,2.74,2.78,89200,2.78
2012-06-15,2.98,3.20,2.82,3.20,385200,3.20
2012-06-14,2.99,3.00,2.90,2.95,1536700,2.95
2012-06-13,3.00,3.00,2.93,3.00,72600,3.00
2012-06-12,2.98,3.10,2.74,2.99,321900,2.99
2012-06-11,2.87,3.02,2.78,2.99,188200,2.99
2012-06-08,2.69,2.89,2.67,2.87,50100,2.87
2012-06-07,2.68,2.71,2.68,2.68,51500,2.68
2012-06-06,2.55,2.70,2.55,2.68,60900,2.68
2012-06-05,2.56,2.62,2.56,2.58,29700,2.58
2012-06-04,2.56,2.65,2.55,2.56,44700,2.56
2012-06-01,2.59,2.62,2.55,2.59,45300,2.59
2012-05-31,2.60,2.65,2.60,2.63,22000,2.63
2012-05-30,2.64,2.67,2.60,2.63,39400,2.63
2012-05-29,2.64,2.69,2.59,2.64,44600,2.64
2012-05-25,2.66,2.71,2.63,2.63,208400,2.63
2012-05-24,2.70,2.70,2.64,2.67,101200,2.67
2012-05-23,2.67,2.72,2.57,2.70,218000,2.70
2012-05-22,2.66,2.70,2.66,2.70,65900,2.70
2012-05-21,2.73,2.75,2.66,2.70,103000,2.70
2012-05-18,2.80,2.81,2.76,2.78,26300,2.78
2012-05-17,2.83,2.83,2.73,2.80,51700,2.80
2012-05-16,2.84,2.84,2.79,2.83,33900,2.83
2012-05-15,2.85,2.85,2.74,2.83,35000,2.83
2012-05-14,2.82,2.86,2.70,2.83,127500,2.83
2012-05-11,2.85,2.85,2.81,2.83,31000,2.83
2012-05-10,2.82,2.88,2.82,2.86,11600,2.86
2012-05-09,2.86,2.89,2.82,2.82,10300,2.82
2012-05-08,2.90,2.94,2.85,2.88,8200,2.88
2012-05-07,2.89,2.94,2.89,2.93,27000,2.93
2012-05-04,2.92,2.95,2.88,2.93,64300,2.93
2012-05-03,2.89,2.95,2.86,2.94,14000,2.94
2012-05-02,2.91,2.91,2.86,2.91,36000,2.91
2012-05-01,2.92,2.94,2.91,2.92,16100,2.92
2012-04-30,2.96,2.98,2.90,2.94,45000,2.94
2012-04-27,2.91,2.95,2.90,2.94,14300,2.94
2012-04-26,2.94,2.96,2.89,2.90,24500,2.90
2012-04-25,2.87,2.95,2.78,2.93,58700,2.93
2012-04-24,2.82,2.88,2.77,2.82,188000,2.82
2012-04-23,2.76,2.83,2.76,2.82,195800,2.82
2012-04-20,2.81,2.82,2.75,2.82,159000,2.82
2012-04-19,2.86,2.88,2.75,2.82,192100,2.82
2012-04-18,2.82,2.88,2.75,2.83,34900,2.83
2012-04-17,2.79,2.84,2.77,2.79,131100,2.79
2012-04-16,2.87,2.89,2.70,2.76,93500,2.76
2012-04-13,2.89,2.89,2.71,2.87,122400,2.87
2012-04-12,3.13,3.35,2.75,2.85,1153400,2.85
2012-04-11,2.75,2.76,2.68,2.70,77700,2.70
2012-04-10,2.83,2.84,2.73,2.75,61600,2.75
2012-04-09,2.76,2.85,2.73,2.81,45800,2.8
1
2012-04-05,2.77,2.80,2.75,2.76,7600,2.76
2012-04-04,2.77,2.81,2.76,2.79,5900,2.79
2012-04-03,2.85,2.94,2.75,2.79,57500,2.79
2012-04-02,2.89,2.94,2.89,2.89,22400,2.89
2012-03-30,2.79,2.89,2.77,2.84,6100,2.84
2012-03-29,2.82,2.85,2.79,2.79,18000,2.79
2012-03-28,2.83,2.87,2.76,2.79,38300,2.79
2012-03-27,2.85,2.89,2.83,2.83,32100,2.83
2012-03-26,2.89,2.93,2.87,2.89,13000,2.89
2012-03-23,2.86,2.92,2.86,2.89,25300,2.89
2012-03-22,2.88,2.94,2.88,2.90,15700,2.90
2012-03-21,2.98,2.99,2.86,2.90,41900,2.90
2012-03-20,2.97,3.02,2.97,2.99,23300,2.99
2012-03-19,3.11,3.11,2.98,3.00,108600,3.00
2012-03-16,3.05,3.09,3.03,3.03,21000,3.03
2012-03-15,3.00,3.05,2.97,3.05,36500,3.05
2012-03-14,3.08,3.08,2.97,3.02,19400,3.02
2012-03-13,3.00,3.10,3.00,3.08,17900,3.08
2012-03-12,3.11,3.14,3.01,3.01,62800,3.01
2012-03-09,3.09,3.11,3.06,3.06,21700,3.06
2012-03-08,3.19,3.20,3.08,3.08,41000,3.08
2012-03-07,3.20,3.20,3.01,3.13,88000,3.13
2012-03-06,3.00,3.00,2.90,2.99,204000,2.99
2012-03-05,3.00,3.30,3.00,3.19,256600,3.19
2012-03-02,2.95,2.99,2.92,2.96,28200,2.96
2012-03-01,2.76,3.00,2.76,2.99,82000,2.99
2012-02-29,2.73,2.84,2.64,2.77,322600,2.77
2012-02-28,3.03,3.04,2.66,2.76,176700,2.76
2012-02-27,2.68,2.71,2.50,2.63,239800,2.63
2012-02-24,2.74,2.76,2.60,2.70,138800,2.70
2012-02-23,2.79,2.84,2.65,2.70,149900,2.70
2012-02-22,2.78,2.81,2.66,2.81,184500,2.81
2012-02-21,2.90,2.90,2.65,2.81,138400,2.81
2012-02-17,2.87,2.87,2.75,2.83,170100,2.83
2012-02-16,2.81,2.88,2.75,2.77,149200,2.77
2012-02-15,2.95,2.95,2.85,2.86,15000,2.86
2012-02-14,2.91,2.97,2.85,2.97,20100,2.97
2012-02-13,2.97,2.97,2.87,2.87,18500,2.87
2012-02-10,2.95,2.99,2.93,2.94,7300,2.94
2012-02-09,3.13,3.13,2.95,2.98,35200,2.98
2012-02-08,2.82,3.15,2.75,3.12,47000,3.12
2012-02-07,2.86,2.86,2.65,2.75,72400,2.75
2012-02-06,3.00,3.38,2.73,2.87,125600,2.87
2012-02-03,2.75,2.98,2.75,2.97,32200,2.97
2012-02-02,2.64,2.82,2.64,2.72,23700,2.72
2012-02-01,2.49,2.62,2.49,2.59,26600,2.59
2012-01-31,2.51,2.57,2.49,2.53,6300,2.53
2012-01-30,2.49,2.50,2.42,2.48,17300,2.48
2012-01-27,2.45,2.55,2.37,2.51,32500,2.51
2012-01-26,2.52,2.52,2.37,2.42,27900,2.42
2012-01-25,2.50,2.53,2.16,2.50,568800,2.50
2012-01-24,2.33,2.49,2.33,2.49,283300,2.49
2012-01-23,2.35,2.37,2.26,2.34,75200,2.34
2012-01-20,2.37,2.40,2.28,2.28,43000,2.28
2012-01-19,2.31,2.39,2.28,2.33,39300,2.33
2012-01-18,2.32,2.50,2.25,2.31,149900,2.31
2012-01-17,2.42,2.42,2.32,2.34,4400,2.34
2012-01-13,2.34,2.43,2.34,2.35,11400,2.35
2012-01-12,2.40,2.53,2.31,2.34,4500,2.34
2012-01-11,2.33,2.38,2.27,2.34,7500,2.34
2012-01-10,2.43,2.51,2.30,2.30,24000,2.30
2012-01-09,2.27,2.44,2.27,2.40,3400,2.40
2012-01-06,2.40,2.40,2.31,2.31,14300,2.31
2012-01-05,2.51,2.51,2.36,2.42,12200,2.42
2012-01-04,2.49,2.60,2.42,2.43,12400,2.43
2012-01-03,2.62,2.65,2.41,2.54,16900,2.54
2011-12-30,2.40,2.71,2.38,2.65,86300,2.65
2011-12-29,2.18,2.40,2.18,2.40,100800,2.40
2011-12-28,2.24,2.26,2.16,2.16,393200,2.16
2011-12-27,2.20,2.24,2.17,2.19,22800,2.19
2011-12-23,2.12,2.29,2.05,2.29,58600,2.29
2011-12-22,2.25,2.27,2.06,2.06,65300,2.06
2011-12-21,2.20,2.33,2.20,2.27,27600,2.27
2011-12-20,2.11,2.25,2.03,2.22,50400,2.22
2011-12-19,2.25,2.25,2.06,2.10,21100,2.10
2011-12-16,2.23,2.26,2.13,2.26,27200,2.26
2011-12-15,2.19,2.27,2.15,2.18,114800,2.18
2011-12-14,2.24,2.28,2.10,2.17,65900,2.17
2011-12-13,2.27,2.31,2.21,2.22,25300,2.22
2011-12-12,2.29,2.32,2.18,2.25,40200,2.25
2011-12-09,2.30,2.40,2.24,2.24,46400,2.24
2011-12-08,2.44,2.46,2.26,2.27,14300,2.27
2011-12-
07,2.35,2.46,2.33,2.46,4700,2.46
2011-12-06,2.40,2.41,2.29,2.37,17200,2.37
2011-12-05,2.66,2.68,2.30,2.35,59800,2.35
2011-12-02,2.56,2.65,2.52,2.60,12800,2.60
2011-12-01,2.48,2.65,2.44,2.63,45300,2.63
2011-11-30,2.32,2.51,2.32,2.51,95400,2.51
2011-11-29,2.20,2.31,2.15,2.30,139800,2.30
2011-11-28,2.30,2.40,2.12,2.19,224800,2.19
2011-11-25,2.29,2.32,2.23,2.28,76500,2.28
2011-11-23,2.15,2.32,2.02,2.32,194100,2.32
2011-11-22,2.18,2.18,2.08,2.12,51000,2.12
2011-11-21,2.32,2.33,2.18,2.18,90600,2.18
2011-11-18,2.32,2.37,2.23,2.28,20000,2.28
2011-11-17,2.30,2.40,2.24,2.24,269900,2.24
2011-11-16,2.00,2.44,1.91,2.40,198800,2.40
2011-11-15,2.21,2.27,1.85,2.03,349000,2.03
2011-11-14,2.35,2.35,2.21,2.21,319700,2.21
2011-11-11,2.28,2.36,2.23,2.36,196100,2.36
2011-11-10,2.27,2.34,2.27,2.29,274200,2.29
2011-11-09,2.30,2.40,2.28,2.38,232700,2.38
2011-11-08,2.36,2.36,2.26,2.30,138100,2.30
2011-11-07,2.37,2.40,2.30,2.40,26300,2.40
2011-11-04,2.40,2.40,2.33,2.33,46200,2.33
2011-11-03,2.40,2.40,2.30,2.36,38300,2.36
2011-11-02,2.47,2.47,2.40,2.40,50000,2.40
2011-11-01,2.46,2.49,2.45,2.46,26600,2.46
2011-10-31,2.49,2.55,2.49,2.49,17500,2.49
2011-10-28,2.59,2.59,2.54,2.55,28800,2.55
2011-10-27,2.52,2.62,2.38,2.53,54900,2.53
2011-10-26,2.25,2.65,2.25,2.65,62300,2.65
2011-10-25,2.48,2.52,2.45,2.45,20000,2.45
2011-10-24,2.45,2.50,2.45,2.48,65600,2.48
2011-10-21,2.55,2.55,2.49,2.50,13000,2.50
2011-10-20,2.65,2.69,2.48,2.55,68900,2.55
2011-10-19,2.63,2.63,2.27,2.51,91400,2.51
2011-10-18,2.64,2.64,2.50,2.64,74900,2.64
2011-10-17,2.70,2.70,2.54,2.64,80800,2.64
2011-10-14,3.15,3.15,2.76,2.76,46000,2.76
2011-10-13,2.89,2.89,2.73,2.80,132900,2.80
2011-10-12,2.96,3.00,2.83,2.89,73900,2.89
2011-10-11,2.85,2.94,2.82,2.94,1400,2.94
2011-10-10,3.00,3.00,2.90,2.90,15800,2.90
2011-10-07,2.95,2.97,2.95,2.95,2300,2.95
2011-10-06,2.90,2.95,2.90,2.92,3800,2.92
2011-10-05,2.94,2.96,2.86,2.95,27700,2.95
2011-10-04,2.95,3.10,2.89,2.93,20500,2.93
2011-10-03,3.00,3.01,2.97,3.00,24200,3.00
2011-09-30,2.94,3.03,2.83,3.01,29300,3.01
2011-09-29,2.82,2.97,2.82,2.97,33300,2.97
2011-09-28,2.81,2.85,2.79,2.85,19800,2.85
2011-09-27,2.96,2.96,2.77,2.80,154500,2.80
2011-09-26,2.95,2.95,2.80,2.90,32700,2.90
2011-09-23,2.96,3.00,2.90,3.00,23300,3.00
2011-09-22,2.98,3.00,2.98,3.00,215000,3.00
2011-09-21,3.05,3.05,2.96,3.00,64400,3.00
2011-09-20,3.02,3.10,3.02,3.08,27100,3.08
2011-09-19,3.08,3.08,3.02,3.05,7600,3.05
2011-09-16,3.18,3.20,3.09,3.09,14300,3.09
2011-09-15,3.12,3.19,3.12,3.15,10500,3.15
2011-09-14,3.15,3.15,3.11,3.14,4100,3.14
2011-09-13,3.11,3.19,3.11,3.11,15400,3.11
2011-09-12,3.28,3.28,3.12,3.13,13700,3.13
2011-09-09,3.27,3.30,3.21,3.29,17300,3.29
2011-09-08,3.30,3.35,3.25,3.27,23800,3.27
2011-09-07,3.35,3.52,3.21,3.30,116400,3.30
2011-09-06,3.30,3.33,3.23,3.32,3700,3.32
2011-09-02,3.34,3.34,3.25,3.28,13600,3.28
2011-09-01,3.49,3.49,3.26,3.35,20300,3.35
2011-08-31,3.38,3.44,3.36,3.42,15800,3.42
2011-08-30,3.26,3.40,3.25,3.40,47800,3.40
2011-08-29,3.26,3.26,3.21,3.25,11100,3.25
2011-08-26,3.04,3.22,3.04,3.12,23500,3.12
2011-08-25,3.08,3.20,3.06,3.13,15400,3.13
2011-08-24,3.21,3.24,3.15,3.15,23300,3.15
2011-08-23,3.23,3.25,3.17,3.24,35200,3.24
2011-08-22,3.26,3.26,3.21,3.25,29000,3.25
2011-08-19,3.25,3.29,3.23,3.27,22500,3.27
2011-08-18,3.26,3.39,3.21,3.36,46800,3.36
2011-08-17,3.39,3.44,3.28,3.32,36900,3.32
2011-08-16,3.44,3.47,3.31,3.43,19300,3.43
2011-08-15,3.30,3.40,3.30,3.40,5300,3.40
2011-08-12,3.41,3.41,3.31,3.31,4100,3.31
2011-08-11,3.36,3.39,3.27,3.3
5,41100,3.35
2011-08-10,3.48,3.50,3.35,3.40,60300,3.40
2011-08-09,3.42,3.51,3.40,3.50,77200,3.50
2011-08-08,3.48,3.50,3.21,3.40,59100,3.40
2011-08-05,3.50,3.56,3.31,3.53,56600,3.53
2011-08-04,3.56,3.56,3.35,3.42,59300,3.42
2011-08-03,3.56,3.56,3.50,3.53,9700,3.53
2011-08-02,3.55,3.59,3.54,3.57,5300,3.57
2011-08-01,3.53,3.57,3.45,3.56,19700,3.56
2011-07-29,3.52,3.53,3.46,3.50,20100,3.50
2011-07-28,3.57,3.57,3.50,3.51,38600,3.51
2011-07-27,3.55,3.60,3.50,3.55,30700,3.55
2011-07-26,3.59,3.62,3.52,3.55,18800,3.55
2011-07-25,3.50,3.60,3.50,3.57,40700,3.57
2011-07-22,3.52,3.56,3.47,3.55,34700,3.55
2011-07-21,3.51,3.54,3.50,3.50,57900,3.50
2011-07-20,3.56,3.56,3.45,3.45,88100,3.45
2011-07-19,3.40,3.55,3.40,3.52,38200,3.52
2011-07-18,3.37,3.42,3.31,3.39,20400,3.39
2011-07-15,3.35,3.42,3.33,3.35,24100,3.35
2011-07-14,3.31,3.35,3.30,3.33,14700,3.33
2011-07-13,3.34,3.34,3.30,3.30,6300,3.30
2011-07-12,3.33,3.33,3.30,3.33,14700,3.33
2011-07-11,3.31,3.34,3.25,3.34,29500,3.34
2011-07-08,3.30,3.36,3.30,3.31,35900,3.31
2011-07-07,3.33,3.37,3.30,3.30,31400,3.30
2011-07-06,3.30,3.35,3.30,3.31,29000,3.31
2011-07-05,3.29,3.30,3.25,3.30,13800,3.30
2011-07-01,3.27,3.33,3.25,3.25,15300,3.25
2011-06-30,3.28,3.31,3.23,3.25,24400,3.25
2011-06-29,3.28,3.30,3.23,3.30,33600,3.30
2011-06-28,3.15,3.25,3.15,3.22,95800,3.22
2011-06-27,3.10,3.21,3.05,3.21,176400,3.21
2011-06-24,3.00,3.06,2.99,3.00,35400,3.00
2011-06-23,3.01,3.02,2.96,3.00,3000,3.00
2011-06-22,3.00,3.05,2.96,3.00,20800,3.00
2011-06-21,3.02,3.05,2.97,3.00,13400,3.00
2011-06-20,2.99,3.05,2.96,3.00,39800,3.00
2011-06-17,3.04,3.06,3.00,3.01,3700,3.01
2011-06-16,3.03,3.14,3.01,3.05,20100,3.05
2011-06-15,3.07,3.07,2.98,3.04,34900,3.04
2011-06-14,3.03,3.06,2.90,3.00,121700,3.00
2011-06-13,3.21,3.21,2.99,3.02,107900,3.02
2011-06-10,3.08,3.10,3.00,3.01,31900,3.01
2011-06-09,3.02,3.05,2.97,3.05,43600,3.05
2011-06-08,3.00,3.03,2.99,3.00,32600,3.00
2011-06-07,3.02,3.05,3.00,3.02,29300,3.02
2011-06-06,3.05,3.10,3.00,3.00,46400,3.00
2011-06-03,3.06,3.10,3.06,3.09,5500,3.09
2011-06-02,3.10,3.10,3.05,3.06,6100,3.06
2011-06-01,3.15,3.17,3.05,3.08,33400,3.08
2011-05-31,3.17,3.21,3.15,3.15,20600,3.15
2011-05-27,3.16,3.21,3.15,3.17,18400,3.17
2011-05-26,3.16,3.18,3.15,3.15,12500,3.15
2011-05-25,3.13,3.25,3.13,3.15,16800,3.15
2011-05-24,3.19,3.28,3.08,3.10,67000,3.10
2011-05-23,3.14,3.23,3.13,3.17,3300,3.17
2011-05-20,3.20,3.20,3.07,3.16,14900,3.16
2011-05-19,3.07,3.23,3.06,3.18,14300,3.18
2011-05-18,3.02,3.30,3.02,3.08,22100,3.08
2011-05-17,3.08,3.08,3.00,3.04,56100,3.04
2011-05-16,3.09,3.13,3.05,3.07,11100,3.07
2011-05-13,3.26,3.31,3.00,3.09,51800,3.09
2011-05-12,3.35,3.42,3.21,3.28,53000,3.28
2011-05-11,3.46,3.47,3.34,3.38,87600,3.38
2011-05-10,3.46,3.48,3.40,3.48,35900,3.48
2011-05-09,3.46,3.47,3.35,3.45,46000,3.45
2011-05-06,3.42,3.46,3.37,3.45,38400,3.45
2011-05-05,3.33,3.43,3.30,3.43,34500,3.43
2011-05-04,3.36,3.36,3.31,3.35,23000,3.35
2011-05-03,3.36,3.36,3.31,3.35,39000,3.35
2011-05-02,3.35,3.36,3.32,3.35,93000,3.35
2011-04-29,3.38,3.40,3.36,3.37,11000,3.37
2011-04-28,3.33,3.46,3.32,3.36,20200,3.36
2011-04-27,3.35,3.39,3.31,3.35,12500,3.35
2011-04-26,3.34,3.44,3.34,3.36,26500,3.36
2011-04-25,3.42,3.45,3.33,3.34,22200,3.34
2011-04-21,3.40,3.44,3.36,3.41,15800,3.41
2011-04-20,3.40,3.52,3.34,3.39,30300,3.39
2011-04-19,3.40,3.43,3.38,3.40,10700,3.40
2011-04-18,3.52,3.52,3.36,3.39,24600,3.39
2011-04-15,3.70,3.70,3.37,3.50,126300,3.50
2011-04-14,3.35,3.43,3.35,3.39,27300,3.39
2011-04-13,3.38,3.38,3.31,3.37,67700,3.37
2011-04-12,3.40,3.42,3.36,3.38,75200,3.38
2011-04-11,3.41,3.43,3.35,3.38,111400,3.38
2011-04-08,3.42,3.42,3.32,3.39,16600,3.39
2011-04-07,3.42,3.45,3.27,3.40,30500,3.40
2011-04-06,3.32,3.50,3.32,3.40,68700,3.40
2011-04-05,3.47,3.47,3.30,3.30,49000,3.30
2011-04-04,3.41,3.52,3.25,3.45,215900,3.45
2011-04-01,3.25,3.4
1,3.25,3.39,91900,3.39
2011-03-31,3.22,3.30,3.16,3.26,90300,3.26
2011-03-30,3.07,3.20,3.07,3.17,76200,3.17
2011-03-29,3.00,3.10,3.00,3.05,73600,3.05
2011-03-28,3.17,3.21,2.92,2.95,157800,2.95
2011-03-25,3.07,3.16,3.04,3.14,35100,3.14
2011-03-24,3.22,3.33,3.01,3.04,160000,3.04
2011-03-23,3.35,3.37,3.19,3.21,124000,3.21
2011-03-22,3.36,3.40,3.30,3.34,117500,3.34
2011-03-21,3.31,3.38,3.31,3.34,20900,3.34
2011-03-18,3.34,3.35,3.30,3.30,84000,3.30
2011-03-17,3.33,3.35,3.30,3.33,104700,3.33
2011-03-16,3.30,3.35,3.28,3.30,67400,3.30
2011-03-15,3.34,3.40,3.29,3.31,103400,3.31
2011-03-14,3.35,3.42,3.32,3.39,37500,3.39
2011-03-11,3.45,3.50,3.37,3.37,65000,3.37
2011-03-10,3.41,3.55,3.41,3.51,30800,3.51
2011-03-09,3.65,3.65,3.39,3.49,140500,3.49
2011-03-08,3.98,4.02,3.51,3.60,150200,3.60
2011-03-07,3.91,4.00,3.83,3.95,44200,3.95
2011-03-04,3.90,4.00,3.78,3.90,103200,3.90
2011-03-03,3.66,4.05,3.60,3.90,191500,3.90
2011-03-02,3.80,3.87,3.66,3.66,109900,3.66
2011-03-01,3.69,4.11,3.64,3.81,375200,3.81
2011-02-28,3.50,3.70,3.50,3.57,83000,3.57
2011-02-25,3.50,3.50,3.46,3.48,17400,3.48
2011-02-24,3.48,3.53,3.45,3.45,46700,3.45
2011-02-23,3.40,3.53,3.40,3.45,57000,3.45
2011-02-22,3.38,3.53,3.30,3.38,60500,3.38
2011-02-18,3.47,3.55,3.18,3.34,49100,3.34
2011-02-17,3.42,3.50,3.40,3.46,29800,3.46
2011-02-16,3.51,3.57,3.40,3.43,36400,3.43
2011-02-15,3.45,3.52,3.43,3.47,36300,3.47
2011-02-14,3.53,3.53,3.45,3.48,29900,3.48
2011-02-11,3.45,3.56,3.42,3.52,92300,3.52
2011-02-10,3.49,3.50,3.42,3.50,84600,3.50
2011-02-09,3.33,3.48,3.32,3.48,73200,3.48
2011-02-08,3.40,3.50,3.30,3.36,51800,3.36
2011-02-07,3.33,3.37,3.25,3.37,80200,3.37
2011-02-04,3.25,3.26,3.20,3.25,66500,3.25
2011-02-03,3.26,3.34,3.25,3.26,30400,3.26
2011-02-02,3.28,3.34,3.28,3.28,47300,3.28
2011-02-01,3.36,3.40,3.28,3.29,49100,3.29
2011-01-31,3.40,3.40,3.31,3.34,64000,3.34
2011-01-28,3.35,3.39,3.31,3.36,75100,3.36
2011-01-27,3.39,3.39,3.23,3.33,49200,3.33
2011-01-26,3.44,3.45,3.30,3.37,43200,3.37
2011-01-25,3.37,3.44,3.36,3.41,46900,3.41
2011-01-24,3.48,3.49,3.36,3.39,67600,3.39
2011-01-21,3.41,3.48,3.41,3.43,48600,3.43
2011-01-20,3.48,3.48,3.40,3.45,21800,3.45
2011-01-19,3.49,3.55,3.44,3.49,89000,3.49
2011-01-18,3.53,3.55,3.42,3.49,54400,3.49
2011-01-14,3.43,3.68,3.41,3.53,121200,3.53
2011-01-13,3.49,3.50,3.41,3.42,196900,3.42
2011-01-12,3.54,3.54,3.46,3.48,122600,3.48
2011-01-11,3.54,3.65,3.46,3.48,176800,3.48
2011-01-10,3.59,3.59,3.48,3.50,61400,3.50
2011-01-07,3.62,3.69,3.60,3.63,47900,3.63
2011-01-06,3.65,3.68,3.55,3.63,32700,3.63
2011-01-05,3.55,3.65,3.52,3.65,189200,3.65
2011-01-04,3.78,3.78,3.48,3.50,230800,3.50
2011-01-03,4.05,4.08,3.72,3.80,158300,3.80
2010-12-31,3.95,4.06,3.95,4.02,76700,4.02
2010-12-30,3.84,3.93,3.80,3.91,163500,3.91
2010-12-29,3.85,3.89,3.79,3.81,68200,3.81
2010-12-28,3.80,3.88,3.60,3.82,148900,3.82
2010-12-27,3.59,3.73,3.59,3.73,66300,3.73
2010-12-23,3.70,3.70,3.58,3.67,798300,3.67
2010-12-22,3.64,3.67,3.59,3.65,143100,3.65
2010-12-21,3.78,3.78,3.46,3.60,453500,3.60
2010-12-20,3.75,3.79,3.73,3.75,201100,3.75
2010-12-17,3.69,3.79,3.68,3.72,255500,3.72
2010-12-16,3.43,3.71,3.20,3.69,564900,3.69
2010-12-15,3.34,3.43,3.10,3.20,312800,3.20
2010-12-14,3.53,3.63,3.26,3.30,234000,3.30
2010-12-13,3.83,3.83,3.54,3.54,182200,3.54
2010-12-10,3.80,3.83,3.60,3.62,314400,3.62
2010-12-09,3.92,3.92,3.70,3.80,105400,3.80
2010-12-08,3.97,3.97,3.90,3.90,33600,3.90
2010-12-07,4.03,4.09,3.98,3.98,36300,3.98
201
0-12-06,4.01,4.09,4.01,4.03,131500,4.03
2010-12-03,4.09,4.09,3.97,4.03,44000,4.03
2010-12-02,3.97,4.02,3.95,4.00,89800,4.00
2010-12-01,4.13,4.13,4.00,4.00,115600,4.00
2010-11-30,4.00,4.20,3.94,4.00,138200,4.00
2010-11-29,4.14,4.14,4.00,4.00,114100,4.00
2010-11-26,4.10,4.10,4.00,4.08,65200,4.08
2010-11-24,3.99,4.17,3.88,4.01,453200,4.01
2010-11-23,3.92,3.92,3.78,3.87,209600,3.87
2010-11-22,3.88,3.94,3.75,3.89,217900,3.89
2010-11-19,3.95,3.95,3.78,3.80,254800,3.80
2010-11-18,3.98,4.10,3.93,3.93,258900,3.93
2010-11-17,4.05,4.06,3.91,3.96,183200,3.96
2010-11-16,4.25,4.25,4.05,4.07,278000,4.07
2010-11-15,4.21,4.24,4.07,4.15,200500,4.15
2010-11-12,4.25,4.25,4.10,4.21,181500,4.21
2010-11-11,4.08,4.17,4.08,4.16,291600,4.16
2010-11-10,4.20,4.20,4.10,4.16,549100,4.16
2010-11-09,4.25,4.25,4.10,4.11,329800,4.11
2010-11-08,4.15,4.20,4.05,4.16,843100,4.16
2010-11-05,4.61,4.61,3.84,3.97,4643800,3.97
2010-11-04,5.79,5.79,5.58,5.66,15700,5.66
2010-11-03,5.60,5.65,5.60,5.65,15500,5.65
2010-11-02,5.60,5.62,5.58,5.61,31300,5.61
2010-11-01,5.55,5.57,5.50,5.56,26400,5.56
2010-10-29,5.55,5.56,5.51,5.55,2100,5.55
2010-10-28,5.70,5.70,5.59,5.59,600,5.59
2010-10-27,5.65,5.71,5.61,5.66,47200,5.66
2010-10-26,5.59,5.65,5.58,5.61,15100,5.61
2010-10-25,5.69,5.69,5.50,5.55,11700,5.55
2010-10-22,5.48,5.70,5.37,5.50,33600,5.50
2010-10-21,5.21,5.44,5.14,5.44,13500,5.44
2010-10-20,5.12,5.21,5.02,5.20,97500,5.20
2010-10-19,5.29,5.29,4.95,5.20,81800,5.20
2010-10-18,5.19,5.25,5.08,5.16,81000,5.16
2010-10-15,5.10,5.20,5.00,5.20,77500,5.20
2010-10-14,5.15,5.26,5.00,5.20,98500,5.20
2010-10-13,5.22,5.25,5.07,5.09,78400,5.09
2010-10-12,5.14,5.28,5.08,5.25,85100,5.25
2010-10-11,5.22,5.26,5.12,5.17,68100,5.17
2010-10-08,5.17,5.36,5.17,5.26,55700,5.26
2010-10-07,5.48,5.48,5.01,5.21,55500,5.21
2010-10-06,5.20,5.21,5.00,5.20,292900,5.20
2010-10-05,5.50,5.50,5.16,5.20,51900,5.20
2010-10-04,5.09,5.31,5.09,5.22,53700,5.22
2010-10-01,5.20,5.43,5.01,5.09,47900,5.09
2010-09-30,5.00,5.45,5.00,5.30,63600,5.30
2010-09-29,5.27,5.38,5.11,5.30,97900,5.30
2010-09-28,5.60,5.65,5.30,5.33,65200,5.33
2010-09-27,5.00,5.51,4.98,5.41,88400,5.41
2010-09-24,5.36,5.54,5.30,5.48,55800,5.48
2010-09-23,5.70,5.77,5.29,5.41,157500,5.41
2010-09-22,5.43,5.58,5.29,5.40,110000,5.40
2010-09-21,5.50,5.60,5.47,5.55,67000,5.55
2010-09-20,5.50,5.74,5.07,5.45,93200,5.45
2010-09-17,5.45,5.96,5.45,5.96,93900,5.96
2010-09-16,4.30,5.45,4.30,5.09,149800,5.09
2010-09-15,4.06,4.76,4.06,4.71,38900,4.71
2010-09-14,3.91,4.00,3.90,4.00,7200,4.00
2010-09-13,4.00,4.10,4.00,4.01,103000,4.01
2010-09-10,4.13,4.14,3.86,3.89,9800,3.89
2010-09-09,4.25,4.25,3.90,4.03,224900,4.03
2010-09-08,4.20,4.25,4.15,4.22,7200,4.22
2010-09-07,4.25,4.25,4.20,4.20,1500,4.20
2010-09-03,4.19,4.27,4.15,4.22,9400,4.22
2010-09-02,4.24,4.24,4.15,4.18,2900,4.18
2010-09-01,4.31,4.39,4.16,4.17,7000,4.17
2010-08-31,4.41,4.51,4.36,4.37,8200,4.37
2010-08-30,4.51,4.51,4.51,4.51,000,4.51
2010-08-27,4.02,4.67,4.00,4.51,2700,4.51
2010-08-26,4.33,4.36,4.31,4.36,300,4.36
2010-08-25,4.35,4.35,4.35,4.35,1000,4.35
2010-08-24,4.46,4.46,4.35,4.35,3700,4.35
2010-08-23,4.57,4.80,4.50,4.50,11900,4.50
2010-08-20,4.52,4.57,4.51,4.56,4500,4.56
2010-08-19,4.55,4.58,4.50,4.56,3400,4.56
2010-08-18,4.65,4.65,4.65,4.65,2500,4.65
2010-08-17,4.75,4.75,4.70,4.72,1600,4.72
2010-08-16,4.75,4.77,4.75,4.77,900,4.77
2010-08-
13,4.80,4.80,4.78,4.78,5300,4.78
2010-08-12,4.80,4.80,4.80,4.80,2800,4.80
2010-08-11,4.80,4.84,4.80,4.81,6600,4.81
2010-08-10,5.00,5.01,4.96,5.01,5000,5.01
2010-08-09,4.85,5.01,4.85,4.96,18800,4.96
2010-08-06,5.03,5.06,4.98,5.03,28900,5.03
2010-08-05,5.00,5.04,4.94,5.03,24700,5.03
2010-08-04,5.01,5.08,5.00,5.03,31400,5.03
2010-08-03,5.15,5.15,5.00,5.03,26200,5.03
2010-08-02,5.30,5.30,5.01,5.04,23400,5.04
2010-07-30,5.30,5.34,5.27,5.33,3600,5.33
2010-07-29,5.14,5.28,5.03,5.27,23700,5.27
2010-07-28,5.12,5.12,5.00,5.09,24800,5.09
2010-07-27,5.13,5.15,5.00,5.15,28700,5.15
2010-07-26,5.10,5.15,5.00,5.15,35100,5.15
2010-07-23,5.01,5.08,4.99,5.08,48100,5.08
2010-07-22,5.04,5.04,4.99,5.03,26000,5.03
2010-07-21,5.01,5.13,4.97,5.06,42400,5.06
2010-07-20,5.02,5.06,4.96,5.03,40200,5.03
2010-07-19,5.11,5.11,4.98,4.98,37000,4.98
2010-07-16,5.00,5.06,4.99,5.05,24600,5.05
2010-07-15,5.07,5.07,5.00,5.05,31900,5.05
2010-07-14,5.00,5.10,5.00,5.02,33700,5.02
2010-07-13,5.03,5.03,4.94,4.96,26200,4.96
2010-07-12,5.00,5.07,5.00,5.05,27400,5.05
2010-07-09,5.08,5.08,4.94,4.96,17000,4.96
2010-07-08,5.30,5.30,5.00,5.10,24200,5.10
2010-07-07,5.00,5.15,5.00,5.15,30600,5.15
2010-07-06,5.04,5.10,4.76,5.01,39000,5.01
2010-07-02,5.09,5.09,4.96,5.06,33900,5.06
2010-07-01,5.32,5.40,5.00,5.14,29400,5.14
2010-06-30,5.45,5.45,5.01,5.25,69500,5.25
2010-06-29,5.48,5.48,5.01,5.20,37400,5.20
2010-06-28,5.15,5.28,5.03,5.19,33300,5.19
2010-06-25,5.13,5.13,5.00,5.05,48300,5.05
2010-06-24,5.06,5.21,5.05,5.06,32300,5.06
2010-06-23,5.54,5.54,5.06,5.09,17500,5.09
2010-06-22,5.45,5.57,5.28,5.43,58600,5.43
2010-06-21,5.25,5.33,5.04,5.16,14800,5.16
2010-06-18,5.58,5.58,5.30,5.30,4900,5.30
2010-06-17,5.31,5.31,5.31,5.31,100,5.31
2010-06-16,5.44,5.53,5.33,5.33,18900,5.33
2010-06-15,5.40,5.45,5.40,5.41,1400,5.41
2010-06-14,5.25,5.30,5.13,5.30,4800,5.30
2010-06-11,5.39,5.46,5.39,5.46,200,5.46
2010-06-10,5.35,5.41,5.30,5.38,2800,5.38
2010-06-09,5.23,5.35,5.20,5.35,17700,5.35
2010-06-08,5.85,5.85,5.36,5.43,15400,5.43
2010-06-07,5.82,5.90,5.76,5.90,6900,5.90
2010-06-04,5.85,5.86,5.75,5.85,21700,5.85
2010-06-03,5.90,5.90,5.83,5.90,6800,5.90
2010-06-02,5.80,5.86,5.80,5.86,6600,5.86
2010-06-01,5.90,5.90,5.65,5.83,24600,5.83
2010-05-28,5.79,5.81,5.75,5.79,24400,5.79
2010-05-27,5.81,5.90,5.80,5.80,23600,5.80
2010-05-26,5.77,5.80,5.75,5.75,14300,5.75
2010-05-25,5.80,5.80,5.68,5.75,69400,5.75
2010-05-24,5.80,5.80,5.63,5.80,20500,5.80
2010-05-21,5.60,5.80,5.60,5.80,41900,5.80
2010-05-20,5.74,6.00,5.60,5.67,37800,5.67
2010-05-19,5.77,5.80,5.70,5.76,105400,5.76
2010-05-18,5.80,5.80,5.75,5.80,32700,5.80
2010-05-17,5.85,5.89,5.80,5.81,26600,5.81
2010-05-14,5.84,5.86,5.80,5.85,24300,5.85
2010-05-13,5.84,5.90,5.66,5.90,36600,5.90
2010-05-12,5.90,5.92,5.86,5.92,51300,5.92
2010-05-11,5.90,5.95,5.87,5.91,19100,5.91
2010-05-10,5.99,6.00,5.89,6.00,42000,6.00
2010-05-07,6.00,6.00,5.85,5.90,37800,5.90
2010-05-06,5.90,5.99,5.90,5.98,94800,5.98
2010-05-05,5.70,5.90,5.70,5.90,31700,5.90
2010-05-04,5.75,5.90,5.71,5.75,2000,5.75
2010-05-03,5.83,5.90,5.82,5.85,5700,5.85
2010-04-30,5.93,5.99,5.90,5.90,10600,5.90
2010-04-29,5.77,6.00,5.77,5.91,54100,5.91
2010-04-28,6.08,6.08,5.71,5.71,13500,5.71
2010-04-27,6.00,6.05,5.82,5.87,30900,5.87
2010-04-26,5.99,6.04,5.80,6.02,17800,6.02
2010-04-23,6.07,6.10,5.95,6.00,26700,6.00
2010-04-22,5.90,5.95,5.80,5.91,18900,5.91
2010-04-21,5.83,5.95,5.80,5.95,17800,5
.95
2010-04-20,5.90,6.00,5.85,5.95,23100,5.95
2010-04-19,5.99,5.99,5.75,5.99,35900,5.99
2010-04-16,5.95,6.00,5.88,6.00,16200,6.00
2010-04-15,6.02,6.09,5.93,5.95,34800,5.95
2010-04-14,5.92,6.00,5.92,6.00,35800,6.00
2010-04-13,5.80,5.91,5.72,5.85,15900,5.85
2010-04-12,6.00,6.00,5.88,5.95,15000,5.95
2010-04-09,5.80,6.00,5.80,6.00,38500,6.00
2010-04-08,6.00,6.00,5.87,5.95,27800,5.95
2010-04-07,5.70,6.00,5.70,5.98,21300,5.98
2010-04-06,6.08,6.08,5.96,6.00,57200,6.00
2010-04-05,6.10,6.10,5.83,6.00,47300,6.00
2010-04-01,6.11,6.11,5.92,6.00,17300,6.00
2010-03-31,6.17,6.17,5.76,6.00,117300,6.00
2010-03-30,6.17,6.20,5.70,6.20,267800,6.20
2010-03-29,6.28,6.50,6.05,6.17,137500,6.17
2010-03-26,6.45,6.45,5.65,5.95,66700,5.95
2010-03-25,6.16,6.45,5.85,6.45,33800,6.45
2010-03-24,5.74,6.00,5.61,5.85,104000,5.85
2010-03-23,5.49,5.70,5.45,5.65,35200,5.65
2010-03-22,5.25,5.70,5.25,5.42,24500,5.42
2010-03-19,5.26,5.36,5.23,5.26,4100,5.26
2010-03-18,5.35,5.35,5.15,5.20,11800,5.20
2010-03-17,5.38,5.39,5.18,5.20,7800,5.20
2010-03-16,5.40,5.47,5.25,5.29,16300,5.29
2010-03-15,5.34,5.45,5.30,5.33,2400,5.33
2010-03-12,5.52,5.52,5.19,5.28,63100,5.28
2010-03-11,5.45,5.80,5.23,5.49,90600,5.49
2010-03-10,5.19,5.23,5.18,5.23,16400,5.23
2010-03-09,5.25,5.30,5.10,5.24,23400,5.24
2010-03-08,5.52,5.52,5.03,5.10,36200,5.10
2010-03-05,5.50,5.50,5.38,5.45,22500,5.45
2010-03-04,5.27,5.46,5.15,5.45,23700,5.45
2010-03-03,5.22,5.45,5.22,5.38,14000,5.38
2010-03-02,5.24,5.30,5.10,5.25,18900,5.25
2010-03-01,5.36,5.37,5.00,5.00,15300,5.00
2010-02-26,5.15,5.21,5.01,5.20,24500,5.20
2010-02-25,5.20,5.20,5.03,5.03,12900,5.03
2010-02-24,5.18,5.31,5.18,5.20,20400,5.20
2010-02-23,5.53,5.56,5.20,5.20,25100,5.20
2010-02-22,5.70,5.70,5.50,5.50,27000,5.50
2010-02-19,5.73,5.96,5.70,5.70,22200,5.70
2010-02-18,5.63,5.85,5.57,5.62,26900,5.62
2010-02-17,5.77,5.78,5.60,5.60,12000,5.60
2010-02-16,5.90,5.97,5.90,5.90,7200,5.90
2010-02-12,5.93,5.93,5.93,5.93,000,5.93
2010-02-11,5.73,6.00,5.73,5.93,11300,5.93
2010-02-10,6.49,6.49,5.86,5.86,23000,5.86
2010-02-09,6.40,6.40,5.83,5.85,31400,5.85
2010-02-08,5.92,6.02,5.92,5.99,900,5.99
2010-02-05,5.92,5.92,5.75,5.85,5000,5.85
2010-02-04,6.00,6.19,5.98,5.98,10400,5.98
2010-02-03,6.17,6.17,5.79,5.97,5300,5.97
2010-02-02,5.97,6.21,5.95,6.18,28900,6.18
2010-02-01,6.03,6.03,5.95,6.00,22900,6.00
2010-01-29,6.04,6.06,5.95,5.98,3100,5.98
2010-01-28,6.03,6.10,5.89,5.89,15600,5.89
2010-01-27,6.00,6.10,5.87,5.87,47600,5.87
2010-01-26,6.46,6.59,6.21,6.24,11400,6.24
2010-01-25,6.48,6.75,6.26,6.33,21800,6.33
2010-01-22,5.88,6.50,5.86,6.50,38100,6.50
2010-01-21,6.00,6.00,5.86,5.86,4600,5.86
2010-01-20,5.88,5.99,5.85,5.91,7700,5.91
2010-01-19,6.32,6.35,5.91,5.92,41000,5.92
2010-01-15,6.22,6.48,6.22,6.31,18400,6.31
2010-01-14,6.42,6.50,6.31,6.31,21400,6.31
2010-01-13,6.49,6.49,6.23,6.27,45900,6.27
2010-01-12,6.56,6.60,6.38,6.40,88900,6.40
2010-01-11,6.59,6.71,6.51,6.65,47400,6.65
2010-01-08,6.30,6.75,6.30,6.35,68700,6.35
2010-01-07,6.29,6.35,6.29,6.29,18000,6.29
2010-01-06,6.31,6.35,6.25,6.25,42500,6.25
2010-01-05,6.36,6.36,6.20,6.30,20300,6.30
2010-01-04,6.48,6.48,6.21,6.36,32300,6.36
2009-12-31,6.60,6.72,6.12,6.50,219600,6.50
2009-12-30,6.05,6.69,6.00,6.69,186100,6.69
2009-12-29,5.86,5.95,5.66,5.95,9200,5.95
2009-12-28,5.89,5.91,5.60,5.84,21000,5.84
2009-12-2
4,5.90,5.90,5.85,5.90,11500,5.90
2009-12-23,5.91,5.95,5.85,5.94,35500,5.94
2009-12-22,6.03,6.03,5.88,5.90,33800,5.90
2009-12-21,6.00,6.02,5.98,5.98,44300,5.98
2009-12-18,6.01,6.10,5.90,5.94,52700,5.94
2009-12-17,5.60,6.10,5.60,5.98,510700,5.98
2009-12-16,5.60,5.61,5.60,5.61,7300,5.61
2009-12-15,5.59,5.65,5.59,5.60,56200,5.60
2009-12-14,5.70,5.79,5.59,5.59,7100,5.59
2009-12-11,5.79,5.98,5.69,5.78,48000,5.78
2009-12-10,5.80,5.90,5.69,5.69,16100,5.69
2009-12-09,5.90,5.90,5.65,5.70,55500,5.70
2009-12-08,5.98,5.99,5.79,5.95,30400,5.95
2009-12-07,6.12,6.16,5.90,5.99,8000,5.99
2009-12-04,6.03,6.19,5.92,6.05,93700,6.05
2009-12-03,6.02,6.03,5.80,6.03,50100,6.03
2009-12-02,6.10,6.11,6.00,6.02,317500,6.02
2009-12-01,6.12,6.12,6.01,6.10,21600,6.10
2009-11-30,6.23,6.24,6.08,6.10,25900,6.10
2009-11-27,6.02,6.18,6.00,6.16,18200,6.16
2009-11-25,6.00,6.24,5.97,6.24,72400,6.24
2009-11-24,6.10,6.16,5.95,6.07,56300,6.07
2009-11-23,5.85,6.10,5.69,6.10,112200,6.10
2009-11-20,5.95,5.99,5.50,5.75,321400,5.75
2009-11-19,6.05,6.25,5.39,5.93,1442000,5.93
2009-11-18,12.85,12.85,12.85,12.85,1400,12.85
2009-11-17,8.95,8.95,8.95,8.95,000,8.95
2009-11-16,8.00,8.95,8.00,8.95,1000,8.95
2009-11-13,7.35,7.35,7.35,7.35,000,7.35
2009-11-12,7.00,7.50,7.00,7.35,5000,7.35
2009-11-11,7.50,7.50,7.50,7.50,000,7.50
2009-11-10,7.50,7.50,7.50,7.50,000,7.50
2009-11-09,7.50,7.50,7.50,7.50,000,7.50
2009-11-06,7.50,7.50,7.50,7.50,000,7.50
2009-11-05,7.50,7.50,7.50,7.50,000,7.50
2009-11-04,7.50,7.50,7.50,7.50,000,7.50
2009-11-03,7.50,7.50,7.50,7.50,000,7.50
2009-11-02,7.50,7.50,7.50,7.50,000,7.50
2009-10-30,7.50,7.50,7.50,7.50,000,7.50
2009-10-29,7.50,7.50,7.50,7.50,000,7.50
2009-10-28,7.50,7.50,7.50,7.50,000,7.50
2009-10-27,7.50,7.50,7.50,7.50,000,7.50
2009-10-26,7.50,7.50,7.50,7.50,000,7.50
2009-10-23,7.50,7.50,7.50,7.50,000,7.50
2009-10-22,7.50,7.50,7.50,7.50,000,7.50
2009-10-21,7.50,7.50,7.50,7.50,000,7.50
2009-10-20,7.50,7.50,7.50,7.50,000,7.50
2009-10-19,7.50,7.50,7.50,7.50,000,7.50
2009-10-16,7.50,7.50,7.50,7.50,000,7.50
2009-10-15,7.50,7.50,7.50,7.50,000,7.50
2009-10-14,7.50,7.50,7.50,7.50,000,7.50
2009-10-13,7.50,7.50,7.50,7.50,000,7.50
2009-10-12,7.50,7.50,7.50,7.50,000,7.50
2009-10-09,7.50,7.50,7.50,7.50,000,7.50
2009-10-08,7.50,7.50,7.50,7.50,000,7.50
2009-10-07,7.50,7.50,7.50,7.50,000,7.50
2009-10-06,7.50,7.50,7.50,7.50,000,7.50
2009-10-05,7.50,7.50,7.50,7.50,000,7.50
2009-10-02,7.50,7.50,7.50,7.50,000,7.50
2009-10-01,7.50,7.50,7.50,7.50,000,7.50
2009-09-30,7.50,7.50,7.50,7.50,000,7.50
2009-09-29,7.50,7.50,7.50,7.50,000,7.50
2009-09-28,7.50,7.50,7.50,7.50,000,7.50
2009-09-25,7.50,7.50,7.50,7.50,000,7.50
2009-09-24,7.50,7.50,7.50,7.50,000,7.50
2009-09-23,7.50,7.50,7.50,7.50,000,7.50
2009-09-22,7.50,7.50,7.50,7.50,000,7.50
2009-09-21,7.50,7.50,7.50,7.50,000,7.50
2009-09-18,7.50,7.50,7.50,7.50,000,7.50
2009-09-17,7.50,7.50,7.50,7.50,000,7.50
2009-09-16,7.50,7.50,7.50,7.50,000,7.50
2009-09-15,7.50,7.50,7.50,7.50,10000,7.50
2009-09-14,7.50,7.50,7.50,7.50,000,7.50
2009-09-11,7.50,7.50,7.50,7.50,200,7.50
2009-09-10,7.10,7.10,7.10,7.10,000,7.10
2009-09-09,7.10,7.10,7.10,7.10,000,7.10
2009-09-08,7.10,7.10,7.10,7.10,000,7.10
2009-09-04,7.10,7.10,7.10,7.10,000,7.10
2009-09-03,7.10,7.10,7.10,7.10,000,7.10
2009-09-02,7.10,7.10,7.10,7.10,3000,7.10
2009-09-01,7.10,7.10,7.10,7.10,000,7.10
2009-08-31,7.10,7.10,7.10,7.10,000,7.10
2009-08-28,7.10,7.10,7.10,7.10,000,7.10
2009-08-27,7.10,7.10,7.10,7.10,1000,7.10
2009-08-26,6.75,6.75,6.75,6.75,000,6.75
2009-08-25,6.75,6.75,6.75,6.75,000,6.75
2009-08-24,6.75,6.75,6.75,6.75,2000,6.75
2009-08-21,6.75,6.75,6.75,6.75,2400,6.75
2009-08-20,6.75,6.75,6.75,6.75,000,6.75
2009-08-19,6.75,6.75,6.75,6.75,000,6.75
2009-08-18,6.75,6.75,6.75,6.75,3000,6.75
2009-08-17,6.45,6.46,6.45,6.45,3500,6.45
2009-08-14,6.10,6.45,6.10,6.45,8100,6.45
2009-08-13,6.10,6.10,6.10,6.10,3000,6.10
2009-08-12,6.10,6.10,6.10,6.10,5500,6.10
2009-08-11,6.00,6.00,6.00,6.00,000,6.00
2009-08-10,6.00,6.00,6.00,6.00,000,6.00
2009-08-07,6.00,6.00,6.00,6.00,000,6.00
2009-08-06,6.00,6.01,6.00,6.00,10000,6.00
2009-08-05,6.55,6.55,6.55,6.55,000,6.55
2009-08-04,6.55,6.55,6.55,6.55,000,6.55
2009-08-03,6.55,6.55,6.55,6.55,000,6.55
2009-07-31,6.55,6.55,6.55,6.55,1000,6.55
2009-07-30,6.55,6.55,6.55,6.55,000,6.55
2009-07-29,6.55,6.55,6.55,6.55,19000,6.55
2009-07-28,6.45,6.45,6.45,6.45,500,6.45
2009-07-27,6.45,6.45,6.45,6.45,1500,6.45
2009-07-24,6.37,6.37,6.37,6.37,000,6.37
2009-07-23,6.37,6.37,6.37,6.37,000,6.37
2009-07-22,6.35,6.40,6.35,6.37,4000,6.37
2009-07-21,6.25,6.25,6.25,6.25,000,6.25
2009-07-20,6.25,6.25,6.25,6.25,1500,6.25
2009-07-17,6.25,6.25,6.25,6.25,1000,6.25
2009-07-16,6.36,6.36,6.36,6.36,000,6.36
2009-07-15,6.36,6.36,6.36,6.36,4000,6.36
2009-07-14,6.36,6.36,6.36,6.36,9000,6.36
2009-07-13,6.36,6.36,6.36,6.36,1500,6.36
2009-07-10,6.35,6.35,6.35,6.35,5000,6.35
2009-07-09,6.35,6.35,6.35,6.35,5000,6.35
2009-07-08,6.35,6.35,6.35,6.35,5000,6.35
2009-07-07,6.20,6.20,6.20,6.20,3500,6.20
2009-07-06,6.25,6.25,6.20,6.20,6500,6.20
2009-07-02,6.01,6.10,6.01,6.10,4400,6.10
2009-07-01,5.98,5.98,5.98,5.98,800,5.98
2009-06-30,6.00,6.00,5.99,5.99,4100,5.99
2009-06-29,6.06,6.06,6.06,6.06,2000,6.06
2009-06-26,6.02,6.02,6.02,6.02,1000,6.02
2009-06-25,5.69,5.69,5.69,5.69,000,5.69
2009-06-24,5.69,5.69,5.69,5.69,000,5.69
2009-06-23,5.69,5.69,5.69,5.69,000,5.69
2009-06-22,5.69,5.69,5.69,5.69,1000,5.69
2009-06-19,5.69,5.69,5.69,5.69,000,5.69
2009-06-18,5.69,5.69,5.69,5.69,000,5.69
2009-06-17,5.69,5.69,5.69,5.69,000,5.69
2009-06-16,5.69,5.69,5.69,5.69,000,5.69
2009-06-15,5.69,5.69,5.69,5.69,000,5.69
2009-06-12,5.69,5.69,5.69,5.69,000,5.69
2009-06-11,5.69,5.69,5.69,5.69,000,5.69
2009-06-10,5.69,5.69,5.69,5.69,000,5.69
2009-06-09,5.69,5.69,5.69,5.69,000,5.69
2009-06-08,5.69,5.69,5.69,5.69,000,5.69
2009-06-05,5.69,5.69,5.69,5.69,000,5.69
2009-06-04,5.69,5.69,5.69,5.69,000,5.69
2009-06-03,5.69,5.69,5.69,5.69,000,5.69
2009-06-02,5.85,5.85,5.69,5.69,2500,5.69
2009-06-01,5.85,5.85,5.85,5.85,1000,5.85
2009-05-29,5.85,5.85,5.85,5.85,000,5.85
2009-05-28,5.85,5.85,5.85,5.85,000,5.85
2009-05-27,5.85,5.85,5.85,5.85,000,5.85
2009-05-26,5.85,5.85,5.85,5.85,000,5.85
2009-05-22,5.85,5.85,5.85,5.85,000,5.85
2009-05-21,5.85,5.85,5.85,5.85,000,5.85
2009-05-20,5.85,5.85,5.85,5.85,000,5.85
2009-05-19,5.85,5.85,5.85,5.85,000,5.85
2009-05-18,5.85,5.85,5.85,5.85,000,5.85
2009-05-15,5.85,5.85,5.85,5.85,000,5.85
2009-05-14,5.85,5.85,5.85,5.85,000,5.85
2009-05-13,5.85,5.85,5.85,5.85,000,5.85
2009-05-12,5.85,5.85,5.85,5.85,000,5.85
2009-05-11,5.85,5.85,5.85,5.85,000,5.85
2009-05-08,5.85,5.85,5.85,5.85,000,5.85
2009-05-07,5.85,5.85,5.85,5.85,000,5.85
2009-05-06,5.85,5.85,5.85,5.85,000,5.85
2009-05-05,5.85,5.85,5.85,5.85,000,5.85
2009-05-04,5.85,5.85,5.85,5.85,000,5.85
2009-05-01,5.85,5.85,5.85,5.85,000,5.85
2009-04-30,5.85,5.85,5.85,5.85,000,5.85
2009-04-29,5.85,5.85,5.85,5.85,000,5.85
2009-04-28,5.85,5.85,5.85,5.85,000,5.85
2009-04-27,5.85,5.85,5.85,5.85,000,5.85
2009-04-24,5.85,5.85,5.85,5.85,000,5.85
2009-04-23,5.85,5.85,5.85,5.85,000,5.85
2009-04-22,5.85,5.85,5.85,5.85,000,5.85
2009-04-21,5.85,5.85,5.85,5.85,000,5.85
2009-04-20,5.85,5.85,5.85,5.85,000,5.85
2009-04-17,5.85,5.85,5.85,5.85,000,5.85
2009-04-16,5.85,5.85,5.85,5.85,000,5.85
2009-04-15,5.85,5.85,5.85,5.85,000,5.85
2009-04-14,5.85,5.85,5.85,5.85,000,5.85
2009-04-13,5.85,5.85,5.85,5.85,000,5.85
2009-04-09,5.85,5.85,5.85,5.85,000,5.85
2009-04-08,5.85,5.85,5.85,5.85,000,5.85
2009-04-07,5.85,5.85,5.85,5.85,000,5.85
2009-04-06,5.85,5.85,5.85,5.85,000,5.85
2009-04-03,5.85,5.85,5.85,5.85,000,5.85
2009-04-02,5.85,5.85,5.85,5.85,000,5.85
2009-04-01,5.85,5.85,5.85,5.85,000,5.85
2009-03-31,5.85,5.85,5.85,5.85,000,5.85
2009-03-3
0,5.85,5.85,5.85,5.85,000,5.85
2009-03-27,5.85,5.85,5.85,5.85,1000,5.85
2009-03-26,5.85,5.85,5.85,5.85,000,5.85
2009-03-25,5.85,5.85,5.85,5.85,000,5.85
2009-03-24,5.85,5.85,5.85,5.85,000,5.85
2009-03-23,5.85,5.85,5.85,5.85,000,5.85
2009-03-20,5.85,5.85,5.85,5.85,000,5.85
2009-03-19,5.85,5.85,5.85,5.85,000,5.85
2009-03-18,5.85,5.85,5.85,5.85,000,5.85
2009-03-17,5.85,5.85,5.85,5.85,000,5.85
2009-03-16,5.85,5.85,5.85,5.85,000,5.85
2009-03-13,5.85,5.85,5.85,5.85,1500,5.85
2009-03-12,5.70,5.70,5.70,5.70,000,5.70
2009-03-11,5.70,5.70,5.70,5.70,000,5.70
2009-03-10,5.70,5.70,5.70,5.70,000,5.70
2009-03-09,5.70,5.70,5.70,5.70,000,5.70
2009-03-06,5.70,5.70,5.70,5.70,3000,5.70
2009-03-05,5.70,5.70,5.70,5.70,000,5.70
2009-03-04,5.70,5.70,5.70,5.70,000,5.70
2009-03-03,5.70,5.70,5.70,5.70,000,5.70
2009-03-02,5.70,5.70,5.70,5.70,2500,5.70
2009-02-27,5.70,5.70,5.70,5.70,000,5.70
2009-02-26,5.70,5.70,5.70,5.70,000,5.70
2009-02-25,5.70,5.70,5.70,5.70,000,5.70
2009-02-24,5.70,5.70,5.70,5.70,1000,5.70
2009-02-23,5.70,5.70,5.65,5.65,6000,5.65
2009-02-20,5.90,5.90,5.90,5.90,1000,5.90
2009-02-19,6.00,6.00,6.00,6.00,000,6.00
2009-02-18,5.87,9.00,5.87,6.00,16000,6.00
2009-02-17,5.65,5.65,5.65,5.65,1000,5.65
2009-02-13,5.60,5.60,5.55,5.55,11000,5.55
2009-02-12,5.60,5.60,5.60,5.60,000,5.60
2009-02-11,5.60,5.60,5.60,5.60,000,5.60
2009-02-10,5.60,5.60,5.60,5.60,000,5.60
2009-02-09,5.60,5.60,5.60,5.60,000,5.60
2009-02-06,5.60,5.60,5.60,5.60,000,5.60
2009-02-05,5.60,5.60,5.60,5.60,000,5.60
2009-02-04,5.60,5.60,5.60,5.60,000,5.60
2009-02-03,5.60,5.60,5.60,5.60,500,5.60
2009-02-02,5.50,5.50,5.50,5.50,000,5.50
2009-01-30,5.50,5.50,5.50,5.50,000,5.50
2009-01-29,5.50,5.50,5.50,5.50,000,5.50
2009-01-28,5.50,5.50,5.50,5.50,000,5.50
2009-01-27,5.50,5.50,5.50,5.50,000,5.50
2009-01-26,5.50,5.50,5.50,5.50,000,5.50
2009-01-23,5.50,5.50,5.50,5.50,000,5.50
2009-01-22,5.50,5.50,5.50,5.50,000,5.50
2009-01-21,5.50,5.50,5.50,5.50,000,5.50
2009-01-20,5.50,5.50,5.50,5.50,000,5.50
2009-01-16,5.50,5.50,5.50,5.50,000,5.50
2009-01-15,5.50,5.50,5.50,5.50,000,5.50
2009-01-14,5.50,5.50,5.50,5.50,000,5.50
2009-01-13,5.50,5.50,5.50,5.50,000,5.50
2009-01-12,5.50,5.50,5.50,5.50,000,5.50
2009-01-09,5.50,5.50,5.50,5.50,000,5.50
2009-01-08,5.50,5.50,5.50,5.50,000,5.50
2009-01-07,5.50,5.50,5.50,5.50,000,5.50
2009-01-06,5.50,5.50,5.50,5.50,1500,5.50
2009-01-05,5.50,5.50,5.50,5.50,000,5.50
2009-01-02,5.50,5.50,5.50,5.50,000,5.50
2008-12-31,5.50,5.50,5.50,5.50,500,5.50
2008-12-30,5.46,5.46,5.46,5.46,000,5.46
2008-12-29,5.46,5.46,5.46,5.46,3000,5.46
2008-12-26,5.40,5.40,5.40,5.40,000,5.40
2008-12-24,5.40,5.40,5.40,5.40,000,5.40
2008-12-23,5.40,5.40,5.40,5.40,2000,5.40
2008-12-22,5.40,5.40,5.40,5.40,000,5.40
2008-12-19,5.40,5.40,5.40,5.40,000,5.40
2008-12-18,5.40,5.40,5.40,5.40,000,5.40
2008-12-17,5.40,5.40,5.40,5.40,000,5.40
2008-12-16,5.60,5.60,5.20,5.40,15500,5.40
2008-12-15,5.70,5.70,5.70,5.70,000,5.70
2008-12-12,5.70,5.70,5.70,5.70,000,5.70
2008-12-11,5.70,5.70,5.70,5.70,000,5.70
2008-12-10,5.70,5.70,5.70,5.70,000,5.70
2008-12-09,5.70,5.70,5.70,5.70,500,5.70
2008-12-08,5.82,5.82,5.80,5.80,1000,5.80
2008-12-05,5.84,5.84,5.84,5.84,000,5.84
2008-12-04,5.84,5.84,5.84,5.84,000,5.84
2008-12-03,5.84,5.84,5.84,5.84,000,5.84
2008-12-02,5.84,5.84,5.84,5.84,000,5.84
2008-12-01,5.84,5.84,5.84,5.84,000,5.84
2008-11-28,5.84,5.84,5.84,5.84,000,5.84
2008-11-26,5.84,5.84,5.84,5.84,000,5.84
2008-11-25,5.84,5.84,5.84,5.84,000,5.84
2008-11-24,5.84,5.84,5.84,5.84,000,5.84
2008-11-21,5.84,5.84,5.84,5.84,000,5.84
2008-11-20,5.84,5.84,5.84,5.84,000,5.84
2008-11-19,5.84,5.84,5.84,5.84,000,5.84
2008-11-18,5.84,5.84,5.84,5.84,000,5.84
2008-11-17,5.84,5.84,5.84,5.84,000,5.84
2008-11-14,5.85,5.85,5.84,5.84,117600,5.84
2008-11-13,5.86,5.86,5.86,5.86,100,5.86
2008-11-12,5.84,5.84,5.81,5.82,307500,5.82
2008-11-11,5.81,5.81,5.81,5.81,000,5.81
2008-11-10,5.81,5.81,5.81,5.81,000,5.81
2008-11-07,5.81,5.81,5.81,5.81,000,5.81
2008-11-06,5.81,5.81,5.81,5.81,000,5.81
2008-11-05,5.81,5.81,5.81,5.81,50000,5.81
2008-11-04,5.80,5.80,5.80,5.80,000,5.80
2008-11-03,5.80,5.80,5.80,5.80,500,5.80
2008-10-31,5.91,5.91,5.77,5.77,19700,5.77
2008-10-30,5.77,5.77,5.77,5.77,000,5.77
2008-10-29,5.77,5.77,5.77,5.77,000,5.77
2008-10-28,5.77,5.77,5.77,5.77,000,5.77
2008-10-27,5.77,5.77,5.77,5.77,000,5.77
2008-10-24,5.77,5.77,5.73,5.77,6200,5.77
2008-10-23,5.68,5.68,5.68,5.68,000,5.68
2008-10-22,5.68,5.68,5.68,5.68,000,5.68
2008-10-21,5.68,5.68,5.68,5.68,000,5.68
2008-10-20,5.68,5.68,5.68,5.68,000,5.68
2008-10-17,5.68,5.68,5.68,5.68,000,5.68
2008-10-16,5.68,5.68,5.68,5.68,000,5.68
2008-10-15,5.68,5.68,5.68,5.68,000,5.68
2008-10-14,5.68,5.68,5.68,5.68,000,5.68
2008-10-13,5.68,5.68,5.68,5.68,000,5.68
2008-10-10,5.68,5.68,5.68,5.68,000,5.68
2008-10-09,5.68,5.68,5.68,5.68,000,5.68
2008-10-08,5.68,5.68,5.68,5.68,000,5.68
2008-10-07,5.68,5.68,5.68,5.68,000,5.68
2008-10-06,5.75,5.75,5.67,5.68,131500,5.68
2008-10-03,5.77,5.77,5.77,5.77,000,5.77
2008-10-02,5.77,5.77,5.77,5.77,2300,5.77
2008-10-01,5.75,5.75,5.73,5.73,42300,5.73
2008-09-30,5.75,5.76,5.65,5.65,32300,5.65
2008-09-29,5.77,5.77,5.77,5.77,000,5.77
2008-09-26,5.78,5.78,5.77,5.77,1500,5.77
2008-09-25,5.79,5.79,5.78,5.78,82000,5.78
2008-09-24,5.85,5.85,5.85,5.85,000,5.85
2008-09-23,5.85,5.85,5.85,5.85,200000,5.85
2008-09-22,5.79,5.79,5.79,5.79,500,5.79
2008-09-19,5.78,5.78,5.78,5.78,1400,5.78
2008-09-18,5.78,5.78,5.77,5.77,90000,5.77
2008-09-17,5.83,5.83,5.80,5.80,85000,5.80
2008-09-16,5.83,5.83,5.83,5.83,000,5.83
2008-09-15,5.83,5.83,5.83,5.83,000,5.83
2008-09-12,5.87,5.87,5.83,5.83,16500,5.83
2008-09-11,5.83,5.83,5.83,5.83,12500,5.83
2008-09-10,5.83,5.83,5.82,5.83,10200,5.83
2008-09-09,5.83,5.83,5.83,5.83,000,5.83
2008-09-08,5.83,5.83,5.83,5.83,500,5.83
2008-09-05,5.86,5.86,5.84,5.85,2700,5.85
2008-09-04,5.89,5.89,5.89,5.89,000,5.89
2008-09-03,5.89,5.89,5.89,5.89,000,5.89
2008-09-02,5.89,5.89,5.89,5.89,000,5.89
2008-08-29,5.89,5.89,5.89,5.89,000,5.89
2008-08-28,5.89,5.89,5.89,5.89,000,5.89
2008-08-27,5.82,5.89,5.82,5.89,2400,5.89
2008-08-26,5.82,5.82,5.82,5.82,000,5.82
2008-08-25,5.82,5.82,5.82,5.82,000,5.82
2008-08-22,5.82,5.82,5.82,5.82,000,5.82
2008-08-21,5.82,5.82,5.82,5.82,000,5.82
2008-08-20,5.82,5.82,5.81,5.82,13000,5.82
2008-08-19,5.82,5.82,5.82,5.82,000,5.82
2008-08-18,5.82,5.82,5.82,5.82,3900,5.82
2008-08-15,5.81,5.81,5.81,5.81,000,5.81
2008-08-14,5.81,5.81,5.81,5.81,000,5.81
2008-08-13,5.81,5.81,5.81,5.81,000,5.81
2008-08-12,5.81,5.81,5.81,5.81,000,5.81
2008-08-11,5.81,5.81,5.81,5.81,000,5.81
2008-08-08,5.81,5.81,5.81,5.81,000,5.81
2008-08-07,5.81,5.81,5.81,5.81,000,5.81
2008-08-06,5.82,5.84,5.81,5.81,7500,5.81
2008-08-05,5.82,5.82,5.82,5.82,000,5.82
2008-08-04,5.82,5.82,5.82,5.82,000,5.82
2008-08-01,5.82,5.82,5.82,5.82,000,5.82
2008-07-31,5.82,5.82,5.82,5.82,6000,5.82
2008-07-30,5.76,5.76,5.76,5.76,000,5.76
2008-07-29,5.76,5.76,5.76,5.76,000,5.76
2008-07-28,5.76,5.76,5.76,5.76,000,5.76
2008-07-25,5.76,5.76,5.76,5.76,000,5.76
2008-07-24,5.76,5.76,5.76,5.76,5400,5.76
2008-07-23,5.76,5.76,5.76,5.76,000,5.76
2008-07-22,5.76,5.76,5.76,5.76,000,5.76
2008-07-21,5.76,5.76,5.76,5.76,000,5.76
2008-07-18,5.76,5.76,5.76,5.76,000,5.76
2008-07-17,5.76,5.76,5.76,5.76,000,5.76
2008-07-16,5.76,5.76,5.76,5.76,000,5.76
2008-07-15,5.76,5.76,5.76,5.76,000,5.76
2008-07-14,5.76,5.76,5.76,5.76,1000,5.76
2008-07-11,5.75,5.75,5.75,5.75,000,5.75
2008-07-10,5.75,5.75,5.75,5.75,000,5.75
2008-07-09,5.75,5.75,5.75,5.75,000,5.75
2008-07-08,5.75,5.75,5.75,5.75,2000,5.75
2008-07-07,5.75,5.75,5.75,5.75,000,5.75
2008-07-03,5.75,5.75,5.75,5.75,2000,5.75
2008-07-02,5.78,5.78,5.78,5.78,000,5.78
2008-07-01,5.76,5.78,5.76,5.78,27600,5.78
2008-06-30,5.76,5.76,5.76,5.76,000,5.76
2008-06-27,5.76,5.76,5.76,5.76,000,5.76
2008-06-26,5.76,5.76,5.76,5.76,000,5.76
2008-06-25,5.76,5.76,5.76,5.76,5000,5.76
2008-06-24,5.76,5.76,5.75,5.75,288800,5.75
2008-06-23,5.76,5.76,5.75,5.75,64000,5.75
2008-06-20,5.75,5.75,5.75,5.75,000,5.75
2008-06-19,5.75,5.75,5.75,5.75,000,5.75
2008-06-18,5.77,5.77,5.75,5.75,29000,5.75
2008-06-17,5.77,5.77,5.77,5.77,000,5.77
2008-06-16,5.77,5.77,5.77,5.77,000,5.77
2008-06-13,5.77,5.77,5.77,5.77,000,5.77
2008-06-12,5.77,5.77,5.77,5.77,000,5.77
2008-06-11,5.77,5.77,5.77,5.77,500,5.77
2008-06-10,5.75,5.75,5.75,5.75,000,5.75
2008-06-09,5.75,5.75,5.75,5.75,000,5.75
2008-06-06,5.75,5.75,5.75,5.75,38000,5.75
2008-06-05,5.72,5.72,5.72,5.72,000,5.72
2008-06-04,5.72,5.72,5.72,5.72,000,5.72
2008-06-03,5.72,5.72,5.72,5.72,500,5.72
2008-06-02,5.72,5.72,5.72,5.72,000,5.72
2008-05-30,5.72,5.72,5.72,5.72,000,5.72
2008-05-29,5.72,5.72,5.72,5.72,000,5.72
2008-05-28,5.71,5.72,5.71,5.72,25000,5.72
2008-05-27,5.69,5.69,5.69,5.69,2000,5.69
2008-05-23,5.72,5.72,5.72,5.72,000,5.72
2008-05-22,5.68,5.72,5.68,5.72,82000,5.72
2008-05-21,5.6
5,5.72,5.65,5.72,41000,5.72
2008-05-20,5.64,5.66,5.64,5.65,26500,5.65
2008-05-19,5.65,5.66,5.65,5.66,5000,5.66
2008-05-16,5.69,5.69,5.58,5.63,80500,5.63
2008-05-15,5.72,5.72,5.72,5.72,000,5.72
2008-05-14,5.72,5.72,5.72,5.72,000,5.72
2008-05-13,5.72,5.72,5.72,5.72,000,5.72
2008-05-12,5.72,5.72,5.72,5.72,000,5.72
2008-05-09,5.72,5.72,5.72,5.72,35000,5.72
2008-05-08,5.72,5.72,5.72,5.72,10000,5.72
2008-05-07,5.72,5.72,5.72,5.72,10000,5.72
2008-05-06,5.72,5.72,5.72,5.72,32000,5.72
2008-05-05,5.72,5.72,5.72,5.72,000,5.72
2008-05-02,5.72,5.72,5.72,5.72,12000,5.72
2008-05-01,5.70,5.72,5.70,5.72,53000,5.72
2008-04-30,5.72,5.72,5.72,5.72,35000,5.72
2008-04-29,5.70,5.70,5.70,5.70,000,5.70
2008-04-28,5.65,5.70,5.65,5.70,178000,5.70
2008-04-25,5.62,5.63,5.62,5.63,25300,5.63
2008-04-24,5.60,5.60,5.60,5.60,000,5.60
2008-04-23,5.60,5.60,5.60,5.60,2500,5.60
2008-04-22,5.59,5.59,5.59,5.59,000,5.59
2008-04-21,5.59,5.59,5.59,5.59,000,5.59
2008-04-18,5.59,5.59,5.59,5.59,000,5.59
2008-04-17,5.62,5.62,5.59,5.59,75000,5.59
2008-04-16,5.62,5.64,5.60,5.60,327500,5.60
2008-04-15,5.62,5.62,5.62,5.62,33500,5.62
2008-04-14,5.64,5.64,5.64,5.64,2000,5.64
2008-04-11,5.62,5.62,5.62,5.62,000,5.62
2008-04-10,5.63,5.63,5.62,5.62,4500,5.62
2008-04-09,5.64,5.64,5.64,5.64,000,5.64
2008-04-08,5.64,5.64,5.64,5.64,000,5.64
2008-04-07,5.64,5.64,5.64,5.64,000,5.64
2008-04-04,5.64,5.64,5.64,5.64,4000,5.64
2008-04-03,5.65,5.65,5.65,5.65,2500,5.65
2008-04-02,5.67,5.67,5.67,5.67,5000,5.67
2008-04-01,5.70,5.70,5.70,5.70,000,5.70
2008-03-31,5.70,5.70,5.70,5.70,000,5.70
2008-03-28,5.70,5.70,5.70,5.70,500,5.70
2008-03-27,5.64,5.64,5.64,5.64,000,5.64
2008-03-26,5.64,5.64,5.64,5.64,4000,5.64
2008-03-25,5.61,5.61,5.61,5.61,000,5.61
2008-03-24,5.61,5.61,5.61,5.61,000,5.61
2008-03-20,5.61,5.61,5.61,5.61,000,5.61
2008-03-19,5.61,5.61,5.61,5.61,000,5.61
2008-03-18,5.61,5.61,5.61,5.61,000,5.61
2008-03-17,5.61,5.61,5.61,5.61,000,5.61
2008-03-14,5.59,5.61,5.59,5.61,26000,5.61
2008-03-13,5.58,5.58,5.58,5.58,10000,5.58
2008-03-12,5.59,5.59,5.59,5.59,5000,5.59
2008-03-11,5.59,5.59,5.59,5.59,000,5.59
2008-03-10,5.59,5.59,5.59,5.59,2500,5.59
2008-03-07,5.59,5.59,5.59,5.59,170000,5.59
2008-03-06,5.62,5.62,5.60,5.61,52000,5.61
2008-03-05,5.62,5.62,5.62,5.62,500,5.62
2008-03-04,5.62,5.62,5.62,5.62,000,5.62
2008-03-03,5.62,5.62,5.62,5.62,000,5.62
2008-02-29,5.62,5.62,5.62,5.62,000,5.62
2008-02-28,5.62,5.62,5.62,5.62,000,5.62
2008-02-27,5.62,5.62,5.62,5.62,3000,5.62
2008-02-26,5.61,5.61,5.61,5.61,000,5.61
2008-02-25,5.61,5.61,5.61,5.61,7500,5.61
2008-02-22,5.62,5.62,5.59,5.60,201000,5.60
2008-02-21,5.60,5.60,5.60,5.60,9700,5.60
2008-02-20,5.61,5.61,5.59,5.59,2000,5.59
2008-02-19,5.62,5.62,5.62,5.62,000,5.62
2008-02-15,5.62,5.62,5.62,5.62,000,5.62
2008-02-14,5.62,5.62,5.62,5.62,000,5.62
2008-02-13,5.62,5.62,5.62,5.62,500,5.62
2008-02-12,5.60,5.61,5.60,5.61,14000,5.61
2008-02-11,5.60,5.60,5.60,5.60,14000,5.60
2008-02-08,5.62,5.62,5.62,5.62,000,5.62
2008-02-07,5.62,5.62,5.62,5.62,500,5.62
2008-02-06,5.65,5.65,5.65,5.65,000,5.65
2008-02-05,5.65,5.65,5.65,5.65,000,5.65
2008-02-04,5.65,5.65,5.65,5.65,6500,5.65
2008-02-01,5.65,5.65,5.65,5.65,85500,5.65
2008-01-31,5.65,5.65,5.65,5.65,9000,5.65
2008-01-30,5.65,5.66,5.65,5.66,8000,5.66
2008-01-29,5.64,5.64,5.64,5.64,1000,5.64
2008-01-28,5.65,5.65,5.65,5.65,3500,5.65
2008-01-25,5.66,5.66,5.66,5.66,000,5.66
2008-01-24,5.64,5.66,5.64,5.66,72900,5.66
2008-01-23,5.63,5.64,5.63,5.64,148100,5.64
2008-01-22,5.63,5.64,5.55,5.64,152000,5.64
2008-01-18,5.63,5.63,5.63,5.63,111100,5.63
2008-01-17,5.63,5.63,5.63,5.63,000,5.63
2008-01-16,5.63,5.63,5.63,5.63,2000,5.63
2008-01-15,5.59,5.59,5.58,5.58,285000,5.58
2008-01-14,5.65,5.65,5.60,5.63,26000,5.63
2008-01-11,5.60,5.60,5.60,5.60,000,5.60
2008-01-10,5.60,5.60,5.60,5.60,10000,5.60
2008-01-09,5.60,5.60,5.60,5.60,000,5.60
2008-01-08,5.60,5.60,5.60,5.60,2000,5.60
2008-01-07,5.60,5.60,5.60,5.60,3500,5.60
2008-01-04,5.60,5.60,5.60,5.60,000,5.60
2008-01-03,5.60,5.60,5.60,5.60,2500,5.60
2008-01-02,5.57,5.57,5.57,5.57,000,5.57
2007-12-31,5.57,5.57,5.57,5.57,000,5.57
2007-12-28,5.57,5.57,5.57,5.57,000,5.57
2007-12-27,5.57,5.57,5.57,5.57,1000,5.57
2007-12-26,5.59,5.59,5.59,5.59,000,5.59
2007-12-24,5.59,5.59,5.59,5.59,000,5.59
2007-12-21,5.59,5.59,5.59,5.59,000,5.59
2007-12-20,5.57,5.59,5.57,5.59,4500,5.59
2007-12-19,5.55,5.55,5.55,5.55,000,5.55
2007-12-18,5.55,5.55,5.55,5.55,000,5.55
2007-12-17,5.55,5.55,5.55,5.55,000,5.55
2007-12-14,5.55,5.55,5.55,5.55,000,5.55
2007-12-13,5.55,5.55,5.55,5.55,000,5.55
2007-12-12,5.55,5.55,5.55,5.55,000,5.55
2007-12-11,5.55,5.55,5.55,5.55,000,5.55
2007-12-10,5.55,5.55,5.55,5.55,5000,5.55
2007-12-07,5.55,5.55,5.55,5.55,000,5.55
2007-12-06,5.55,5.55,5.55,5.55,000,5.55
2007-12-05,5.55,5.55,5.55,5.55,000,5.55
2007-12-04,5.55,5.55,5.55,5.55,000,5.55
2007-12-03,5.55,5.55,5.55,5.55,000,5.55
2007-11-30,5.55,5.55,5.55,5.55,000,5.55
2007-11-29,5.55,5.55,5.55,5.55,2500,5.55
2007-11-28,5.55,5.55,5.55,5.55,000,5.55
2007-11-27,5.55,5.55,5.55,5.55,000,5.55
2007-11-26,5.55,5.55,5.55,5.55,15000,5.55
2007-11-23,5.55,5.55,5.55,5.55,000,5.55
2007-11-21,5.55,5.55,5.55,5.55,000,5.55
2007-11-20,5.55,5.55,5.55,5.55,4000,5.55
2007-11-19,5.55,5.55,5.55,5.55,000,5.55
2007-11-16,5.55,5.55,5.55,5.55,1000,5.55
2007-11-15,5.55,5.55,5.55,5.55,7000,5.55
2007-11-14,5.54,5.54,5.54,5.54,73100,5.54
2007-11-13,5.54,5.54,5.54,5.54,15000,5.54
2007-11-12,5.53,5.53,5.53,5.53,000,5.53
2007-11-09,5.53,5.53,5.53,5.53,40000,5.53
2007-11-08,5.53,5.53,5.53,5.53,1000,5.53
2007-11-07,5.53,5.53,5.53,5.53,5000,5.53
2007-11-06,5.53,5.53,5.53,5.53,000,5.53
2007-11-05,5.53,5.53,5.53,5.53,000,5.53
2007-11-02,5.53,5.53,5.53,5.53,000,5.53
2007-11-01,5.53,5.53,5.53,5.53,000,5.53
2007-10-31,5.53,5.53,5.53,5.53,000,5.53
2007-10-30,5.53,5.53,5.53,5.53,000,5.53
2007-10-29,5.53,5.53,5.53,5.53,10000,5.53
2007-10-26,5.53,5.53,5.53,5.53,10000,5.53
2007-10-25,5.53,5.53,5.53,5.53,000,5.53
2007-10-24,5.53,5.53,5.53,5.53,10500,5.53
2007-10-23,5.53,5.53,5.53,5.53,000,5.53
2007-10-22,5.53,5.53,5.53,5.53,8600,5.53
2007-10-19,5.50,5.50,5.50,5.50,000,5.50
2007-10-18,5.50,5.50,5.50,5.50,000,5.50
2007-10-17,5.50,5.50,5.50,5.50,000,5.50
2007-10-16,5.50,5.50,5.50,5.50,000,5.50
2007-10-15,5.50,5.50,5.50,5.50,000,5.50
2007-10-12,5.50,5.50,5.50,5.50,000,5.50
2007-10-11,5.50,5.50,5.50,5.50,000,5.50
2007-10-10,5.50,5.50,5.50,5.50,000,5.50
2007-10-09,5.50,5.50,5.50,5.50,000,5.50
2007-10-08,5.50,5.50,5.50,5.50,000,5.50
2007-10-05,5.50,5.50,5.50,5.50,000,5.50
2007-10-04,5.50,5.50,5.50,5.50,000,5.50
2007-10-03,5.50,5.50,5.50,5.50,000,5.50
2007-10-02,5.50,5.50,5.50,5.50,000,5.50
2007-10-01,5.50,5.50,5.50,5.50,000,5.50
2007-09-28,5.50,5.50,5.50,5.50,000,5.50
2007-09-27,5.50,5.50,5.50,5.50,000,5.50
2007-09-26,5.50,5.50,5.50,5.50,4000,5.50
2007-09-25,5.50,5.50,5.50,5.50,000,5.50
2007-09-24,5.50,5.50,5.50,5.50,1000,5.50
2007-09-21,5.49,5.49,5.49,5.49,000,5.49
2007-09-20,5.49,5.49,5.49,5.49,000,5.49
2007-09-19,5.49,5.49,5.49,5.49,000,5.49
2007-09-18,5.49,5.49,5.49,5.49,000,5.49
2007-09-17,5.49,5.49,5.49,5.49,2500,5.49
2007-09-14,5.46,5.46,5.46,5.46,000,5.46
2007-09-13,5.46,5.46,5.46,5.46,000,5.46
2007-09-12,5.46,5.46,5.46,5.46,000,5.46
2007-09-11,5.46,5.46,5.46,5.46,000,5.46
2007-09-10,5.46,5.46,5.46,5.46,1500,5.46
2007-09-07,5.48,5.48,5.48,5.48,000,5.48
2007-09-06,5.48,5.48,5.48,5.48,500,5.48
2007-09-05,5.45,5.45,5.45,5.45,000,5.45
2007-09-04,5.45,5.45,5.45,5.45,000,5.45
2007-08-31,5.45,5.45,5.45,5.45,000,5.45
2007-08-30,5.45,5.45,5.45,5.45,000,5.45
2007-08-29,5.45,5.45,5.45,5.45,2500,5.45
2007-08-28,5.47,5.47,5.46,5.46,33300,5.46
2007-08-27,5.44,5.45,5.44,5.45,4500,5.45
2007-08-24,5.47,5.47,5.47,5.47,3500,5.47
2007-08-23,5.45,5.47,5.43,5.47,422000,5.47
2007-08-22,5.45,5.45,5.42,5.42,
4500,5.42
2007-08-21,5.50,5.50,5.45,5.45,1500,5.45
2007-08-20,5.54,5.54,5.54,5.54,000,5.54
2007-08-17,5.54,5.54,5.54,5.54,1000,5.54
2007-08-16,5.55,5.55,5.55,5.55,500,5.55
2007-08-15,5.55,5.55,5.55,5.55,400,5.55
2007-08-14,5.55,5.55,5.55,5.55,000,5.55
2007-08-13,5.55,5.55,5.55,5.55,000,5.55
2007-08-10,5.55,5.55,5.55,5.55,000,5.55
2007-08-09,5.55,5.55,5.55,5.55,10500,5.55
2007-08-08,5.55,5.55,5.55,5.55,5000,5.55
2007-08-07,5.54,5.54,5.54,5.54,000,5.54
2007-08-06,5.54,5.54,5.54,5.54,38500,5.54
2007-08-03,5.54,5.54,5.54,5.54,000,5.54
2007-08-02,5.54,5.54,5.54,5.54,000,5.54
2007-08-01,5.54,5.54,5.54,5.54,000,5.54
2007-07-31,5.54,5.54,5.54,5.54,000,5.54
2007-07-30,5.54,5.54,5.54,5.54,000,5.54
2007-07-27,5.54,5.54,5.54,5.54,600,5.54
2007-07-26,5.60,5.60,5.54,5.55,122500,5.55
2007-07-25,5.55,5.60,5.55,5.60,64500,5.60
2007-07-24,5.55,5.56,5.55,5.56,10000,5.56
2007-07-23,5.56,5.56,5.56,5.56,000,5.56
2007-07-20,5.55,5.56,5.55,5.56,60000,5.56
2007-07-19,5.56,5.56,5.55,5.56,53000,5.56
2007-07-18,5.55,5.55,5.55,5.55,1000,5.55
2007-07-17,5.55,5.55,5.55,5.55,1000,5.55
2007-07-16,5.55,5.55,5.55,5.55,1000,5.55
2007-07-13,5.55,5.55,5.55,5.55,5000,5.55
2007-07-12,5.54,5.54,5.54,5.54,000,5.54
2007-07-11,5.54,5.54,5.54,5.54,000,5.54
2007-07-10,5.54,5.54,5.54,5.54,5500,5.54
2007-07-09,5.54,5.54,5.54,5.54,2500,5.54
2007-07-06,5.53,5.53,5.53,5.53,7000,5.53
2007-07-05,5.52,5.52,5.52,5.52,000,5.52
2007-07-03,5.52,5.52,5.52,5.52,000,5.52
2007-07-02,5.52,5.52,5.52,5.52,5000,5.52
2007-06-29,5.52,5.52,5.52,5.52,3500,5.52
2007-06-28,5.52,5.52,5.52,5.52,2000,5.52
2007-06-27,5.52,5.52,5.52,5.52,000,5.52
2007-06-26,5.52,5.52,5.52,5.52,25000,5.52
2007-06-25,5.51,5.51,5.51,5.51,000,5.51
2007-06-22,5.51,5.51,5.51,5.51,000,5.51
2007-06-21,5.51,5.51,5.51,5.51,000,5.51
2007-06-20,5.51,5.51,5.51,5.51,000,5.51
2007-06-19,5.51,5.51,5.51,5.51,2000,5.51
2007-06-18,5.51,5.51,5.51,5.51,3000,5.51
2007-06-15,5.50,5.50,5.50,5.50,500,5.50
2007-06-14,5.50,5.50,5.50,5.50,4000,5.50
2007-06-13,5.49,5.49,5.49,5.49,000,5.49
2007-06-12,5.49,5.49,5.49,5.49,000,5.49
2007-06-11,5.49,5.49,5.49,5.49,4500,5.49
2007-06-08,5.49,5.49,5.49,5.49,000,5.49
2007-06-07,5.49,5.49,5.49,5.49,000,5.49
2007-06-06,5.49,5.49,5.49,5.49,500,5.49
2007-06-05,5.50,5.50,5.50,5.50,1000,5.50
2007-06-04,5.55,5.55,5.55,5.55,000,5.55
2007-06-01,5.55,5.55,5.55,5.55,2000,5.55
2007-05-31,5.49,5.49,5.49,5.49,000,5.49
2007-05-30,5.49,5.49,5.49,5.49,000,5.49
2007-05-29,5.49,5.49,5.49,5.49,5000,5.49
2007-05-25,5.50,5.50,5.50,5.50,000,5.50
2007-05-24,5.50,5.50,5.50,5.50,3000,5.50
2007-05-23,5.50,5.50,5.50,5.50,000,5.50
2007-05-22,5.50,5.50,5.50,5.50,000,5.50
2007-05-21,5.50,5.50,5.50,5.50,000,5.50
2007-05-18,5.50,5.50,5.50,5.50,000,5.50
2007-05-17,5.50,5.50,5.50,5.50,000,5.50
2007-05-16,5.49,5.50,5.49,5.50,5000,5.50
2007-05-15,5.46,5.46,5.46,5.46,000,5.46
2007-05-14,5.48,5.48,5.46,5.46,42500,5.46
2007-05-11,5.50,5.50,5.50,5.50,000,5.50
2007-05-10,5.50,5.50,5.50,5.50,000,5.50
2007-05-09,5.50,5.50,5.50,5.50,000,5.50