Date,Open,High,Low,Close,Volume,Adj Close
2016-08-05,25.83,25.889999,25.83,25.889999,30600,25.889999
2016-08-04,25.860001,25.91,25.83,25.889999,52300,25.889999
2016-08-03,25.870001,25.889999,25.84,25.860001,39800,25.860001
2016-08-02,25.91,25.92,25.83,25.870001,38400,25.870001
2016-08-01,25.93,25.93,25.860001,25.879999,24600,25.879999
2016-07-29,25.85,25.950001,25.85,25.860001,50300,25.860001
2016-07-28,25.98,25.98,25.879999,25.889999,51900,25.889999
2016-07-27,25.959999,25.98,25.92,25.98,66900,25.98
2016-07-26,25.940001,25.98,25.91,25.940001,34100,25.940001
2016-07-25,25.860001,25.940001,25.780001,25.940001,36400,25.940001
2016-07-22,25.790001,25.790001,25.74,25.790001,32800,25.790001
2016-07-21,25.870001,25.870001,25.719999,25.790001,24300,25.790001
2016-07-20,26.15,26.190001,25.620001,25.700001,149000,25.700001
2016-07-19,26.360001,26.360001,26.08,26.08,55200,26.08
2016-07-18,26.49,26.49,26.23,26.23,61900,26.23
2016-07-15,26.66,26.66,26.40,26.40,113700,26.40
2016-07-14,26.790001,26.790001,26.540001,26.559999,48900,26.559999
2016-07-13,26.709999,26.85,26.68,26.709999,69800,26.709999
2016-07-12,26.75,26.83,26.629999,26.780001,21400,26.780001
2016-07-11,26.59,26.68,26.59,26.66,25500,26.66
2016-07-08,26.559999,26.67,26.559999,26.620001,20200,26.620001
2016-07-07,26.549999,26.549999,26.49,26.549999,30100,26.549999
2016-07-06,26.50,26.549999,26.43,26.530001,19600,26.530001
2016-07-05,26.50,26.540001,26.43,26.49,39600,26.49
2016-07-01,26.690001,26.690001,26.530001,26.57,68500,26.57
2016-06-30,26.450001,26.620001,26.389999,26.620001,90400,26.620001
2016-06-29,26.40,26.43,26.32,26.379999,52300,26.379999
2016-06-28,26.190001,26.389999,26.139999,26.33,117400,26.33
2016-06-27,26.190001,26.190001,26.030001,26.190001,70600,26.190001
2016-06-24,26.07,26.27,26.00,26.190001,63500,26.190001
2016-06-23,26.299999,26.42,26.290001,26.40,22100,26.40
2016-06-22,26.370001,26.370001,26.24,26.299999,18600,26.299999
2016-06-21,26.35,26.35,26.27,26.290001,22800,26.290001
2016-06-20,26.35,26.35,26.26,26.34,42600,26.34
2016-06-17,26.209999,26.34,26.01,26.290001,484600,26.290001
2016-06-16,26.23,26.23,26.120001,26.129999,60600,26.129999
2016-06-15,26.200001,26.23,26.09,26.23,70200,26.23
2016-06-14,26.200001,26.219999,26.10,26.209999,79000,26.209999
2016-06-13,26.18,26.219999,26.120001,26.18,80600,26.18
2016-06-10,26.10,26.219999,26.02,26.219999,79100,26.219999
2016-06-09,26.08,26.120001,26.01,26.120001,42300,26.120001
2016-06-08,25.99,26.09,25.91,26.040001,59900,26.040001
2016-06-07,26.08,26.08,25.959999,25.959999,40400,25.959999
2016-06-06,25.99,26.110001,25.950001,26.049999,69500,26.049999
2016-06-03,25.83,26.030001,25.83,26.030001,55500,26.030001
2016-06-02,25.879999,25.93,25.83,25.870001,24400,25.870001
2016-06-01,25.84,25.950001,25.82,25.91,53400,25.91
2016-05-31,25.77,25.870001,25.65,25.85,40700,25.85
2016-05-27,25.65,25.74,25.620001,25.629999,241300,25.629999
2016-05-26,25.700001,25.709999,25.610001,25.639999,218300,25.639999
2016-05-25,26.08,26.139999,26.02,26.10,17600,25.639001
2016-05-24,26.049999,26.129999,26.00,26.08,24800,25.619353
2016-05-23,25.959999,26.049999,25.90,26.049999,34400,25.589883
2016-05-20,25.879999,25.959999,25.85,25.940001,47400,25.481827
2016-05-19,25.77,25.84,25.690001,25.82,34900,25.363946
2016-05-18,25.870001,25.889999,25.780001,25.780001,31100,25.324653
2016-05-17,25.700001,25.83,25.68,25.83,37400,25.373769
2016-05-16,25.67,25.700001,25.620001,25.700001,68500,25.246066
2016-05-13,25.639999,25.68,25.610001,25.639999,97700,25.187125
2016-05-12,25.60,25.67,25.59,25.639999,21300,25.187125
2016-05-11
,25.610001,25.65,25.58,25.65,24200,25.196948
2016-05-10,25.620001,25.620001,25.51,25.59,43700,25.138009
2016-05-09,25.65,25.65,25.52,25.549999,56900,25.098714
2016-05-06,25.60,25.65,25.559999,25.58,30200,25.128185
2016-05-05,25.559999,25.620001,25.530001,25.549999,60400,25.098714
2016-05-04,25.549999,25.559999,25.49,25.559999,15000,25.108538
2016-05-03,25.60,25.65,25.49,25.50,69500,25.049598
2016-05-02,25.68,25.75,25.58,25.58,57500,25.128185
2016-04-29,25.639999,25.67,25.559999,25.559999,37000,25.108538
2016-04-28,25.60,25.639999,25.60,25.60,24700,25.147832
2016-04-27,25.52,25.59,25.52,25.549999,43600,25.098714
2016-04-26,25.52,25.549999,25.469999,25.52,17600,25.069245
2016-04-25,25.450001,25.51,25.41,25.51,17600,25.059422
2016-04-22,25.440001,25.459999,25.40,25.450001,36200,25.000482
2016-04-21,25.42,25.42,25.389999,25.41,37900,24.961188
2016-04-20,25.42,25.440001,25.389999,25.41,58300,24.961188
2016-04-19,25.450001,25.459999,25.40,25.43,29100,24.980835
2016-04-18,25.389999,25.43,25.389999,25.43,47900,24.980835
2016-04-15,25.540001,25.58,25.34,25.34,162600,24.892424
2016-04-14,25.50,25.540001,25.48,25.50,45800,25.049598
2016-04-13,25.40,25.530001,25.40,25.50,39000,25.049598
2016-04-12,25.440001,25.450001,25.370001,25.42,34900,24.971011
2016-04-11,25.389999,25.42,25.309999,25.42,30300,24.971011
2016-04-08,25.280001,25.35,25.280001,25.34,25700,24.892424
2016-04-07,25.26,25.27,25.16,25.25,72700,24.804014
2016-04-06,25.299999,25.360001,25.26,25.280001,26300,24.833485
2016-04-05,25.200001,25.290001,25.200001,25.26,36400,24.813837
2016-04-04,25.469999,25.469999,25.200001,25.24,58300,24.79419
2016-04-01,25.50,25.50,25.309999,25.389999,45700,24.94154
2016-03-31,25.469999,25.530001,25.389999,25.530001,63600,25.079069
2016-03-30,25.440001,25.440001,25.379999,25.43,36300,24.980835
2016-03-29,25.27,25.440001,25.219999,25.389999,96000,24.94154
2016-03-28,25.27,25.299999,25.24,25.26,62500,24.813837
2016-03-24,25.16,25.27,25.15,25.27,38400,24.823661
2016-03-23,25.280001,25.290001,25.219999,25.27,54200,24.823661
2016-03-22,25.219999,25.280001,25.16,25.26,26200,24.813837
2016-03-21,25.27,25.280001,25.190001,25.209999,27100,24.764719
2016-03-18,25.309999,25.309999,25.23,25.24,39600,24.79419
2016-03-17,25.200001,25.32,25.200001,25.27,79200,24.823661
2016-03-16,25.40,25.41,25.16,25.25,81000,24.804014
2016-03-15,25.43,25.43,25.35,25.379999,20800,24.931717
2016-03-14,25.40,25.469999,25.379999,25.43,26500,24.980835
2016-03-11,25.35,25.450001,25.34,25.379999,31400,24.931717
2016-03-10,25.43,25.440001,25.24,25.299999,36400,24.85313
2016-03-09,25.379999,25.40,25.33,25.40,36800,24.951364
2016-03-08,25.280001,25.34,25.280001,25.33,31200,24.882601
2016-03-07,25.379999,25.379999,25.33,25.34,22000,24.892424
2016-03-04,25.360001,25.360001,25.25,25.309999,23700,24.862953
2016-03-03,25.33,25.34,25.23,25.27,37800,24.823661
2016-03-02,25.450001,25.48,25.25,25.299999,38200,24.85313
2016-03-01,25.35,25.51,25.26,25.389999,87500,24.94154
2016-02-29,25.200001,25.33,25.110001,25.190001,62600,24.745074
2016-02-26,25.26,25.280001,25.110001,25.200001,40000,24.754898
2016-02-25,25.10,25.26,24.969999,25.200001,111600,24.754898
2016-02-24,25.33,25.43,25.219999,25.379999,67900,24.47886
2016-02-23,25.33,25.379999,25.27,25.35,99500,24.449926
2016-02-22,25.35,25.360001,25.26,25.26,106300,24.363121
2016-02-19,25.209999,25.27,25.110001,25.26,53700,24.363121
2016-02-18,25.25,25.25,25.17,25.25,115600,24.353476
2016-02-17,25.120001,25.25,25.10,25.25,56000,24.353476
2016-02-16,25.00,25.059999,24.870001,25.030001,68400,24.141288
2016-02-12,24.809999,24.950001,24.690001,24.790001,137200,23.90981
2016-02-11,25.00,25.15,24.219999,24.75,174600,23.871229
2016-02-10,25.110001,25.299999,25.10,25.190001,40200,24.295607
2016-02-09,25.200001,25.25,24.889999,25.02,56900,24.131643
2016-02-08,25.530001,25.530001,25.18,25.209999,72000,24.314896
2016-02-05,25.65,25.65,25.530001,25.629999,21000,24.719983
2016-02-04,25.58,25.700001,25.58,25.65,32600,24.739274
2016-02-03,25.639999,25.66,25.530001,25.639999,27400,24.729628
2016-02-
02,25.57,25.700001,25.52,25.65,43800,24.739274
2016-02-01,25.58,25.66,25.549999,25.57,23900,24.662114
2016-01-29,25.50,25.68,25.49,25.629999,54500,24.719983
2016-01-28,25.35,25.49,25.309999,25.49,69000,24.584955
2016-01-27,25.25,25.33,25.25,25.309999,239900,24.411345
2016-01-26,25.27,25.299999,25.25,25.26,74200,24.363121
2016-01-25,25.290001,25.309999,25.110001,25.23,183400,24.334186
2016-01-22,25.200001,25.309999,25.200001,25.280001,178500,24.382412
2016-01-21,25.23,25.299999,25.040001,25.16,151600,24.266672
2016-01-20,25.26,25.26,24.799999,25.23,146500,24.334186
2016-01-19,25.41,25.41,25.290001,25.32,84700,24.420991
2016-01-15,25.370001,25.42,25.15,25.27,132600,24.372767
2016-01-14,25.450001,25.57,25.280001,25.469999,128700,24.565664
2016-01-13,25.68,25.68,25.49,25.540001,15600,24.63318
2016-01-12,25.719999,25.719999,25.60,25.610001,27000,24.700695
2016-01-11,25.790001,25.790001,25.629999,25.700001,35000,24.787499
2016-01-08,25.65,25.76,25.59,25.76,68600,24.845368
2016-01-07,25.620001,25.68,25.41,25.59,19500,24.681404
2016-01-06,25.700001,25.75,25.51,25.629999,42000,24.719983
2016-01-05,25.610001,25.790001,25.57,25.74,50000,24.826078
2016-01-04,25.379999,25.620001,25.299999,25.610001,65900,24.700695
2015-12-31,25.43,25.469999,25.40,25.43,35000,24.527085
2015-12-30,25.33,25.48,25.309999,25.48,43300,24.575309
2015-12-29,25.299999,25.389999,25.290001,25.379999,49200,24.47886
2015-12-28,25.33,25.34,25.280001,25.309999,21900,24.411345
2015-12-24,25.290001,25.33,25.26,25.33,10200,24.430636
2015-12-23,25.290001,25.32,25.23,25.299999,31500,24.4017
2015-12-22,25.280001,25.290001,25.209999,25.25,32200,24.353476
2015-12-21,25.24,25.290001,25.16,25.27,33900,24.372767
2015-12-18,25.15,25.23,25.08,25.190001,58500,24.295607
2015-12-17,25.17,25.24,25.129999,25.17,48100,24.276317
2015-12-16,24.99,25.17,24.85,25.15,208900,24.257026
2015-12-15,24.90,25.16,24.82,24.940001,86000,24.054484
2015-12-14,25.41,25.440001,24.85,24.860001,129600,23.977324
2015-12-11,25.49,25.49,25.41,25.43,24400,24.527085
2015-12-10,25.469999,25.50,25.469999,25.49,28400,24.584955
2015-12-09,25.50,25.50,25.459999,25.49,33500,24.584955
2015-12-08,25.459999,25.51,25.459999,25.51,26700,24.604245
2015-12-07,25.50,25.50,25.43,25.50,35200,24.5946
2015-12-04,25.450001,25.51,25.450001,25.50,16300,24.5946
2015-12-03,25.540001,25.540001,25.469999,25.51,25400,24.604245
2015-12-02,25.52,25.540001,25.49,25.52,57100,24.61389
2015-12-01,25.50,25.530001,25.459999,25.530001,60900,24.623535
2015-11-30,25.530001,25.540001,25.459999,25.459999,48900,24.556019
2015-11-27,25.50,25.530001,25.459999,25.52,22200,24.61389
2015-11-25,25.459999,25.50,25.42,25.48,45900,24.575309
2015-11-24,25.799999,25.889999,25.780001,25.889999,52600,24.52612
2015-11-23,25.82,25.85,25.799999,25.83,51100,24.469281
2015-11-20,25.76,25.83,25.75,25.82,53600,24.459808
2015-11-19,25.76,25.799999,25.74,25.790001,66700,24.431389
2015-11-18,25.74,25.77,25.700001,25.75,151200,24.393496
2015-11-17,25.74,25.77,25.719999,25.76,48500,24.402969
2015-11-16,25.74,25.75,25.700001,25.74,53600,24.384022
2015-11-13,25.73,25.75,25.73,25.75,36800,24.393496
2015-11-12,25.65,25.75,25.610001,25.75,473300,24.393496
2015-11-11,25.690001,25.719999,25.65,25.68,99000,24.327184
2015-11-10,25.719999,25.76,25.639999,25.65,271100,24.298763
2015-11-09,25.83,25.85,25.67,25.719999,159200,24.365075
2015-11-06,25.870001,25.879999,25.77,25.809999,47000,24.450334
2015-11-05,25.90,25.93,25.879999,25.91,22800,24.545067
2015-11-04,25.90,25.92,25.860001,25.879999,42500,24.516647
2015-11-03,25.84,25.91,25.84,25.90,42100,24.535593
2015-11-02,25.84,25.889999,25.82,25.85,55500,24.488228
2015-10-30,25.780001,25.85,25.780001,25.809999,44900,24.450334
2015-10-29,25.860001,25.889999,25.780001,25.799999,50000,24.440861
2015-10-28,25.799999,25.860001,25.799999,25.860001,24200,24.497702
2015-10-27,25.799999,25.84,25.780001,25.84,40600,24.478755
2015-10
-26,25.790001,25.84,25.780001,25.83,37800,24.469281
2015-10-23,25.780001,25.84,25.780001,25.83,29200,24.469281
2015-10-22,25.719999,25.780001,25.719999,25.780001,60800,24.421916
2015-10-21,25.719999,25.76,25.690001,25.700001,140500,24.34613
2015-10-20,25.74,25.75,25.450001,25.690001,1485500,24.336657
2015-10-19,25.75,25.780001,25.709999,25.719999,46500,24.365075
2015-10-16,25.690001,25.75,25.60,25.75,889000,24.393496
2015-10-15,25.68,25.719999,25.67,25.690001,678500,24.336657
2015-10-14,25.700001,25.700001,25.67,25.690001,49200,24.336657
2015-10-13,25.690001,25.790001,25.690001,25.709999,96100,24.355602
2015-10-12,25.75,25.77,25.709999,25.77,16500,24.412443
2015-10-09,25.709999,25.74,25.690001,25.73,21600,24.374549
2015-10-08,25.629999,25.709999,25.629999,25.700001,11600,24.34613
2015-10-07,25.74,25.75,25.65,25.67,13900,24.31771
2015-10-06,25.66,25.74,25.66,25.690001,15900,24.336657
2015-10-05,25.60,25.700001,25.59,25.67,31700,24.31771
2015-10-02,25.559999,25.58,25.52,25.57,21100,24.222978
2015-10-01,25.540001,25.57,25.51,25.549999,16200,24.204031
2015-09-30,25.65,25.65,25.51,25.51,40500,24.166139
2015-09-29,25.68,25.68,25.57,25.57,90300,24.222978
2015-09-28,25.75,25.75,25.60,25.639999,30900,24.28929
2015-09-25,25.68,25.74,25.67,25.73,370300,24.374549
2015-09-24,25.67,25.709999,25.67,25.690001,17700,24.336657
2015-09-23,25.690001,25.719999,25.629999,25.709999,22000,24.355602
2015-09-22,25.60,25.65,25.60,25.629999,24900,24.279817
2015-09-21,25.610001,25.65,25.58,25.629999,18900,24.279817
2015-09-18,25.58,25.65,25.57,25.59,29200,24.241925
2015-09-17,25.58,25.700001,25.57,25.58,28300,24.232451
2015-09-16,25.610001,25.639999,25.59,25.59,22500,24.241925
2015-09-15,25.65,25.65,25.57,25.60,33000,24.251398
2015-09-14,25.68,25.73,25.610001,25.68,8300,24.327184
2015-09-11,25.709999,25.719999,25.65,25.67,31900,24.31771
2015-09-10,25.889999,25.889999,25.66,25.700001,97900,24.34613
2015-09-09,25.82,25.889999,25.82,25.860001,13000,24.497702
2015-09-08,25.98,25.98,25.780001,25.889999,27100,24.52612
2015-09-04,25.76,25.889999,25.76,25.879999,15900,24.516647
2015-09-03,25.93,25.940001,25.780001,25.780001,18700,24.421916
2015-09-02,25.780001,25.950001,25.76,25.860001,23600,24.497702
2015-09-01,25.82,25.92,25.76,25.83,44500,24.469281
2015-08-31,25.870001,25.98,25.860001,25.98,31800,24.611379
2015-08-28,25.76,25.91,25.76,25.91,31000,24.545067
2015-08-27,25.719999,25.91,25.629999,25.91,31100,24.545067
2015-08-26,26.07,26.09,25.940001,26.09,23900,24.27887
2015-08-25,25.85,26.07,25.82,26.07,23000,24.260258
2015-08-24,25.90,25.950001,25.700001,25.950001,64400,24.148589
2015-08-21,26.27,26.32,26.219999,26.219999,16200,24.399845
2015-08-20,26.23,26.35,26.23,26.32,23800,24.492903
2015-08-19,26.26,26.34,26.26,26.32,24500,24.492903
2015-08-18,26.23,26.35,26.23,26.309999,21800,24.483597
2015-08-17,26.209999,26.34,26.209999,26.299999,20000,24.474291
2015-08-14,26.209999,26.290001,26.209999,26.290001,13300,24.464987
2015-08-13,26.209999,26.27,26.200001,26.24,16800,24.418457
2015-08-12,26.219999,26.280001,26.209999,26.23,15300,24.409151
2015-08-11,26.200001,26.290001,26.16,26.280001,23700,24.455681
2015-08-10,26.18,26.32,26.18,26.209999,39400,24.390539
2015-08-07,26.24,26.290001,26.15,26.27,19300,24.446375
2015-08-06,26.129999,26.23,26.059999,26.209999,73500,24.390539
2015-08-05,26.139999,26.24,26.139999,26.219999,17100,24.399845
2015-08-04,26.09,26.200001,26.09,26.200001,8600,24.381235
2015-08-03,26.059999,26.15,26.059999,26.129999,19700,24.316093
2015-07-31,26.08,26.25,26.030001,26.040001,40300,24.232342
2015-07-30,26.200001,26.200001,26.07,26.110001,50200,24.297482
2015-07-29,26.299999,26.33,26.190001,26.200001,17800,24.381235
2015-07-28,26.33,26.34,26.26,26.33,22600,24.50221
2015-07-27,26.309999,26.309999,26.24,26.27,13800,24.446375
2015-07-24,26.309999,26.43,26.309999,26.34,15300,24.511516
2015-07-23,26.379999,26.40,26.299999,26.309999,28300,24.483597
2015-07-22,26.41,26.48,26.35,26.379999,17900,24.548738
2015-07-21,26.42,26.51,26.280001,26.51,53700,24.669714
2015-07-20,26.299999,26.450001,26.299999,26.43,36100,24.595268
2015-07-17,26.34,26.389999,26.299999,26.389999,34200,24.558044
2015-07-16,26.120001,26.40,26.120001,26.379999,451
00,24.548738
2015-07-15,26.040001,26.200001,26.030001,26.15,43900,24.334705
2015-07-14,26.01,26.10,26.01,26.049999,29200,24.241646
2015-07-13,26.02,26.129999,25.98,26.01,22800,24.204424
2015-07-10,25.959999,26.07,25.959999,26.040001,12900,24.232342
2015-07-09,25.92,26.00,25.92,25.950001,29200,24.148589
2015-07-08,25.92,25.99,25.91,25.92,13700,24.120671
2015-07-07,25.99,26.00,25.92,25.969999,21400,24.1672
2015-07-06,25.940001,26.08,25.940001,26.030001,16400,24.223036
2015-07-02,26.10,26.200001,26.09,26.139999,20800,24.325399
2015-07-01,25.99,26.23,25.99,26.09,35600,24.27887
2015-06-30,25.950001,26.10,25.91,25.99,97200,24.185812
2015-06-29,25.77,25.950001,25.709999,25.91,56200,24.111365
2015-06-26,25.85,25.969999,25.809999,25.889999,49500,24.092753
2015-06-25,25.940001,25.98,25.83,25.90,61500,24.102059
2015-06-24,25.950001,26.040001,25.940001,25.98,44400,24.176506
2015-06-23,25.950001,26.040001,25.93,26.030001,43300,24.223036
2015-06-22,25.90,26.01,25.870001,25.950001,28000,24.148589
2015-06-19,25.93,25.959999,25.90,25.92,9600,24.120671
2015-06-18,25.969999,26.049999,25.92,25.93,33100,24.129977
2015-06-17,26.02,26.08,25.940001,25.98,42500,24.176506
2015-06-16,26.030001,26.10,25.99,26.059999,24000,24.250952
2015-06-15,26.030001,26.09,26.01,26.02,21900,24.21373
2015-06-12,25.90,26.07,25.799999,26.059999,35100,24.250952
2015-06-11,25.98,26.040001,25.93,26.02,30800,24.21373
2015-06-10,25.99,27.85,25.83,25.98,40100,24.176506
2015-06-09,26.00,26.030001,25.92,25.98,61900,24.176506
2015-06-08,26.08,26.10,26.00,26.02,14400,24.21373
2015-06-05,26.01,26.07,25.99,26.049999,20900,24.241646
2015-06-04,26.040001,26.040001,25.940001,26.02,24000,24.21373
2015-06-03,26.030001,26.059999,25.959999,26.02,30500,24.21373
2015-06-02,26.09,26.09,25.969999,26.030001,48200,24.223036
2015-06-01,26.030001,26.09,26.02,26.030001,13300,24.223036
2015-05-29,26.07,26.110001,26.02,26.040001,43900,24.232342
2015-05-28,26.059999,26.139999,26.02,26.129999,33500,24.316093
2015-05-27,26.200001,26.27,26.07,26.17,48200,24.353317
2015-05-26,26.379999,26.43,26.309999,26.42,32900,24.156963
2015-05-22,26.360001,26.459999,26.35,26.379999,24900,24.120388
2015-05-21,26.35,26.42,26.299999,26.34,33200,24.083815
2015-05-20,26.27,26.370001,26.27,26.35,12000,24.092959
2015-05-19,26.219999,26.35,26.200001,26.299999,14300,24.047241
2015-05-18,26.26,26.360001,26.219999,26.360001,26900,24.102102
2015-05-15,26.290001,26.440001,26.290001,26.34,15300,24.083815
2015-05-14,26.24,26.459999,26.24,26.43,34400,24.166106
2015-05-13,26.049999,26.35,26.049999,26.290001,56000,24.038099
2015-05-12,25.799999,26.10,25.799999,26.059999,17900,23.827798
2015-05-11,26.15,26.190001,25.84,25.93,55600,23.708934
2015-05-08,26.10,26.25,26.10,26.17,32300,23.928377
2015-05-07,25.799999,26.10,25.799999,26.07,59800,23.836942
2015-05-06,26.07,26.09,25.73,25.99,160100,23.763794
2015-05-05,26.10,26.16,26.10,26.139999,39000,23.900946
2015-05-04,26.17,26.219999,26.17,26.219999,54200,23.974093
2015-05-01,26.120001,26.25,26.120001,26.15,210400,23.910089
2015-04-30,26.219999,26.25,26.219999,26.219999,65500,23.974093
2015-04-29,26.10,26.25,26.09,26.23,42100,23.983237
2015-04-28,26.24,26.27,26.209999,26.24,57200,23.99238
2015-04-27,26.190001,26.24,26.190001,26.209999,54500,23.964949
2015-04-24,26.209999,26.26,26.17,26.209999,79600,23.964949
2015-04-23,26.200001,26.25,26.190001,26.23,36000,23.983237
2015-04-22,26.18,26.25,26.18,26.18,44000,23.93752
2015-04-21,26.129999,26.27,26.129999,26.17,51500,23.928377
2015-04-20,26.120001,26.17,26.09,26.10,54400,23.864373
2015-04-17,26.200001,26.200001,26.07,26.07,138200,23.836942
2015-04-16,26.200001,26.23,26.18,26.18,15000,23.93752
2015-04-15,26.219999,26.25,26.219999,26.219999,57200,23.974093
2015-04-14,26.18,26.26,26.18,26.24,183000,23.99238
2015-04-13,26.200001,26.25,26.18,26.219999,111000,23.974093
2015-04-10,26.280001,26.280001,26.17,26.200001,18300,23.955808
2015-04-09,26.299999,26.35,26.26,26.26,75900,24.010668
2015-04-08,26.32,26.370001,26.27,26.299999,144500,24.047241
2015-04-07,26.26,26.35,26.26,26.280001,60400,24.028955
2015-04-06,26.290001,26.299999,26.26,26.26,38300,24.010668
2015-04-02,26.299999,26.35,26.280001,26.290001,5
5200,24.038099
2015-04-01,26.309999,26.309999,26.27,26.290001,132900,24.038099
2015-03-31,26.299999,26.299999,26.280001,26.280001,172800,24.028955
2015-03-30,26.34,26.34,26.290001,26.299999,50000,24.047241
2015-03-27,26.27,26.32,26.25,26.290001,82300,24.038099
2015-03-26,26.290001,26.299999,26.23,26.299999,33400,24.047241
2015-03-25,26.290001,26.299999,26.280001,26.290001,71000,24.038099
2015-03-24,26.35,26.360001,26.25,26.280001,41100,24.028955
2015-03-23,26.27,26.41,26.25,26.35,116300,24.092959
2015-03-20,26.200001,26.370001,26.18,26.24,62500,23.99238
2015-03-19,26.17,26.26,26.16,26.18,66100,23.93752
2015-03-18,26.280001,26.379999,26.139999,26.18,101000,23.93752
2015-03-17,26.299999,26.34,26.24,26.25,60200,24.001524
2015-03-16,26.370001,26.48,26.33,26.34,32700,24.083815
2015-03-13,26.42,26.42,26.27,26.360001,20400,24.102102
2015-03-12,26.450001,26.469999,26.34,26.34,28200,24.083815
2015-03-11,26.450001,26.540001,26.40,26.440001,159800,24.17525
2015-03-10,26.389999,26.49,26.33,26.459999,45300,24.193535
2015-03-09,26.299999,26.42,26.17,26.42,46700,24.156963
2015-03-06,26.68,26.68,26.25,26.25,28700,24.001524
2015-03-05,26.57,26.74,26.57,26.74,37600,24.449552
2015-03-04,26.50,26.67,26.450001,26.629999,38700,24.348974
2015-03-03,26.48,26.49,26.43,26.469999,37100,24.202679
2015-03-02,26.43,26.48,26.40,26.459999,50500,24.193535
2015-02-27,26.360001,26.549999,26.35,26.35,42800,24.092959
2015-02-26,26.26,26.41,26.24,26.389999,30100,24.129532
2015-02-25,26.299999,26.33,26.24,26.26,70300,24.010668
2015-02-24,26.559999,26.709999,26.559999,26.690001,27500,23.982325
2015-02-23,26.67,26.67,26.549999,26.549999,22800,23.856526
2015-02-20,26.49,26.67,26.49,26.530001,47000,23.838557
2015-02-19,26.35,26.58,26.34,26.559999,15800,23.865512
2015-02-18,26.610001,26.610001,26.299999,26.469999,22700,23.784642
2015-02-17,26.73,26.74,26.629999,26.639999,14900,23.937396
2015-02-13,26.700001,26.799999,26.690001,26.76,16700,24.045223
2015-02-12,26.620001,26.75,26.620001,26.68,31900,23.973339
2015-02-11,26.57,26.67,26.57,26.59,33100,23.892469
2015-02-10,26.51,26.620001,26.51,26.60,27800,23.901455
2015-02-09,26.540001,26.57,26.540001,26.540001,30600,23.847542
2015-02-06,26.73,26.76,26.57,26.610001,15200,23.910441
2015-02-05,26.629999,26.74,26.629999,26.73,21800,24.018266
2015-02-04,26.74,26.75,26.67,26.67,19000,23.964353
2015-02-03,26.790001,26.799999,26.75,26.76,26000,24.045223
2015-02-02,26.75,26.76,26.719999,26.74,22500,24.027252
2015-01-30,26.85,26.860001,26.709999,26.709999,45400,24.000294
2015-01-29,26.799999,26.879999,26.799999,26.84,45700,24.117107
2015-01-28,26.83,26.83,26.790001,26.809999,49600,24.09015
2015-01-27,26.75,26.82,26.75,26.790001,69000,24.07218
2015-01-26,26.82,26.879999,26.799999,26.82,30400,24.099136
2015-01-23,26.73,26.82,26.719999,26.780001,21500,24.063194
2015-01-22,26.77,26.790001,26.719999,26.76,22900,24.045223
2015-01-21,26.719999,26.77,26.66,26.66,26400,23.955368
2015-01-20,26.860001,26.860001,26.68,26.709999,36600,24.000294
2015-01-16,26.75,26.83,26.75,26.780001,43800,24.063194
2015-01-15,26.879999,26.879999,26.74,26.76,23200,24.045223
2015-01-14,26.76,26.82,26.76,26.780001,19700,24.063194
2015-01-13,26.879999,26.879999,26.74,26.77,28200,24.054209
2015-01-12,26.809999,26.85,26.790001,26.809999,14600,24.09015
2015-01-09,26.809999,26.85,26.76,26.83,16100,24.108121
2015-01-08,26.90,26.90,26.83,26.83,32600,24.108121
2015-01-07,27.00,27.030001,26.85,26.889999,138000,24.162034
2015-01-06,26.83,26.99,26.799999,26.959999,24400,24.224932
2015-01-05,26.940001,26.98,26.77,26.879999,45100,24.153048
2015-01-02,26.790001,27.00,26.790001,26.98,26100,24.242904
2014-12-31,26.799999,26.799999,26.68,26.799999,43300,24.081164
2014-12-30,26.780001,26.799999,26.709999,26.790001,12900,24.07218
2014-12-29,26.65,26.780001,26.65,26.75,23000,24.036237
2014-12-26,26.51,26.67,26.50,26.629999,103700,23.92841
2014-12-24,26.65,26.700001,26.620001,26.65,6600,23.946382
2014-12-23,26.780001,26.780001,26.66,26.68,16700,23.973339
2014-12-22,26.690001,26.7
80001,26.690001,26.77,17000,24.054209
2014-12-19,26.51,26.84,26.51,26.73,29400,24.018266
2014-12-18,26.49,26.59,26.49,26.540001,19700,23.847542
2014-12-17,26.23,26.389999,26.23,26.379999,17700,23.703773
2014-12-16,26.129999,26.389999,26.129999,26.290001,26200,23.622905
2014-12-15,26.50,26.549999,26.360001,26.360001,15600,23.685803
2014-12-12,26.549999,26.559999,26.49,26.540001,13000,23.847542
2014-12-11,26.389999,26.73,26.389999,26.58,58700,23.883484
2014-12-10,26.40,26.469999,26.299999,26.459999,40100,23.775657
2014-12-09,26.280001,26.40,26.23,26.40,24000,23.721744
2014-12-08,26.16,26.290001,26.16,26.290001,15400,23.622905
2014-12-05,26.110001,26.309999,26.09,26.120001,22700,23.470151
2014-12-04,26.43,26.43,26.120001,26.120001,33700,23.470151
2014-12-03,26.60,26.629999,26.40,26.42,17800,23.739716
2014-12-02,26.549999,26.59,26.51,26.58,53400,23.883484
2014-12-01,26.58,26.58,26.440001,26.48,31000,23.793628
2014-11-28,26.59,26.629999,26.57,26.57,5700,23.874498
2014-11-26,26.379999,26.68,26.379999,26.66,56300,23.955368
2014-11-25,26.49,26.49,26.360001,26.459999,38300,23.775657
2014-11-24,26.799999,26.860001,26.799999,26.82,37300,23.684902
2014-11-21,26.83,26.90,26.780001,26.799999,14600,23.66724
2014-11-20,26.76,26.889999,26.76,26.790001,25100,23.65841
2014-11-19,26.709999,26.83,26.709999,26.82,24300,23.684902
2014-11-18,26.85,26.90,26.75,26.75,20700,23.623085
2014-11-17,26.83,26.870001,26.790001,26.870001,31200,23.729059
2014-11-14,26.76,26.84,26.75,26.83,39000,23.693734
2014-11-13,26.719999,26.85,26.719999,26.84,30400,23.702565
2014-11-12,26.690001,26.790001,26.690001,26.780001,18900,23.649579
2014-11-11,26.67,26.75,26.66,26.709999,29100,23.58776
2014-11-10,26.74,26.790001,26.690001,26.719999,19700,23.596592
2014-11-07,26.620001,26.83,26.620001,26.780001,36500,23.649579
2014-11-06,26.700001,26.700001,26.68,26.690001,9500,23.570099
2014-11-05,26.57,26.700001,26.540001,26.67,33300,23.552437
2014-11-04,26.620001,26.67,26.57,26.610001,38900,23.499451
2014-11-03,26.379999,26.719999,26.360001,26.620001,162600,23.508282
2014-10-31,26.43,26.50,26.379999,26.379999,26400,23.296335
2014-10-30,26.34,26.48,26.34,26.459999,18000,23.366984
2014-10-29,26.43,26.450001,26.34,26.34,25400,23.261012
2014-10-28,26.40,26.48,26.360001,26.41,19100,23.322829
2014-10-27,26.360001,26.43,26.34,26.40,33100,23.313998
2014-10-24,26.35,26.459999,26.35,26.43,18000,23.340492
2014-10-23,26.41,26.48,26.34,26.389999,29200,23.305167
2014-10-22,26.35,26.49,26.15,26.42,189600,23.33166
2014-10-21,26.40,26.450001,26.33,26.35,38100,23.269843
2014-10-20,26.09,26.32,26.09,26.309999,15500,23.234518
2014-10-17,26.35,26.450001,26.049999,26.049999,77900,23.00491
2014-10-16,26.16,26.389999,26.10,26.34,34600,23.261012
2014-10-15,26.17,26.290001,26.129999,26.18,29600,23.119715
2014-10-14,26.23,26.309999,26.190001,26.280001,32200,23.208026
2014-10-13,26.16,26.35,26.09,26.09,18700,23.040235
2014-10-10,26.139999,26.299999,26.139999,26.27,11300,23.199195
2014-10-09,26.25,26.32,26.120001,26.24,12200,23.172701
2014-10-08,26.10,26.309999,26.10,26.290001,60800,23.216857
2014-10-07,26.02,26.139999,26.02,26.139999,29600,23.08439
2014-10-06,26.09,26.10,25.98,26.08,25600,23.031404
2014-10-03,25.98,26.040001,25.950001,26.00,34300,22.960756
2014-10-02,25.84,26.049999,25.84,26.01,23200,22.969587
2014-10-01,25.950001,26.02,25.860001,25.91,30900,22.881276
2014-09-30,25.889999,26.049999,25.85,26.02,31300,22.978418
2014-09-29,25.75,25.889999,25.75,25.879999,20900,22.854782
2014-09-26,25.690001,25.889999,25.690001,25.889999,28000,22.863614
2014-09-25,25.74,25.780001,25.690001,25.76,25900,22.748811
2014-09-24,25.83,25.85,25.74,25.75,25400,22.739979
2014-09-23,25.969999,25.98,25.799999,25.84,37100,22.819459
2014-09-22,26.139999,26.139999,25.809999,25.92,38300,22.890107
2014-09-19,26.120001,26.16,26.09,26.10,16300,23.
049067
2014-09-18,25.950001,26.16,25.950001,26.120001,29200,23.066729
2014-09-17,25.91,26.02,25.85,26.02,23300,22.978418
2014-09-16,25.82,25.92,25.799999,25.90,29400,22.872445
2014-09-15,25.870001,25.879999,25.73,25.84,31400,22.819459
2014-09-12,25.82,25.85,25.73,25.799999,31300,22.784134
2014-09-11,25.83,25.969999,25.77,25.90,26100,22.872445
2014-09-10,25.83,25.92,25.73,25.82,64800,22.801796
2014-09-09,25.809999,25.879999,25.780001,25.83,51800,22.810628
2014-09-08,25.77,25.870001,25.76,25.809999,37700,22.792965
2014-09-05,25.809999,25.889999,25.639999,25.799999,27200,22.784134
2014-09-04,26.18,26.18,25.700001,25.719999,45300,22.713486
2014-09-03,25.959999,26.08,25.90,26.049999,20900,23.00491
2014-09-02,26.040001,26.059999,25.92,26.01,38300,22.969587
2014-08-29,26.08,26.120001,25.99,26.00,13100,22.960756
2014-08-28,26.120001,26.25,26.07,26.110001,43500,23.057898
2014-08-27,26.10,26.200001,26.02,26.16,37800,23.102053
2014-08-26,26.48,26.58,26.48,26.540001,20800,23.030522
2014-08-25,26.48,26.52,26.450001,26.49,16700,22.987133
2014-08-22,26.459999,26.49,26.450001,26.459999,12600,22.961099
2014-08-21,26.60,26.610001,26.48,26.49,27600,22.987133
2014-08-20,26.629999,26.709999,26.530001,26.549999,28100,23.039198
2014-08-19,26.620001,26.700001,26.60,26.690001,50500,23.160687
2014-08-18,26.540001,26.67,26.540001,26.66,17400,23.134653
2014-08-15,26.549999,26.59,26.52,26.530001,16200,23.021844
2014-08-14,26.530001,26.58,26.48,26.57,10300,23.056554
2014-08-13,26.43,26.58,26.379999,26.469999,35900,22.969777
2014-08-12,26.280001,26.43,26.280001,26.43,24800,22.935067
2014-08-11,26.35,26.43,26.280001,26.32,24100,22.839612
2014-08-08,26.379999,26.59,26.219999,26.24,21600,22.770191
2014-08-07,26.139999,26.379999,26.139999,26.379999,71000,22.891678
2014-08-06,26.18,26.209999,26.110001,26.129999,16400,22.674736
2014-08-05,25.98,26.129999,25.98,26.10,17200,22.648704
2014-08-04,26.209999,26.209999,25.959999,26.040001,25500,22.596639
2014-08-01,26.09,26.32,26.040001,26.15,36600,22.692092
2014-07-31,26.43,26.43,26.209999,26.209999,35500,22.744158
2014-07-30,26.58,26.610001,26.52,26.58,19500,23.065232
2014-07-29,26.60,26.75,26.549999,26.65,30600,23.125975
2014-07-28,26.57,26.59,26.440001,26.49,22700,22.987133
2014-07-25,26.440001,26.59,26.440001,26.540001,14500,23.030522
2014-07-24,26.51,26.540001,26.43,26.49,9800,22.987133
2014-07-23,26.469999,26.540001,26.43,26.48,11300,22.978455
2014-07-22,26.50,26.50,26.299999,26.389999,28800,22.900356
2014-07-21,26.620001,26.639999,26.40,26.40,49900,22.909034
2014-07-18,26.469999,26.700001,26.469999,26.530001,47000,23.021844
2014-07-17,26.59,26.67,26.450001,26.50,34600,22.995811
2014-07-16,26.690001,26.709999,26.59,26.66,11200,23.134653
2014-07-15,26.780001,26.780001,26.73,26.76,25100,23.22143
2014-07-14,26.66,26.90,26.65,26.73,41100,23.195397
2014-07-11,26.379999,26.809999,26.379999,26.73,33400,23.195397
2014-07-10,26.190001,26.48,26.190001,26.469999,18200,22.969777
2014-07-09,26.190001,26.440001,26.190001,26.41,39000,22.917712
2014-07-08,26.27,26.41,26.129999,26.219999,84800,22.752835
2014-07-07,26.42,26.42,26.219999,26.23,24600,22.761513
2014-07-03,26.68,26.68,26.34,26.35,9200,22.865646
2014-07-02,26.549999,26.549999,26.48,26.49,43100,22.987133
2014-07-01,26.43,26.60,26.35,26.50,136300,22.995811
2014-06-30,26.629999,26.77,26.379999,26.43,49200,22.935067
2014-06-27,26.610001,26.700001,26.549999,26.690001,20900,23.160687
2014-06-26,26.49,26.77,26.48,26.690001,19700,23.160687
2014-06-25,26.68,26.68,26.379999,26.51,40000,23.004489
2014-06-24,26.42,26.50,26.389999,26.49,55700,22.987133
2014-06-23,26.49,26.49,26.309999,26.389999,73500,22.900356
2014-06-20,26.629999,26.629999,26.40,26.40,31900,22.909034
2014-06-19,26.50,26.60,26.450001,26.52,32800,23.013166
2014-06-18,26.67,26.67,26.450001,26.540001,41900,23.030522
2014-06-17,26.219999,26.49,26.219999,26.41,27900,22.917712
2014-06-16,26.299999,26.42,26.17,26.26,61500,22.787547
2014-06-13,26.219999,26.379999,26.18,26.379999,25500,22.891678
2014-06-12,26.09,26.2
6,26.09,26.24,22700,22.770191
2014-06-11,26.10,26.120001,25.90,26.120001,53900,22.66606
2014-06-10,26.129999,26.129999,26.00,26.049999,32700,22.605315
2014-06-09,26.110001,26.129999,26.01,26.059999,23600,22.613993
2014-06-06,26.00,26.190001,25.99,26.15,56900,22.692092
2014-06-05,25.950001,26.08,25.870001,26.01,113200,22.570605
2014-06-04,26.17,26.17,25.74,25.969999,68400,22.535894
2014-06-03,26.15,26.25,26.10,26.120001,32700,22.66606
2014-06-02,26.219999,26.33,26.209999,26.25,33500,22.778869
2014-05-30,26.02,26.290001,26.02,26.280001,30000,22.804903
2014-05-29,26.18,26.299999,26.09,26.280001,40400,22.804903
2014-05-28,26.24,26.299999,26.200001,26.209999,20700,22.744158
2014-05-27,26.68,26.68,26.49,26.65,23300,22.725935
2014-05-23,26.549999,26.59,26.26,26.450001,60200,22.555385
2014-05-22,26.74,26.74,26.57,26.57,30400,22.657715
2014-05-21,26.719999,26.77,26.67,26.68,40500,22.751518
2014-05-20,26.75,26.780001,26.629999,26.75,26600,22.811211
2014-05-19,26.559999,26.75,26.549999,26.74,23500,22.802683
2014-05-16,26.620001,26.629999,26.549999,26.559999,28900,22.649187
2014-05-15,26.719999,26.76,26.60,26.620001,20900,22.700353
2014-05-14,26.83,26.83,26.67,26.73,32300,22.794155
2014-05-13,26.620001,26.799999,26.620001,26.74,32600,22.802683
2014-05-12,26.73,26.73,26.620001,26.67,29800,22.74299
2014-05-09,26.66,26.68,26.60,26.629999,24200,22.708879
2014-05-08,26.73,26.790001,26.67,26.709999,20200,22.7771
2014-05-07,26.690001,26.77,26.690001,26.75,33500,22.811211
2014-05-06,26.60,26.75,26.60,26.73,11400,22.794155
2014-05-05,26.60,26.77,26.60,26.719999,20400,22.785628
2014-05-02,26.709999,26.74,26.57,26.58,23300,22.666242
2014-05-01,26.700001,26.780001,26.700001,26.73,85900,22.794155
2014-04-30,26.49,26.73,26.49,26.709999,40900,22.7771
2014-04-29,26.48,26.629999,26.48,26.58,44800,22.666242
2014-04-28,26.290001,26.540001,26.23,26.530001,39900,22.623605
2014-04-25,26.190001,26.32,26.190001,26.32,44600,22.444526
2014-04-24,26.219999,26.290001,26.209999,26.24,33400,22.376305
2014-04-23,26.200001,26.290001,26.129999,26.23,48700,22.367778
2014-04-22,26.040001,26.200001,26.040001,26.190001,21900,22.333668
2014-04-21,26.030001,26.200001,26.030001,26.07,17500,22.231337
2014-04-17,26.049999,26.190001,26.00,26.00,737800,22.171644
2014-04-16,26.17,26.18,26.110001,26.110001,22500,22.265448
2014-04-15,26.139999,26.15,26.09,26.120001,36900,22.273976
2014-04-14,25.969999,26.10,25.950001,26.10,39000,22.25692
2014-04-11,25.950001,26.02,25.91,25.950001,37500,22.129007
2014-04-10,26.049999,26.09,25.98,25.98,214900,22.154589
2014-04-09,25.98,26.139999,25.959999,26.059999,49800,22.222809
2014-04-08,26.059999,26.059999,25.92,25.969999,41600,22.146061
2014-04-07,26.00,26.049999,25.959999,26.049999,22700,22.214281
2014-04-04,26.09,26.110001,26.00,26.00,85600,22.171644
2014-04-03,26.200001,26.200001,26.08,26.09,85600,22.248392
2014-04-02,26.120001,26.190001,26.07,26.17,34300,22.316613
2014-04-01,26.07,26.200001,25.91,26.17,64000,22.316613
2014-03-31,26.139999,26.190001,26.07,26.15,29900,22.299557
2014-03-28,26.139999,26.200001,26.120001,26.139999,20500,22.291029
2014-03-27,26.219999,26.280001,26.09,26.15,52200,22.299557
2014-03-26,26.209999,26.35,26.209999,26.290001,19800,22.418944
2014-03-25,26.110001,26.290001,26.110001,26.219999,41800,22.35925
2014-03-24,25.93,26.219999,25.860001,26.120001,77500,22.273976
2014-03-21,26.120001,26.120001,25.959999,26.01,30400,22.180172
2014-03-20,26.030001,26.129999,25.940001,26.059999,34700,22.222809
2014-03-19,26.16,26.27,25.969999,26.07,66300,22.231337
2014-03-18,26.049999,26.299999,26.049999,26.290001,70000,22.418944
2014-03-17,25.780001,26.059999,25.780001,26.059999,84000,22.222809
2014-03-14,25.690001,25.870001,25.540001,25.83,40100,22.026676
2014-03-13,25.629999,25.68,25.469999,25.66,73900,21.881707
2014-03-12,25.51,25.700001,25.450001,25.52,79600,21.762322
2014-03-11,25.42,25.65,25.389999,25.610001,34300,21.83907
2014-03-10,25.51,25.620001,25.42,25.50,19100,21.745266
2014-03-07,25.
60,25.719999,25.450001,25.559999,43100,21.796431
2014-03-06,25.559999,25.67,25.559999,25.639999,31300,21.864652
2014-03-05,25.58,25.60,25.43,25.59,44400,21.822015
2014-03-04,25.549999,25.559999,25.459999,25.51,50500,21.753794
2014-03-03,25.34,25.48,25.309999,25.42,47800,21.677046
2014-02-28,25.41,25.530001,25.33,25.40,40800,21.659991
2014-02-27,25.299999,25.389999,25.280001,25.34,23900,21.608826
2014-02-26,25.18,25.299999,25.09,25.219999,186200,21.506494
2014-02-25,25.549999,25.59,25.48,25.540001,30100,21.386258
2014-02-24,25.459999,25.60,25.450001,25.48,46500,21.336015
2014-02-21,25.440001,25.620001,25.440001,25.459999,34700,21.319267
2014-02-20,25.40,25.559999,25.40,25.440001,69800,21.302521
2014-02-19,25.370001,25.540001,25.35,25.440001,102200,21.302521
2014-02-18,25.25,25.40,25.219999,25.35,99700,21.227159
2014-02-14,25.17,25.209999,25.110001,25.16,123600,21.068059
2014-02-13,25.110001,25.190001,25.10,25.139999,81300,21.051311
2014-02-12,25.25,25.299999,25.08,25.10,65300,21.017818
2014-02-11,25.299999,25.309999,25.17,25.17,24700,21.076433
2014-02-10,25.02,25.360001,25.02,25.26,46300,21.151796
2014-02-07,24.940001,25.129999,24.940001,25.120001,26500,21.034565
2014-02-06,24.92,25.040001,24.780001,24.93,61200,20.875466
2014-02-05,24.75,25.01,24.50,24.50,84600,20.515399
2014-02-04,25.00,25.059999,24.91,24.98,40300,20.917333
2014-02-03,25.030001,25.08,24.90,24.940001,28600,20.88384
2014-01-31,25.059999,25.16,25.01,25.01,56500,20.942455
2014-01-30,25.110001,25.27,25.07,25.110001,56900,21.026192
2014-01-29,25.08,25.10,25.00,25.10,51700,21.017818
2014-01-28,24.98,25.139999,24.98,25.110001,46500,21.026192
2014-01-27,25.02,25.030001,24.940001,24.969999,57700,20.90896
2014-01-24,25.00,25.030001,24.879999,24.98,48800,20.917333
2014-01-23,25.07,25.120001,24.940001,25.00,64500,20.934081
2014-01-22,25.049999,25.08,25.00,25.02,66600,20.950829
2014-01-21,24.91,25.10,24.90,25.00,114400,20.934081
2014-01-17,25.00,25.10,24.870001,24.870001,102400,20.825225
2014-01-16,24.85,24.950001,24.809999,24.940001,58100,20.88384
2014-01-15,24.74,24.85,24.700001,24.76,47100,20.733114
2014-01-14,24.84,24.91,24.709999,24.799999,63000,20.766608
2014-01-13,24.790001,24.940001,24.67,24.77,124400,20.741488
2014-01-10,24.51,25.00,24.51,24.639999,78000,20.63263
2014-01-09,24.469999,24.559999,24.32,24.50,63100,20.515399
2014-01-08,24.440001,24.49,24.26,24.360001,109000,20.398169
2014-01-07,24.440001,24.559999,24.25,24.469999,68300,20.490278
2014-01-06,24.07,24.440001,24.059999,24.440001,75800,20.465158
2014-01-03,23.469999,23.860001,23.469999,23.860001,83400,19.979487
2014-01-02,23.08,23.42,22.860001,23.379999,62200,19.577552
2013-12-31,22.90,23.15,22.620001,23.129999,131400,19.368211
2013-12-30,23.120001,23.290001,22.889999,22.969999,141900,19.234233
2013-12-27,23.27,23.370001,23.049999,23.190001,109800,19.418454
2013-12-26,23.450001,23.51,23.25,23.34,92400,19.544058
2013-12-24,23.469999,23.52,23.24,23.450001,49700,19.636169
2013-12-23,23.889999,23.99,23.559999,23.57,101500,19.736651
2013-12-20,23.969999,24.10,23.83,23.84,94900,19.96274
2013-12-19,24.10,24.299999,23.889999,23.90,81300,20.012981
2013-12-18,24.26,24.57,23.940001,24.379999,144400,20.414915
2013-12-17,24.24,24.35,24.08,24.26,79500,20.314432
2013-12-16,23.85,24.209999,23.76,24.190001,122000,20.255
817
2013-12-13,23.200001,23.85,23.200001,23.85,139800,19.971114
2013-12-12,23.559999,23.559999,22.77,23.24,134000,19.460322
2013-12-11,24.01,24.10,23.52,23.540001,102700,19.711532
2013-12-10,24.110001,24.35,23.91,24.02,97900,20.113465
2013-12-09,23.99,24.17,23.950001,24.059999,59400,20.146959
2013-12-06,24.18,24.18,23.90,23.950001,79500,20.05485
2013-12-05,24.360001,24.360001,23.879999,23.879999,109200,19.996234
2013-12-04,24.41,24.530001,24.209999,24.370001,75800,20.406543
2013-12-03,24.58,24.60,24.379999,24.459999,126200,20.481904
2013-12-02,24.82,24.82,24.530001,24.540001,45600,20.548895
2013-11-29,24.709999,24.77,24.57,24.76,26100,20.733114
2013-11-27,24.85,24.870001,24.610001,24.629999,68100,20.624256
2013-11-26,24.73,24.860001,24.68,24.75,79100,20.72474
2013-11-25,24.91,25.030001,24.860001,25.030001,61400,20.573178
2013-11-22,24.73,24.969999,24.709999,24.950001,91400,20.507423
2013-11-21,24.84,24.85,24.68,24.73,69200,20.326595
2013-11-20,24.98,25.030001,24.790001,24.860001,50900,20.433448
2013-11-19,25.059999,25.09,24.860001,24.879999,43000,20.449886
2013-11-18,25.24,25.24,25.00,25.040001,40300,20.581398
2013-11-15,25.110001,25.16,25.08,25.110001,48600,20.638933
2013-11-14,25.07,25.17,25.07,25.139999,22700,20.663591
2013-11-13,25.110001,25.139999,25.02,25.08,74100,20.614275
2013-11-12,25.07,25.16,25.040001,25.139999,70700,20.663591
2013-11-11,25.120001,25.16,25.049999,25.120001,33400,20.647153
2013-11-08,25.049999,25.15,24.940001,24.959999,37200,20.515641
2013-11-07,25.110001,25.23,25.10,25.120001,43200,20.647153
2013-11-06,25.110001,25.25,25.110001,25.15,41500,20.67181
2013-11-05,25.040001,25.16,24.90,25.16,39900,20.68003
2013-11-04,25.040001,25.07,25.00,25.00,81700,20.548519
2013-11-01,25.15,25.15,25.02,25.049999,39900,20.589616
2013-10-31,25.049999,25.16,25.030001,25.049999,38200,20.589616
2013-10-30,25.26,25.26,25.059999,25.129999,32800,20.655371
2013-10-29,25.15,25.18,25.02,25.17,37400,20.688249
2013-10-28,25.139999,25.25,25.059999,25.08,55200,20.614275
2013-10-25,25.25,25.299999,25.10,25.200001,49100,20.712908
2013-10-24,25.49,25.530001,25.17,25.25,81900,20.754005
2013-10-23,25.58,25.639999,25.40,25.450001,86400,20.918393
2013-10-22,25.459999,25.66,25.290001,25.58,51700,21.025245
2013-10-21,25.200001,25.299999,25.040001,25.27,26600,20.770444
2013-10-18,24.98,25.120001,24.950001,25.120001,63900,20.647153
2013-10-17,24.709999,24.940001,24.709999,24.91,54900,20.474545
2013-10-16,24.879999,24.90,24.66,24.73,56300,20.326595
2013-10-15,24.93,24.950001,24.610001,24.610001,63600,20.227963
2013-10-14,24.90,25.00,24.82,24.93,16200,20.490984
2013-10-11,24.93,25.00,24.84,25.00,52600,20.548519
2013-10-10,24.83,24.969999,24.83,24.92,47200,20.482764
2013-10-09,24.809999,24.870001,24.75,24.809999,56800,20.39235
2013-10-08,24.959999,24.959999,24.83,24.93,37600,20.490984
2013-10-07,24.93,24.99,24.889999,24.92,45100,20.482764
2013-10-04,25.08,25.139999,24.91,24.969999,25800,20.523861
2013-10-03,25.08,25.10,25.01,25.049999,32600,20.589616
2013-10-02,24.959999,25.10,24.889999,25.040001,71600,20.581398
2013-10-01,24.98,25.049999,24.90,24.92,40500,20.482764
2013-09-30,24.790001,25.09,24.66,25.02,55200,20.564959
2013-09-27,24.940001,25.07,24.780001,24.860001,63700,20.433448
2013-09-26,24.73,25.00,24.719999,25.00,45300,20.548519
2013-09-25,24.639999,24.709999,24.620001,24.690001,47500,20.293718
2013-09-24,24.68,24.690001,24.459999,24.620001,100400,20.236183
2013-09-23,24.809999,24.809999,24.559999,24.58,53700,20.203304
2013-09-20,24.889999,24.889999,24.66,24.77,56800,20.359473
2013-09-19,25.00,25.02,24.85,24.870001,74400,20.441668
2013-09-18,24.74,25.059999,24.67,25.059999,87000,20.597835
2013-09-17,24.66,24.77,24.459999,24.
76,101900,20.351254
2013-09-16,24.799999,24.799999,24.530001,24.610001,83900,20.227963
2013-09-13,24.68,24.719999,24.540001,24.719999,64500,20.318376
2013-09-12,24.700001,24.76,24.540001,24.610001,78500,20.227963
2013-09-11,24.719999,24.85,24.629999,24.68,111000,20.285499
2013-09-10,24.76,24.950001,24.66,24.75,93200,20.343034
2013-09-09,24.68,24.90,24.66,24.799999,74200,20.384131
2013-09-06,24.959999,25.09,24.66,24.68,158600,20.285499
2013-09-05,24.91,24.91,24.68,24.860001,57100,20.433448
2013-09-04,24.940001,25.110001,24.799999,24.91,115100,20.474545
2013-09-03,25.00,25.02,24.66,24.950001,78700,20.507423
2013-08-30,24.85,25.10,24.75,24.879999,72800,20.449886
2013-08-29,24.58,24.90,24.469999,24.85,67500,20.425229
2013-08-28,24.41,24.65,24.24,24.58,85900,20.203304
2013-08-27,24.75,24.870001,24.629999,24.799999,91400,20.005216
2013-08-26,24.959999,25.049999,24.780001,24.780001,77900,19.989084
2013-08-23,24.99,25.299999,24.85,24.940001,163900,20.11815
2013-08-22,24.719999,25.01,24.719999,24.92,74100,20.102016
2013-08-21,24.540001,24.959999,24.42,24.75,68500,19.964884
2013-08-20,24.610001,24.73,24.299999,24.440001,85900,19.714819
2013-08-19,24.879999,24.879999,24.209999,24.639999,98900,19.87615
2013-08-16,24.690001,25.07,24.360001,24.85,88500,20.04555
2013-08-15,24.90,24.93,24.42,24.870001,109100,20.061684
2013-08-14,25.059999,25.129999,24.93,25.040001,93000,20.198816
2013-08-13,25.129999,25.16,25.01,25.049999,53500,20.206882
2013-08-12,25.129999,25.27,25.129999,25.139999,39800,20.279481
2013-08-09,25.23,25.459999,25.110001,25.110001,54900,20.255282
2013-08-08,25.09,25.40,25.09,25.34,58000,20.440814
2013-08-07,25.10,25.309999,25.059999,25.08,69100,20.231082
2013-08-06,25.41,25.41,25.040001,25.08,86500,20.231082
2013-08-05,25.370001,25.629999,25.26,25.33,63400,20.432747
2013-08-02,25.59,25.75,25.42,25.48,41500,20.553746
2013-08-01,25.389999,25.57,25.200001,25.459999,61700,20.537613
2013-07-31,25.299999,25.450001,25.219999,25.35,30600,20.448881
2013-07-30,25.35,25.49,25.35,25.360001,33900,20.456948
2013-07-29,25.629999,25.629999,25.27,25.459999,37300,20.537613
2013-07-26,25.35,25.629999,25.33,25.559999,20600,20.618279
2013-07-25,25.370001,25.549999,25.26,25.459999,35300,20.537613
2013-07-24,25.76,25.76,25.32,25.59,80800,20.64248
2013-07-23,25.530001,25.68,25.50,25.610001,39200,20.658613
2013-07-22,25.66,25.690001,25.360001,25.51,147300,20.577947
2013-07-19,25.42,25.690001,25.35,25.549999,53400,20.610213
2013-07-18,25.77,25.870001,25.530001,25.530001,30700,20.59408
2013-07-17,25.66,25.90,25.66,25.77,27000,20.787679
2013-07-16,25.809999,25.879999,25.559999,25.67,48900,20.707013
2013-07-15,25.51,25.889999,25.51,25.889999,26400,20.884478
2013-07-12,25.50,25.73,25.43,25.51,27500,20.577947
2013-07-11,25.51,25.690001,25.51,25.52,40400,20.586014
2013-07-10,25.33,25.690001,25.299999,25.389999,40100,20.481147
2013-07-09,25.35,25.50,25.27,25.42,56600,20.505347
2013-07-08,25.309999,25.52,25.01,25.190001,55000,20.319815
2013-07-05,25.82,25.82,25.139999,25.33,33900,20.432747
2013-07-03,25.67,25.98,25.67,25.98,9800,20.957077
2013-07-02,26.02,26.290001,25.870001,25.99,37300,20.965144
2013-07-01,26.43,26.43,26.030001,26.26,19400,21.182943
2013-06-28,25.92,26.459999,25.75,26.459999,40500,21.344275
2013-06-27,25.940001,26.200001,25.940001,26.049999,24300,21.013544
2013-06-26,25.219999,26.09,25.219999,25.90,53100,20.892545
2013-06-25,25.41,25.42,24.959999,25.190001,61200,20.319815
2013-06-24,25.00,25.719999,24.549999,25.42,105500,20.505347
2013-06-21,25.700001,25.700001,25.139999,25.35,58600,20.448881
2013-06-20,25.59,25.610001,25.209999,25.51,85400,20.577947
2013-06-19,26.48,26.58,25.92,26.040001,38700,21.005478
2013-06-18,26.15,26.50,26.15,26.360001,36800,21.26361
2013-06-17,26.389999,26.
639999,26.049999,26.34,49400,21.247476
2013-06-14,25.68,26.450001,25.639999,26.440001,53000,21.328143
2013-06-13,24.959999,25.809999,24.58,25.809999,62500,20.819945
2013-06-12,25.799999,25.860001,23.92,24.969999,156400,20.142349
2013-06-11,26.32,26.32,25.66,25.780001,51500,20.795746
2013-06-10,26.16,26.639999,26.15,26.51,25800,21.384609
2013-06-07,26.200001,26.360001,26.200001,26.290001,21600,21.207144
2013-06-06,26.26,26.440001,26.07,26.23,23800,21.158743
2013-06-05,26.42,26.42,26.030001,26.129999,32600,21.078076
2013-06-04,26.23,26.50,26.23,26.34,35500,21.247476
2013-06-03,26.959999,26.959999,26.299999,26.33,70700,21.239409
2013-05-31,26.93,27.200001,26.90,26.90,134200,21.699207
2013-05-30,26.700001,27.16,26.700001,26.959999,20600,21.747606
2013-05-29,27.309999,27.309999,26.629999,26.85,48000,21.658874
2013-05-28,27.620001,27.780001,27.57,27.60,26700,21.891998
2013-05-24,27.34,27.74,27.34,27.620001,36300,21.907862
2013-05-23,27.459999,27.639999,27.209999,27.620001,46900,21.907862
2013-05-22,27.43,27.639999,27.33,27.469999,43200,21.788883
2013-05-21,27.299999,27.540001,27.299999,27.51,35700,21.820611
2013-05-20,27.280001,27.42,27.25,27.290001,39500,21.64611
2013-05-17,27.299999,27.40,27.299999,27.33,19900,21.677837
2013-05-16,27.299999,27.379999,27.25,27.299999,37300,21.654041
2013-05-15,27.16,27.43,27.16,27.379999,32200,21.717496
2013-05-14,27.450001,27.50,27.120001,27.209999,87200,21.582654
2013-05-13,27.83,27.92,27.60,27.639999,48100,21.923725
2013-05-10,27.889999,27.959999,27.67,27.940001,38400,22.161682
2013-05-09,27.889999,28.18,27.889999,28.08,15400,22.272728
2013-05-08,27.75,28.139999,27.75,27.969999,35200,22.185477
2013-05-07,27.549999,27.870001,27.540001,27.870001,46200,22.10616
2013-05-06,27.459999,27.700001,27.459999,27.639999,33200,21.923725
2013-05-03,27.370001,27.58,27.370001,27.540001,25200,21.844407
2013-05-02,27.129999,27.41,27.129999,27.379999,25900,21.717496
2013-05-01,27.139999,27.35,27.139999,27.24,12100,21.60645
2013-04-30,27.34,27.370001,27.049999,27.219999,32900,21.590586
2013-04-29,27.059999,27.40,27.059999,27.40,18400,21.73336
2013-04-26,26.85,27.15,26.85,27.15,19600,21.535063
2013-04-25,27.059999,27.129999,26.74,26.84,34900,21.289175
2013-04-24,26.969999,26.969999,26.76,26.860001,10600,21.305039
2013-04-23,27.209999,27.26,26.709999,26.870001,50600,21.312971
2013-04-22,27.299999,27.33,26.93,27.049999,41400,21.455744
2013-04-19,27.280001,27.360001,27.00,27.01,57600,21.424017
2013-04-18,27.299999,27.40,27.27,27.34,19300,21.685769
2013-04-17,27.09,27.40,27.08,27.40,15200,21.73336
2013-04-16,26.860001,27.26,26.84,27.25,23500,21.614382
2013-04-15,26.82,26.969999,26.82,26.93,33700,21.360562
2013-04-12,26.73,26.99,26.709999,26.99,19300,21.408153
2013-04-11,26.790001,26.790001,26.68,26.73,25300,21.201924
2013-04-10,26.58,26.82,26.58,26.75,48100,21.217788
2013-04-09,26.700001,26.700001,26.41,26.58,22100,21.082946
2013-04-08,26.92,27.01,26.51,26.60,34200,21.09881
2013-04-05,26.90,27.049999,26.90,27.040001,13200,21.447813
2013-04-04,26.860001,27.049999,26.860001,26.959999,13000,21.384357
2013-04-03,26.790001,26.940001,26.790001,26.92,24000,21.35263
2013-04-02,26.629999,26.90,26.60,26.85,40000,21.297107
2013-04-01,26.719999,26.719999,26.49,26.58,18300,21.082946
2013-03-28,26.389999,26.68,26.389999,26.559999,43200,21.067082
2013-03-27,26.52,26.58,26.27,26.40,98500,20.940172
2013-03-26,26.60,26.74,26.52,26.540001,46800,21.051219
2013-03-25,26.67,26.75,26.67,26.700001,31300,21.178129
2013-03-22,26.530001,26.75,26.530001,26.690001,24400,21.170197
2013-03-21,26.700001,26.700001,26.58
,26.639999,17500,21.130537
2013-03-20,26.549999,26.59,26.450001,26.52,27100,21.035355
2013-03-19,26.969999,26.969999,26.51,26.549999,27300,21.05915
2013-03-18,26.75,26.82,26.73,26.74,19800,21.209856
2013-03-15,26.620001,26.92,26.620001,26.860001,29100,21.305039
2013-03-14,26.860001,26.860001,26.549999,26.74,26700,21.209856
2013-03-13,26.440001,26.85,26.440001,26.719999,24300,21.193992
2013-03-12,26.57,26.74,26.450001,26.48,34000,21.003627
2013-03-11,26.629999,26.73,26.620001,26.68,126500,21.162265
2013-03-08,26.530001,26.75,26.530001,26.65,153200,21.138469
2013-03-07,26.540001,26.58,26.50,26.549999,38100,21.05915
2013-03-06,26.530001,26.629999,26.51,26.59,22500,21.090878
2013-03-05,26.50,26.50,26.469999,26.48,37300,21.003627
2013-03-04,26.450001,26.50,26.40,26.40,33900,20.940172
2013-03-01,26.49,26.540001,26.440001,26.450001,28100,20.979832
2013-02-28,26.42,26.58,26.42,26.48,45300,21.003627
2013-02-27,26.450001,26.49,26.41,26.450001,50200,20.979832
2013-02-26,26.549999,26.549999,26.41,26.450001,15200,20.979832
2013-02-25,26.74,26.950001,26.74,26.85,26500,20.931448
2013-02-22,26.65,26.84,26.620001,26.790001,41700,20.884674
2013-02-21,26.610001,26.700001,26.52,26.620001,34100,20.752147
2013-02-20,26.59,26.709999,26.559999,26.67,27200,20.791125
2013-02-19,26.40,26.690001,26.40,26.629999,60400,20.759942
2013-02-15,26.370001,26.469999,26.280001,26.42,266000,20.596233
2013-02-14,27.00,27.00,26.290001,26.34,484600,20.533867
2013-02-13,27.219999,27.299999,27.16,27.200001,32600,21.204298
2013-02-12,27.290001,27.290001,27.200001,27.24,22900,21.23548
2013-02-11,27.280001,27.309999,27.190001,27.190001,16500,21.196502
2013-02-08,27.030001,27.23,27.030001,27.23,18500,21.227684
2013-02-07,26.870001,27.09,26.870001,27.08,18500,21.110749
2013-02-06,27.049999,27.129999,26.85,26.91,22600,20.978222
2013-02-05,27.139999,27.23,27.110001,27.15,26800,21.165318
2013-02-04,27.07,27.139999,27.00,27.08,33700,21.110749
2013-02-01,27.129999,27.23,27.110001,27.15,28700,21.165318
2013-01-31,27.049999,27.200001,27.030001,27.07,50100,21.102953
2013-01-30,27.07,27.26,27.07,27.10,24800,21.12634
2013-01-29,27.049999,27.25,27.00,27.18,101300,21.188706
2013-01-28,27.129999,27.389999,27.10,27.17,28900,21.18091
2013-01-25,27.129999,27.309999,27.129999,27.209999,47800,21.212092
2013-01-24,27.200001,27.299999,27.120001,27.26,52600,21.251071
2013-01-23,27.41,27.530001,27.15,27.35,26800,21.321233
2013-01-22,27.530001,27.540001,27.26,27.43,39600,21.383598
2013-01-18,27.379999,27.49,27.280001,27.450001,58500,21.39919
2013-01-17,27.309999,27.43,27.280001,27.370001,39700,21.336825
2013-01-16,27.02,27.35,26.99,27.18,48200,21.188706
2013-01-15,27.049999,27.27,27.01,27.01,75200,21.056179
2013-01-14,27.440001,27.59,27.16,27.27,46500,21.258867
2013-01-11,27.60,27.60,27.360001,27.51,18600,21.445964
2013-01-10,27.379999,27.60,27.34,27.549999,14100,21.477146
2013-01-09,27.60,27.610001,27.41,27.51,55100,21.445964
2013-01-08,27.33,27.700001,27.110001,27.700001,23700,21.594083
2013-01-07,27.059999,27.33,27.049999,27.23,19800,21.227684
2013-01-04,27.23,27.459999,27.209999,27.23,22700,21.227684
2013-01-03,27.040001,27.290001,26.780001,27.290001,36400,21.274459
2013-01-02,26.959999,27.040001,26.83,26.85,73200,20.931448
2012-12-31,26.49,26.82,26.49,26.809999,21200,20.900264
2012-12-28,26.360001,26.639999,26.360001,26.629999,18100,20.759942
2012-12-27,26.33,26.629999,26.33,26.50,14400,20.658598
2012-12-26,26.58,26.58,26.370001,26.459999,8900,20.627415
2012-12-24,26.34,26.51,26.32,26.42,14800,20.596233
2012-12-21,26.68,26.68,26.42,26.48,21800,20.643006
2012-12-20,26.870001,27.00,26.67,26.74,18500,20.845695
2012-12-19,26.360001,26.870001,26.360001,26.860001,43400,20.939244
2012-12-18,26.450001,26.60,26.440001,26.50,20900,20.658598
2012-12-17,26.58,26.75,26.57,26.60,27900,20.736556
2012-12-1
4,26.629999,26.860001,26.43,26.68,28900,20.798921
2012-12-13,26.709999,26.879999,26.709999,26.75,20200,20.853491
2012-12-12,26.75,27.200001,26.66,26.83,28600,20.915856
2012-12-11,26.60,26.77,26.530001,26.76,35400,20.861287
2012-12-10,26.59,26.889999,26.52,26.68,27200,20.798921
2012-12-07,26.59,26.76,26.59,26.65,15500,20.775533
2012-12-06,26.360001,26.77,26.360001,26.66,24100,20.783329
2012-12-05,26.50,26.549999,26.40,26.459999,24500,20.627415
2012-12-04,26.360001,26.59,26.35,26.41,22100,20.588437
2012-12-03,26.66,26.719999,26.18,26.290001,77300,20.494889
2012-11-30,26.75,27.00,26.610001,26.65,32600,20.775533
2012-11-29,26.76,27.08,26.76,26.85,23300,20.931448
2012-11-28,27.030001,27.17,26.870001,26.889999,27500,20.96263
2012-11-27,27.290001,27.65,27.27,27.610001,29900,21.164538
2012-11-26,27.379999,27.379999,27.219999,27.299999,17100,20.926906
2012-11-23,27.370001,27.459999,27.24,27.459999,10700,21.049554
2012-11-21,27.40,27.42,27.26,27.389999,8200,20.995896
2012-11-20,27.280001,27.34,27.01,27.309999,22800,20.934571
2012-11-19,26.84,27.25,26.84,27.15,30400,20.811923
2012-11-16,26.389999,27.129999,26.389999,26.98,43300,20.681609
2012-11-15,26.940001,26.940001,26.209999,26.540001,38200,20.344326
2012-11-14,27.360001,27.450001,26.690001,26.76,35600,20.512968
2012-11-13,27.459999,27.48,27.219999,27.290001,34900,20.919241
2012-11-12,27.50,27.50,27.200001,27.35,28100,20.965234
2012-11-09,27.48,27.549999,27.26,27.549999,17700,21.118544
2012-11-08,27.469999,27.67,27.42,27.530001,17100,21.103214
2012-11-07,27.35,27.629999,27.25,27.57,20900,21.133875
2012-11-06,27.360001,27.50,27.290001,27.450001,27000,21.04189
2012-11-05,27.469999,27.549999,27.360001,27.49,27800,21.072551
2012-11-02,27.299999,27.469999,27.299999,27.370001,17200,20.980566
2012-11-01,27.18,27.43,27.18,27.24,19600,20.880913
2012-10-31,27.09,27.530001,26.860001,27.24,51100,20.880913
2012-10-26,27.15,27.26,27.139999,27.24,19700,20.880913
2012-10-25,27.07,27.469999,27.07,27.24,30000,20.880913
2012-10-24,27.25,27.51,27.110001,27.110001,50000,20.781262
2012-10-23,27.450001,27.559999,27.42,27.48,34400,21.064885
2012-10-22,27.889999,27.90,27.34,27.52,30500,21.095548
2012-10-19,27.620001,28.09,27.620001,28.09,26500,21.532484
2012-10-18,27.530001,28.030001,27.530001,27.68,57400,21.218197
2012-10-17,27.549999,27.68,27.530001,27.639999,104600,21.187534
2012-10-16,27.290001,27.549999,27.290001,27.52,19600,21.095548
2012-10-15,27.48,27.549999,27.370001,27.40,21600,21.003561
2012-10-12,27.49,27.549999,27.469999,27.549999,19700,21.118544
2012-10-11,27.200001,27.50,27.200001,27.469999,22600,21.05722
2012-10-10,27.15,27.309999,26.93,27.200001,75900,20.850251
2012-10-09,27.00,27.110001,26.91,27.10,22300,20.773596
2012-10-08,27.049999,27.200001,27.049999,27.129999,10800,20.796592
2012-10-05,27.00,27.200001,26.969999,27.200001,34800,20.850251
2012-10-04,26.92,27.190001,26.91,26.969999,31400,20.673943
2012-10-03,27.23,27.34,26.940001,27.07,53200,20.750599
2012-10-02,27.219999,27.32,27.190001,27.290001,19600,20.919241
2012-10-01,27.040001,27.34,26.959999,27.33,15000,20.949903
2012-09-28,27.09,27.18,26.860001,26.879999,26400,20.604953
2012-09-27,26.75,27.17,26.540001,27.040001,17700,20.727603
2012-09-26,26.860001,26.940001,26.76,26.889999,13900,20.612619
2012-09-25,26.84,27.08,26.84,26.99,23900,20.689275
2012-09-24,27.120001,27.290001,26.76,26.76,24200,20.512968
2012-09-21,27.379999,27.379999,27.200001,27.200001,26800,20.850251
2012-09-20,27.110001,27.34,27.110001,27.299999,24300,20.926906
2012-09-19,27.25,27.35,27.16,27.25,30300,20.888579
2012-09-18,27.309999,27.32,27.10,27.26,32000,20.896244
2012-09-17,27.33,27.35,27.10,27.290001,20000,20.919241
2012-09-14,27.17,27.40,27.17,27.35,14100,20.965234
2012-09-13,27.219999,27.459999,27.209999,27.27,57100,20.90391
2012-09-12,27.129999,27.27,27.059999,27.27,230
00,20.90391
2012-09-11,27.08,27.299999,27.01,27.110001,16900,20.781262
2012-09-10,27.26,27.26,27.17,27.17,23800,20.827254
2012-09-07,27.27,27.27,27.120001,27.23,22400,20.873247
2012-09-06,27.42,27.48,27.07,27.209999,46300,20.857916
2012-09-05,27.17,27.459999,27.15,27.440001,43900,21.034224
2012-09-04,27.190001,27.309999,27.15,27.15,38500,20.811923
2012-08-31,27.08,27.25,27.08,27.16,20800,20.819589
2012-08-30,27.23,27.23,27.10,27.209999,15900,20.857916
2012-08-29,27.110001,27.219999,27.02,27.219999,28000,20.865581
2012-08-28,27.450001,27.530001,27.41,27.48,20200,20.711506
2012-08-27,27.41,27.540001,27.41,27.52,32600,20.741654
2012-08-24,27.25,27.549999,27.25,27.43,29800,20.673822
2012-08-23,27.299999,27.33,27.26,27.33,42000,20.598452
2012-08-22,27.23,27.33,27.23,27.280001,40600,20.560768
2012-08-21,27.200001,27.440001,27.200001,27.34,28100,20.605989
2012-08-20,27.34,27.34,27.10,27.200001,26600,20.500472
2012-08-17,27.23,27.35,27.120001,27.17,23400,20.477861
2012-08-16,27.559999,27.559999,27.27,27.32,42400,20.590915
2012-08-15,27.440001,27.440001,27.200001,27.42,50800,20.666285
2012-08-14,27.559999,27.57,27.34,27.379999,44700,20.636136
2012-08-13,27.57,27.57,27.34,27.450001,31000,20.688896
2012-08-10,27.85,27.85,27.40,27.540001,34400,20.756728
2012-08-09,27.620001,27.709999,27.530001,27.709999,19200,20.884855
2012-08-08,27.620001,27.620001,27.41,27.50,43000,20.72658
2012-08-07,27.83,27.91,27.450001,27.60,105900,20.80195
2012-08-06,27.780001,27.90,27.67,27.90,35900,21.028057
2012-08-03,27.76,27.83,27.700001,27.82,17500,20.967762
2012-08-02,27.60,27.780001,27.469999,27.77,27000,20.930078
2012-08-01,27.67,27.790001,27.459999,27.469999,67900,20.703969
2012-07-31,27.549999,27.65,27.42,27.50,45500,20.72658
2012-07-30,27.549999,27.620001,27.370001,27.59,101400,20.794413
2012-07-27,27.129999,27.60,27.129999,27.450001,25000,20.688896
2012-07-26,26.92,27.18,26.780001,27.10,43400,20.425103
2012-07-25,27.09,27.09,26.780001,26.82,50600,20.214068
2012-07-24,27.09,27.190001,26.85,26.92,43700,20.289438
2012-07-23,26.83,27.09,26.83,27.07,65200,20.402491
2012-07-20,26.99,27.10,26.84,26.940001,43000,20.304512
2012-07-19,27.00,27.18,26.790001,26.93,200300,20.296975
2012-07-18,27.32,27.32,27.01,27.030001,58900,20.372344
2012-07-17,27.26,27.360001,27.02,27.17,72600,20.477861
2012-07-16,27.33,27.40,27.18,27.40,34800,20.65121
2012-07-13,27.27,27.440001,27.200001,27.24,44000,20.530619
2012-07-12,27.049999,27.24,26.889999,27.16,35900,20.470324
2012-07-11,26.98,26.98,26.85,26.93,40600,20.296975
2012-07-10,27.17,27.17,26.809999,26.98,92800,20.334659
2012-07-09,27.040001,27.18,26.99,27.059999,105500,20.394954
2012-07-06,27.02,27.190001,26.83,27.01,43400,20.35727
2012-07-05,26.84,27.02,26.67,26.889999,41000,20.266826
2012-07-03,26.68,26.82,26.57,26.82,18800,20.214068
2012-07-02,26.58,26.58,26.26,26.540001,41600,20.003035
2012-06-29,26.50,26.559999,26.139999,26.469999,78500,19.950275
2012-06-28,26.35,26.469999,26.27,26.469999,36700,19.950275
2012-06-27,26.299999,26.35,26.190001,26.219999,41700,19.761851
2012-06-26,26.18,26.200001,26.02,26.17,214500,19.724167
2012-06-25,25.84,26.190001,25.84,26.110001,46200,19.678946
2012-06-22,26.200001,26.200001,26.040001,26.08,49100,19.656335
2012-06-21,26.32,26.35,25.969999,26.01,50500,19.603576
2012-06-20,26.209999,26.27,26.10,26.200001,34800,19.746779
2012-06-19,26.129999,26.16,26.030001,26.10,44700,19.671409
2012-06-18,25.91,26.07,25.809999,25.98,43600,19.580965
2012-06-15,26.00,26.00,25.75,25.780001,92500,19.430227
2012-06-14,26.34,26.34,25.700001,25.84,92600,19.475448
2012-06-13,26.18,26.35,26.08,26.25,40000,19.784463
2012-06-12,26.
280001,26.309999,25.50,26.17,31800,19.724167
2012-06-11,26.07,26.450001,25.950001,26.450001,35600,19.935202
2012-06-08,25.959999,26.15,25.91,25.99,39200,19.588502
2012-06-07,25.959999,26.049999,25.82,25.889999,51700,19.513133
2012-06-06,25.870001,25.99,25.83,25.93,56600,19.543281
2012-06-05,25.780001,25.83,25.709999,25.75,60000,19.407616
2012-06-04,25.799999,25.93,25.50,25.700001,97600,19.369932
2012-06-01,26.02,26.040001,25.790001,25.809999,71800,19.452837
2012-05-31,26.370001,26.370001,26.02,26.02,69100,19.611114
2012-05-30,26.209999,26.299999,26.10,26.10,61600,19.671409
2012-05-29,26.299999,26.40,26.030001,26.139999,124800,19.701556
2012-05-25,26.48,26.59,26.379999,26.549999,99700,19.663117
2012-05-24,25.98,26.469999,25.98,26.299999,328200,19.477966
2012-05-23,25.940001,26.129999,25.85,26.049999,72000,19.292814
2012-05-22,25.76,25.940001,25.709999,25.84,80300,19.137287
2012-05-21,25.51,25.799999,25.51,25.67,81200,19.011384
2012-05-18,25.700001,25.809999,25.549999,25.65,35900,18.996571
2012-05-17,26.00,26.00,25.440001,25.66,86000,19.003978
2012-05-16,25.969999,26.049999,25.85,26.030001,50500,19.278003
2012-05-15,26.02,26.190001,25.889999,25.98,51000,19.240972
2012-05-14,26.10,26.15,25.959999,26.110001,19400,19.337251
2012-05-11,26.17,26.209999,26.040001,26.10,35000,19.329845
2012-05-10,26.18,26.290001,26.08,26.17,27100,19.381687
2012-05-09,26.049999,26.25,25.93,26.110001,38600,19.337251
2012-05-08,26.02,26.120001,25.969999,26.049999,61500,19.292814
2012-05-07,26.00,26.040001,25.93,26.01,29000,19.26319
2012-05-04,26.059999,26.15,26.00,26.049999,28400,19.292814
2012-05-03,26.049999,26.16,26.049999,26.16,23000,19.374281
2012-05-02,26.059999,26.15,26.02,26.07,27000,19.307626
2012-05-01,26.18,26.23,26.02,26.07,55900,19.307626
2012-04-30,26.25,26.26,26.08,26.08,49000,19.315033
2012-04-27,26.18,26.200001,26.040001,26.18,25500,19.389094
2012-04-26,26.15,26.25,26.08,26.120001,19700,19.344658
2012-04-25,26.15,26.290001,26.01,26.139999,32100,19.359469
2012-04-24,26.52,26.52,26.10,26.17,38600,19.381687
2012-04-23,26.299999,26.459999,26.200001,26.42,33400,19.566839
2012-04-20,26.200001,26.469999,26.10,26.299999,431000,19.477966
2012-04-19,26.200001,26.32,26.10,26.15,55800,19.366875
2012-04-18,26.040001,26.15,26.040001,26.059999,30400,19.30022
2012-04-17,26.120001,26.219999,25.959999,26.00,37900,19.255784
2012-04-16,26.110001,26.200001,26.00,26.129999,25600,19.352062
2012-04-13,26.049999,26.129999,25.959999,25.99,18300,19.248378
2012-04-12,25.90,26.07,25.85,26.059999,76100,19.30022
2012-04-11,25.85,26.030001,25.799999,25.85,38200,19.144693
2012-04-10,25.780001,25.90,25.76,25.780001,46500,19.092851
2012-04-09,25.60,25.860001,25.60,25.85,45700,19.144693
2012-04-05,25.90,26.07,25.84,25.90,54400,19.181723
2012-04-04,25.940001,26.09,25.940001,25.98,29900,19.240972
2012-04-03,26.10,26.139999,25.959999,26.059999,125900,19.30022
2012-04-02,26.18,26.23,25.98,26.07,142900,19.307626
2012-03-30,26.139999,26.32,26.040001,26.040001,191000,19.285409
2012-03-29,26.02,26.09,25.90,26.030001,231500,19.278003
2012-03-28,25.860001,26.049999,25.83,25.99,53700,19.248378
2012-03-27,25.84,25.969999,25.75,25.860001,100200,19.1521
2012-03-26,25.93,25.93,25.68,25.799999,144900,19.107662
2012-03-23,25.73,25.950001,25.68,25.799999,249000,19.107662
2012-03-22,25.870001,25.959999,25.65,25.67,129200,19.011384
2012-03-21,26.370001,26.389999,25.65,25.75,259800,19.070632
2012-03-20,26.48,26.58,26.23,26.48,235600,19.611275
2012-03-19,26.58,26.59,26.299999,26.360001,89700,19.522403
2012-03-16,26.110001,26.58,26.09,26.49,50500,19.618681
2012-03-15,26.42,26.530001,26.190001,26.190001,91600,19.3965
2012-03-14,26.610001,26.639999,26.42,26.459999,118200,19.596463
2012-03-13,26.58,26.75,26.48,26.49,42
500,19.618681
2012-03-12,26.60,26.76,26.42,26.65,384500,19.737178
2012-03-09,26.49,26.700001,26.370001,26.469999,199500,19.603869
2012-03-08,26.450001,26.700001,26.440001,26.450001,132200,19.589058
2012-03-07,26.48,26.67,26.379999,26.379999,33100,19.537214
2012-03-06,26.52,26.52,26.25,26.34,57800,19.507591
2012-03-05,26.809999,26.809999,26.40,26.40,33600,19.552027
2012-03-02,26.50,26.67,26.450001,26.629999,55600,19.722366
2012-03-01,26.639999,26.690001,26.440001,26.440001,48000,19.581652
2012-02-29,26.92,26.959999,26.459999,26.530001,59700,19.648306
2012-02-28,26.84,27.01,26.60,26.93,54500,19.944549
2012-02-27,26.73,26.73,26.389999,26.58,13000,19.685336
2012-02-24,26.790001,27.129999,26.780001,27.059999,30400,19.699407
2012-02-23,26.76,26.799999,26.700001,26.75,43700,19.47373
2012-02-22,26.90,26.90,26.620001,26.68,48100,19.422771
2012-02-21,26.77,26.940001,26.73,26.940001,24100,19.612049
2012-02-17,26.60,26.85,26.59,26.60,47100,19.364532
2012-02-16,26.780001,26.780001,26.459999,26.540001,277300,19.320853
2012-02-15,26.82,26.85,26.620001,26.639999,85400,19.393651
2012-02-14,26.58,26.719999,26.48,26.67,36100,19.415491
2012-02-13,26.360001,26.58,26.34,26.58,39900,19.349972
2012-02-10,26.280001,26.49,26.25,26.25,24400,19.109735
2012-02-09,26.51,26.51,26.309999,26.309999,23900,19.153414
2012-02-08,26.379999,26.620001,26.299999,26.40,38100,19.218933
2012-02-07,26.27,26.49,26.27,26.389999,39000,19.211653
2012-02-06,26.52,26.52,26.27,26.290001,28600,19.138855
2012-02-03,26.50,26.60,26.41,26.41,23100,19.226213
2012-02-02,26.59,26.59,26.379999,26.389999,33400,19.211653
2012-02-01,26.459999,26.52,26.41,26.50,28900,19.291733
2012-01-31,26.32,26.469999,26.299999,26.43,36600,19.240774
2012-01-30,26.360001,26.40,26.219999,26.32,37300,19.160694
2012-01-27,26.129999,26.389999,26.120001,26.290001,45500,19.138855
2012-01-26,26.18,26.209999,26.02,26.040001,32700,18.956858
2012-01-25,26.02,26.18,25.98,26.07,28300,18.978697
2012-01-24,26.01,26.059999,25.90,25.940001,40600,18.884059
2012-01-23,26.120001,26.280001,25.85,25.969999,56000,18.905898
2012-01-20,26.200001,26.27,26.09,26.09,42600,18.993257
2012-01-19,26.42,26.42,26.219999,26.219999,55100,19.087895
2012-01-18,26.290001,26.370001,26.200001,26.33,61600,19.167974
2012-01-17,26.32,26.41,26.25,26.360001,46100,19.189815
2012-01-13,26.18,26.25,26.120001,26.200001,42100,19.073336
2012-01-12,26.209999,26.25,26.02,26.190001,62000,19.066056
2012-01-11,26.190001,26.389999,26.17,26.209999,53500,19.080615
2012-01-10,26.68,26.68,26.25,26.309999,74400,19.153414
2012-01-09,26.610001,26.68,26.309999,26.459999,57500,19.262612
2012-01-06,26.370001,26.60,26.24,26.48,159800,19.277173
2012-01-05,26.200001,26.389999,26.200001,26.280001,53000,19.131575
2012-01-04,26.48,26.48,25.950001,26.200001,52700,19.073336
2012-01-03,26.84,26.870001,26.23,26.379999,43100,19.204373
2011-12-30,26.60,26.90,26.450001,26.540001,30800,19.320853
2011-12-29,26.200001,26.629999,26.200001,26.51,24900,19.299013
2011-12-28,26.299999,26.35,26.120001,26.26,36900,19.117015
2011-12-27,26.24,26.34,26.10,26.139999,34600,19.029656
2011-12-23,26.049999,26.32,26.049999,26.17,28500,19.051496
2011-12-22,26.200001,26.450001,26.00,26.139999,70900,19.029656
2011-12-21,25.940001,26.18,25.91,26.18,55200,19.058776
2011-12-20,25.940001,25.950001,25.85,25.93,46200,18.876779
2011-12-19,25.93,25.940001,25.76,25.90,69300,18.854938
2011-12-16,25.84,25.950001,25.700001,25.889999,44000,18.847658
2011-12-15,25.90,25.90,25.719999,25.76,53200,18.75302
2011-12-14,25.559999,25.809999,25.559999,25.74,93200,18.73846
2011-12-1
3,25.67,25.74,25.559999,25.65,46800,18.672941
2011-12-12,25.73,25.780001,25.559999,25.610001,43200,18.643822
2011-12-09,25.73,25.790001,25.68,25.76,37300,18.75302
2011-12-08,25.77,25.809999,25.530001,25.66,75200,18.680221
2011-12-07,25.65,25.82,25.65,25.74,46500,18.73846
2011-12-06,25.709999,25.719999,25.620001,25.700001,35200,18.709341
2011-12-05,25.66,25.77,25.610001,25.709999,33300,18.71662
2011-12-02,25.629999,25.68,25.549999,25.66,64200,18.680221
2011-12-01,25.469999,25.719999,25.469999,25.610001,58900,18.643822
2011-11-30,25.33,25.50,25.200001,25.469999,59200,18.541903
2011-11-29,25.32,25.32,25.139999,25.200001,76800,18.345346
2011-11-28,25.450001,25.75,25.18,25.280001,56100,18.403585
2011-11-25,25.700001,25.709999,25.549999,25.65,18700,18.337338
2011-11-23,25.690001,25.73,25.59,25.629999,37300,18.32304
2011-11-22,25.59,25.690001,25.58,25.66,43700,18.344487
2011-11-21,25.530001,25.620001,25.35,25.59,66000,18.294444
2011-11-18,25.49,25.639999,25.440001,25.52,39500,18.244401
2011-11-17,25.49,25.540001,25.41,25.43,47500,18.180059
2011-11-16,25.629999,25.65,25.35,25.389999,68300,18.151462
2011-11-15,25.50,25.67,25.459999,25.559999,45700,18.272996
2011-11-14,25.51,25.58,25.41,25.57,47300,18.280146
2011-11-11,25.450001,25.530001,25.389999,25.51,40900,18.237252
2011-11-10,25.43,25.450001,25.35,25.360001,36100,18.130016
2011-11-09,25.26,25.40,25.25,25.299999,54000,18.087121
2011-11-08,25.51,25.51,25.35,25.459999,43100,18.201506
2011-11-07,25.66,25.66,25.280001,25.459999,90300,18.201506
2011-11-04,25.52,25.780001,25.440001,25.50,101900,18.230102
2011-11-03,25.60,25.60,25.43,25.50,43600,18.230102
2011-11-02,25.74,25.75,25.52,25.559999,54800,18.272996
2011-11-01,25.67,25.68,25.58,25.639999,23900,18.330189
2011-10-31,25.85,25.85,25.540001,25.75,37000,18.408829
2011-10-28,25.75,25.790001,25.549999,25.75,25100,18.408829
2011-10-27,25.60,25.75,25.59,25.60,54100,18.301593
2011-10-26,25.51,25.58,25.40,25.559999,65700,18.272996
2011-10-25,25.41,25.60,25.33,25.389999,60800,18.151462
2011-10-24,25.440001,25.450001,25.219999,25.389999,58000,18.151462
2011-10-21,25.290001,25.440001,25.200001,25.35,31400,18.122867
2011-10-20,25.27,25.280001,25.129999,25.200001,71600,18.015631
2011-10-19,25.219999,25.290001,25.120001,25.190001,50500,18.008482
2011-10-18,25.200001,25.309999,25.07,25.18,49600,18.001333
2011-10-17,25.27,25.309999,25.129999,25.15,39600,17.979885
2011-10-14,25.219999,25.27,25.110001,25.17,62200,17.994184
2011-10-13,25.200001,25.219999,25.040001,25.120001,33900,17.958439
2011-10-12,25.35,25.370001,25.139999,25.139999,54200,17.972736
2011-10-11,25.40,25.40,25.07,25.190001,42100,18.008482
2011-10-10,25.190001,25.299999,25.16,25.26,53400,18.058525
2011-10-07,25.24,25.25,25.00,25.129999,65500,17.965587
2011-10-06,25.059999,25.16,24.90,25.129999,112000,17.965587
2011-10-05,24.860001,25.02,24.82,25.02,52200,17.886948
2011-10-04,24.99,24.99,24.469999,24.84,69500,17.758265
2011-10-03,25.059999,25.10,24.90,25.00,43100,17.872649
2011-09-30,24.940001,25.09,24.879999,25.09,38600,17.936991
2011-09-29,25.200001,25.200001,24.77,24.889999,60200,17.794009
2011-09-28,25.18,25.200001,24.799999,24.99,62700,17.8655
2011-09-27,25.049999,25.15,25.00,25.08,68000,17.929842
2011-09-26,25.059999,25.059999,24.90,24.91,44200,17.808308
2011-09-23,25.01,25.01,24.85,24.959999,78700,17.844053
2011-09-22,24.950001,25.00,24.75,24.809999,74700,17.736817
2011-09-21,25.059999,25.18,24.92,25.02,112900,17.886948
2011-09-20,25.07,25.32,25.059999,25.09,158200,17.936991
2011-09-19,25.00,25.049999,24.860001,25.01,72800,17.879799
2011-09-16,25.10,25.18,24.940001,25.00,83600,17.872649
2011-09-15,25.00,25.07,24.98,25.01,68400,17.879799
2011-09-14,25.139999,25.23,24.950001,25.00,106500,17.872649
2011-09-1
3,25.809999,25.809999,24.92,25.02,578800,17.886948
2011-09-12,25.799999,25.809999,25.65,25.68,55000,18.358786
2011-09-09,25.84,25.85,25.700001,25.799999,71000,18.444574
2011-09-08,25.84,25.90,25.74,25.83,77700,18.466021
2011-09-07,25.90,25.92,25.68,25.68,44600,18.358786
2011-09-06,25.639999,25.85,25.549999,25.75,57200,18.408829
2011-09-02,25.719999,25.799999,25.51,25.75,47500,18.408829
2011-09-01,25.879999,25.879999,25.540001,25.690001,40300,18.365935
2011-08-31,25.860001,25.969999,25.75,25.799999,57000,18.444574
2011-08-30,25.450001,25.799999,25.450001,25.790001,71300,18.437426
2011-08-29,25.68,25.68,25.42,25.51,62000,18.237252
2011-08-26,25.690001,25.889999,25.549999,25.85,92000,18.176484
2011-08-25,25.75,25.75,25.50,25.610001,51700,18.007728
2011-08-24,25.68,25.68,25.50,25.68,57400,18.056948
2011-08-23,25.639999,25.639999,25.299999,25.559999,66000,17.972569
2011-08-22,25.719999,25.719999,25.200001,25.51,47100,17.937412
2011-08-19,25.40,25.620001,25.360001,25.549999,63000,17.965538
2011-08-18,25.57,25.75,25.08,25.50,62200,17.930381
2011-08-17,25.709999,25.74,25.469999,25.620001,341000,18.014759
2011-08-16,25.48,25.700001,25.35,25.610001,46200,18.007728
2011-08-15,25.18,25.74,25.15,25.50,71700,17.930381
2011-08-12,25.00,25.16,24.950001,25.049999,63500,17.613962
2011-08-11,24.950001,25.200001,24.700001,24.92,156900,17.522552
2011-08-10,24.879999,25.00,24.629999,24.799999,153200,17.438174
2011-08-09,24.50,25.200001,24.200001,24.809999,124100,17.445205
2011-08-08,25.309999,25.40,22.469999,23.65,132500,16.629549
2011-08-05,25.92,25.940001,25.15,25.559999,112200,17.972569
2011-08-04,26.00,26.00,25.879999,25.92,83600,18.225705
2011-08-03,26.02,26.040001,25.82,25.99,173000,18.274925
2011-08-02,25.99,26.049999,25.950001,25.950001,70100,18.2468
2011-08-01,26.00,26.030001,25.91,25.99,48000,18.274925
2011-07-29,25.92,25.99,25.860001,25.950001,89800,18.2468
2011-07-28,26.00,26.040001,25.799999,26.00,77900,18.281957
2011-07-27,25.98,26.040001,25.85,26.00,301100,18.281957
2011-07-26,25.90,26.00,25.90,25.959999,124400,18.25383
2011-07-25,25.99,26.01,25.870001,26.00,169800,18.281957
2011-07-22,25.98,26.10,25.90,25.99,180400,18.274925
2011-07-21,25.90,25.959999,25.76,25.90,218800,18.211641
2011-07-20,25.98,26.10,25.73,25.83,394500,18.162421
2011-07-19,25.90,26.049999,25.629999,25.98,599400,18.267893
2011-07-18,25.90,25.959999,25.60,25.92,129700,18.225705
2011-07-15,25.870001,26.09,25.719999,25.93,782500,18.232736
2011-07-14,25.790001,25.85,25.75,25.82,942900,18.155389
2011-07-13,25.76,25.83,25.709999,25.76,124200,18.1132
2011-07-12,25.83,25.83,25.65,25.76,114200,18.1132
2011-07-11,25.799999,25.85,25.700001,25.780001,210700,18.127264
2011-07-08,25.60,25.809999,25.60,25.799999,93400,18.141326
2011-07-07,25.52,25.690001,25.52,25.68,187200,18.056948
2011-07-06,25.50,25.549999,25.42,25.48,638500,17.916317
2011-07-05,25.48,25.530001,25.40,25.48,952500,17.916317
2011-07-01,25.549999,25.58,25.450001,25.50,50300,17.930381
2011-06-30,25.370001,25.68,25.280001,25.68,150400,18.056948
2011-06-29,25.280001,25.40,25.280001,25.309999,368800,17.796781
2011-06-28,25.209999,25.299999,25.200001,25.24,184700,17.747561
2011-06-27,25.200001,25.299999,25.17,25.23,137800,17.740529
2011-06-24,25.200001,25.299999,25.15,25.25,175700,17.754593
2011-06-23,25.18,25.200001,25.120001,25.200001,288600,17.719435
2011-06-22,25.15,25.200001,25.10,25.200001,256800,17.719435
2011-06-21,25.18,25.190001,25.059999,25.139999,553300,17.677245
2011-06-20,25.120001,25.120001,25.059999,25.10,153100,17.64912
2011-06-17,25.030001,25.110001,25.030001,25.09,183300,17.642088
2011-06-16,25.049999,25.18,25.030001,25.059999,430500,17.620993
2011-06-15,25.08,25.08,24.98,25.049999,503200,17.613962
2011-06-14,24.950001,25.10,24.950001,25.049999,463500,17.613962
2011-06-13,24.950001,25.00,24.92,24.969999,423500,17.557709
2011-06-10,24.889999,24.969999,24.870001,24.9
50001,873300,17.543647
2011-06-09,24.98,25.02,24.82,24.85,1219500,17.473332
2011-06-08,25.01,25.08,24.85,25.00,1155300,17.578804