Date,Open,High,Low,Close,Volume,Adj Close
2016-08-05,9.09,9.21,9.08,9.15,1216200,9.15
2016-08-04,9.06,9.11,9.03,9.08,836600,9.08
2016-08-03,9.00,9.09,8.94,9.06,861300,9.06
2016-08-02,9.11,9.12,8.99,8.99,1067900,8.99
2016-08-01,8.95,9.16,8.95,9.12,1976000,9.12
2016-07-29,8.87,8.99,8.86,8.95,1666900,8.95
2016-07-28,8.82,8.87,8.75,8.85,1115300,8.85
2016-07-27,8.85,8.85,8.72,8.82,944200,8.82
2016-07-26,8.78,8.83,8.76,8.82,853900,8.82
2016-07-25,8.79,8.81,8.71,8.78,994700,8.78
2016-07-22,8.72,8.83,8.72,8.80,691700,8.80
2016-07-21,8.67,8.83,8.66,8.73,1490200,8.73
2016-07-20,8.60,8.66,8.58,8.66,896000,8.66
2016-07-19,8.50,8.61,8.47,8.60,1005100,8.60
2016-07-18,8.48,8.52,8.46,8.50,605100,8.50
2016-07-15,8.46,8.48,8.42,8.46,1038000,8.46
2016-07-14,8.48,8.54,8.44,8.45,1103100,8.45
2016-07-13,8.51,8.53,8.45,8.51,1617100,8.51
2016-07-12,8.40,8.50,8.38,8.46,2089100,8.46
2016-07-11,8.39,8.44,8.34,8.43,1707300,8.43
2016-07-08,8.40,8.43,8.34,8.39,1454200,8.39
2016-07-07,8.45,8.48,8.36,8.39,1479500,8.39
2016-07-06,8.40,8.51,8.37,8.47,2341200,8.47
2016-07-05,8.45,8.48,8.39,8.44,1774900,8.44
2016-07-01,8.39,8.45,8.33,8.44,1185900,8.44
2016-06-30,8.28,8.40,8.22,8.37,2908700,8.37
2016-06-29,8.28,8.34,8.25,8.30,1453000,8.30
2016-06-28,8.13,8.29,8.10,8.28,2756300,8.28
2016-06-27,8.15,8.20,8.05,8.11,2216700,8.11
2016-06-24,8.00,8.26,7.98,8.15,2242300,8.15
2016-06-23,8.19,8.19,8.12,8.15,841300,8.15
2016-06-22,8.12,8.17,8.10,8.13,850600,8.13
2016-06-21,8.24,8.27,8.11,8.11,1108000,8.11
2016-06-20,8.15,8.24,8.14,8.22,2265500,8.22
2016-06-17,8.36,8.48,8.34,8.39,3226700,8.14
2016-06-16,8.30,8.39,8.27,8.36,1360800,8.110894
2016-06-15,8.23,8.34,8.22,8.29,1121400,8.04298
2016-06-14,8.24,8.30,8.21,8.25,1182500,8.004172
2016-06-13,8.31,8.39,8.24,8.24,1144900,7.994469
2016-06-10,8.37,8.40,8.26,8.35,1057500,8.101192
2016-06-09,8.26,8.42,8.25,8.38,1649700,8.130298
2016-06-08,8.30,8.34,8.27,8.29,1611400,8.04298
2016-06-07,8.38,8.41,8.26,8.29,3769900,8.04298
2016-06-06,8.55,8.55,8.40,8.44,1246500,8.18851
2016-06-03,8.59,8.67,8.46,8.52,2181500,8.266127
2016-06-02,8.25,8.56,8.24,8.54,4191500,8.28553
2016-06-01,8.17,8.27,8.13,8.27,811800,8.023576
2016-05-31,8.15,8.21,8.09,8.17,1454800,7.926556
2016-05-27,8.20,8.24,8.13,8.15,628700,7.907151
2016-05-26,8.12,8.21,8.12,8.20,666400,7.955661
2016-05-25,8.15,8.18,8.10,8.12,678300,7.878045
2016-05-24,8.13,8.17,8.08,8.17,843800,7.926556
2016-05-23,8.14,8.19,8.10,8.10,772800,7.858642
2016-05-20,8.07,8.12,8.03,8.11,1417200,7.868343
2016-05-19,8.01,8.09,7.95,8.07,2827500,7.829535
2016-05-18,8.30,8.30,7.98,8.09,2101200,7.848939
2016-05-17,8.37,8.42,8.26,8.32,1461700,8.072086
2016-05-16,8.35,8.44,8.32,8.39,952700,8.14
2016-05-13,8.36,8.40,8.30,8.36,773100,8.110894
2016-05-12,8.31,8.39,8.26,8.38,1303800,8.130298
2016-05-11,8.28,8.3
7,8.28,8.31,1493800,8.062384
2016-05-10,8.24,8.29,8.20,8.28,693800,8.033277
2016-05-09,8.22,8.29,8.19,8.24,884400,7.994469
2016-05-06,8.10,8.24,8.10,8.22,899300,7.975066
2016-05-05,8.08,8.16,8.07,8.12,806200,7.878045
2016-05-04,7.93,8.09,7.89,8.08,1310200,7.839237
2016-05-03,8.03,8.07,7.89,7.97,1615200,7.732515
2016-05-02,8.12,8.16,8.01,8.07,1423900,7.829535
2016-04-29,8.04,8.11,8.00,8.11,1053900,7.868343
2016-04-28,8.00,8.09,8.00,8.04,1023900,7.800429
2016-04-27,8.00,8.09,7.99,8.04,1281000,7.800429
2016-04-26,8.11,8.17,7.98,8.03,1267000,7.790727
2016-04-25,8.03,8.14,8.01,8.12,701800,7.878045
2016-04-22,8.03,8.13,8.00,8.05,1352200,7.810131
2016-04-21,8.34,8.41,8.08,8.14,1679200,7.89745
2016-04-20,8.40,8.46,8.32,8.34,1538100,8.09149
2016-04-19,8.35,8.40,8.35,8.40,748500,8.149702
2016-04-18,8.28,8.39,8.26,8.33,659600,8.081788
2016-04-15,8.25,8.34,8.24,8.31,829600,8.062384
2016-04-14,8.34,8.34,8.23,8.25,1438700,8.004172
2016-04-13,8.26,8.34,8.24,8.33,1390100,8.081788
2016-04-12,8.31,8.39,8.30,8.34,950800,8.09149
2016-04-11,8.21,8.33,8.17,8.29,2237200,8.04298
2016-04-08,8.14,8.24,8.09,8.16,1480400,7.916853
2016-04-07,8.06,8.14,8.06,8.11,1133300,7.868343
2016-04-06,8.07,8.15,8.05,8.09,918800,7.848939
2016-04-05,8.05,8.15,8.04,8.08,907800,7.839237
2016-04-04,8.18,8.18,8.07,8.08,871800,7.839237
2016-04-01,8.11,8.19,8.07,8.18,1051500,7.936258
2016-03-31,8.01,8.17,8.01,8.14,1371400,7.89745
2016-03-30,8.13,8.19,8.02,8.03,1382900,7.790727
2016-03-29,7.91,8.12,7.85,8.12,1983700,7.878045
2016-03-28,7.94,7.99,7.85,7.91,723800,7.674303
2016-03-24,7.83,7.96,7.79,7.94,1303800,7.703409
2016-03-23,8.03,8.08,7.84,7.87,1728400,7.635495
2016-03-22,7.94,8.08,7.93,8.07,2006500,7.829535
2016-03-21,7.83,7.97,7.82,7.97,2037600,7.732515
2016-03-18,7.86,7.92,7.78,7.84,9169000,7.606389
2016-03-17,7.92,8.12,7.88,8.11,2358100,7.61609
2016-03-16,7.85,7.92,7.75,7.92,1720100,7.437662
2016-03-15,7.80,7.89,7.73,7.85,2393800,7.371925
2016-03-14,7.85,7.91,7.73,7.83,2548100,7.353143
2016-03-11,8.02,8.05,7.85,8.03,1374600,7.540962
2016-03-10,8.04,8.06,7.81,7.96,1503400,7.475226
2016-03-09,8.06,8.13,7.91,8.01,1509800,7.522181
2016-03-08,8.15,8.17,7.97,8.06,1119600,7.569136
2016-03-07,8.08,8.18,8.08,8.15,976100,7.653654
2016-03-04,8.05,8.15,8.02,8.09,1479400,7.597309
2016-03-03,7.93,8.06,7.93,8.05,962100,7.559745
2016-03-02,7.82,7.94,7.78,7.92,1185100,7.437662
2016-03-01,7.88,7.94,7.78,7.81,1384900,7.334361
2016-02-29,7.80,7.90,7.78,7.84,2168800,7.362534
2016-02-26,7.86,7.95,7.74,7.79,1262200,7.315579
2016-02-25,7.75,7.85,7.71,7.84,1471000,7.362534
2016-02-24,7.74,7.76,7.58,7.72,1072600,7.249842
2016-02-23,7.66,7.80,7.65,7.77,2842400,7.296797
2016-02-22,7.59,7.73,7.57,7.66,1242400,7.193496
2016-02-19,7.49,7.58,7.46,7.54,1171700,7.080804
2016-02-18,7.44,7.54,7.42,7.50,1030900,7.04324
2016-02-17,7.17,7.45,7.13,7.42,2546200,6.968113
2016-02-16,6.94,7.16,6.93,7.13,3582600,6.695774
2016-02-12,6.84,6.86,6.76,6.84,2463800,6.423435
2016-02-11,6.86,7.04,6.77,6.81,2152000,6.395262
2016-02-10,7.00,7.03,6.89,6.89,2779200,6.47039
2016-02-09,7.10,7.18,6.96,6.99,1513200,6.5643
2016-02-08,7.08,7.23,7.04,7.17,2358300,6.7
33338
2016-02-05,7.17,7.22,7.11,7.11,1113400,6.676992
2016-02-04,7.09,7.26,7.07,7.20,1347800,6.761511
2016-02-03,6.97,7.14,6.95,7.09,2171100,6.65821
2016-02-02,6.78,6.96,6.71,6.95,1742800,6.526736
2016-02-01,6.85,6.89,6.81,6.84,1603700,6.423435
2016-01-29,6.71,6.89,6.71,6.89,2171100,6.47039
2016-01-28,6.60,6.74,6.58,6.70,1389600,6.291961
2016-01-27,6.56,6.64,6.51,6.56,1971000,6.160488
2016-01-26,6.37,6.61,6.37,6.58,2005600,6.179269
2016-01-25,6.52,6.54,6.36,6.37,1486200,5.982059
2016-01-22,6.33,6.57,6.33,6.53,2206700,6.132315
2016-01-21,6.33,6.38,6.23,6.26,1521900,5.878758
2016-01-20,6.21,6.34,5.89,6.27,4292900,5.888149
2016-01-19,6.45,6.46,6.27,6.32,1990700,5.935104
2016-01-15,6.40,6.46,6.22,6.45,2321600,6.057187
2016-01-14,6.62,6.63,6.43,6.56,1960800,6.160488
2016-01-13,6.84,6.88,6.55,6.62,2115500,6.216833
2016-01-12,7.00,7.01,6.81,6.84,1583500,6.423435
2016-01-11,7.01,7.05,6.95,6.96,942200,6.536127
2016-01-08,7.09,7.10,6.99,7.00,1751000,6.573691
2016-01-07,7.17,7.21,7.06,7.08,1634100,6.648819
2016-01-06,7.20,7.32,7.20,7.24,1628300,6.799074
2016-01-05,7.19,7.31,7.15,7.26,1191200,6.817857
2016-01-04,7.11,7.23,7.05,7.17,2067700,6.733338
2015-12-31,7.19,7.25,7.13,7.13,1717800,6.695774
2015-12-30,7.34,7.34,7.18,7.19,1288200,6.75212
2015-12-29,7.34,7.36,7.25,7.30,879900,6.855421
2015-12-28,7.38,7.40,7.28,7.31,1234400,6.864812
2015-12-24,7.39,7.43,7.36,7.39,839000,6.939939
2015-12-23,7.35,7.40,7.32,7.40,1182900,6.949331
2015-12-22,7.21,7.42,7.19,7.34,1714500,6.892985
2015-12-21,7.32,7.33,7.14,7.19,1792300,6.75212
2015-12-18,7.29,7.36,7.21,7.29,5068900,6.84603
2015-12-17,7.54,7.59,7.47,7.57,1736400,6.864812
2015-12-16,7.30,7.54,7.27,7.52,2058800,6.819469
2015-12-15,7.18,7.28,7.11,7.28,1656900,6.601827
2015-12-14,7.16,7.21,7.01,7.15,2554500,6.483937
2015-12-11,7.18,7.24,7.12,7.15,1342500,6.483937
2015-12-10,7.12,7.28,7.12,7.24,1264900,6.565553
2015-12-09,7.16,7.25,7.11,7.12,1928600,6.456731
2015-12-08,7.21,7.27,7.14,7.19,1029600,6.520211
2015-12-07,7.34,7.37,7.23,7.26,1133800,6.58369
2015-12-04,7.36,7.45,7.34,7.36,942300,6.674374
2015-12-03,7.37,7.42,7.32,7.36,1231200,6.674374
2015-12-02,7.55,7.59,7.35,7.38,1430400,6.692511
2015-12-01,7.59,7.65,7.54,7.56,767700,6.855743
2015-11-30,7.58,7.62,7.53,7.58,1025700,6.87388
2015-11-27,7.54,7.63,7.53,7.57,421900,6.864812
2015-11-25,7.64,7.64,7.51,7.55,679700,6.846675
2015-11-24,7.57,7.67,7.56,7.66,1107500,6.946427
2015-11-23,7.56,7.60,7.52,7.60,1380300,6.892017
2015-11-20,7.59,7.59,7.53,7.55,775500,6.846675
2015-11-19,7.54,7.68,7.54,7.56,1297600,6.855743
2015-11-18,7.45,7.55,7.44,7.52,1480600,6.819469
2015-11-17,7.55,7.55,7.45,7.45,874900,6.75599
2015-11-16,7.48,7.56,7.43,7.56,813300,6.855743
2015-11-13,7.47,7.53,7.44,7.48,816600,6.783196
2015-11-12,7.56,7.61,7.44,7.48,1054000,6.783196
2015-11-11,7.59,7.65,7.57,7.58,506800,6.87388
2015-11-10,7.46,7.59,7.46,7.59,915400,6.882949
2015-11-09,7.50,7.55,7.44,7.45,1320300,6.75599
2015-11-06,7.57,7.58,7.45,7.53,1305700,6.828538
2015-11-05,7.72,7.73,7.60,7.63,1243900,6.919222
2015-11-04,7.75,7.78,7.70,7.72,1190800,7.
000838
2015-11-03,7.77,7.79,7.72,7.75,1265600,7.028043
2015-11-02,7.71,7.79,7.71,7.78,949300,7.055249
2015-10-30,7.75,7.77,7.69,7.72,1143400,7.000838
2015-10-29,7.82,7.82,7.72,7.75,1053600,7.028043
2015-10-28,7.76,7.85,7.68,7.84,1357200,7.10966
2015-10-27,7.93,7.94,7.72,7.76,1499100,7.037112
2015-10-26,8.05,8.06,7.94,7.95,760700,7.209412
2015-10-23,8.11,8.14,8.04,8.04,1332800,7.291028
2015-10-22,7.99,8.14,7.83,8.10,2676500,7.345439
2015-10-21,7.96,8.00,7.94,7.97,1556500,7.227549
2015-10-20,7.89,7.96,7.85,7.96,873400,7.218481
2015-10-19,7.92,7.95,7.85,7.90,1245800,7.16407
2015-10-16,7.92,7.94,7.88,7.93,788800,7.191275
2015-10-15,7.83,7.93,7.73,7.91,1545300,7.173138
2015-10-14,7.82,7.88,7.79,7.84,1075000,7.10966
2015-10-13,7.84,7.89,7.79,7.81,957400,7.082454
2015-10-12,7.84,7.92,7.82,7.84,839600,7.10966
2015-10-09,7.83,7.88,7.78,7.85,1643000,7.118728
2015-10-08,7.76,7.83,7.70,7.82,1720200,7.091523
2015-10-07,7.68,7.82,7.66,7.76,1812200,7.037112
2015-10-06,7.63,7.72,7.61,7.68,1109600,6.964564
2015-10-05,7.42,7.64,7.39,7.63,1255100,6.919222
2015-10-02,7.33,7.43,7.30,7.41,1737800,6.719716
2015-10-01,7.25,7.35,7.24,7.33,1209900,6.647169
2015-09-30,7.18,7.28,7.05,7.26,2707800,6.58369
2015-09-29,7.28,7.31,7.17,7.18,1556100,6.511142
2015-09-28,7.40,7.40,7.24,7.29,1660400,6.610895
2015-09-25,7.57,7.57,7.42,7.42,1404200,6.728785
2015-09-24,7.54,7.58,7.51,7.57,1002700,6.864812
2015-09-23,7.55,7.60,7.53,7.55,910300,6.846675
2015-09-22,7.56,7.60,7.51,7.53,1505600,6.828538
2015-09-21,7.52,7.60,7.52,7.58,2371400,6.87388
2015-09-18,7.51,7.62,7.47,7.51,6203700,6.810401
2015-09-17,7.73,7.89,7.63,7.80,2865900,6.837606
2015-09-16,7.68,7.76,7.64,7.72,2360200,6.767477
2015-09-15,7.66,7.70,7.56,7.68,2204700,6.732412
2015-09-14,7.75,7.75,7.59,7.65,1447600,6.706114
2015-09-11,7.56,7.73,7.56,7.72,900000,6.767477
2015-09-10,7.62,7.65,7.53,7.57,1046700,6.635985
2015-09-09,7.67,7.71,7.61,7.62,1322200,6.679815
2015-09-08,7.66,7.70,7.62,7.68,823300,6.732412
2015-09-04,7.68,7.74,7.58,7.63,1106100,6.688582
2015-09-03,7.75,7.81,7.70,7.73,1319800,6.776243
2015-09-02,7.85,7.86,7.73,7.75,1901500,6.793775
2015-09-01,7.75,7.85,7.72,7.81,2168100,6.846372
2015-08-31,7.79,7.85,7.76,7.81,1551300,6.846372
2015-08-28,7.83,7.87,7.75,7.80,1028000,6.837606
2015-08-27,7.72,7.86,7.69,7.82,1361200,6.855139
2015-08-26,7.67,7.73,7.64,7.69,2084600,6.741178
2015-08-25,7.69,7.70,7.56,7.60,1949600,6.662283
2015-08-24,7.50,7.81,7.38,7.56,2733900,6.627218
2015-08-21,7.80,7.96,7.73,7.75,1628200,6.793775
2015-08-20,7.88,7.99,7.85,7.90,1006500,6.925268
2015-08-19,7.87,7.92,7.80,7.90,653800,6.925268
2015-08-18,7.93,7.94,7.86,7.89,535300,6.916502
2015-08-17,7.87,7.95,7.85,7.94,707500,6.960333
2015-08-14,7.81,7.88,7.79,7.88,710500,6.907736
2015-08-13,7.86,7.90,7.81,7.83,907900,6.863905
2015-08-12,7.78,7.92,7.76,7.88,1155500,6.907736
2015-08-11,7.71,7.85,7.70,7.81,1134700,6.846372
2015-08-10,7.69,7.75,7.67,7.73,1948800,6.776243
2015-08-07,7.73,7.77,7.68,7.69,1128900,6.741178
2015-08-06,7.73,7.80,7.70,7.76,1282200,6.802542
2015-08-05,7.77,7.81,7.70,7.72,2022300,6.767477
2015-08-04,7.77,7.79,7.70,7.76,2070700,6.802542
2015-08-03,7.75,7.80,7.71,7.79,3139500,6.82884
2015-07-31,7.75,7.82,7.70,7.76,13
55100,6.802542
2015-07-30,7.68,7.74,7.62,7.73,1463100,6.776243
2015-07-29,7.66,7.72,7.60,7.69,1667200,6.741178
2015-07-28,7.53,7.69,7.53,7.67,1719100,6.723646
2015-07-27,7.36,7.58,7.36,7.54,1598600,6.609686
2015-07-24,7.47,7.59,7.36,7.39,2587600,6.478193
2015-07-23,7.50,7.59,7.35,7.55,4277100,6.618452
2015-07-22,7.80,7.83,7.70,7.72,1443300,6.767477
2015-07-21,7.82,7.87,7.77,7.77,996800,6.811308
2015-07-20,7.89,7.90,7.77,7.82,1172000,6.855139
2015-07-17,7.92,7.94,7.87,7.88,834900,6.907736
2015-07-16,7.96,8.02,7.90,7.92,1618000,6.9428
2015-07-15,7.90,7.97,7.85,7.94,2632600,6.960333
2015-07-14,7.93,7.98,7.86,7.87,1673200,6.898969
2015-07-13,7.99,8.02,7.90,7.93,1609600,6.951566
2015-07-10,8.00,8.08,7.97,8.02,1704800,7.030462
2015-07-09,8.19,8.19,8.00,8.00,1219800,7.012929
2015-07-08,8.12,8.18,8.08,8.14,1135200,7.135656
2015-07-07,8.07,8.16,8.03,8.14,1658100,7.135656
2015-07-06,7.80,7.92,7.79,7.90,1095900,6.925268
2015-07-02,7.80,7.91,7.78,7.82,1404100,6.855139
2015-07-01,7.73,7.79,7.59,7.77,2158200,6.811308
2015-06-30,7.78,7.83,7.73,7.73,1877100,6.776243
2015-06-29,7.86,7.94,7.75,7.75,1960600,6.793775
2015-06-26,8.15,8.16,7.84,7.87,4052600,6.898969
2015-06-25,8.23,8.23,8.15,8.16,1495700,7.153188
2015-06-24,8.30,8.30,8.24,8.24,1267000,7.223317
2015-06-23,8.30,8.31,8.22,8.30,2778200,7.275914
2015-06-22,8.41,8.44,8.28,8.31,1498900,7.284681
2015-06-19,8.34,8.43,8.31,8.41,3070300,7.372342
2015-06-18,8.29,8.35,8.27,8.33,2619400,7.302213
2015-06-17,8.59,8.64,8.50,8.56,3654200,7.258382
2015-06-16,8.63,8.71,8.61,8.70,1795700,7.377094
2015-06-15,8.66,8.66,8.57,8.63,1641300,7.317738
2015-06-12,8.68,8.74,8.58,8.64,1217400,7.326218
2015-06-11,8.57,8.72,8.54,8.68,2287700,7.360135
2015-06-10,8.54,8.58,8.52,8.53,1471000,7.232943
2015-06-09,8.59,8.64,8.53,8.54,1583000,7.241423
2015-06-08,8.67,8.67,8.61,8.62,1579900,7.309258
2015-06-05,8.71,8.77,8.31,8.65,2320800,7.334696
2015-06-04,8.75,8.80,8.73,8.77,1071300,7.43645
2015-06-03,8.86,8.89,8.75,8.77,2020900,7.43645
2015-06-02,8.91,8.92,8.82,8.86,2196000,7.512764
2015-06-01,8.99,9.03,8.92,8.95,1402200,7.589079
2015-05-29,8.92,9.00,8.91,8.95,1221100,7.589079
2015-05-28,8.94,8.94,8.88,8.91,958400,7.555161
2015-05-27,8.91,8.96,8.87,8.94,860800,7.580599
2015-05-26,8.99,8.99,8.90,8.91,679400,7.555161
2015-05-22,8.99,9.02,8.96,8.99,892300,7.622997
2015-05-21,8.96,8.98,8.93,8.98,740400,7.614517
2015-05-20,8.97,8.98,8.93,8.95,538400,7.589079
2015-05-19,8.91,8.97,8.89,8.95,788300,7.589079
2015-05-18,8.93,8.94,8.87,8.93,605600,7.572121
2015-05-15,8.91,8.96,8.88,8.94,874100,7.580599
2015-05-14,8.84,8.91,8.82,8.90,866900,7.546682
2015-05-13,8.84,8.87,8.80,8.80,876500,7.461888
2015-05-12,8.80,8.87,8.76,8.83,969600,7.487326
2015-05-11,8.86,8.89,8.82,8.83,1854700,7.487326
2015-05-08,8.86,8.94,8.84,8.88,1365100,7.529723
2015-05-07,8.76,8.81,8.73,8.79,1157400,7.453409
2015-05-06,8.87,8.89,8.75,8.75,1820800,7.419491
2015-05-05,8.93,8.95,8.82,8.86,1432700,7.512764
2015-05-04,8.92,8.94,8.90,8.92,904000,7.563641
2015-05-01,8.92,8.97,8.87,8.89,1392800,7.538203
2015-04-30,8.91,8.97,8.88,8.92,2226000,7.563641
2015-04-29,9.04,9.04,8.91,8.94,1
766200,7.580599
2015-04-28,9.19,9.19,9.07,9.07,2145200,7.690832
2015-04-27,9.13,9.19,9.12,9.19,1553400,7.792585
2015-04-24,9.13,9.16,9.11,9.15,869200,7.758667
2015-04-23,9.10,9.13,9.04,9.10,1422300,7.716271
2015-04-22,9.15,9.15,9.05,9.09,1330200,7.707791
2015-04-21,9.18,9.19,9.11,9.13,1246700,7.741709
2015-04-20,9.14,9.18,9.11,9.18,2234300,7.784106
2015-04-17,9.15,9.17,9.11,9.12,1125400,7.733229
2015-04-16,9.12,9.15,9.07,9.15,764500,7.758667
2015-04-15,9.14,9.15,9.10,9.12,1029900,7.733229
2015-04-14,9.10,9.14,9.05,9.12,977600,7.733229
2015-04-13,9.09,9.15,9.07,9.09,896800,7.707791
2015-04-10,9.06,9.12,9.05,9.08,1352400,7.699312
2015-04-09,9.06,9.08,9.00,9.02,579700,7.648436
2015-04-08,9.05,9.07,9.00,9.06,811000,7.682353
2015-04-07,9.07,9.10,9.01,9.04,824500,7.665394
2015-04-06,9.00,9.10,9.00,9.08,1258800,7.699312
2015-04-02,8.95,9.00,8.93,8.99,1499500,7.622997
2015-04-01,8.91,9.02,8.88,8.96,1139400,7.597559
2015-03-31,8.89,8.95,8.88,8.91,1399000,7.555161
2015-03-30,8.90,8.96,8.87,8.92,1244700,7.563641
2015-03-27,8.90,8.97,8.86,8.90,1709000,7.546682
2015-03-26,8.91,9.02,8.86,8.87,3136100,7.521244
2015-03-25,8.99,9.08,8.90,8.92,1439900,7.563641
2015-03-24,9.08,9.10,8.97,8.99,1310700,7.622997
2015-03-23,8.98,9.12,8.96,9.11,2687400,7.72475
2015-03-20,8.93,8.99,8.93,8.97,2999000,7.606038
2015-03-19,8.88,8.99,8.85,8.95,2721400,7.589079
2015-03-18,9.07,9.30,9.04,9.22,4516500,7.563641
2015-03-17,8.99,9.07,8.97,9.07,2051600,7.440588
2015-03-16,8.92,9.03,8.90,8.97,1469100,7.358554
2015-03-13,8.88,8.89,8.78,8.89,1603600,7.292925
2015-03-12,8.83,8.86,8.78,8.86,1493300,7.268314
2015-03-11,8.89,8.90,8.77,8.80,1955200,7.219094
2015-03-10,8.75,8.92,8.70,8.90,1944800,7.301128
2015-03-09,8.84,8.90,8.73,8.76,1813300,7.18628
2015-03-06,9.00,9.02,8.81,8.82,2701300,7.2355
2015-03-05,9.10,9.14,9.06,9.08,1772000,7.448792
2015-03-04,9.05,9.10,9.04,9.08,1315400,7.448792
2015-03-03,9.07,9.09,9.03,9.05,2378900,7.424182
2015-03-02,9.12,9.14,9.05,9.09,1655000,7.456996
2015-02-27,9.05,9.13,9.00,9.09,3505600,7.456996
2015-02-26,9.04,9.09,9.00,9.06,3185700,7.432385
2015-02-25,8.98,9.08,8.97,9.05,1994600,7.424182
2015-02-24,8.90,9.00,8.84,9.00,2169100,7.383164
2015-02-23,8.90,8.95,8.82,8.93,1751300,7.32574
2015-02-20,8.83,8.92,8.83,8.90,1746300,7.301128
2015-02-19,8.82,8.89,8.75,8.81,1602400,7.227297
2015-02-18,8.78,8.83,8.70,8.83,1742100,7.243704
2015-02-17,8.78,8.87,8.75,8.76,1431900,7.18628
2015-02-13,8.78,8.80,8.73,8.78,1245400,7.202686
2015-02-12,8.70,8.79,8.67,8.74,2090900,7.169872
2015-02-11,8.59,8.69,8.59,8.62,1139300,7.07143
2015-02-10,8.65,8.67,8.57,8.61,1620300,7.063226
2015-02-09,8.62,8.70,8.61,8.65,1352300,7.096041
2015-02-06,8.67,8.69,8.56,8.63,1750200,7.079634
2015-02-05,8.60,8.69,8.57,8.69,1373800,7.128855
2015-02-04,8.70,8.70,8.50,8.59,2220400,7.04682
2015-02-03,8.56,8.71,8.50,8.71,2527900,7.145262
2015-02-02,8.77,8.83,8.53,8.59,3305200,7.04682
2015-01-30,8.82,8.90,8.81,8.84,1436900,7.251908
2015-01-29,8.93,8.94,8.79,8.89,1412900,7.292925
2015-01-28,8.94,8.97,8.89,8.92,1197000,7.317536
2015-01-27,8.99,8.99,8.88,8.92,1952800,7.317536
2015-01-26,8.91,9.00,8.85,8.99,1623100,7.37496
2015-01-23,9.01,9.05,8.88,8.94,1914700,7.333942
2015-01-22,8.86,9.02,8.84,9.01,1610100,7.391368
2015-01-21,8.88,8.89,8.74,8.82,1717500,7.2355
2015-01-20,9.09,9.09,8.85,8.
89,1789700,7.292925
2015-01-16,9.05,9.08,8.97,9.06,2682900,7.432385
2015-01-15,8.93,9.07,8.87,9.04,2602800,7.415978
2015-01-14,8.70,8.91,8.67,8.90,3580100,7.301128
2015-01-13,8.81,8.83,8.71,8.76,1640500,7.18628
2015-01-12,8.85,8.86,8.75,8.82,1162000,7.2355
2015-01-09,8.85,8.88,8.80,8.87,1002900,7.276518
2015-01-08,8.91,8.91,8.80,8.86,996600,7.268314
2015-01-07,8.92,8.95,8.86,8.90,1102000,7.301128
2015-01-06,8.91,8.98,8.85,8.91,1285400,7.309332
2015-01-05,8.82,8.90,8.77,8.89,1379400,7.292925
2015-01-02,8.76,8.86,8.70,8.85,1218300,7.260111
2014-12-31,8.87,8.93,8.71,8.72,1354900,7.153466
2014-12-30,8.91,8.94,8.80,8.85,943500,7.260111
2014-12-29,8.85,8.97,8.83,8.91,1646100,7.309332
2014-12-26,8.72,8.85,8.72,8.85,673300,7.260111
2014-12-24,8.80,8.82,8.66,8.73,1333800,7.161669
2014-12-23,8.91,8.92,8.77,8.81,1547900,7.227297
2014-12-22,8.80,8.89,8.79,8.88,1245500,7.284722
2014-12-19,8.79,8.86,8.74,8.78,4762800,7.202686
2014-12-18,8.87,8.95,8.77,8.79,3696900,7.21089
2014-12-17,9.14,9.15,9.06,9.13,3213900,7.243704
2014-12-16,9.10,9.17,9.06,9.09,2417500,7.211968
2014-12-15,9.17,9.20,9.05,9.08,2154500,7.204034
2014-12-12,9.14,9.17,9.11,9.16,1369300,7.267506
2014-12-11,9.12,9.18,9.05,9.15,1471900,7.259571
2014-12-10,9.20,9.22,9.10,9.11,1622500,7.227836
2014-12-09,9.01,9.20,8.99,9.20,1850800,7.299241
2014-12-08,9.13,9.19,8.84,9.03,1566300,7.164364
2014-12-05,9.22,9.24,9.11,9.15,1417200,7.259571
2014-12-04,9.28,9.29,9.21,9.25,1015600,7.338911
2014-12-03,9.25,9.30,9.23,9.28,1263300,7.362713
2014-12-02,9.21,9.27,9.15,9.24,596600,7.330977
2014-12-01,9.24,9.27,9.17,9.21,1208300,7.307176
2014-11-28,9.25,9.29,9.22,9.23,875600,7.323043
2014-11-26,9.20,9.25,9.17,9.24,811300,7.330977
2014-11-25,9.19,9.20,9.15,9.18,1018400,7.283374
2014-11-24,9.13,9.17,9.08,9.17,1179200,7.27544
2014-11-21,9.19,9.20,9.10,9.11,1071700,7.227836
2014-11-20,9.11,9.17,9.07,9.16,792000,7.267506
2014-11-19,9.13,9.14,9.05,9.10,818700,7.219902
2014-11-18,9.12,9.16,9.06,9.14,800200,7.251638
2014-11-17,9.03,9.13,9.01,9.10,1094500,7.219902
2014-11-14,9.04,9.09,9.01,9.05,967100,7.180232
2014-11-13,9.04,9.08,8.99,9.05,1518300,7.180232
2014-11-12,9.04,9.04,8.96,9.02,753500,7.156431
2014-11-11,8.99,9.06,8.94,9.02,1622900,7.156431
2014-11-10,9.00,9.04,8.94,9.00,1834700,7.140562
2014-11-07,8.87,9.01,8.86,9.00,1842800,7.140562
2014-11-06,8.89,8.93,8.85,8.87,1276100,7.037421
2014-11-05,8.96,8.96,8.85,8.91,1055900,7.069157
2014-11-04,8.96,8.99,8.85,8.93,891100,7.085025
2014-11-03,8.94,9.02,8.90,8.95,1343100,7.100892
2014-10-31,8.98,8.99,8.89,8.93,2450800,7.085025
2014-10-30,8.87,8.95,8.84,8.95,1674900,7.100892
2014-10-29,9.06,9.06,8.79,8.87,2486300,7.037421
2014-10-28,9.00,9.04,8.95,9.03,1625500,7.164364
2014-10-27,8.94,8.99,8.90,8.99,832900,7.132628
2014-10-24,8.95,8.95,8.87,8.94,1183300,7.092958
2014-10-23,8.93,8.99,8.91,8.95,1170100,7.100892
2014-10-22,8.98,9.04,8.90,8.92,1622500,7.077091
2014-10-21,8.86,9.00,8.82,8.96,1872600,7.108827
2014-10-20,8.87,8.94,8.86,8.94,1949000,7.092958
2014-10-17,8.91,8.95,8.82,8.87,1473300,7.037421
2014-10-16,8.83,8.91,8.70,8.85,2820100,7.021553
2014-10-15,8.91,9.10,8.80,8.87,4296800,7.037421
2014-10-14,8.93,8.96,8.85,8.93,2382100,7.085025
2014-10-13,8.73,8.94,8.71,8.89,2413700,7.053289
2014-10-10,8.73,8.83,8.69,8.70,1869200,6.902543
2014-10-09,8.77,8.89,8.73,8.74,2565200,6.934279
2014-10-08,8.49,8.77,8.48,8.77,3031900,6.958
082
2014-10-07,8.39,8.54,8.36,8.50,2171700,6.743864
2014-10-06,8.32,8.44,8.32,8.39,1142500,6.656591
2014-10-03,8.35,8.37,8.31,8.34,895600,6.616921
2014-10-02,8.40,8.46,8.31,8.35,1559100,6.624855
2014-10-01,8.27,8.45,8.25,8.43,2647500,6.688327
2014-09-30,8.43,8.43,8.24,8.24,2154400,6.537581
2014-09-29,8.46,8.46,8.35,8.42,2148500,6.680393
2014-09-26,8.51,8.51,8.42,8.46,1901500,6.712129
2014-09-25,8.53,8.57,8.49,8.52,2512800,6.759733
2014-09-24,8.47,8.57,8.46,8.54,2221000,6.7756
2014-09-23,8.55,8.56,8.45,8.46,3096400,6.712129
2014-09-22,8.72,8.76,8.53,8.54,4481900,6.7756
2014-09-19,9.00,9.03,8.93,9.00,5827500,6.902544
2014-09-18,9.07,9.10,8.90,8.96,2670700,6.871866
2014-09-17,9.09,9.12,9.04,9.06,1497000,6.948561
2014-09-16,9.04,9.10,8.98,9.06,1554300,6.948561
2014-09-15,9.10,9.12,9.01,9.04,2091200,6.933222
2014-09-12,9.25,9.25,9.06,9.07,4071300,6.95623
2014-09-11,9.15,9.29,9.14,9.27,2788100,7.10962
2014-09-10,9.17,9.19,9.06,9.12,3454400,6.994577
2014-09-09,9.37,9.40,9.27,9.28,1606300,7.117289
2014-09-08,9.37,9.39,9.31,9.37,1247500,7.186315
2014-09-05,9.23,9.38,9.22,9.36,1467000,7.178645
2014-09-04,9.33,9.34,9.22,9.23,1832900,7.078942
2014-09-03,9.35,9.40,9.34,9.34,2192400,7.163307
2014-09-02,9.44,9.44,9.36,9.39,1569800,7.201654
2014-08-29,9.36,9.43,9.32,9.43,1795700,7.232332
2014-08-28,9.34,9.39,9.33,9.34,1516800,7.163307
2014-08-27,9.35,9.35,9.32,9.34,856800,7.163307
2014-08-26,9.35,9.35,9.30,9.34,1451900,7.163307
2014-08-25,9.31,9.35,9.28,9.34,1508400,7.163307
2014-08-22,9.32,9.34,9.25,9.28,1136200,7.117289
2014-08-21,9.30,9.35,9.29,9.31,1625200,7.140298
2014-08-20,9.28,9.32,9.23,9.29,1568700,7.124959
2014-08-19,9.28,9.37,9.27,9.28,3052300,7.117289
2014-08-18,9.28,9.28,9.21,9.27,1566900,7.10962
2014-08-15,9.26,9.29,9.23,9.24,2395100,7.086611
2014-08-14,9.20,9.24,9.18,9.24,965900,7.086611
2014-08-13,9.19,9.23,9.16,9.19,1505600,7.048264
2014-08-12,9.18,9.20,9.15,9.18,1278900,7.040595
2014-08-11,9.18,9.20,9.14,9.18,1693100,7.040595
2014-08-08,9.15,9.19,9.11,9.15,1975800,7.017586
2014-08-07,9.10,9.18,9.08,9.15,1768700,7.017586
2014-08-06,9.02,9.10,9.02,9.08,920500,6.9639
2014-08-05,9.01,9.04,8.94,9.02,1407800,6.917883
2014-08-04,8.91,9.02,8.91,9.01,1585900,6.910213
2014-08-01,8.90,9.01,8.90,8.94,1946700,6.856526
2014-07-31,8.89,8.96,8.79,8.88,2388800,6.81051
2014-07-30,9.10,9.11,8.90,8.94,2230700,6.856526
2014-07-29,9.15,9.17,9.11,9.11,1433400,6.986908
2014-07-28,9.11,9.18,9.10,9.11,2511900,6.986908
2014-07-25,9.09,9.14,9.06,9.10,2225900,6.979239
2014-07-24,9.14,9.16,9.06,9.09,2893500,6.971569
2014-07-23,9.16,9.19,9.12,9.13,2523600,7.002247
2014-07-22,9.19,9.22,9.09,9.09,3930300,6.971569
2014-07-21,8.96,9.03,8.90,9.00,1745500,6.902544
2014-07-18,8.82,8.99,8.82,8.96,2837100,6.871866
2014-07-17,8.84,8.87,8.78,8.83,3164500,6.772162
2014-07-16,8.80,8.84,8.75,8.81,1287300,6.756824
2014-07-15,8.81,8.83,8.71,8.77,1317600,6.726146
2014-07-14,8.78,8.87,8.75,8.79,950500,6.741484
2014-07-11,8.75,8.80,8.73,8.79,1658300,6.741484
2014-07-10,8.78,8.86,8.74,8.75,1033600,6.710806
2014-07-09,8.77,8.80,8.68,8.78,1121200,6.733815
2014-07-08,8.69,8.79,8.67,8.77,1480300,6.726146
2014-07-07,8.70,8.70,8.62,8.66,1525600,6.641781
2014-07-03,8.71,8.72,8.62,8.71,1009000,6.680128
2014-07-02,8.82,8.86,8.66,8.74,350
3800,6.703137
2014-07-01,9.00,9.00,8.83,8.84,2199900,6.779832
2014-06-30,8.84,9.05,8.84,9.02,3253700,6.917883
2014-06-27,8.83,8.90,8.82,8.85,1860900,6.787502
2014-06-26,8.79,8.86,8.79,8.84,1675700,6.779832
2014-06-25,8.81,8.87,8.77,8.81,1975900,6.756824
2014-06-24,8.85,8.89,8.80,8.83,2046500,6.772162
2014-06-23,8.85,8.89,8.81,8.83,2099000,6.772162
2014-06-20,8.87,8.90,8.77,8.82,4723400,6.764493
2014-06-19,9.17,9.18,9.11,9.16,3257800,6.779832
2014-06-18,9.12,9.16,9.07,9.11,2663400,6.742824
2014-06-17,9.20,9.25,9.07,9.08,2607000,6.72062
2014-06-16,9.25,9.26,9.19,9.21,2419500,6.81684
2014-06-13,9.19,9.25,9.13,9.19,2050100,6.802037
2014-06-12,9.15,9.22,9.12,9.20,1866700,6.809438
2014-06-11,9.12,9.19,9.08,9.14,2020900,6.765029
2014-06-10,9.20,9.23,9.10,9.11,1704900,6.742824
2014-06-09,9.13,9.20,9.08,9.18,3600600,6.794636
2014-06-06,9.13,9.21,9.11,9.12,2313100,6.750226
2014-06-05,9.07,9.11,9.05,9.09,1987100,6.728021
2014-06-04,9.10,9.11,9.01,9.05,1569000,6.698415
2014-06-03,9.17,9.17,9.06,9.10,2064900,6.735423
2014-06-02,9.30,9.30,9.16,9.16,2700600,6.779832
2014-05-30,9.14,9.25,9.11,9.24,2154200,6.839045
2014-05-29,9.21,9.30,9.13,9.13,2200100,6.757628
2014-05-28,9.20,9.27,9.17,9.18,2535800,6.794636
2014-05-27,9.04,9.20,9.03,9.18,2635500,6.794636
2014-05-23,8.95,9.05,8.94,9.04,1121300,6.691013
2014-05-22,8.90,8.98,8.89,8.93,1700400,6.609596
2014-05-21,8.92,8.93,8.85,8.90,1263800,6.587391
2014-05-20,8.96,8.98,8.87,8.93,1548500,6.609596
2014-05-19,8.91,8.98,8.86,8.97,1116400,6.639203
2014-05-16,8.83,8.93,8.80,8.91,2374100,6.594793
2014-05-15,8.72,8.87,8.71,8.86,2373100,6.557785
2014-05-14,8.67,8.75,8.66,8.73,1491400,6.461565
2014-05-13,8.67,8.74,8.61,8.64,1797000,6.394951
2014-05-12,8.68,8.71,8.63,8.67,1534300,6.417156
2014-05-09,8.64,8.75,8.63,8.67,1520000,6.417156
2014-05-08,8.67,8.73,8.61,8.67,1959300,6.417156
2014-05-07,8.63,8.76,8.61,8.72,3132700,6.454164
2014-05-06,8.61,8.64,8.55,8.62,1544900,6.380148
2014-05-05,8.66,8.69,8.59,8.61,1291700,6.372746
2014-05-02,8.57,8.69,8.54,8.68,3639100,6.424557
2014-05-01,8.62,8.62,8.54,8.61,2796800,6.372746
2014-04-30,8.43,8.62,8.42,8.60,2057000,6.365345
2014-04-29,8.51,8.52,8.40,8.45,2075300,6.254321
2014-04-28,8.58,8.64,8.46,8.51,2738000,6.298731
2014-04-25,8.64,8.71,8.56,8.59,3497200,6.357943
2014-04-24,8.65,8.70,8.57,8.63,1605900,6.387549
2014-04-23,8.66,8.72,8.63,8.64,3006600,6.394951
2014-04-22,8.77,8.82,8.63,8.63,5704500,6.387549
2014-04-21,8.73,8.87,8.72,8.73,2746100,6.461565
2014-04-17,8.77,8.82,8.66,8.72,2545600,6.454164
2014-04-16,8.83,8.84,8.77,8.79,1565100,6.505974
2014-04-15,8.77,8.85,8.75,8.83,2469200,6.535581
2014-04-14,8.78,8.85,8.72,8.78,2231900,6.498573
2014-04-11,8.65,8.87,8.64,8.77,3503300,6.491172
2014-04-10,8.62,8.78,8.62,8.70,2281100,6.43936
2014-04-09,8.58,8.65,8.53,8.62,2022800,6.380148
2014-04-08,8.56,8.65,8.55,8.61,2257300,6.372746
2014-04-07,8.38,8.58,8.38,8.54,2246000,6.320935
2014-04-04,8.34,8.49,8.33,8.36,2342100,6.187707
2014-04-03,8.30,8.35,8.26,8.30,1429600,6.143298
2014-04-02,8.30,8.34,8.23,8.31,2087500,6.1507
2014-04-01,8.26,8.32,8.19,8.30,1948500,6.143298
2014-03-31,8.24,8.30,8.18,8.26,1922700,6.113692
2014-03-28,8.22,8.30,8.19,8.24,1309000,6.098888
2014-03-27,8.11,8.29,8.10,8.22,2787500,6.084085
2014-03-26,8.30,8.32,8.10,8.
13,2931700,6.017471
2014-03-25,8.27,8.32,8.24,8.30,3993500,6.143298
2014-03-24,8.33,8.34,8.24,8.26,3171800,6.113692
2014-03-21,8.27,8.39,8.25,8.36,3730600,6.187707
2014-03-20,8.58,8.64,8.45,8.54,4853900,6.084085
2014-03-19,8.83,8.94,8.48,8.56,7021100,6.098334
2014-03-18,8.81,8.89,8.75,8.83,2757300,6.290687
2014-03-17,8.91,8.94,8.81,8.83,1993600,6.290687
2014-03-14,8.93,9.06,8.87,8.92,3027800,6.354805
2014-03-13,8.75,8.93,8.75,8.91,4705900,6.347681
2014-03-12,8.57,8.75,8.54,8.75,2208100,6.233694
2014-03-11,8.61,8.63,8.52,8.54,1638200,6.084085
2014-03-10,8.50,8.59,8.47,8.57,2633300,6.105457
2014-03-07,8.71,8.71,8.45,8.47,4977000,6.034216
2014-03-06,8.86,8.91,8.78,8.78,2785600,6.255066
2014-03-05,8.89,8.91,8.85,8.87,2053000,6.319184
2014-03-04,8.87,8.89,8.77,8.86,3427500,6.31206
2014-03-03,8.82,8.90,8.81,8.86,2635500,6.31206
2014-02-28,8.83,8.87,8.74,8.80,3196400,6.269315
2014-02-27,8.88,8.88,8.76,8.81,1812500,6.276439
2014-02-26,8.70,8.85,8.69,8.84,2314900,6.297812
2014-02-25,8.68,8.74,8.63,8.69,2143100,6.190948
2014-02-24,8.65,8.70,8.60,8.65,1812700,6.162451
2014-02-21,8.62,8.72,8.59,8.62,2238800,6.141079
2014-02-20,8.68,8.77,8.61,8.66,1600500,6.169576
2014-02-19,8.80,8.93,8.68,8.69,2796100,6.190948
2014-02-18,8.57,8.81,8.53,8.81,2566900,6.276439
2014-02-14,8.60,8.65,8.53,8.59,1747500,6.119706
2014-02-13,8.39,8.61,8.38,8.59,2693800,6.119706
2014-02-12,8.42,8.47,8.36,8.39,2131600,5.977222
2014-02-11,8.46,8.54,8.28,8.44,5091900,6.012842
2014-02-10,8.35,8.40,8.25,8.38,2732500,5.970098
2014-02-07,8.31,8.39,8.29,8.34,2815700,5.941601
2014-02-06,8.36,8.40,8.12,8.25,5946800,5.877483
2014-02-05,8.20,8.36,8.18,8.31,3762300,5.920228
2014-02-04,8.13,8.34,8.10,8.22,5298500,5.85611
2014-02-03,7.94,8.11,7.87,8.10,5951600,5.77062
2014-01-31,7.86,8.04,7.84,7.92,3119000,5.642383
2014-01-30,7.84,7.91,7.77,7.88,2767400,5.613886
2014-01-29,7.80,7.91,7.72,7.84,2103800,5.58539
2014-01-28,7.82,7.90,7.76,7.83,2279500,5.578265
2014-01-27,7.94,7.96,7.72,7.83,1776500,5.578265
2014-01-24,7.89,7.98,7.88,7.94,2299300,5.656632
2014-01-23,7.68,7.94,7.68,7.89,3453600,5.621011
2014-01-22,7.65,7.70,7.62,7.65,1694200,5.450029
2014-01-21,7.62,7.72,7.61,7.66,1774600,5.457153
2014-01-17,7.60,7.64,7.54,7.60,2794600,5.414408
2014-01-16,7.62,7.68,7.57,7.58,1946600,5.40016
2014-01-15,7.65,7.68,7.62,7.63,1570500,5.435781
2014-01-14,7.84,7.84,7.62,7.66,2023900,5.457153
2014-01-13,7.68,7.86,7.66,7.85,2616600,5.592514
2014-01-10,7.58,7.72,7.56,7.70,3050000,5.48565
2014-01-09,7.65,7.68,7.52,7.54,2079200,5.371663
2014-01-08,7.70,7.70,7.56,7.62,3188100,5.428657
2014-01-07,7.73,7.80,7.67,7.74,3916600,5.514147
2014-01-06,7.67,7.80,7.66,7.73,2326000,5.507023
2014-01-03,7.58,7.72,7.53,7.66,2297800,5.457153
2014-01-02,7.42,7.60,7.40,7.57,3085800,5.393036
2013-12-31,7.32,7.49,7.32,7.41,2973000,5.279048
2013-12-30,7.41,7.47,7.33,7.35,3460600,5.236303
2013-12-27,7.58,7.59,7.41,7.43,2600200,5.293296
2013-12-26,7.61,7.64,7.52,7.54,2362400,5.371663
2013-12-24,7.63,7.70,7.60,7.60,1187700,5.414408
2013-12-23,7.44,7.73,7.42,7.69,6091800,5.478526
2013-12-20,7.31
,7.50,7.29,7.47,5760300,5.321793
2013-12-19,7.42,7.42,7.25,7.27,3069200,5.179309
2013-12-18,7.36,7.52,7.21,7.46,3588900,5.314669
2013-12-17,7.20,7.37,7.20,7.37,2429100,5.250551
2013-12-16,7.34,7.36,7.22,7.25,3561400,5.16506
2013-12-13,7.30,7.40,7.30,7.33,2827300,5.222054
2013-12-12,7.62,7.69,7.51,7.63,3597900,5.207806
2013-12-11,7.79,7.79,7.59,7.65,3365000,5.221457
2013-12-10,7.72,7.91,7.72,7.80,2407200,5.323838
2013-12-09,7.49,7.68,7.46,7.65,3599900,5.221457
2013-12-06,7.52,7.58,7.35,7.44,3179500,5.078122
2013-12-05,7.48,7.52,7.43,7.50,3159600,5.119075
2013-12-04,7.63,7.63,7.45,7.52,4867500,5.132726
2013-12-03,7.81,7.84,7.67,7.74,3184500,5.282885
2013-12-02,8.00,8.00,7.80,7.81,2324200,5.330663
2013-11-29,8.03,8.07,8.00,8.00,911100,5.460347
2013-11-27,7.99,8.05,7.98,8.01,2494300,5.467172
2013-11-26,8.12,8.17,7.98,7.99,2119800,5.453521
2013-11-25,8.02,8.22,8.02,8.14,2435700,5.555903
2013-11-22,7.98,8.06,7.93,8.04,2961000,5.487648
2013-11-21,8.03,8.07,7.95,7.99,2716200,5.453521
2013-11-20,8.08,8.14,7.97,8.03,2660700,5.480823
2013-11-19,8.17,8.25,8.03,8.06,1907300,5.5013
2013-11-18,8.28,8.32,8.18,8.19,2027200,5.59003
2013-11-15,8.33,8.43,8.27,8.27,1678500,5.644634
2013-11-14,8.20,8.40,8.17,8.35,2609600,5.699237
2013-11-13,8.01,8.19,8.01,8.18,4480500,5.583205
2013-11-12,7.95,8.05,7.93,8.05,2773900,5.494474
2013-11-11,8.01,8.05,7.94,7.99,2450800,5.453521
2013-11-08,8.32,8.35,7.93,8.03,5221400,5.480823
2013-11-07,8.37,8.46,8.32,8.44,2059200,5.760665
2013-11-06,8.33,8.44,8.32,8.36,2856300,5.706062
2013-11-05,8.46,8.51,8.28,8.30,5592200,5.66511
2013-11-04,8.52,8.58,8.44,8.49,3534200,5.794793
2013-11-01,8.47,8.55,8.42,8.53,2300700,5.822094
2013-10-31,8.52,8.58,8.46,8.49,2163300,5.794793
2013-10-30,8.53,8.64,8.45,8.53,2693800,5.822094
2013-10-29,8.64,8.64,8.38,8.49,4567800,5.794793
2013-10-28,8.77,8.80,8.66,8.72,2379800,5.951778
2013-10-25,8.77,8.83,8.69,8.76,3917500,5.97908
2013-10-24,8.80,8.84,8.66,8.68,3472700,5.924476
2013-10-23,8.82,8.88,8.72,8.73,3261100,5.958603
2013-10-22,8.59,8.88,8.59,8.85,5753900,6.040509
2013-10-21,8.53,8.60,8.50,8.54,9328800,5.82892
2013-10-18,8.55,8.56,8.44,8.49,4734100,5.794793
2013-10-17,8.46,8.58,8.31,8.45,7149500,5.767491
2013-10-16,8.19,8.35,8.13,8.27,3715400,5.644634
2013-10-15,8.04,8.17,8.02,8.15,3503800,5.562728
2013-10-14,8.18,8.23,8.02,8.07,3326100,5.508125
2013-10-11,8.22,8.25,8.15,8.23,3392500,5.617331
2013-10-10,8.21,8.22,8.08,8.14,2814600,5.555903
2013-10-09,8.05,8.20,8.02,8.11,3978000,5.535426
2013-10-08,8.19,8.24,8.01,8.06,3027500,5.5013
2013-10-07,8.13,8.29,8.11,8.21,2887100,5.603681
2013-10-04,8.14,8.23,8.06,8.15,3936200,5.562728
2013-10-03,8.24,8.28,8.12,8.17,1692600,5.576379
2013-10-02,8.16,8.37,8.15,8.27,2412100,5.644634
2013-10-01,8.10,8.24,8.05,8.23,3882100,5.617331
2013-09-30,8.01,8.15,8.00,8.13,2129000,5.549077
2013-09-27,8.10,8.17,8.01,8.08,2146300,5.51495
2013-09-26,8.20,8.24,8.03,8.10,2913100,5.528601
2013-09-25,8.12,8.22,8.06,8.22,2502300,5.610506
2013-09-24,8.01,8.14,7.98,8.10,3999500,5.528601
2013-09-23,7.95,8.11,7.91,8.00,3292900,5.460347
2013-09-20,8.04,8.06,7.90,7.95,5
070000,5.426219
2013-09-19,8.62,8.83,8.31,8.43,7605000,5.521776
2013-09-18,8.07,8.61,8.05,8.52,6785800,5.580728
2013-09-17,8.12,8.23,8.04,8.08,2248500,5.292521
2013-09-16,8.15,8.31,8.05,8.10,2797200,5.305621
2013-09-13,7.99,8.13,7.92,8.03,4379300,5.25977
2013-09-12,8.00,8.10,7.93,7.94,4468500,5.200819
2013-09-11,7.77,8.00,7.75,7.95,4529200,5.207369
2013-09-10,7.91,8.02,7.74,7.76,3339200,5.082916
2013-09-09,7.69,7.80,7.66,7.75,2005500,5.076366
2013-09-06,7.71,7.81,7.62,7.65,3254600,5.010864
2013-09-05,7.71,7.73,7.47,7.48,4248800,4.899512
2013-09-04,7.51,7.78,7.50,7.71,2578000,5.050165
2013-09-03,7.70,7.73,7.43,7.53,4633000,4.932263
2013-08-30,7.83,7.95,7.67,7.68,2015500,5.030515
2013-08-29,7.76,7.88,7.67,7.86,1420100,5.148417
2013-08-28,7.78,7.83,7.69,7.77,2870000,5.089466
2013-08-27,7.47,7.83,7.47,7.81,2910300,5.115667
2013-08-26,7.61,7.65,7.47,7.51,2151900,4.919162
2013-08-23,6.97,7.62,6.96,7.58,6322700,4.965013
2013-08-22,6.90,6.94,6.80,6.91,2140800,4.526153
2013-08-21,6.90,6.95,6.74,6.87,4079000,4.499953
2013-08-20,6.85,7.04,6.77,6.97,8388600,4.565454
2013-08-19,7.40,7.43,6.82,6.85,9228100,4.486852
2013-08-16,7.77,7.88,7.39,7.43,4580300,4.866761
2013-08-15,7.94,7.96,7.75,7.81,3876000,5.115667
2013-08-14,7.96,8.12,7.96,8.11,1814100,5.312171
2013-08-13,8.05,8.19,7.96,7.98,3838200,5.227019
2013-08-12,7.91,8.18,7.90,8.17,4017000,5.351472
2013-08-09,7.92,7.96,7.82,7.91,1048600,5.181168
2013-08-08,7.81,7.98,7.81,7.92,1468600,5.187718
2013-08-07,7.74,7.83,7.66,7.80,2012400,5.109117
2013-08-06,7.80,7.88,7.69,7.74,1830100,5.069815
2013-08-05,7.92,7.94,7.75,7.82,3446000,5.122217
2013-08-02,7.97,8.09,7.94,7.95,3571700,5.207369
2013-08-01,8.34,8.35,7.93,7.95,4340200,5.207369
2013-07-31,8.42,8.46,8.09,8.30,2736800,5.436624
2013-07-30,8.44,8.61,8.44,8.47,2314700,5.547977
2013-07-29,8.37,8.43,8.35,8.38,1437100,5.489025
2013-07-26,8.33,8.45,8.30,8.40,1456800,5.502125
2013-07-25,8.35,8.45,8.28,8.35,2110600,5.469375
2013-07-24,8.64,8.65,8.34,8.39,2310700,5.495576
2013-07-23,8.69,8.76,8.63,8.66,1871800,5.672429
2013-07-22,8.75,8.89,8.70,8.72,2626300,5.71173
2013-07-19,8.72,8.80,8.61,8.76,4202900,5.737931
2013-07-18,8.90,8.93,8.50,8.75,6512600,5.731381
2013-07-17,8.83,8.99,8.76,8.89,3545900,5.823083
2013-07-16,8.74,8.78,8.63,8.71,2466900,5.70518
2013-07-15,8.65,8.75,8.64,8.74,2092200,5.72483
2013-07-12,8.78,8.82,8.66,8.67,2581600,5.67898
2013-07-11,8.31,8.77,8.31,8.73,4055400,5.71828
2013-07-10,8.31,8.36,8.20,8.27,3002200,5.416974
2013-07-09,8.38,8.49,8.29,8.34,3010500,5.462825
2013-07-08,8.28,8.51,8.28,8.38,3260100,5.489025
2013-07-05,8.96,8.96,8.09,8.36,7726100,5.475925
2013-07-03,9.04,9.04,8.91,8.96,1182900,5.868934
2013-07-02,9.17,9.26,9.02,9.07,1588900,5.940985
2013-07-01,9.26,9.33,9.17,9.18,1728200,6.013037
2013-06-28,9.25,9.27,9.10,9.21,3041200,6.032688
2013-06-27,9.12,9.29,9.10,9.25,2060300,6.058888
2013-06-26,9.06,9.14,8.94,9.06,3492100,5.934436
2013-06-25,9.00,9.09,8.86,9.00,2833500,5.895134
2013-06-24,9.22,9.23,8.81,8.
95,5647800,5.862384
2013-06-21,9.66,9.76,9.32,9.34,6414800,6.11784
2013-06-20,10.10,10.16,9.88,9.96,6286800,6.301243
2013-06-19,10.58,10.70,10.12,10.24,5258600,6.478387
2013-06-18,10.35,10.55,10.15,10.49,3440800,6.63655
2013-06-17,10.62,10.65,10.28,10.33,4076900,6.535326
2013-06-14,10.67,10.87,10.52,10.54,2954000,6.668183
2013-06-13,9.86,10.69,9.82,10.65,4453500,6.737775
2013-06-12,10.02,10.08,9.85,9.91,3682400,6.269611
2013-06-11,10.31,10.34,9.90,10.02,7461700,6.339203
2013-06-10,10.39,10.44,10.21,10.23,1877800,6.47206
2013-06-07,10.70,10.74,10.32,10.44,1732600,6.604918
2013-06-06,10.44,10.69,10.42,10.68,1719600,6.756755
2013-06-05,10.54,10.61,10.44,10.47,2687600,6.623898
2013-06-04,10.34,10.63,10.34,10.53,4794000,6.661857
2013-06-03,10.28,10.40,10.01,10.33,5338200,6.535326
2013-05-31,10.66,10.75,10.27,10.28,3599800,6.503693
2013-05-30,10.77,10.86,10.67,10.70,2859100,6.769408
2013-05-29,10.67,10.80,10.15,10.71,7298000,6.775735
2013-05-28,11.47,11.55,10.40,10.79,7151000,6.826347
2013-05-24,11.43,11.47,11.36,11.44,1264400,7.237573
2013-05-23,11.46,11.50,11.19,11.49,2360600,7.269205
2013-05-22,11.65,11.85,11.41,11.54,3216100,7.300838
2013-05-21,11.79,11.82,11.64,11.65,2006900,7.37043
2013-05-20,11.85,11.91,11.79,11.80,1444300,7.465329
2013-05-17,11.90,11.91,11.79,11.88,1919800,7.515941
2013-05-16,11.69,11.86,11.69,11.80,3793900,7.465329
2013-05-15,11.68,11.69,11.49,11.66,3152900,7.376757
2013-05-14,11.75,11.86,11.69,11.70,2180500,7.402063
2013-05-13,11.95,11.95,11.69,11.76,2775000,7.440023
2013-05-10,12.06,12.09,11.85,11.93,2397900,7.547574
2013-05-09,12.13,12.15,12.01,12.03,1867600,7.610839
2013-05-08,12.05,12.17,12.00,12.11,2770600,7.661451
2013-05-07,11.97,12.04,11.95,12.03,2401600,7.610839
2013-05-06,11.88,12.02,11.84,11.91,2481800,7.534921
2013-05-03,12.14,12.22,12.00,12.01,2460000,7.598186
2013-05-02,12.19,12.32,12.12,12.19,2581800,7.712064
2013-05-01,12.44,12.50,12.16,12.19,2760800,7.712064
2013-04-30,12.30,12.44,12.29,12.43,1566700,7.863901
2013-04-29,12.17,12.33,12.16,12.32,1686600,7.794309
2013-04-26,12.24,12.24,12.07,12.15,1955400,7.686758
2013-04-25,12.35,12.40,12.20,12.23,1933400,7.73737
2013-04-24,12.29,12.34,12.22,12.26,1887600,7.75635
2013-04-23,12.21,12.27,12.17,12.27,1696000,7.762677
2013-04-22,12.16,12.25,12.10,12.17,2170700,7.699411
2013-04-19,12.14,12.25,12.08,12.18,3005300,7.705738
2013-04-18,11.95,12.18,11.90,12.16,4031200,7.693084
2013-04-17,12.11,12.11,11.81,11.88,3561100,7.515941
2013-04-16,11.97,12.10,11.92,12.09,2226800,7.648799
2013-04-15,12.16,12.20,11.92,11.92,2162300,7.541247
2013-04-12,12.23,12.29,12.14,12.20,1341100,7.71839
2013-04-11,12.28,12.33,12.23,12.25,1695600,7.750023
2013-04-10,12.21,12.29,12.17,12.27,3409400,7.762677
2013-04-09,12.00,12.14,11.97,12.11,5342400,7.661451
2013-04-08,11.84,11.94,11.80,11.94,1541900,7.5539
2013-04-05,11.66,11.83,11.63,11.82,2010000,7.477981
2013-04-0
4,11.67,11.80,11.60,11.78,2597400,7.452675
2013-04-03,11.60,11.70,11.56,11.64,2200700,7.364104
2013-04-02,11.75,11.80,11.57,11.58,1856500,7.326144
2013-04-01,11.74,11.80,11.66,11.73,1449900,7.421042
2013-03-28,11.79,11.84,11.72,11.74,1863900,7.427369
2013-03-27,11.66,11.79,11.66,11.77,1801800,7.446349
2013-03-26,11.73,11.73,11.61,11.71,2597700,7.40839
2013-03-25,11.78,11.82,11.64,11.66,2335200,7.376757
2013-03-22,11.62,11.77,11.58,11.76,4373200,7.440023
2013-03-21,11.65,11.79,11.62,11.63,2677500,7.357777
2013-03-20,12.03,12.05,11.90,11.96,3669700,7.364104
2013-03-19,12.18,12.18,11.93,11.99,2768600,7.382575
2013-03-18,12.07,12.19,12.03,12.15,2069200,7.481092
2013-03-15,12.19,12.21,12.11,12.11,3740800,7.456463
2013-03-14,12.16,12.25,12.15,12.18,2903300,7.499564
2013-03-13,12.20,12.20,12.10,12.18,2409900,7.499564
2013-03-12,11.99,12.18,11.98,12.18,1933000,7.499564
2013-03-11,11.84,12.07,11.81,12.00,3849700,7.388733
2013-03-08,12.01,12.04,11.92,12.00,2382400,7.388733
2013-03-07,11.83,11.97,11.81,11.94,2683100,7.351789
2013-03-06,11.87,11.88,11.76,11.81,3173900,7.271745
2013-03-05,11.92,11.96,11.74,11.86,4328800,7.302531
2013-03-04,11.81,11.96,11.80,11.88,4171100,7.314845
2013-03-01,11.84,11.90,11.79,11.80,2663600,7.265587
2013-02-28,11.75,11.90,11.71,11.86,2737600,7.302531
2013-02-27,11.78,11.85,11.75,11.77,3132200,7.247116
2013-02-26,11.93,11.94,11.72,11.77,4951100,7.247116
2013-02-25,12.01,12.15,11.82,11.82,2312300,7.277901
2013-02-22,11.98,12.09,11.96,11.99,2357700,7.382575
2013-02-21,12.01,12.10,11.77,12.10,3986800,7.450306
2013-02-20,12.22,12.26,12.05,12.05,2228200,7.419519
2013-02-19,12.21,12.36,12.14,12.18,2602800,7.499564
2013-02-15,12.22,12.30,12.18,12.18,1496600,7.499564
2013-02-14,12.34,12.34,12.21,12.25,1681800,7.542665
2013-02-13,12.22,12.35,12.16,12.35,2173300,7.604238
2013-02-12,12.13,12.20,12.11,12.19,1934800,7.505721
2013-02-11,12.17,12.20,12.05,12.10,3613300,7.450306
2013-02-08,12.14,12.23,12.11,12.19,3959600,7.505721
2013-02-07,12.54,12.59,12.26,12.29,6755900,7.567294
2013-02-06,12.95,13.03,12.92,12.98,1470100,7.992146
2013-02-05,12.90,12.99,12.87,12.95,1605700,7.973674
2013-02-04,12.98,13.03,12.87,12.91,1490500,7.949045
2013-02-01,13.03,13.08,12.98,12.99,1428800,7.998303
2013-01-31,12.92,13.06,12.87,13.00,1458600,8.00446
2013-01-30,12.91,12.98,12.89,12.95,1251100,7.973674
2013-01-29,12.94,12.98,12.89,12.93,1473400,7.96136
2013-01-28,12.88,12.93,12.83,12.91,1381400,7.949045
2013-01-25,12.88,12.89,12.80,12.84,2354400,7.905944
2013-01-24,12.95,13.00,12.80,12.85,2107500,7.912101
2013-01-23,12.90,13.00,12.89,12.94,2646400,7.967516
2013-01-22,12.85,12.95,12.81,12.93,1456300,7.96136
2013-01-18,12.81,12.84,12.70,12.83,1303100,7.899787
2013-01-17,12.80,12.85,12.77,12.82,1377300,7.893629
2013-01-16,12.68,12.77,12.65,12.75,1656700,7.850528
2013-01-15,12.76,12.78,12.64,12.73,1367800,7.838214
2013-01-14,12.77,12.80,12.70,12.76,1521600,7.856686
2013-01-11,12.71,12.78,12.70,12.78,1920100,7.869
2013-01-10,12.64,12.71,12.58,12.70,2018300,7.819742
2013-01-09,12.60,12.64,12.56,12.60,1190400,7.75817
2013-01-08,12.59,12.61,12.51,12.59,1728800,7.752012
2013-01-07,12.54,12.62,12.45,12.56,2618900,7.73354
2013-01-04,12.42,12.50,12.36,12.46,2779500,7.671967
2013-01-03,12.28,12.43,12.26,12.39,2807700,7.6288
67
2013-01-02,12.01,12.24,12.00,12.23,3890000,7.53035
2012-12-31,11.73,11.85,11.72,11.81,3840400,7.271745
2012-12-28,11.75,11.82,11.73,11.79,5406500,7.25943
2012-12-27,11.89,11.98,11.71,11.76,2746500,7.240958
2012-12-26,12.01,12.04,11.90,11.93,2691300,7.345632
2012-12-24,12.06,12.10,12.00,12.03,1357700,7.407204
2012-12-21,12.04,12.14,11.96,12.09,3738400,7.444148
2012-12-20,12.16,12.16,11.97,12.14,3893500,7.474935
2012-12-19,12.13,12.25,12.06,12.10,4509800,7.450306
2012-12-18,12.92,13.05,12.87,12.91,5439800,7.382576
2012-12-17,12.84,12.95,12.82,12.88,4212400,7.36542
2012-12-14,12.98,12.99,12.77,12.80,2865300,7.319673
2012-12-13,13.01,13.08,12.79,12.97,4089300,7.416887
2012-12-12,13.03,13.13,12.95,13.03,3663300,7.451198
2012-12-11,13.28,13.36,12.98,12.99,5826500,7.428324
2012-12-10,13.01,13.08,12.93,13.06,2790900,7.468353
2012-12-07,12.85,12.97,12.81,12.96,2499300,7.411168
2012-12-06,12.79,12.91,12.69,12.80,1877100,7.319673
2012-12-05,12.84,12.87,12.76,12.77,1944000,7.302517
2012-12-04,12.80,12.91,12.72,12.81,2218400,7.325391
2012-12-03,12.84,12.88,12.68,12.76,1685600,7.296799
2012-11-30,12.75,12.79,12.70,12.79,2241800,7.313954
2012-11-29,12.75,12.83,12.68,12.74,2168500,7.285361
2012-11-28,12.68,12.80,12.60,12.68,2298200,7.251051
2012-11-27,12.65,12.77,12.58,12.60,3007900,7.205303
2012-11-26,12.53,12.70,12.41,12.68,2964900,7.251051
2012-11-23,12.44,12.55,12.40,12.55,1256400,7.17671
2012-11-21,12.43,12.44,12.29,12.41,1671000,7.096651
2012-11-20,12.49,12.52,12.19,12.37,3807200,7.073777
2012-11-19,12.60,12.66,12.35,12.44,3929600,7.113806
2012-11-16,11.86,12.50,11.85,12.35,4952200,7.06234
2012-11-15,11.48,11.99,11.46,11.78,7077400,6.736386
2012-11-14,11.97,12.15,11.45,11.67,10061900,6.673483
2012-11-13,12.55,12.55,11.99,12.10,6235300,6.919378
2012-11-12,12.67,12.72,12.57,12.60,1479200,7.205303
2012-11-09,12.59,12.77,12.42,12.68,1702400,7.251051
2012-11-08,12.59,12.85,12.58,12.67,2498800,7.245332
2012-11-07,12.81,12.85,12.42,12.57,5889600,7.188147
2012-11-06,13.16,13.19,12.94,12.96,2811200,7.411168
2012-11-05,13.23,13.30,13.07,13.18,1428200,7.536975
2012-11-02,13.41,13.41,13.21,13.21,1537000,7.554131
2012-11-01,13.46,13.51,13.31,13.33,1997200,7.622753
2012-10-31,13.32,13.48,13.26,13.42,3404200,7.674219
2012-10-26,13.42,13.47,13.22,13.27,2267200,7.588442
2012-10-25,13.56,13.56,13.34,13.41,2751100,7.6685
2012-10-24,13.18,13.54,13.12,13.53,6836500,7.737122
2012-10-23,13.16,13.16,12.93,13.00,3424500,7.434042
2012-10-22,13.22,13.29,13.10,13.16,3332600,7.525538
2012-10-19,13.53,13.53,13.23,13.26,3851700,7.582723
2012-10-18,13.57,13.59,13.35,13.38,7700100,7.651345
2012-10-17,13.22,13.33,13.21,13.28,2448100,7.59416
2012-10-16,12.99,13.15,12.91,13.15,3243900,7.519819
2012-10-15,12.88,13.11,12.30,13.02,13617600,7.44548
2012-10-12,13.51,13.57,13.08,13.27,6419800,7.588442
2012-10-11,13.59,13.61,13.51,13.51,2846800,7.725686
2012-10-10,13.70,13.72,13.46,13.60,5117000,7.777152
2012-10-09,13.96,13.98,13.65,13.70,3094000,7.834337
2012-10-08,13.92,14.02,13.91,13.96,2311500,7.983018
2012-10-05,14.08,14.09,13.95,13.98,2660700,7.994454
2012-10-04,14.11,14.16,14.01,1
4.02,2112700,8.017329
2012-10-03,14.23,14.27,14.03,14.07,2295000,8.045921
2012-10-02,14.20,14.27,14.16,14.27,1793700,8.160291
2012-10-01,14.20,14.22,14.11,14.15,2043700,8.091669
2012-09-28,14.00,14.17,14.00,14.09,1817800,8.057358
2012-09-27,14.07,14.10,14.00,14.06,2618300,8.040203
2012-09-26,14.15,14.18,14.02,14.03,3791400,8.023047
2012-09-25,14.29,14.38,14.11,14.11,2695400,8.068795
2012-09-24,14.43,14.45,14.18,14.26,4713500,8.154573
2012-09-21,14.77,14.88,14.68,14.88,9995600,8.251786
2012-09-20,14.66,14.70,14.56,14.68,3489200,8.140875
2012-09-19,14.68,14.71,14.59,14.64,2170800,8.118693
2012-09-18,14.62,14.63,14.54,14.63,1967800,8.113148
2012-09-17,14.69,14.75,14.57,14.63,3317000,8.113148
2012-09-14,14.74,15.03,14.72,14.82,5412500,8.218513
2012-09-13,14.60,14.71,14.50,14.68,4200600,8.140875
2012-09-12,14.49,14.63,14.45,14.60,5761400,8.096511
2012-09-11,14.56,14.62,14.50,14.60,1935300,8.096511
2012-09-10,14.48,14.66,14.47,14.58,2396400,8.08542
2012-09-07,14.45,14.57,14.41,14.52,2838600,8.052147
2012-09-06,14.44,14.44,14.35,14.43,2258000,8.002237
2012-09-05,14.48,14.48,14.35,14.41,2189800,7.991145
2012-09-04,14.38,14.47,14.32,14.46,1933700,8.018873
2012-08-31,14.32,14.39,14.21,14.38,2126200,7.974509
2012-08-30,14.26,14.27,14.19,14.19,1356000,7.869143
2012-08-29,14.24,14.29,14.18,14.28,2294100,7.919053
2012-08-28,14.18,14.28,14.16,14.24,2080500,7.896871
2012-08-27,14.20,14.23,14.15,14.18,1603600,7.863598
2012-08-24,13.97,14.20,13.96,14.16,1817400,7.852506
2012-08-23,13.99,14.07,13.92,14.00,1857000,7.763777
2012-08-22,13.93,14.01,13.86,14.01,1919300,7.769323
2012-08-21,13.97,14.01,13.89,13.90,2538000,7.708322
2012-08-20,14.05,14.05,13.91,13.92,3198000,7.719413
2012-08-17,14.04,14.04,13.91,14.00,3127200,7.763777
2012-08-16,14.10,14.12,13.97,14.03,2726600,7.780414
2012-08-15,14.14,14.20,14.06,14.10,2484300,7.819233
2012-08-14,14.30,14.30,14.17,14.19,2850800,7.869143
2012-08-13,14.18,14.31,14.17,14.26,2387200,7.907962
2012-08-10,14.14,14.23,14.10,14.18,1701500,7.863598
2012-08-09,13.94,14.16,13.93,14.13,2181200,7.83587
2012-08-08,13.90,13.98,13.80,13.95,2620200,7.73605
2012-08-07,14.07,14.08,13.75,13.90,3935300,7.708322
2012-08-06,14.19,14.19,13.90,13.98,3061400,7.752686
2012-08-03,14.25,14.31,14.14,14.16,1749100,7.852506
2012-08-02,14.26,14.28,14.09,14.20,3135100,7.874688
2012-08-01,14.46,14.50,14.25,14.25,2441000,7.902416
2012-07-31,14.46,14.50,14.26,14.46,7145200,8.018873
2012-07-30,14.38,14.47,14.34,14.44,2609900,8.007782
2012-07-27,14.25,14.39,14.19,14.33,2537900,7.946781
2012-07-26,14.28,14.31,14.12,14.20,2208100,7.874688
2012-07-25,14.16,14.31,14.15,14.23,3576400,7.891325
2012-07-24,14.16,14.20,14.04,14.15,2622900,7.846961
2012-07-23,14.07,14.21,14.00,14.17,2386700,7.858052
2012-07-20,14.00,14.13,13.93,14.12,2526900,7.830324
2012-07-19,14.02,14.12,13.95,14.03,2824800,7.780414
2012-07-18,14.07,14.14,13.93,13.93,4248400,7.724959
2012-07-17,14.16,14.18,14.05,14.14,3447000,7.841415
2012-07-16,14.10,14.15,14.05,14.10,3081500,7.819233
2012-07-13,13.97,14.15,13.92,14.08,4898600,7.808142
2012-07-12,13.80,14.00,13.80,13.95,5580900,7.73605
2012-07-11,13.82,13.87,13.77,13.83,31951100,7.669503
2012-07-10,14.25,14.27,14.07,14.14,1829300,7.841415
2012-07-
09,14.15,14.25,14.12,14.24,1357700,7.896871
2012-07-06,14.04,14.19,14.02,14.16,1338000,7.852506
2012-07-05,14.04,14.10,14.00,14.07,1142000,7.802596
2012-07-03,13.97,14.09,13.96,14.04,929900,7.78596
2012-07-02,13.76,13.95,13.75,13.95,1524100,7.73605
2012-06-29,13.76,13.81,13.60,13.77,1739100,7.63623
2012-06-28,13.54,13.67,13.50,13.66,1162600,7.575229
2012-06-27,13.47,13.60,13.45,13.56,2519900,7.519773
2012-06-26,13.55,13.59,13.41,13.45,1702000,7.458772
2012-06-25,13.63,13.71,13.50,13.51,1626800,7.492045
2012-06-22,13.61,13.76,13.61,13.65,4070300,7.569683
2012-06-21,13.74,13.77,13.52,13.55,3001800,7.514228
2012-06-20,14.22,14.24,14.09,14.17,3718000,7.580775
2012-06-19,14.25,14.25,14.15,14.18,2887800,7.586125
2012-06-18,14.17,14.28,14.11,14.16,2322800,7.575425
2012-06-15,14.20,14.23,14.08,14.20,2348000,7.596824
2012-06-14,14.07,14.18,14.03,14.17,1828500,7.580775
2012-06-13,14.08,14.09,13.97,14.03,1794600,7.505876
2012-06-12,14.10,14.14,13.95,14.05,1439200,7.516576
2012-06-11,14.20,14.21,14.07,14.08,1682100,7.532626
2012-06-08,13.94,14.15,13.94,14.14,1528200,7.564725
2012-06-07,14.05,14.09,13.92,13.93,1380500,7.452378
2012-06-06,13.97,14.15,13.93,13.94,2287600,7.457727
2012-06-05,13.58,13.94,13.58,13.93,1982100,7.452378
2012-06-04,13.58,13.65,13.54,13.60,980600,7.275832
2012-06-01,13.61,13.66,13.51,13.53,1046800,7.238382
2012-05-31,13.68,13.77,13.62,13.68,1464600,7.318631
2012-05-30,13.80,13.86,13.67,13.70,964700,7.32933
2012-05-29,13.83,13.93,13.79,13.86,1244300,7.414928
2012-05-25,13.88,13.88,13.77,13.80,866800,7.382829
2012-05-24,13.85,13.87,13.71,13.86,1071300,7.414928
2012-05-23,13.65,13.77,13.60,13.77,902000,7.36678
2012-05-22,13.65,13.82,13.62,13.70,1030400,7.32933
2012-05-21,13.31,13.61,13.31,13.60,1058800,7.275832
2012-05-18,13.41,13.53,13.29,13.31,1422000,7.120686
2012-05-17,13.80,13.80,13.41,13.41,1483800,7.174184
2012-05-16,13.71,13.87,13.70,13.76,935400,7.36143
2012-05-15,13.80,13.83,13.62,13.69,1333700,7.32398
2012-05-14,13.82,13.93,13.78,13.82,936100,7.393529
2012-05-11,13.85,13.93,13.83,13.87,881400,7.420278
2012-05-10,13.84,13.95,13.74,13.87,1236300,7.420278
2012-05-09,13.58,13.80,13.58,13.65,998100,7.302581
2012-05-08,13.60,13.72,13.60,13.65,888700,7.302581
2012-05-07,13.71,13.75,13.53,13.63,1269700,7.291881
2012-05-04,13.80,13.89,13.72,13.75,786100,7.35608
2012-05-03,13.78,13.84,13.76,13.81,1179200,7.388179
2012-05-02,13.70,13.75,13.68,13.75,995000,7.35608
2012-05-01,13.73,13.84,13.71,13.72,1824400,7.34003
2012-04-30,13.69,13.74,13.65,13.73,1145900,7.34538
2012-04-27,13.64,13.70,13.56,13.69,999400,7.32398
2012-04-26,13.56,13.65,13.56,13.63,1025600,7.291881
2012-04-25,13.57,13.60,13.51,13.60,1177000,7.275832
2012-04-24,13.49,13.57,13.46,13.55,986300,7.249082
2012-04-23,13.43,13.47,13.37,13.43,826800,7.184884
2012-04-20,13.52,13.54,13.43,13.47,1153500,7.206283
2012-04-19,13.41,13.54,13.37,13.45,1522500,7.195584
2012-04-18,13.40,13.49,13.32,13.35,1632900,7.142085
2012-04-17,13.37,13.39,13.26,13.37,1222400,7.152785
2012-04-16,13.31,13.34,13.22,13.29,1114200,7.109986
2012-04-13,13.25,13.28,13.15,13.24,977100,7.083236
2012-04-12,13.10,13.30,13.10,13.29,1098200,7.109986
2012-04-11,13.10,13.13,13.05,13.10,1085800,7.008338
2012-04-10,13.24,13.25,13.02,13.03,1742200,6.970889
2012-04-09,13.18,13.28,13.14,13.20,1196200,7.061837
2012-04-05,13.18,13.27,13.13,13.26,1214900,7.093936
201
2-04-04,13.23,13.26,13.15,13.18,731600,7.051137
2012-04-03,13.30,13.35,13.29,13.29,1172500,7.109986
2012-04-02,13.09,13.31,13.08,13.29,2004900,7.109986
2012-03-30,13.00,13.10,13.00,13.09,1143800,7.002988
2012-03-29,12.92,12.99,12.82,12.99,1090300,6.949489
2012-03-28,13.00,13.05,12.91,12.97,1149900,6.93879
2012-03-27,13.08,13.12,13.00,13.00,1677700,6.954839
2012-03-26,13.04,13.20,13.04,13.08,2557900,6.997638
2012-03-23,12.97,12.99,12.88,12.89,1951100,6.895991
2012-03-22,13.07,13.07,12.92,12.95,1772800,6.92809
2012-03-21,13.21,13.22,13.07,13.09,2190000,7.002988
2012-03-20,13.59,13.69,13.53,13.67,3248500,7.045787
2012-03-19,13.59,13.62,13.50,13.59,2630400,7.004553
2012-03-16,13.69,13.73,13.54,13.54,2763900,6.978782
2012-03-15,13.55,13.73,13.55,13.67,1946600,7.045787
2012-03-14,13.73,13.74,13.49,13.53,2726900,6.973628
2012-03-13,13.75,13.76,13.62,13.69,2271900,7.056095
2012-03-12,13.64,13.73,13.62,13.69,1821800,7.056095
2012-03-09,13.63,13.65,13.56,13.60,1810200,7.009708
2012-03-08,13.60,13.60,13.48,13.59,2073200,7.004553
2012-03-07,13.49,13.60,13.41,13.57,2667300,6.994245
2012-03-06,13.53,13.62,13.42,13.45,2261200,6.932394
2012-03-05,13.56,13.64,13.50,13.61,1672700,7.014861
2012-03-02,13.48,13.60,13.46,13.58,2645700,6.999399
2012-03-01,13.59,13.60,13.45,13.45,1898200,6.932394
2012-02-29,13.65,13.70,13.50,13.57,5003200,6.994245
2012-02-28,13.59,13.69,13.53,13.63,1976500,7.02517
2012-02-27,13.57,13.61,13.50,13.61,1756800,7.014861
2012-02-24,13.65,13.65,13.55,13.59,1039600,7.004553
2012-02-23,13.48,13.64,13.48,13.60,3230100,7.009708
2012-02-22,13.68,13.70,13.43,13.44,1358600,6.92724
2012-02-21,13.66,13.69,13.59,13.66,1436700,7.040633
2012-02-17,13.55,13.63,13.51,13.60,1599300,7.009708
2012-02-16,13.44,13.57,13.43,13.55,1083200,6.983937
2012-02-15,13.45,13.55,13.41,13.43,1338500,6.922086
2012-02-14,13.45,13.48,13.40,13.43,1264400,6.922086
2012-02-13,13.40,13.47,13.36,13.43,1527000,6.922086
2012-02-10,13.38,13.41,13.28,13.35,1431100,6.880853
2012-02-09,13.43,13.44,13.34,13.38,1130100,6.896315
2012-02-08,13.42,13.42,13.29,13.37,2837300,6.891161
2012-02-07,13.30,13.40,13.28,13.35,2624800,6.880853
2012-02-06,13.48,13.48,13.30,13.37,2346500,6.891161
2012-02-03,13.57,13.58,13.45,13.48,2545800,6.947857
2012-02-02,13.59,13.65,13.55,13.56,2770400,6.989091
2012-02-01,13.58,13.58,13.46,13.58,3293500,6.999399
2012-01-31,13.40,13.54,13.38,13.50,3242000,6.958165
2012-01-30,13.34,13.40,13.31,13.34,3602700,6.875698
2012-01-27,13.35,13.42,13.26,13.28,21435800,6.844773
2012-01-26,13.72,13.95,13.70,13.75,1860100,7.08702
2012-01-25,13.59,13.71,13.46,13.65,847300,7.035478
2012-01-24,13.45,13.60,13.43,13.58,556700,6.999399
2012-01-23,13.48,13.52,13.41,13.49,778400,6.953011
2012-01-20,13.53,13.54,13.45,13.50,696600,6.958165
2012-01-19,13.50,13.55,13.43,13.51,727700,6.96332
2012-01-18,13.43,13.50,13.42,13.49,610000,6.953011
2012-01-17,13.45,13.47,13.36,13.43,632000,6.922086
2012-01-13,13.36,13.45,13.27,13.36,801800,6.886007
2012-01-12,13.24,13.40,13.19,13.37,1184500,6.891161
2012-01-11,13.34,13.34,13.21,13.22,636200,6.813848
2012-01-10,13.34,13.40,13.32,13.34,620900,6.875698
2012-01-09,13.32,13.34,13.25,13.29,417800,6.849927
2012-01-06,13.08,13.30,13.04,13.28,758800,6.844773
2012-01-05,13.19,13.28,13.01,13.05,956100,6.726227
2012-01-04,13.19,13.25,13.15,13.19,641600,6.798385
2012-01-03,13.29,13.36,13.18,13.20,1010300,6.803539
2011-12-30,13.23,13.25,13.14,13.14,689000,6.772615
2011-12-29,13.24,13.37,13.15,13.2
2,657300,6.813848
2011-12-28,13.35,13.40,13.22,13.24,890900,6.824156
2011-12-27,13.16,13.34,13.15,13.30,844200,6.855082
2011-12-23,13.18,13.18,13.04,13.17,443000,6.788077
2011-12-22,13.11,13.22,13.09,13.15,831800,6.777768
2011-12-21,13.14,13.15,13.05,13.08,824900,6.741689
2011-12-20,13.06,13.15,12.96,13.10,1426500,6.751998
2011-12-19,13.14,13.26,12.87,12.93,1244500,6.664376
2011-12-16,12.78,13.07,12.78,13.05,1612200,6.726227
2011-12-15,12.93,12.93,12.69,12.79,1372300,6.592217
2011-12-14,13.23,13.38,13.23,13.35,1640400,6.623143
2011-12-13,13.30,13.42,13.24,13.28,1968900,6.588415
2011-12-12,13.31,13.35,13.19,13.23,1231000,6.563609
2011-12-09,13.01,13.39,13.01,13.33,1324500,6.61322
2011-12-08,13.33,13.33,13.15,13.16,836600,6.528881
2011-12-07,13.44,13.44,13.28,13.30,704300,6.598337
2011-12-06,13.30,13.45,13.28,13.40,834900,6.647948
2011-12-05,13.23,13.31,13.21,13.31,978200,6.603298
2011-12-02,13.16,13.21,13.12,13.14,837400,6.518959
2011-12-01,13.12,13.15,13.01,13.08,648900,6.489192
2011-11-30,13.10,13.14,13.00,13.13,1391600,6.513997
2011-11-29,12.97,13.02,12.88,12.93,614800,6.414774
2011-11-28,12.88,12.98,12.73,12.98,750900,6.43958
2011-11-25,12.64,12.82,12.62,12.63,305800,6.26594
2011-11-23,12.87,12.88,12.60,12.68,947400,6.290746
2011-11-22,12.89,12.99,12.82,12.90,594800,6.399891
2011-11-21,13.01,13.01,12.75,12.86,775900,6.380046
2011-11-18,13.04,13.08,12.91,13.01,504400,6.454464
2011-11-17,13.05,13.08,12.89,13.03,851600,6.464386
2011-11-16,12.88,13.11,12.84,13.00,1112300,6.449502
2011-11-15,12.75,12.99,12.74,12.93,914700,6.414774
2011-11-14,12.83,12.86,12.71,12.84,712900,6.370124
2011-11-11,12.83,12.89,12.76,12.84,596000,6.370124
2011-11-10,12.68,12.76,12.57,12.76,759000,6.330435
2011-11-09,12.74,12.82,12.62,12.62,839700,6.260978
2011-11-08,12.80,12.87,12.74,12.84,715500,6.370124
2011-11-07,12.76,12.90,12.66,12.75,560500,6.325473
2011-11-04,12.72,12.78,12.65,12.75,478300,6.325473
2011-11-03,12.80,12.80,12.51,12.74,872500,6.320512
2011-11-02,12.65,12.78,12.55,12.71,667500,6.305629
2011-11-01,12.40,12.76,12.35,12.51,1051100,6.206406
2011-10-31,12.83,12.88,12.59,12.68,864700,6.290746
2011-10-28,12.80,12.92,12.75,12.89,925000,6.39493
2011-10-27,12.94,12.94,12.69,12.77,1519000,6.335396
2011-10-26,12.71,12.74,12.57,12.62,1049700,6.260978
2011-10-25,12.60,12.74,12.44,12.66,1052400,6.280823
2011-10-24,12.27,12.60,12.23,12.60,1218000,6.251056
2011-10-21,12.41,12.47,12.08,12.27,1366700,6.087338
2011-10-20,12.25,12.46,12.08,12.43,1100300,6.166717
2011-10-19,12.29,12.38,12.16,12.17,914000,6.037726
2011-10-18,12.09,12.24,12.04,12.24,806400,6.072454
2011-10-17,12.30,12.31,12.03,12.04,857000,5.973231
2011-10-14,12.00,12.32,12.00,12.31,791900,6.107183
2011-10-13,12.01,12.09,11.90,11.98,532300,5.943464
2011-10-12,12.12,12.20,11.99,12.04,867000,5.973231
2011-10-11,12.00,12.21,11.97,12.05,1338300,5.978193
2011-10-10,11.86,12.14,11.84,12.01,1510800,5.958348
2011-10-07,12.14,12.15,11.60,11.63,1815400,5.769824
2011-10-06,11.64,12.19,11.64,12.14,1752000,6.022843
2011-10-05,11.63,11.72,11.35,11.64,1565200,5.774785
2011-10-04,10.76,11.42,10.52,11.37,4400000,5.640834
2011-10-03,12.01,12.18,11.33,11.36,2919300,5.6
35873
2011-09-30,12.17,12.19,12.04,12.09,1268900,5.998037
2011-09-29,12.15,12.22,11.95,12.16,1420900,6.032765
2011-09-28,12.24,12.24,12.02,12.05,1538300,5.978193
2011-09-27,12.49,12.51,12.11,12.16,1518300,6.032765
2011-09-26,12.32,12.38,12.13,12.34,1480200,6.122066
2011-09-23,12.26,12.60,12.20,12.28,1427100,6.092299
2011-09-22,12.08,12.58,12.08,12.29,2356800,6.09726
2011-09-21,12.63,12.70,12.25,12.25,1679300,6.077416
2011-09-20,12.93,12.96,12.57,12.57,1643100,6.236173
2011-09-19,12.91,13.00,12.83,12.88,1980000,6.389969
2011-09-16,13.46,13.58,13.39,13.58,2891800,6.464386
2011-09-15,13.43,13.46,13.36,13.42,1737800,6.388222
2011-09-14,13.42,13.47,13.24,13.41,2301600,6.383462
2011-09-13,13.22,13.35,13.10,13.35,1505000,6.354901
2011-09-12,12.73,13.19,12.73,13.17,1972500,6.269217
2011-09-09,12.83,13.11,12.69,12.96,1588100,6.169252
2011-09-08,13.00,13.14,12.82,12.83,1293300,6.107369
2011-09-07,12.88,13.05,12.65,13.04,1762200,6.207334
2011-09-06,12.31,12.75,12.31,12.75,1730700,6.069287
2011-09-02,12.27,12.59,12.10,12.51,2664200,5.955042
2011-09-01,13.29,13.30,12.61,12.71,3135500,6.050246
2011-08-31,13.54,13.54,13.28,13.35,1286500,6.354901
2011-08-30,13.32,13.49,13.25,13.42,1399500,6.388222
2011-08-29,13.28,13.40,13.21,13.32,1739100,6.34062
2011-08-26,12.88,13.20,12.64,13.12,1677300,6.245415
2011-08-25,13.38,13.39,12.78,12.89,2656600,6.13593
2011-08-24,13.50,13.50,13.16,13.33,1352700,6.34538
2011-08-23,13.30,13.49,13.19,13.49,1708000,6.421544
2011-08-22,13.26,13.30,13.03,13.25,1495300,6.307298
2011-08-19,13.01,13.30,12.90,12.90,2907600,6.14069
2011-08-18,13.36,13.38,12.98,13.11,4308000,6.240655
2011-08-17,13.68,13.78,13.61,13.65,1555700,6.497707
2011-08-16,13.58,13.71,13.50,13.66,1561500,6.502467
2011-08-15,13.34,13.73,13.21,13.69,3293000,6.516748
2011-08-12,13.30,13.34,13.13,13.21,1521400,6.288257
2011-08-11,12.84,13.30,12.84,13.19,2696100,6.278737
2011-08-10,12.88,13.20,12.74,12.77,2914500,6.078808
2011-08-09,12.02,13.10,11.98,13.10,5320800,6.235895
2011-08-08,12.06,12.45,11.93,11.96,4785600,5.693229
2011-08-05,12.67,12.97,12.36,12.58,3255300,5.988363
2011-08-04,12.93,13.00,12.60,12.60,2375200,5.997884
2011-08-03,12.85,12.99,12.70,12.99,1897500,6.183532
2011-08-02,12.83,12.98,12.76,12.79,2876900,6.088328
2011-08-01,12.90,12.94,12.66,12.83,2579000,6.107369
2011-07-29,12.51,12.51,11.98,12.31,4122200,5.859837
2011-07-28,12.62,12.65,12.44,12.59,2199900,5.993123
2011-07-27,12.75,12.76,12.45,12.58,3450900,5.988363
2011-07-26,12.86,12.91,12.64,12.71,2231700,6.050246
2011-07-25,12.98,13.02,12.80,12.81,2942200,6.097849
2011-07-22,12.98,13.08,12.95,13.06,1558100,6.216854
2011-07-21,13.11,13.15,12.86,12.93,2773300,6.154971
2011-07-20,12.93,13.13,12.91,13.12,1796400,6.245415
2011-07-19,12.76,12.88,12.71,12.88,1071800,6.13117
2011-07-18,12.93,12.97,12.52,12.67,2653700,6.031205
2011-07-15,12.96,13.01,12.87,12.97,1631000,6.174012
2011-07-14,13.14,13.20,12.90,12.91,2191400,6.145451
2011-07-13,13.05,13.22,13.05,13.14,2235900,6.254936
2011-07-12,12.93,13.08,12.93,13.01,2043900,6.193053
2011-07-11,13.17,13.17,12.95,12.97,1236500,6.174012
2011-07-08,13.05,13.17,13.03,13.13,1299100,6.250176
2011-07-07,13.04,13.10,12.97,13.10,1385700,6.
235895
2011-07-06,12.97,13.07,12.95,13.05,1453100,6.212094
2011-07-05,12.94,13.01,12.92,12.97,1010600,6.174012
2011-07-01,12.83,12.96,12.80,12.92,1168600,6.150211
2011-06-30,12.85,12.92,12.79,12.81,1770800,6.097849
2011-06-29,12.75,12.96,12.74,12.85,2051500,6.116889
2011-06-28,12.64,12.77,12.57,12.74,2400100,6.064527
2011-06-27,12.67,12.80,12.58,12.60,1536200,5.997884
2011-06-24,12.69,12.70,12.60,12.67,2781900,6.031205
2011-06-23,12.64,12.75,12.54,12.63,2483800,6.012164
2011-06-22,12.57,12.83,12.57,12.69,1777300,6.040725
2011-06-21,12.58,12.60,12.48,12.53,2399300,5.964562
2011-06-20,12.50,12.74,12.36,12.53,3439300,5.964562
2011-06-17,13.15,13.16,12.95,13.10,4069500,5.950282
2011-06-16,13.19,13.20,13.10,13.14,2099800,5.968451
2011-06-15,13.14,13.20,13.12,13.18,1699900,5.986619
2011-06-14,13.15,13.15,13.10,13.15,1866300,5.972992
2011-06-13,13.13,13.17,13.05,13.08,1812000,5.941197
2011-06-10,13.09,13.18,13.04,13.08,1885200,5.941197
2011-06-09,13.05,13.12,12.98,13.09,1672900,5.945739
2011-06-08,13.14,13.32,12.90,12.97,4432500,5.891233
2011-06-07,12.97,13.13,12.94,13.08,2520200,5.941197
2011-06-06,12.94,12.95,12.90,12.91,1253700,5.86398
2011-06-03,12.78,12.95,12.75,12.94,1703400,5.877606
2011-06-02,12.77,12.85,12.75,12.78,1261900,5.804931
2011-06-01,12.80,12.89,12.77,12.77,1781400,5.800389
2011-05-31,12.83,12.89,12.81,12.84,1984000,5.832184
2011-05-27,12.81,12.89,12.75,12.75,1392300,5.791305
2011-05-26,12.78,12.82,12.71,12.80,1040300,5.814016
2011-05-25,12.72,12.78,12.70,12.74,994100,5.786762
2011-05-24,12.76,12.79,12.70,12.70,1137800,5.768593
2011-05-23,12.65,12.77,12.65,12.72,1244700,5.777678
2011-05-20,12.63,12.70,12.60,12.70,1224200,5.768593
2011-05-19,12.64,12.67,12.59,12.63,1187400,5.736798
2011-05-18,12.51,12.59,12.48,12.59,1401400,5.718629
2011-05-17,12.47,12.51,12.45,12.48,1816400,5.668665
2011-05-16,12.51,12.54,12.41,12.45,2494400,5.655039
2011-05-13,12.51,12.51,12.36,12.37,1242400,5.618701
2011-05-12,12.50,12.53,12.47,12.48,986000,5.668665
2011-05-11,12.48,12.53,12.45,12.51,1868600,5.682292
2011-05-10,12.44,12.50,12.42,12.49,1034200,5.673207
2011-05-09,12.38,12.45,12.33,12.41,1084200,5.63687
2011-05-06,12.40,12.45,12.37,12.37,1111700,5.618701
2011-05-05,12.35,12.46,12.34,12.37,1089700,5.618701
2011-05-04,12.40,12.42,12.33,12.36,1092300,5.614159
2011-05-03,12.39,12.41,12.33,12.39,1153400,5.627786
2011-05-02,12.35,12.41,12.31,12.37,916200,5.618701
2011-04-29,12.37,12.43,12.29,12.35,2067600,5.609617
2011-04-28,12.36,12.41,12.30,12.34,1079300,5.605074
2011-04-27,12.33,12.36,12.25,12.36,842700,5.614159
2011-04-26,12.23,12.34,12.21,12.33,827900,5.600532
2011-04-25,12.29,12.32,12.13,12.22,1336700,5.550568
2011-04-21,12.30,12.37,12.22,12.31,1814700,5.591448
2011-04-20,12.12,12.21,12.05,12.20,1295700,5.541484
2011-04-19,12.08,12.11,11.97,12.05,773500,5.473351
2011-04-18,12.01,12.11,12.00,12.04,1053700,5.468808
2011-04-15,12.11,12.15,12.04,12.09,1097300,5.491519
2011-04-14,11.93,12.12,11.91,12.08,1240900,5.486977
2011-04-13,11.96,11.99,11.91,11.95,1093500,5.427929
2011-04-12,12.02,12.03,11.89,11.94,1694100,5.423386
2011-04-11,12.10,12.14,12.00,12.04,1418300,5.468808
2011-04-08,12.17,12.19,11.96,12.04,20739
00,5.468808
2011-04-07,12.32,12.33,12.17,12.17,1747200,5.527857
2011-04-06,12.38,12.43,12.33,12.35,2634000,5.609617
2011-04-05,12.17,12.44,12.17,12.33,3504900,5.600532
2011-04-04,12.09,12.22,12.09,12.16,3440900,5.523315
2011-04-01,12.71,12.81,12.66,12.77,8824100,5.527857
2011-03-31,12.70,12.72,12.64,12.68,4214000,5.488898
2011-03-30,12.84,12.84,12.63,12.68,2530300,5.488898
2011-03-29,12.80,12.84,12.72,12.75,2553800,5.519199
2011-03-28,12.89,12.92,12.73,12.73,3141800,5.510542
2011-03-25,12.85,12.95,12.77,12.87,1855700,5.571145
2011-03-24,12.75,12.83,12.69,12.82,1650600,5.549501
2011-03-23,12.70,12.74,12.65,12.69,1594800,5.493226
2011-03-22,12.78,12.81,12.64,12.65,1764400,5.475911
2011-03-21,12.64,12.77,12.60,12.76,2170300,5.523528
2011-03-18,12.52,12.59,12.52,12.57,1831400,5.441281
2011-03-17,12.55,12.56,12.47,12.50,1391300,5.41098
2011-03-16,12.51,12.59,12.45,12.46,1557400,5.393665
2011-03-15,12.43,12.54,12.40,12.50,1503200,5.41098
2011-03-14,12.44,12.54,12.43,12.50,1888200,5.41098
2011-03-11,12.48,12.53,12.40,12.45,1296100,5.389336
2011-03-10,12.59,12.60,12.49,12.49,2078600,5.406651
2011-03-09,12.47,12.50,12.45,12.49,1134700,5.406651
2011-03-08,12.52,12.53,12.44,12.47,1254000,5.397993
2011-03-07,12.58,12.60,12.46,12.50,1791300,5.41098
2011-03-04,12.51,12.58,12.46,12.57,1819100,5.441281
2011-03-03,12.56,12.60,12.45,12.47,1820100,5.397993
2011-03-02,12.39,12.54,12.38,12.49,940600,5.406651
2011-03-01,12.46,12.51,12.39,12.39,1517000,5.363363
2011-02-28,12.42,12.51,12.38,12.46,4213200,5.393665
2011-02-25,12.32,12.38,12.30,12.36,1912400,5.350377
2011-02-24,12.20,12.32,12.15,12.30,1387000,5.324404
2011-02-23,12.26,12.27,12.11,12.13,2040400,5.250815
2011-02-22,12.28,12.30,12.23,12.27,2486900,5.311418
2011-02-18,12.31,12.33,12.22,12.28,2296800,5.315746
2011-02-17,12.26,12.31,12.23,12.27,1511600,5.311418
2011-02-16,12.31,12.34,12.24,12.25,1413600,5.30276
2011-02-15,12.35,12.35,12.21,12.25,2492600,5.30276
2011-02-14,12.40,12.41,12.32,12.35,2084300,5.346048
2011-02-11,12.36,12.39,12.30,12.36,2826200,5.350377
2011-02-10,12.27,12.43,12.20,12.35,28466000,5.346048
2011-02-09,12.70,12.77,12.68,12.70,1374000,5.497555
2011-02-08,12.73,12.76,12.66,12.67,1329100,5.484569
2011-02-07,12.73,12.84,12.73,12.76,958400,5.523528
2011-02-04,12.76,12.88,12.69,12.74,1162700,5.51487
2011-02-03,12.79,12.90,12.65,12.75,2957100,5.519199
2011-02-02,13.11,13.15,12.99,13.10,1039400,5.670707
2011-02-01,13.07,13.17,13.02,13.10,1225100,5.670707
2011-01-31,13.05,13.09,13.00,13.05,807100,5.649063
2011-01-28,13.13,13.15,13.00,13.02,671700,5.636077
2011-01-27,13.08,13.17,13.07,13.13,619400,5.683693
2011-01-26,12.98,13.11,12.92,13.05,711100,5.649063
2011-01-25,12.87,12.96,12.82,12.92,454000,5.592789
2011-01-24,12.69,12.89,12.65,12.87,442400,5.571145
2011-01-21,12.69,12.75,12.64,12.65,669900,5.475911
2011-01-20,12.68,12.73,12.61,12.70,562300,5.497555
2011-01-19,12.92,12.97,12.66,12.71,1030900,5.501884
2011-01-18,13.00,13.05,12.91,12.93,449800,5.597118
2011-01-14,12.91,13.02,12.91,13.00,711500,5.627419
2011-01-13,13.05,13.10,12.95,12.98,652100,5.618761
2011-01-12,13.06,13.10,12.95,13.04,587400,5.644734
2011-01-11,12.92,13.05,12.90,13.03,815000,5.640405
2011-01-10,12.90,12.95,12.80,12.92,504400,5.592789
2011-01-07,12.84,12.94,12.80,12.90,536600,5.584131
2011-01-06,12.81,12.91,12.68,12.83,824700,5.55383
2011-01-05,12.78,12.78,12.63,12.72,920400,5.506213
2011-01-04,12.94,12.94,12.65,12.75,1074000,5.519199
2011-01-03,12.99,12.99,12.80,12.88,922600,5.575474
2010-12-31,12.92,13.00,12.91,12
.91,443600,5.58846
2010-12-30,12.92,13.00,12.90,12.95,480800,5.605775
2010-12-29,12.89,12.96,12.85,12.92,555000,5.592789
2010-12-28,12.92,12.94,12.84,12.93,624200,5.597118
2010-12-27,12.91,12.96,12.80,12.93,472800,5.597118
2010-12-23,12.95,13.00,12.87,12.90,543300,5.584131
2010-12-22,13.02,13.02,12.92,12.95,947000,5.605775
2010-12-21,12.89,13.01,12.89,13.01,1301700,5.631748
2010-12-20,12.70,12.82,12.56,12.81,1496300,5.545172
2010-12-17,12.52,12.60,12.46,12.57,2794800,5.441281
2010-12-16,12.56,12.62,12.51,12.51,1471300,5.415309
2010-12-15,12.76,12.79,12.55,12.56,1411900,5.436953
2010-12-14,12.89,12.90,12.69,12.75,2291200,5.519199
2010-12-13,12.87,12.96,12.81,12.88,1488900,5.575474
2010-12-10,12.60,13.01,12.56,12.79,15200900,5.536514
2010-12-09,13.10,13.25,13.05,13.18,1763000,5.705337
2010-12-08,13.98,13.98,13.64,13.73,1197400,5.683693
2010-12-07,14.05,14.07,13.93,13.96,824100,5.778904
2010-12-06,13.93,14.04,13.90,14.03,1030400,5.807881
2010-12-03,13.84,13.92,13.75,13.89,367700,5.749927
2010-12-02,13.85,13.86,13.80,13.85,434500,5.733369
2010-12-01,13.77,13.84,13.69,13.80,622700,5.71267
2010-11-30,13.69,13.70,13.60,13.65,398200,5.650576
2010-11-29,13.59,13.72,13.59,13.72,539800,5.679554
2010-11-26,13.57,13.68,13.56,13.65,156600,5.650576
2010-11-24,13.46,13.66,13.45,13.66,489300,5.654716
2010-11-23,13.33,13.44,13.25,13.42,337300,5.555365
2010-11-22,13.35,13.41,13.28,13.38,420000,5.538807
2010-11-19,13.16,13.40,13.16,13.37,369500,5.534667
2010-11-18,13.41,13.41,13.17,13.17,734800,5.451875
2010-11-17,13.20,13.34,13.20,13.33,360500,5.518108
2010-11-16,13.26,13.28,13.04,13.15,770300,5.443595
2010-11-15,13.39,13.42,13.26,13.29,568400,5.50155
2010-11-12,13.58,13.62,13.27,13.29,604000,5.50155
2010-11-11,13.50,13.66,13.49,13.56,475600,5.61332
2010-11-10,13.37,13.51,13.35,13.50,498100,5.588482
2010-11-09,13.59,13.63,13.39,13.42,531400,5.555365
2010-11-08,13.70,13.72,13.60,13.61,343800,5.634017
2010-11-05,13.58,13.72,13.58,13.70,513900,5.671274
2010-11-04,13.45,13.63,13.44,13.62,644200,5.638157
2010-11-03,13.33,13.39,13.23,13.36,420600,5.530527
2010-11-02,13.22,13.31,13.16,13.29,553500,5.50155
2010-11-01,13.02,13.16,13.02,13.15,635700,5.443595
2010-10-29,13.07,13.09,13.03,13.03,749100,5.39392
2010-10-28,13.16,13.17,13.03,13.05,742700,5.402199
2010-10-27,13.28,13.28,13.11,13.15,718200,5.443595
2010-10-26,13.28,13.28,13.16,13.20,557800,5.464293
2010-10-25,13.20,13.36,13.15,13.34,703700,5.522248
2010-10-22,13.33,13.33,13.11,13.15,825900,5.443595
2010-10-21,13.05,13.38,13.05,13.33,1698800,5.518108
2010-10-20,13.48,13.50,13.43,13.44,723100,5.563644
2010-10-19,13.43,13.50,13.36,13.38,532500,5.538807
2010-10-18,13.45,13.45,13.35,13.42,531500,5.555365
2010-10-15,13.46,13.50,13.33,13.41,529700,5.551225
2010-10-14,13.48,13.50,13.36,13.41,433600,5.551225
2010-10-13,13.47,13.59,13.42,13.53,771800,5.600901
2010-10-12,13.39,13.42,13.30,13.39,539400,5.542946
2010-10-11,13.42,13.49,13.35,13.39,301600,5.542946
2010-10-08,13.29,13.45,13.23,13.42,515500,5.555365
2010-10-07,13.36,13.38,13.26,13.28,452000,5.49741
2010-10-06,13.42,13.43,13.29,13.34,418600,5.522248
2010-10-05,13.47,13.48,13.31,13.42,717000,5.555365
2010-10-04,13.47,13.49,13.31,13.41,528500,5.551225
2010-10-01,13.43,13.47,13.25,13.47,692800,5.576063
2010-09-30,13.35,13.41,13.25,13.35,1494700,5.526388
2010-09-29,13.40,13.51,13.30,13.30,940900,5.50569
2010-09-28,13.41,13.49,13.19,13.48,850100,5.580202
2010-09-27,13.29,13.50,13.25,13.39,1179400,5.542946
2010-09-24,13.15,13.30,13.10,13.25,1158900,5.484991
2010-09-23,12.98,13.1
8,12.95,13.05,1684300,5.402199
2010-09-22,12.95,13.08,12.94,12.95,2786400,5.360803
2010-09-21,12.95,13.04,12.90,12.93,23408100,5.352524
2010-09-20,13.75,14.01,13.70,13.87,1111700,5.741648
2010-09-17,13.68,13.69,13.44,13.69,735400,5.667134
2010-09-16,13.60,13.79,13.51,13.56,634300,5.61332
2010-09-15,14.20,14.21,14.10,14.19,758800,5.625738
2010-09-14,14.10,14.25,14.05,14.15,536900,5.60988
2010-09-13,14.05,14.12,13.99,14.09,691700,5.586093
2010-09-10,13.92,14.19,13.90,14.02,619000,5.558341
2010-09-09,13.85,13.93,13.73,13.77,273300,5.459226
2010-09-08,13.79,13.83,13.75,13.80,198500,5.47112
2010-09-07,13.76,13.78,13.70,13.71,235200,5.435439
2010-09-03,13.71,13.75,13.65,13.75,189000,5.451297
2010-09-02,13.72,13.72,13.62,13.67,145800,5.41958
2010-09-01,13.59,13.71,13.50,13.66,198800,5.415616
2010-08-31,13.46,13.50,13.34,13.47,259900,5.340289
2010-08-30,13.56,13.59,13.48,13.50,128900,5.352183
2010-08-27,13.17,13.57,13.15,13.56,255000,5.37597
2010-08-26,13.39,13.40,13.10,13.15,313700,5.213422
2010-08-25,13.45,13.49,13.21,13.30,446500,5.272891
2010-08-24,13.34,13.58,13.34,13.49,263800,5.348218
2010-08-23,13.75,13.75,13.41,13.42,283900,5.320466
2010-08-20,13.40,13.65,13.39,13.60,242400,5.391829
2010-08-19,13.41,13.58,13.35,13.40,314200,5.312537
2010-08-18,13.50,13.66,13.42,13.55,189200,5.372006
2010-08-17,13.60,13.65,13.40,13.45,298200,5.33236
2010-08-16,13.64,13.73,13.40,13.52,283100,5.360112
2010-08-13,13.33,13.58,13.27,13.42,245500,5.320466
2010-08-12,13.16,13.34,13.16,13.30,247600,5.272891
2010-08-11,13.22,13.31,13.16,13.23,314000,5.245139
2010-08-10,13.25,13.56,13.25,13.46,279200,5.336324
2010-08-09,13.41,13.41,13.20,13.39,225000,5.308572
2010-08-06,13.19,13.46,13.13,13.31,241300,5.276856
2010-08-05,13.59,13.64,13.19,13.19,401700,5.22928
2010-08-04,13.65,13.67,13.50,13.62,180900,5.399758
2010-08-03,13.60,13.69,13.40,13.56,372400,5.37597
2010-08-02,13.33,13.59,13.31,13.56,341200,5.37597
2010-07-30,13.36,13.49,13.18,13.20,1267800,5.233245
2010-07-29,13.56,13.68,13.15,13.40,740100,5.312537
2010-07-28,13.41,13.71,13.37,13.46,535000,5.336324
2010-07-27,13.59,13.59,13.35,13.36,547900,5.296678
2010-07-26,13.25,13.50,13.20,13.49,780100,5.348218
2010-07-23,12.93,13.22,12.85,13.19,516100,5.22928
2010-07-22,12.78,12.99,12.78,12.93,377100,5.126202
2010-07-21,12.85,12.85,12.74,12.76,207900,5.058804
2010-07-20,12.51,12.85,12.51,12.83,377500,5.086556
2010-07-19,12.73,12.73,12.54,12.57,282500,4.983477
2010-07-16,12.78,12.80,12.65,12.65,160600,5.015193
2010-07-15,12.82,12.89,12.70,12.80,296300,5.074662
2010-07-14,12.82,12.99,12.76,12.77,395300,5.062768
2010-07-13,12.73,12.86,12.72,12.85,334400,5.094485
2010-07-12,12.88,12.88,12.52,12.63,492500,5.007264
2010-07-09,12.84,12.90,12.71,12.85,443200,5.094485
2010-07-08,12.74,12.85,12.60,12.85,357700,5.094485
2010-07-07,12.50,12.70,12.45,12.69,409500,5.031051
2010-07-06,12.58,12.74,12.42,12.49,459500,4.95176
2010-07-02,12.48,12.68,12.45,12.63,280000,5.007264
2010-07-01,12.75,12.78,12.30,12.57,623900,4.983477
2010-06-30,12.68,12.83,12.62,12.66,606200,5.019158
2010-06-29,12.80,12.94,12.56,12.65,682000,5.015193
2010-06-28,12.70,12.94,12.66,12.84,681400,5.09052
2010-06-25,12.46,12.75,12.44,12.75,6720500,5.054839
2010-06-24,12.80,13.03,12.31,12.53,2301900,4.967618
2010-06-23,14.37,14.37,14.12,14.13,520200,5.364076
2010-0
6-22,14.33,14.44,14.26,14.28,349900,5.42102
2010-06-21,14.40,14.57,14.19,14.24,459800,5.405835
2010-06-18,14.12,14.22,13.97,14.15,312200,5.371669
2010-06-17,14.00,14.09,13.90,13.99,259300,5.310929
2010-06-16,13.84,14.04,13.75,14.00,363000,5.314725
2010-06-15,13.70,13.84,13.70,13.75,352200,5.219819
2010-06-14,13.56,13.60,13.43,13.46,155600,5.109729
2010-06-11,13.42,13.53,13.37,13.50,128000,5.124914
2010-06-10,13.40,13.50,13.35,13.45,127500,5.105932
2010-06-09,13.34,13.40,13.22,13.29,79300,5.045193
2010-06-08,13.25,13.32,13.10,13.20,88500,5.011027
2010-06-07,13.17,13.43,13.00,13.20,113000,5.011027
2010-06-04,13.27,13.31,13.08,13.09,135100,4.969268
2010-06-03,13.22,13.41,13.18,13.40,85000,5.086951
2010-06-02,13.17,13.25,13.07,13.25,203000,5.030008
2010-06-01,13.06,13.24,13.00,13.02,177500,4.942695
2010-05-28,13.02,13.17,12.95,13.09,179000,4.969268
2010-05-27,12.93,13.00,12.79,13.00,109200,4.935102
2010-05-26,12.71,13.00,12.68,12.80,163500,4.859177
2010-05-25,11.95,12.64,11.94,12.59,170000,4.779457
2010-05-24,12.35,12.66,12.20,12.20,147000,4.631403
2010-05-21,11.82,12.45,11.80,12.41,193800,4.711124
2010-05-20,12.23,12.31,11.87,11.89,249300,4.51372
2010-05-19,12.42,12.43,12.25,12.32,110300,4.676958
2010-05-18,12.80,12.86,12.38,12.39,104300,4.703532
2010-05-17,12.82,12.88,12.62,12.80,95700,4.859177
2010-05-14,12.60,12.79,12.27,12.77,129500,4.847789
2010-05-13,12.75,12.75,12.59,12.68,40600,4.813623
2010-05-12,12.73,12.86,12.61,12.76,87700,4.843993
2010-05-11,12.40,12.74,12.40,12.65,73200,4.802234
2010-05-10,11.99,12.55,11.99,12.47,160200,4.733902
2010-05-07,11.90,12.04,11.52,11.80,190500,4.479554
2010-05-06,12.51,12.55,10.40,11.95,62200,4.536498
2010-05-05,12.70,12.71,12.47,12.50,117800,4.74529
2010-05-04,12.95,13.00,12.65,12.68,147100,4.813623
2010-05-03,13.00,13.02,12.90,13.02,245800,4.942695
2010-04-30,12.98,13.03,12.90,12.94,179800,4.912324
2010-04-29,12.83,13.00,12.82,12.98,394800,4.927509
2010-04-28,12.90,13.00,12.84,12.85,234500,4.878159
2010-04-27,12.94,13.04,12.85,12.85,256500,4.878159
2010-04-26,12.89,12.89,12.82,12.85,145800,4.878159
2010-04-23,12.82,13.02,12.80,12.84,172100,4.874362
2010-04-22,12.59,12.80,12.50,12.80,80800,4.859177
2010-04-21,12.50,12.67,12.35,12.67,107700,4.809826
2010-04-20,12.33,12.51,12.31,12.51,69400,4.749087
2010-04-19,12.50,12.51,12.20,12.31,107500,4.673162
2010-04-16,12.42,12.52,12.36,12.50,164100,4.74529
2010-04-15,12.65,12.73,12.16,12.38,445900,4.699736
2010-04-14,12.77,12.85,12.58,12.61,175600,4.787049
2010-04-13,12.96,12.96,12.65,12.71,175400,4.825011
2010-04-12,12.95,12.97,12.77,12.94,156900,4.912324
2010-04-09,13.47,13.49,13.43,13.44,219000,4.893343
2010-04-08,13.50,13.50,13.41,13.45,159400,4.896984
2010-04-07,13.50,13.52,13.47,13.50,359000,4.915189
2010-04-06,13.51,13.51,13.40,13.47,256500,4.904266
2010-04-05,13.54,13.54,13.42,13.50,283500,4.915189
2010-04-01,13.48,13.51,13.35,13.50,159400,4.915189
2010-03-31,13.11,13.47,13.10,13.38,171500,4.871498
2010-03-30,13.04,13.08,12.99,13.05,44900,4.751349
2010-03-29,13.20,13.20,13.00,13.06,85000,4.75499
2010-03-26,13.18,13.22,13.07,13.14,80300,4.784117
2010-03-25,13.33,13.35,13.14,13.17,64500,4.79504
2010-03-24,13.26,13.30,13.22,13.23,87600,4.816885
2010-03-23,13.17,13.28,13.15,13.26,124000,4.827808
2010-03-22,13.16,13.20,13.12,13.19,59800,4.802321
2010-03-
19,13.20,13.43,13.11,13.20,171800,4.805962
2010-03-18,13.30,13.51,13.30,13.37,50900,4.867857
2010-03-17,13.20,13.27,13.12,13.25,271200,4.824167
2010-03-16,13.16,13.28,13.11,13.20,91800,4.805962
2010-03-15,13.06,13.19,13.05,13.15,110400,4.787758
2010-03-12,13.20,13.20,13.08,13.09,69100,4.765913
2010-03-11,13.08,13.14,13.06,13.14,72000,4.784117
2010-03-10,13.16,13.26,13.05,13.10,58400,4.769554
2010-03-09,13.00,13.25,13.00,13.19,59100,4.802321
2010-03-08,13.06,13.25,13.03,13.05,50200,4.751349
2010-03-05,13.12,13.26,13.06,13.11,147100,4.773194
2010-03-04,13.05,13.07,13.00,13.07,75000,4.758631
2010-03-03,13.18,13.18,13.00,13.07,161100,4.758631
2010-03-02,13.19,13.21,13.17,13.20,45600,4.805962
2010-03-01,13.30,13.32,13.18,13.20,72500,4.805962
2010-02-26,13.00,13.32,13.00,13.23,98800,4.816885
2010-02-25,12.89,13.07,12.88,12.99,39300,4.729504
2010-02-24,12.83,13.00,12.81,12.97,42400,4.722222
2010-02-23,12.86,12.86,12.69,12.77,63600,4.649405
2010-02-22,13.04,13.04,12.81,12.84,40400,4.674891
2010-02-19,13.02,13.02,12.95,12.97,50300,4.722222
2010-02-18,13.02,13.02,12.98,13.02,56000,4.740427
2010-02-17,13.05,13.05,12.97,13.03,57300,4.744067
2010-02-16,13.10,13.13,12.86,13.02,86300,4.740427
2010-02-12,13.05,13.09,12.91,13.02,119600,4.740427
2010-02-11,13.33,13.35,13.04,13.05,112300,4.751349
2010-02-10,13.32,13.42,13.26,13.35,86700,4.860576
2010-02-09,13.45,13.45,13.28,13.40,50400,4.87878
2010-02-08,13.48,13.48,13.33,13.36,59200,4.864216
2010-02-05,13.26,13.51,13.24,13.45,55200,4.896984
2010-02-04,13.38,13.49,13.16,13.31,44700,4.846012
2010-02-03,13.25,13.47,13.25,13.45,45800,4.896984
2010-02-02,13.35,13.39,13.26,13.27,113700,4.831449
2010-02-01,13.50,13.50,13.32,13.38,26100,4.871498
2010-01-29,13.40,13.52,13.29,13.48,32900,4.907907
2010-01-28,13.56,13.56,13.27,13.39,47300,4.875139
2010-01-27,13.28,13.54,13.25,13.49,36100,4.911548
2010-01-26,13.31,13.36,13.27,13.30,78900,4.842371
2010-01-25,13.31,13.51,13.28,13.34,52800,4.856935
2010-01-22,13.30,13.36,13.18,13.25,59900,4.824167
2010-01-21,13.62,13.62,13.26,13.30,64600,4.842371
2010-01-20,13.52,13.61,13.18,13.56,53400,4.937034
2010-01-19,13.43,13.61,13.36,13.58,112000,4.944316
2010-01-15,13.40,13.42,13.17,13.40,98100,4.87878
2010-01-14,13.39,13.43,13.30,13.39,30100,4.875139
2010-01-13,13.40,13.45,13.33,13.39,32300,4.875139
2010-01-12,13.35,13.41,13.34,13.40,58800,4.87878
2010-01-11,13.40,13.45,13.30,13.41,54000,4.882421
2010-01-08,13.48,13.50,13.34,13.40,70200,4.87878
2010-01-07,13.48,13.61,13.46,13.49,211300,4.911548
2010-01-06,13.37,13.54,13.22,13.23,69200,4.816885
2010-01-05,13.59,13.62,13.30,13.32,69200,4.849653
2010-01-04,13.58,13.85,13.52,13.57,68300,4.940675
2009-12-31,13.51,13.55,13.49,13.51,25400,4.91883
2009-12-30,13.59,13.59,13.39,13.53,50500,4.926111
2009-12-29,13.75,13.80,13.50,13.55,68100,4.933393
2009-12-28,14.14,14.14,13.94,14.11,149500,4.937034
2009-12-24,14.10,14.11,14.00,14.11,59800,4.937034
2009-12-23,14.09,14.10,13.98,14.02,60400,4.905544
2009-12-22,13.97,14.07,13.92,14.00,61000,4.898545
2009-12-21,14.22,14.29,13.91,13.95,148600,4.881051
2009-12-18,13.75,14.07,13.73,14.03,360100,4.909042
2009-12-17,13.57,13.78,13.57,13.73,78400,4.804073
2009-12-16,13.47,13.62,13.47,13.62,62500,4.765585
2009-12-15,13.66,13.71,13.31,13.32,64200,4.660616
2009-12-14,13.68,13.74,13.63,13.66,106600,4.779581
2009-12-11,13.42,13.68,13.42,13.65,45500,4.776082
2009-12-10,13.53,13.62,13.31,13.36,43200,4.674612
2009-12-09,13.40,13.58,13.28,13.50,59000,4.723597
2009-12-08,13.40,13.63,13.36,13.39,82600,4.685109
2009-12-07,13.57,13.85,13.38,13.44,188000,4.702603
2009-12-04,13.71,13.75,13.48,13.50,113100,4.723597
2009-12-03,13.30,13.70,13.
30,13.49,96200,4.720098
2009-12-02,13.19,13.27,13.14,13.27,89200,4.643121
2009-12-01,13.29,13.31,13.08,13.18,110600,4.611631
2009-11-30,13.20,13.33,12.95,13.10,442400,4.583639
2009-11-27,13.15,13.25,13.11,13.20,63800,4.618628
2009-11-25,13.57,13.57,13.31,13.35,78100,4.671113
2009-11-24,13.65,13.71,13.37,13.53,161400,4.734094
2009-11-23,13.84,13.85,13.60,13.62,126800,4.765585
2009-11-20,13.68,13.72,13.57,13.57,275500,4.74809
2009-11-19,13.67,13.86,13.59,13.64,311000,4.772583
2009-11-18,13.82,13.82,13.65,13.74,302100,4.807572
2009-11-17,13.64,13.84,13.44,13.82,72000,4.835564
2009-11-16,13.58,13.90,13.53,13.68,79900,4.786579
2009-11-13,13.46,13.76,13.17,13.48,67100,4.716599
2009-11-12,13.56,13.59,13.30,13.42,70100,4.695606
2009-11-11,13.62,13.63,13.45,13.56,45500,4.744591
2009-11-10,13.56,13.56,13.22,13.49,48400,4.720098
2009-11-09,13.73,13.84,13.59,13.64,57100,4.772583
2009-11-06,13.37,13.54,13.34,13.54,51200,4.737593
2009-11-05,13.20,13.50,13.17,13.47,46200,4.713101
2009-11-04,13.26,13.36,13.10,13.10,49400,4.583639
2009-11-03,13.16,13.36,13.10,13.23,80100,4.629125
2009-11-02,13.46,13.46,12.84,13.20,126300,4.618628
2009-10-30,13.28,13.42,13.16,13.35,128700,4.671113
2009-10-29,13.22,13.44,13.17,13.32,66000,4.660616
2009-10-28,13.13,13.38,13.04,13.04,125200,4.562645
2009-10-27,13.61,13.61,13.07,13.12,179000,4.590637
2009-10-26,13.48,13.66,13.32,13.62,260600,4.765585
2009-10-23,13.36,13.59,13.34,13.48,144000,4.716599
2009-10-22,13.31,13.68,13.31,13.33,192500,4.664115
2009-10-21,13.50,13.70,13.35,13.38,95400,4.68161
2009-10-20,13.82,13.82,13.53,13.55,30100,4.741092
2009-10-19,13.40,13.89,13.39,13.84,51200,4.842562
2009-10-16,13.43,13.50,13.30,13.42,47600,4.695606
2009-10-15,13.46,13.55,13.44,13.50,193900,4.723597
2009-10-14,13.42,13.69,13.40,13.55,140400,4.741092
2009-10-13,13.53,13.62,13.30,13.38,81500,4.68161
2009-10-12,13.86,13.91,12.77,13.53,529500,4.734094
2009-10-09,13.93,13.97,13.76,13.86,121700,4.84956
2009-10-08,13.96,13.97,13.85,13.93,63000,4.874053
2009-10-07,13.90,14.04,13.86,13.91,80100,4.867055
2009-10-06,13.85,13.97,13.78,13.96,181500,4.88455
2009-10-05,13.75,13.80,13.56,13.76,179200,4.81457
2009-10-02,13.60,13.77,13.45,13.72,145500,4.800575
2009-10-01,14.10,14.10,13.68,13.70,283600,4.793577
2009-09-30,14.25,14.45,13.87,14.20,1490300,4.846061
2009-09-29,14.30,14.69,14.17,14.59,363800,4.979157
2009-09-28,14.00,14.40,13.78,14.27,318200,4.86995
2009-09-25,14.12,14.40,14.12,14.23,212300,4.856299
2009-09-24,14.46,14.48,13.65,14.08,275900,4.805108
2009-09-23,14.60,14.69,14.43,14.46,114700,4.934792
2009-09-22,14.30,14.73,14.25,14.59,286300,4.979157
2009-09-21,14.27,14.45,14.24,14.30,110000,4.880188
2009-09-18,13.98,14.35,13.98,14.30,108100,4.880188
2009-09-17,14.43,14.43,13.95,13.95,105100,4.760743
2009-09-16,14.53,14.89,14.02,14.30,313700,4.880188
2009-09-15,13.96,14.37,13.92,14.37,146900,4.904077
2009-09-14,13.99,14.00,13.91,13.97,74600,4.767569
2009-09-11,13.80,13.97,13.79,13.97,150400,4.767569
2009-09-10,13.77,13.88,13.76,13.77,118800,4.699314
2009-09-09,13.77,13.82,13.64,13.76,129200,4.695902
2009-09-08,13.90,13.95,13.77,13.78,82900,4.702727
2009-09-04,13.95,13.95,13.79,13.83,105900,4.71979
2009-09-03,13.85,13.96,13.84,13.95,66600,4.760743
2009-09-02,13.95,14.05,13.77,13.80,118900,4.709552
2009-09-01,14.02,14.10,13.85,13.90,76100,4.743679
2009-08-31,13.90,14.44,13.90,14.00,220800,4.777807
2009-08-28,14.00,14.00,13.89,13.90,78100,4.743679
2009-08-27,13.92,14.09,13.92,14.00,75200,4.777807
2009-08-26,13.75,14.07,13.7
5,13.98,138300,4.770981
2009-08-25,14.02,14.14,13.75,13.76,88600,4.695902
2009-08-24,14.09,14.27,14.00,14.00,49500,4.777807
2009-08-21,13.99,14.15,13.99,14.10,21700,4.811934
2009-08-20,13.78,13.98,13.78,13.97,87800,4.767569
2009-08-19,13.75,13.90,13.70,13.80,105100,4.709552
2009-08-18,13.80,13.81,13.76,13.80,27300,4.709552
2009-08-17,13.79,13.85,13.54,13.78,213000,4.702727
2009-08-14,13.90,13.94,13.81,13.85,37200,4.726616
2009-08-13,13.70,13.90,13.65,13.85,98600,4.726616
2009-08-12,13.40,13.70,13.26,13.69,74400,4.672012
2009-08-11,13.48,13.62,13.29,13.36,154300,4.559393
2009-08-10,13.20,13.48,13.20,13.48,94500,4.600345
2009-08-07,13.40,13.40,13.18,13.19,81300,4.501376
2009-08-06,13.42,13.46,13.31,13.35,58400,4.55598
2009-08-05,13.58,13.75,13.33,13.40,144900,4.573043
2009-08-04,13.32,13.46,13.24,13.44,131500,4.586694
2009-08-03,13.24,13.37,13.12,13.30,309900,4.538916
2009-07-31,12.95,13.50,12.95,13.25,293100,4.521853
2009-07-30,13.07,13.07,12.80,12.85,193800,4.385344
2009-07-29,12.85,12.88,12.75,12.80,224700,4.36828
2009-07-28,12.52,12.95,12.52,12.88,181300,4.395582
2009-07-27,12.54,12.75,12.51,12.75,60900,4.351217
2009-07-24,12.57,12.60,12.45,12.51,112400,4.269312
2009-07-23,12.29,12.57,12.27,12.55,200000,4.282962
2009-07-22,12.40,12.43,12.06,12.29,269700,4.194232
2009-07-21,12.28,12.30,12.08,12.15,128200,4.146454
2009-07-20,12.32,12.44,12.25,12.31,87500,4.201057
2009-07-17,12.30,12.35,12.18,12.32,74100,4.20447
2009-07-16,12.09,12.32,12.05,12.32,109800,4.20447
2009-07-15,12.20,12.26,12.06,12.11,164800,4.132803
2009-07-14,11.90,12.10,11.88,12.05,182800,4.112327
2009-07-13,11.90,11.95,11.85,11.90,127900,4.061136
2009-07-10,11.82,11.92,11.82,11.90,44700,4.061136
2009-07-09,11.90,12.00,11.80,11.84,192400,4.040659
2009-07-08,11.97,12.03,11.81,11.87,122400,4.050897
2009-07-07,11.95,12.07,11.88,11.95,222000,4.078199
2009-07-06,11.95,11.98,11.87,11.95,110900,4.078199
2009-07-02,11.95,11.97,11.87,11.97,97300,4.085025
2009-07-01,11.92,11.99,11.85,11.93,266900,4.071374
2009-06-30,11.85,11.91,11.80,11.90,166700,4.061136
2009-06-29,11.90,11.93,11.80,11.85,85300,4.044072
2009-06-26,11.90,11.96,11.85,11.89,107500,4.057723
2009-06-25,11.85,11.90,11.85,11.88,58300,4.05431
2009-06-24,11.86,11.89,11.80,11.84,121400,4.040659
2009-06-23,11.84,11.91,11.80,11.84,101600,4.040659
2009-06-22,11.81,11.91,11.71,11.83,135700,4.037247
2009-06-19,11.88,12.01,11.81,11.81,244800,4.030421
2009-06-18,11.75,11.93,11.68,11.85,331400,4.044072
2009-06-17,11.66,11.76,11.52,11.75,158700,4.009945
2009-06-16,11.65,11.87,11.57,11.71,418200,3.996294