Date,Open,High,Low,Close,Volume,Adj Close
2016-08-05,8.39,8.39,8.08,8.10,115400,8.10
2016-08-04,8.33,8.50,8.25,8.39,56200,8.39
2016-08-03,8.62,8.71,7.56,8.26,158900,8.26
2016-08-02,8.36,8.38,7.81,7.87,136200,7.87
2016-08-01,8.79,8.81,8.25,8.30,97400,8.30
2016-07-29,8.78,8.95,8.72,8.78,181900,8.78
2016-07-28,8.94,8.95,8.78,8.78,39200,8.78
2016-07-27,8.89,9.07,8.80,8.94,82900,8.94
2016-07-26,8.84,9.00,8.80,8.96,69200,8.96
2016-07-25,8.95,9.02,8.81,8.88,53500,8.88
2016-07-22,9.52,9.52,9.02,9.04,45300,9.04
2016-07-21,9.66,10.01,9.49,9.52,20700,9.52
2016-07-20,9.79,9.83,9.48,9.73,59800,9.73
2016-07-19,9.69,9.87,9.66,9.84,35900,9.84
2016-07-18,9.61,9.91,9.47,9.88,43900,9.88
2016-07-15,10.18,10.18,9.73,9.74,82100,9.74
2016-07-14,10.68,10.68,9.89,10.01,67700,10.01
2016-07-13,10.18,10.57,9.84,10.56,75500,10.56
2016-07-12,9.29,10.28,9.29,10.18,128400,10.18
2016-07-11,9.43,9.44,9.15,9.15,71400,9.15
2016-07-08,8.95,9.36,8.94,9.33,142200,9.33
2016-07-07,9.29,9.58,8.71,8.94,67600,8.94
2016-07-06,9.05,9.26,8.94,9.26,50100,9.26
2016-07-05,9.57,9.57,9.11,9.20,93000,9.20
2016-07-01,9.24,9.84,9.24,9.74,44200,9.74
2016-06-30,9.19,9.41,8.99,9.40,85500,9.40
2016-06-29,9.16,9.45,9.03,9.24,66200,9.24
2016-06-28,9.21,9.26,8.92,9.02,78900,9.02
2016-06-27,9.58,9.63,8.89,8.95,105300,8.95
2016-06-24,10.22,10.38,9.71,9.84,130700,9.84
2016-06-23,10.20,10.76,10.17,10.75,52000,10.75
2016-06-22,10.06,10.32,10.00,10.05,69300,10.05
2016-06-21,10.34,10.47,9.88,10.06,80100,10.06
2016-06-20,10.46,10.66,10.29,10.39,49800,10.39
2016-06-17,10.12,10.53,10.12,10.39,166400,10.39
2016-06-16,10.31,10.31,9.85,10.03,70900,10.03
2016-06-15,10.99,11.26,10.53,10.55,49300,10.55
2016-06-14,10.92,11.26,10.89,11.02,55400,11.02
2016-06-13,10.77,11.15,10.74,11.00,117500,11.00
2016-06-10,10.91,11.12,10.82,10.95,78100,10.95
2016-06-09,11.08,11.24,10.89,11.09,55400,11.09
2016-06-08,11.28,11.58,11.24,11.25,72100,11.25
2016-06-07,10.83,11.40,10.83,11.20,69400,11.20
2016-06-06,9.84,10.88,9.84,10.75,175400,10.75
2016-06-03,9.95,10.00,9.65,9.88,85400,9.88
2016-06-02,9.87,9.96,9.65,9.95,62500,9.95
2016-06-01,9.55,10.02,9.26,9.98,81800,9.98
2016-05-31,9.88,10.10,9.54,9.57,356200,9.57
2016-05-27,9.44,9.91,9.42,9.86,60200,9.86
2016-05-26,9.96,9.96,9.49,9.50,76500,9.50
2016-05-25,9.64,9.96,9.64,9.87,70500,9.87
2016-05-24,9.55,9.62,9.36,9.59,77800,9.59
2016-05-23,9.71,9.71,9.44,9.50,80000,9.50
2016-05-20,9.44,9.76,9.36,9.75,120700,9.75
2016-05-19,9.39,9.54,9.11,9.38,133900,9.38
2016-05-18,9.57,9.63,9.37,9.55,105800,9.55
2016-05-17,9.53,9.93,9.40,9.65,102300,9.65
2016-05-16,9.66,9.94,9.47,9.51,95700,9.51
2016-05-13,9.68,9.91,9.45,9.51,145400,9.51
2016-05-12,10.03,10.20,
9.55,9.78,151500,9.78
2016-05-11,9.43,9.94,9.30,9.86,182500,9.86
2016-05-10,9.63,9.77,9.40,9.46,180500,9.46
2016-05-09,9.56,9.64,9.24,9.58,220300,9.58
2016-05-06,9.14,9.75,9.14,9.66,182900,9.66
2016-05-05,9.34,9.46,9.13,9.28,90500,9.28
2016-05-04,8.54,9.20,8.54,9.13,168600,9.13
2016-05-03,9.45,9.84,9.12,9.54,191200,9.54
2016-05-02,9.50,9.65,9.31,9.58,83300,9.58
2016-04-29,9.74,9.94,9.36,9.53,76000,9.53
2016-04-28,9.83,10.06,9.64,9.68,118800,9.68
2016-04-27,9.49,10.06,9.49,9.87,118700,9.87
2016-04-26,9.36,9.60,9.27,9.52,67200,9.52
2016-04-25,9.98,9.98,9.20,9.33,67000,9.33
2016-04-22,9.57,10.44,9.57,9.98,191100,9.98
2016-04-21,9.70,9.86,9.50,9.58,101500,9.58
2016-04-20,9.49,9.82,9.46,9.68,76200,9.68
2016-04-19,9.20,9.60,9.20,9.50,73800,9.50
2016-04-18,8.84,9.21,8.84,9.15,60200,9.15
2016-04-15,9.14,9.23,9.03,9.07,96700,9.07
2016-04-14,9.35,9.47,9.07,9.16,146800,9.16
2016-04-13,9.13,9.42,9.03,9.31,124000,9.31
2016-04-12,8.44,9.26,8.41,9.14,154500,9.14
2016-04-11,8.38,8.71,8.37,8.41,125000,8.41
2016-04-08,8.20,8.40,8.03,8.33,182400,8.33
2016-04-07,8.00,8.27,7.96,7.99,504300,7.99
2016-04-06,8.10,8.27,7.90,8.07,166600,8.07
2016-04-05,8.60,8.63,7.97,8.07,169000,8.07
2016-04-04,8.92,9.02,8.40,8.59,145600,8.59
2016-04-01,9.10,9.10,8.51,8.90,77300,8.90
2016-03-31,9.15,9.49,9.05,9.38,90500,9.38
2016-03-30,9.26,9.67,9.05,9.20,81900,9.20
2016-03-29,8.93,9.22,8.58,9.15,231300,9.15
2016-03-28,9.05,9.16,8.71,9.05,77200,9.05
2016-03-24,8.91,9.31,8.75,9.08,149000,9.08
2016-03-23,9.55,9.55,8.98,9.00,100400,9.00
2016-03-22,9.90,10.02,9.57,9.64,96600,9.64
2016-03-21,10.58,10.85,9.87,9.98,152700,9.98
2016-03-18,10.63,10.81,10.17,10.76,151900,10.76
2016-03-17,10.23,10.56,10.20,10.45,113700,10.45
2016-03-16,9.92,10.18,9.84,10.12,63800,10.12
2016-03-15,10.43,10.43,9.71,9.85,116700,9.85
2016-03-14,10.41,10.79,10.34,10.59,101400,10.59
2016-03-11,10.30,10.69,10.30,10.67,50600,10.67
2016-03-10,10.31,10.35,10.04,10.18,50000,10.18
2016-03-09,10.41,10.53,10.16,10.38,42400,10.38
2016-03-08,11.54,11.63,10.07,10.31,97100,10.31
2016-03-07,10.87,11.76,10.87,11.76,250100,11.76
2016-03-04,10.54,11.31,10.50,11.01,123100,11.01
2016-03-03,9.91,10.75,9.91,10.55,140100,10.55
2016-03-02,9.41,9.89,9.33,9.88,85600,9.88
2016-03-01,9.36,9.75,9.30,9.52,120100,9.52
2016-02-29,9.18,9.26,8.90,9.22,260700,9.22
2016-02-26,7.03,9.38,7.03,9.24,303100,9.24
2016-02-25,7.77,7.77,7.52,7.64,161600,7.64
2016-02-24,7.75,7.80,7.54,7.75,168700,7.75
2016-02-23,8.44,8.44,7.95,7.95,70000,7.95
2016-02-22,8.21,8.70,8.21,8.46,171200,8.46
2016-02-19,8.15,8.32,8.05,8.09,80400,8.09
2016-02-18,8.48,8.50,8.16,8.20,98200,8.20
2016-02-17,8.04,8.84,8.04,8.39,213000,8.39
2016-02-16,7.65,8.15,7.65,7.99,493000,7.99
2016-02-12,7.57,7.86,7.38,7.65,661200,7.65
2016-02-11,7.84,8.10,7.48,7.52,225900,7.52
2016-02-10,8.20,8.20,7.46,7.85,117500,7.85
2016-02-09,8.45,8.55,7.90,8.19,186100,8.19
2016-02-08,8.62,8.66,8.44,8.58,96200,8.58
2016-02-05,9.10,9.23,8.73,8.78,112500,8.78
2016-02-04,9.18,9.63,9.10,9.22,75300,9.22
2016-02-03,9.03,9.18,8.
61,9.14,95800,9.14
2016-02-02,9.09,9.09,8.72,8.84,104200,8.84
2016-02-01,9.20,9.39,8.81,9.30,107700,9.30
2016-01-29,9.01,9.18,8.62,9.18,232100,9.18
2016-01-28,9.02,9.38,8.88,8.97,172700,8.97
2016-01-27,8.62,8.89,8.51,8.72,102000,8.72
2016-01-26,8.19,8.71,8.19,8.64,82800,8.64
2016-01-25,8.68,8.85,8.23,8.26,60300,8.26
2016-01-22,8.98,8.98,8.52,8.79,101500,8.79
2016-01-21,8.67,8.88,8.55,8.74,170000,8.74
2016-01-20,8.31,8.79,7.71,8.67,214000,8.67
2016-01-19,8.89,8.97,8.44,8.54,149700,8.54
2016-01-15,8.25,8.91,8.14,8.84,149900,8.84
2016-01-14,8.74,8.88,8.53,8.70,163000,8.70
2016-01-13,9.20,9.32,8.40,8.61,190200,8.61
2016-01-12,9.80,9.80,9.06,9.20,138600,9.20
2016-01-11,10.05,10.06,9.48,9.64,194600,9.64
2016-01-08,10.46,10.51,9.90,10.02,208200,10.02
2016-01-07,10.80,10.81,10.32,10.36,114600,10.36
2016-01-06,10.86,11.09,10.81,11.02,116400,11.02
2016-01-05,11.27,11.32,10.93,11.17,62700,11.17
2016-01-04,11.16,11.31,10.84,11.28,88600,11.28
2015-12-31,11.06,11.32,11.03,11.15,110100,11.15
2015-12-30,11.30,11.48,10.94,11.06,62700,11.06
2015-12-29,11.60,11.62,11.07,11.42,61400,11.42
2015-12-28,11.50,11.64,11.42,11.45,83400,11.45
2015-12-24,11.70,11.97,11.62,11.64,78300,11.64
2015-12-23,11.35,12.05,11.24,11.68,157300,11.68
2015-12-22,10.32,10.98,10.25,10.78,231000,10.78
2015-12-21,9.74,10.57,9.63,10.46,198000,10.46
2015-12-18,9.10,9.86,9.10,9.82,756800,9.82
2015-12-17,9.61,9.73,9.09,9.10,346200,9.10
2015-12-16,9.71,9.94,9.55,9.56,210700,9.56
2015-12-15,9.75,10.00,9.58,9.62,155600,9.62
2015-12-14,10.00,10.00,9.51,9.66,174600,9.66
2015-12-11,10.25,10.29,9.83,10.00,133400,10.00
2015-12-10,10.33,10.55,10.33,10.47,131300,10.47
2015-12-09,10.44,10.81,10.23,10.38,147400,10.38
2015-12-08,10.43,10.71,10.28,10.38,71800,10.38
2015-12-07,11.00,11.01,10.43,10.67,136900,10.67
2015-12-04,11.30,11.34,11.02,11.05,57800,11.05
2015-12-03,11.66,11.79,11.27,11.34,104100,11.34
2015-12-02,11.96,11.96,11.32,11.50,58200,11.50
2015-12-01,11.74,12.39,11.74,11.96,121400,11.96
2015-11-30,11.55,11.86,11.50,11.79,191900,11.79
2015-11-27,11.39,11.51,11.32,11.46,21800,11.46
2015-11-25,11.60,11.71,11.36,11.43,91500,11.43
2015-11-24,11.48,11.67,11.41,11.60,118000,11.60
2015-11-23,11.25,11.53,11.16,11.44,69100,11.44
2015-11-20,11.19,11.29,10.99,11.22,83300,11.22
2015-11-19,11.21,11.30,10.98,11.14,205500,11.14
2015-11-18,11.19,11.43,11.03,11.28,90700,11.28
2015-11-17,11.56,11.61,11.15,11.18,199100,11.18
2015-11-16,11.45,11.67,11.04,11.43,134200,11.43
2015-11-13,11.37,11.60,11.24,11.43,133900,11.43
2015-11-12,10.95,11.54,10.94,11.41,193100,11.41
2015-11-11,11.69,11.69,11.11,11.16,175400,11.16
2015-11-10,11.68,11.79,11.55,11.68,119700,11.68
2015-11-09,11.64,12.05,11.52,11.79,226200,11.79
2015-11-06,11.68,11.68,11.25,11.61,353100,11.61
2015-11-05,12.60,12.64,11.83,11.87,323100,11.87
2015-11-04,13.64,13.78,13.00,13.61,101800,13.61
2015-11-03,13.79,14.02,13.50,13.68,94200,13.68
2015-11-02,13.88,14.11,13.58,13.70,99500,13.70
2015-10-30,14.32,14.35,13.71,13.91,247800,13.91
2015-10-29,13.96,14.45,13.84,14.32,139600,14.32
2015-10-28,13.50,14.01,13.26,13.97,302400,13.97
2015-10-27,13.76,13.76,12.87,13.34,199700,13.34
2015-10
-26,14.70,14.70,13.56,13.78,119900,13.78
2015-10-23,14.60,15.17,14.44,14.81,135200,14.81
2015-10-22,16.84,16.84,14.24,14.68,605200,14.68
2015-10-21,18.07,18.24,17.51,17.57,101000,17.57
2015-10-20,17.450001,18.040001,17.34,17.969999,180300,17.969999
2015-10-19,18.09,18.09,17.48,17.530001,71300,17.530001
2015-10-16,18.309999,18.309999,17.690001,18.26,160200,18.26
2015-10-15,17.799999,18.26,17.360001,18.25,78500,18.25
2015-10-14,18.040001,18.17,17.59,17.74,94400,17.74
2015-10-13,17.93,18.49,17.83,18.10,159200,18.10
2015-10-12,18.120001,18.200001,17.860001,18.02,206400,18.02
2015-10-09,17.84,18.35,17.77,18.139999,287500,18.139999
2015-10-08,16.98,17.799999,16.91,17.790001,116100,17.790001
2015-10-07,16.610001,17.18,16.530001,17.059999,204400,17.059999
2015-10-06,16.02,16.65,15.90,16.41,134400,16.41
2015-10-05,15.30,16.10,15.23,16.02,80500,16.02
2015-10-02,14.53,15.25,14.17,15.21,145900,15.21
2015-10-01,15.07,15.22,14.48,14.67,185400,14.67
2015-09-30,14.62,15.23,14.21,14.97,627900,14.97
2015-09-29,15.10,15.24,14.42,14.52,329500,14.52
2015-09-28,16.08,16.09,15.04,15.07,161200,15.07
2015-09-25,16.24,16.440001,15.76,16.24,249200,16.24
2015-09-24,16.24,16.25,15.77,16.139999,139200,16.139999
2015-09-23,16.90,17.41,16.209999,16.41,397700,16.41
2015-09-22,16.459999,17.290001,16.43,16.700001,301900,16.700001
2015-09-21,16.67,16.940001,16.52,16.59,71300,16.59
2015-09-18,16.559999,16.950001,16.360001,16.52,350900,16.52
2015-09-17,17.040001,17.33,16.719999,16.809999,566600,16.809999
2015-09-16,16.58,17.25,16.58,17.110001,456200,17.110001
2015-09-15,15.92,16.790001,15.92,16.530001,105600,16.530001
2015-09-14,15.61,15.78,15.52,15.61,87700,15.61
2015-09-11,15.54,15.83,15.39,15.75,146300,15.75
2015-09-10,15.80,15.84,15.36,15.73,125900,15.73
2015-09-09,16.139999,16.290001,15.57,15.69,123200,15.69
2015-09-08,16.02,16.549999,16.00,16.209999,93100,16.209999
2015-09-04,16.16,16.290001,15.89,15.93,195300,15.93
2015-09-03,16.469999,16.59,16.23,16.280001,145700,16.280001
2015-09-02,16.540001,16.540001,15.81,16.50,108700,16.50
2015-09-01,16.58,17.00,16.15,16.290001,105500,16.290001
2015-08-31,16.10,17.030001,15.96,16.90,146900,16.90
2015-08-28,15.24,16.25,15.24,16.15,166000,16.15
2015-08-27,14.88,15.56,14.80,15.33,142000,15.33
2015-08-26,15.34,15.39,14.27,14.65,272700,14.65
2015-08-25,16.299999,16.299999,15.03,15.03,55800,15.03
2015-08-24,15.28,16.379999,15.28,15.94,168100,15.94
2015-08-21,16.190001,16.620001,16.129999,16.190001,83000,16.190001
2015-08-20,17.799999,17.90,16.110001,16.639999,130100,16.639999
2015-08-19,18.139999,18.32,17.02,17.959999,225900,17.959999
2015-08-18,18.23,18.459999,17.879999,18.190001,77000,18.190001
2015-08-17,18.219999,18.51,18.01,18.290001,40700,18.290001
2015-08-14,17.91,18.280001,17.77,18.200001,53100,18.200001
2015-08-13,18.40,18.51,17.809999,17.950001,75700,17.950001
2015-08-12,18.120001,18.459999,17.860001,18.290001,52600,18.290001
2015-08-11,18.25,18.639999,18.02,18.42,51000,18.42
2015-08-10,17.82,18.459999,17.809999,18.389999,89500,18.389999
2015-08-07,17.73,18.190001,17.549999,17.83,136500,17.83
2015-08-06,17.58,18.15,17.559999,17.90,133000,17.90
2015-08-05,17.25,19.129999,16.93,17.60,251100,17.60
2015-08-04,16.09,16.16,15.49,15.98,224600,15.98
2015-08-03,
16.700001,16.799999,15.94,16.049999,209300,16.049999
2015-07-31,17.58,17.76,16.82,16.93,249700,16.93
2015-07-30,17.440001,17.780001,17.309999,17.610001,53600,17.610001
2015-07-29,17.34,17.940001,17.26,17.530001,91600,17.530001
2015-07-28,17.07,17.389999,16.74,17.360001,82600,17.360001
2015-07-27,16.92,17.26,16.790001,17.030001,112400,17.030001
2015-07-24,17.68,17.68,16.99,17.07,96400,17.07
2015-07-23,17.950001,18.08,17.33,17.76,79000,17.76
2015-07-22,18.280001,18.459999,17.860001,17.969999,101300,17.969999
2015-07-21,18.51,18.879999,18.26,18.440001,85800,18.440001
2015-07-20,18.90,18.90,18.24,18.469999,102700,18.469999
2015-07-17,19.15,19.18,18.879999,18.93,58300,18.93
2015-07-16,19.25,19.370001,19.059999,19.08,51400,19.08
2015-07-15,19.32,19.35,19.01,19.17,77800,19.17
2015-07-14,19.549999,19.59,19.33,19.440001,81300,19.440001
2015-07-13,19.440001,19.85,19.440001,19.60,87200,19.60
2015-07-10,19.73,19.969999,19.34,19.469999,38300,19.469999
2015-07-09,19.879999,20.120001,19.40,19.610001,115100,19.610001
2015-07-08,20.07,20.07,19.440001,19.60,152500,19.60
2015-07-07,20.129999,20.43,19.440001,20.209999,129500,20.209999
2015-07-06,19.99,20.24,19.700001,20.190001,84400,20.190001
2015-07-02,20.17,20.35,20.049999,20.16,50300,20.16
2015-07-01,20.59,20.59,19.67,20.139999,139000,20.139999
2015-06-30,20.58,20.60,20.110001,20.48,203500,20.48
2015-06-29,20.50,20.84,20.309999,20.34,89300,20.34
2015-06-26,20.76,20.76,20.190001,20.700001,253400,20.700001
2015-06-25,20.43,20.879999,20.16,20.799999,89900,20.799999
2015-06-24,19.76,20.49,19.76,20.450001,74000,20.450001
2015-06-23,19.77,19.92,19.58,19.889999,35100,19.889999
2015-06-22,19.51,19.83,19.370001,19.73,87800,19.73
2015-06-19,19.34,19.49,19.049999,19.40,164300,19.40
2015-06-18,19.879999,19.879999,19.120001,19.41,98200,19.41
2015-06-17,20.08,20.15,19.76,19.82,55900,19.82
2015-06-16,19.809999,20.040001,19.65,20.00,115900,20.00
2015-06-15,20.030001,20.059999,19.309999,19.950001,93100,19.950001
2015-06-12,20.07,20.26,19.76,20.049999,47000,20.049999
2015-06-11,20.40,20.49,19.870001,20.10,57200,20.10
2015-06-10,20.43,20.889999,20.41,20.43,59600,20.43
2015-06-09,19.959999,20.280001,19.959999,20.190001,47500,20.190001
2015-06-08,20.440001,20.49,19.889999,19.93,40600,19.93
2015-06-05,19.950001,21.040001,19.950001,20.41,85500,20.41
2015-06-04,20.84,20.84,19.610001,20.09,140700,20.09
2015-06-03,21.15,21.549999,20.780001,21.08,82500,21.08
2015-06-02,20.639999,21.450001,20.639999,21.219999,106100,21.219999
2015-06-01,21.08,21.08,20.60,20.780001,48800,20.780001
2015-05-29,20.969999,21.17,20.84,21.00,70700,21.00
2015-05-28,21.08,21.120001,20.93,21.01,54900,21.01
2015-05-27,21.120001,21.129999,20.719999,21.129999,77400,21.129999
2015-05-26,21.040001,21.120001,20.77,21.040001,100600,21.040001
2015-05-22,21.33,21.77,21.059999,21.27,105300,21.27
2015-05-21,21.50,22.299999,21.290001,21.51,91100,21.51
2015-05-20,22.059999,22.059999,21.40,21.60,82600,21.60
2015-05-19,21.91,22.07,21.290001,21.969999,120900,21.969999
2015-05-18,21.940001,22.48,21.629999,22.120001,127400,22.120001
2015-05-15,21.709999,22.190001,21.469999,22.040001,39000,22.040001
2015-05-14,21.629999,22.059999,21.559999,21.75,33800,21.75
2015-05-13,21.73,21.74,21.42,21.549999,63300,21.549999
2015-05-12,22.00,22.09,21.49,21.629999,62500,21.629999
2015-05-11,22.139999,22.25,21.950001,21.98,53100,21.98
2015-05-08,21.99,22.07,21.629999,22.040001,52500,22.040001
2015-05-07,21.41,21.719999,21.00,21.65,84100,21.65
2015-05-06,22.049999,22.459999,20.719999,21.530001,120100,21.530001
2015-05-05,22.110001,22.68,21.98,22.2
3,107300,22.23
2015-05-04,22.18,22.549999,21.93,22.08,49000,22.08
2015-05-01,22.16,22.35,21.610001,22.18,63900,22.18
2015-04-30,22.66,22.90,22.139999,22.18,133300,22.18
2015-04-29,22.66,22.940001,22.469999,22.85,46800,22.85
2015-04-28,22.26,22.870001,22.209999,22.860001,62000,22.860001
2015-04-27,22.200001,22.52,22.040001,22.24,62100,22.24
2015-04-24,22.860001,23.040001,21.870001,22.15,60300,22.15
2015-04-23,22.959999,23.129999,22.85,22.91,32300,22.91
2015-04-22,22.93,23.15,22.42,22.85,41100,22.85
2015-04-21,24.040001,24.23,22.85,22.98,80900,22.98
2015-04-20,24.00,24.25,23.98,24.030001,83100,24.030001
2015-04-17,24.09,24.23,23.139999,23.75,97700,23.75
2015-04-16,23.889999,24.60,23.799999,24.26,172700,24.26
2015-04-15,22.84,24.030001,22.74,24.01,275300,24.01
2015-04-14,22.49,22.92,22.35,22.719999,54100,22.719999
2015-04-13,22.91,23.00,22.459999,22.50,83400,22.50
2015-04-10,22.92,23.00,22.700001,22.780001,45600,22.780001
2015-04-09,22.15,22.790001,22.08,22.790001,182900,22.790001
2015-04-08,21.690001,22.23,21.60,22.08,136400,22.08
2015-04-07,21.67,22.129999,21.48,21.51,178900,21.51
2015-04-06,20.99,21.790001,20.889999,21.639999,139000,21.639999
2015-04-02,20.84,21.32,20.790001,21.030001,86800,21.030001
2015-04-01,20.780001,21.50,20.75,20.91,85400,20.91
2015-03-31,21.040001,21.33,20.719999,20.84,260400,20.84
2015-03-30,21.32,21.610001,21.01,21.26,95900,21.26
2015-03-27,21.370001,21.370001,21.00,21.25,81700,21.25
2015-03-26,21.360001,21.690001,21.15,21.370001,49900,21.370001
2015-03-25,21.059999,21.48,20.82,21.26,95600,21.26
2015-03-24,21.23,21.34,20.790001,21.02,154100,21.02
2015-03-23,21.48,21.90,21.299999,21.309999,85400,21.309999
2015-03-20,21.450001,21.59,20.93,21.48,235100,21.48
2015-03-19,21.01,21.26,20.629999,21.26,119500,21.26
2015-03-18,20.59,21.309999,20.219999,21.290001,149900,21.290001
2015-03-17,20.18,20.73,20.18,20.719999,125800,20.719999
2015-03-16,20.389999,20.59,20.00,20.41,82600,20.41
2015-03-13,20.32,20.73,20.09,20.719999,169700,20.719999
2015-03-12,20.32,20.459999,19.84,20.26,191400,20.26
2015-03-11,21.34,21.34,19.34,20.23,454800,20.23
2015-03-10,22.139999,22.139999,21.27,21.66,241000,21.66
2015-03-09,21.940001,22.469999,21.860001,22.34,133800,22.34
2015-03-06,21.940001,22.280001,21.860001,22.00,66300,22.00
2015-03-05,21.90,22.34,21.65,22.200001,102600,22.200001
2015-03-04,22.27,22.309999,21.549999,21.99,106100,21.99
2015-03-03,22.32,23.040001,22.26,22.379999,74900,22.379999
2015-03-02,22.059999,22.60,21.719999,22.370001,64200,22.370001
2015-02-27,22.32,22.52,22.059999,22.059999,81900,22.059999
2015-02-26,22.690001,22.690001,22.209999,22.299999,63700,22.299999
2015-02-25,22.15,22.780001,22.00,22.709999,56100,22.709999
2015-02-24,22.389999,22.879999,21.98,22.120001,87800,22.120001
2015-02-23,22.49,22.52,21.860001,22.43,61300,22.43
2015-02-20,22.76,22.85,22.33,22.549999,52100,22.549999
2015-02-19,22.32,22.85,22.32,22.709999,56300,22.709999
2015-02-18,22.200001,22.559999,22.10,22.52,54300,22.52
2015-02-17,22.870001,23.07,21.90,22.40,85900,22.40
2015-02-13,22.51,23.15,22.469999,23.10,117700,23.10
2015-02-12,22.25,22.59,22.18,22.309999,89300,22.309999
2015-02-11,21.76,22.139999,21.73,22.00,147600,22.00
2015-02-10,22.33,22.52,21.799999,21.92,159800,21.92
2015-02-09,22.83,23.139999,22.33,22.360001,124900,22.360001
2015-02-06,23.68,23.68,22.889999,23.09,105600,23.09
2015-02-05,23.860001,24.23,22.93,23.48,100200,23.48
2015-02-04,23.52,24.00,23.50,23.799999,77200,23.799999
2015-02-03,23.530001,24.35,23.299999,23.73,73100,23.73
2015-02-02,22.67,23.299999,22.42,23.280001,61400,23.280001
2015-01-30,22.3
09999,22.940001,22.309999,22.52,112700,22.52
2015-01-29,22.75,23.049999,22.219999,22.52,91300,22.52
2015-01-28,23.360001,23.549999,22.50,22.52,100700,22.52
2015-01-27,23.93,24.059999,23.280001,23.32,80900,23.32
2015-01-26,23.469999,24.15,23.35,24.09,82500,24.09
2015-01-23,22.82,23.77,22.530001,23.549999,183900,23.549999
2015-01-22,22.00,22.73,21.82,22.690001,284100,22.690001
2015-01-21,21.719999,21.879999,21.07,21.23,106700,21.23
2015-01-20,21.85,21.99,21.620001,21.719999,142600,21.719999
2015-01-16,21.110001,21.950001,21.110001,21.90,92100,21.90
2015-01-15,21.16,21.360001,20.91,21.16,87000,21.16
2015-01-14,20.76,21.209999,20.50,20.99,94300,20.99
2015-01-13,20.459999,20.91,20.450001,20.870001,126500,20.870001
2015-01-12,20.280001,20.32,19.59,20.25,60500,20.25
2015-01-09,20.379999,20.620001,20.190001,20.370001,73700,20.370001
2015-01-08,20.48,20.83,20.200001,20.440001,269500,20.440001
2015-01-07,20.309999,20.530001,19.780001,20.200001,80600,20.200001
2015-01-06,21.129999,21.26,20.049999,20.280001,186200,20.280001
2015-01-05,21.49,21.49,20.58,20.889999,144700,20.889999
2015-01-02,21.32,21.58,20.790001,21.48,71300,21.48
2014-12-31,21.209999,21.440001,20.940001,21.15,73600,21.15
2014-12-30,21.24,21.370001,21.02,21.25,67200,21.25
2014-12-29,21.200001,21.700001,21.18,21.24,60600,21.24
2014-12-26,21.00,21.379999,20.77,21.290001,86900,21.290001
2014-12-24,21.75,21.75,20.93,21.129999,52200,21.129999
2014-12-23,21.65,22.01,21.219999,21.889999,77800,21.889999
2014-12-22,21.93,22.030001,20.85,21.49,133700,21.49
2014-12-19,21.200001,22.24,21.120001,21.91,377700,21.91
2014-12-18,21.34,21.459999,21.07,21.209999,146400,21.209999
2014-12-17,20.450001,21.370001,20.370001,21.139999,152400,21.139999
2014-12-16,20.559999,21.00,20.35,20.40,406200,20.40
2014-12-15,20.16,20.65,20.040001,20.559999,223400,20.559999
2014-12-12,19.67,20.379999,19.67,20.10,144700,20.10
2014-12-11,20.110001,20.790001,20.10,20.15,147800,20.15
2014-12-10,21.02,21.02,19.85,20.08,147300,20.08
2014-12-09,20.17,21.24,20.110001,21.18,108800,21.18
2014-12-08,21.33,21.370001,20.34,20.379999,84000,20.379999
2014-12-05,21.620001,21.860001,21.43,21.52,96700,21.52
2014-12-04,21.58,21.85,21.42,21.66,117300,21.66
2014-12-03,21.01,21.83,20.889999,21.66,108600,21.66
2014-12-02,20.790001,21.66,20.780001,21.059999,175100,21.059999
2014-12-01,20.879999,21.040001,19.959999,20.799999,152600,20.799999
2014-11-28,23.48,23.48,21.049999,21.049999,217500,21.049999
2014-11-26,23.77,23.98,23.129999,23.459999,90200,23.459999
2014-11-25,24.290001,24.42,23.82,23.84,51100,23.84
2014-11-24,23.90,24.290001,23.77,24.219999,120400,24.219999
2014-11-21,24.25,24.25,23.67,23.90,104100,23.90
2014-11-20,23.58,24.059999,23.370001,23.98,129600,23.98
2014-11-19,24.84,24.92,23.610001,23.629999,152900,23.629999
2014-11-18,24.639999,24.959999,24.629999,24.92,83400,24.92
2014-11-17,24.99,25.030001,24.59,24.65,71300,24.65
2014-11-14,25.15,25.33,24.91,25.040001,76100,25.040001
2014-11-13,25.370001,25.370001,24.860001,25.09,142400,25.09
2014-11-12,24.43,25.389999,24.43,25.280001,312000,25.280001
2014-11-11,24.440001,24.58,24.280001,24.440001,276600,24.440001
2014-11-10,24.280001,24.639999,24.129999,24.530001,188100,24.530001
2014-11-07,23.75,24.280001,23.66,24.27,164800,24.27
2014-11-06,23.10,23.85,22.91,23.74,358200,23.74
2014-11-05,22.959999,22.959999,21.07,22.50,306700,22.50
2014-11-04,23.799999,24.129999,23.540001,23.700001,176700,23.700001
2014-11-03,23.48,24.33,23.43,23.780001,206300,23.780001
2014-10-31,23.66,23.73,22.
959999,23.389999,144500,23.389999
2014-10-30,22.620001,23.610001,22.620001,23.280001,97400,23.280001
2014-10-29,22.57,22.950001,22.57,22.76,60600,22.76
2014-10-28,21.77,22.50,21.75,22.50,141700,22.50
2014-10-27,21.459999,21.719999,20.93,21.66,103600,21.66
2014-10-24,21.700001,21.82,21.360001,21.68,64000,21.68
2014-10-23,21.42,21.719999,21.42,21.610001,185300,21.610001
2014-10-22,21.299999,21.719999,21.299999,21.40,91800,21.40
2014-10-21,20.809999,21.34,20.809999,21.25,411300,21.25
2014-10-20,20.92,21.450001,20.780001,20.799999,128500,20.799999
2014-10-17,21.530001,21.66,21.01,21.07,173600,21.07
2014-10-16,20.84,21.629999,20.639999,21.26,119800,21.26
2014-10-15,20.43,21.139999,19.530001,21.049999,220400,21.049999
2014-10-14,20.940001,21.219999,20.799999,20.879999,148900,20.879999
2014-10-13,20.84,21.209999,20.75,20.870001,94700,20.870001
2014-10-10,20.99,21.40,20.790001,20.879999,78500,20.879999
2014-10-09,22.049999,22.049999,21.10,21.129999,103700,21.129999
2014-10-08,22.07,22.15,21.17,22.120001,93200,22.120001
2014-10-07,22.10,22.309999,22.030001,22.15,104700,22.15
2014-10-06,21.98,22.200001,21.799999,22.10,117500,22.10
2014-10-03,21.98,22.559999,21.76,21.99,89800,21.99
2014-10-02,21.41,21.85,21.08,21.74,211000,21.74
2014-10-01,21.66,21.870001,21.370001,21.42,154500,21.42
2014-09-30,22.23,22.24,21.75,21.75,108200,21.75
2014-09-29,22.67,22.809999,22.17,22.26,73400,22.26
2014-09-26,22.610001,23.049999,22.610001,22.83,235700,22.83
2014-09-25,22.66,22.790001,22.18,22.549999,70900,22.549999
2014-09-24,22.860001,22.860001,22.440001,22.700001,52000,22.700001
2014-09-23,23.01,23.09,22.73,22.76,68500,22.76
2014-09-22,23.379999,23.379999,23.00,23.110001,59600,23.110001
2014-09-19,23.92,24.15,23.27,23.42,156800,23.42
2014-09-18,24.02,24.10,23.790001,23.92,35200,23.92
2014-09-17,23.959999,24.41,23.959999,24.00,72800,24.00
2014-09-16,24.200001,24.200001,23.83,23.99,91300,23.99
2014-09-15,24.67,24.68,24.23,24.32,57300,24.32
2014-09-12,24.67,24.82,24.32,24.73,70300,24.73
2014-09-11,24.780001,24.860001,24.309999,24.629999,119800,24.629999
2014-09-10,24.950001,25.139999,24.68,24.93,37300,24.93
2014-09-09,25.27,25.27,24.870001,25.00,49200,25.00
2014-09-08,25.23,25.700001,25.23,25.34,93100,25.34
2014-09-05,25.469999,25.540001,24.74,25.26,270100,25.26
2014-09-04,25.709999,26.09,25.51,25.60,69900,25.60
2014-09-03,25.719999,25.85,25.49,25.60,96700,25.60
2014-09-02,25.709999,25.73,25.440001,25.559999,83900,25.559999
2014-08-29,25.74,25.950001,25.33,25.610001,106300,25.610001
2014-08-28,25.82,25.90,25.690001,25.76,53500,25.76
2014-08-27,25.860001,26.219999,25.83,25.950001,54600,25.950001
2014-08-26,25.809999,25.99,25.690001,25.860001,79700,25.860001
2014-08-25,26.01,26.09,25.57,25.799999,60000,25.799999
2014-08-22,25.85,26.059999,25.719999,25.809999,62100,25.809999
2014-08-21,26.01,26.110001,25.690001,25.889999,151000,25.889999
2014-08-20,26.51,26.51,25.959999,26.049999,81600,26.049999
2014-08-19,26.83,26.92,26.459999,26.52,52700,26.52
2014-08-18,26.700001,26.90,26.639999,26.790001,50100,26.790001
2014-08-15,27.10,27.27,26.42,26.440001,122700,26.440001
2014-08-14,26.00,26.98,26.00,26.860001,107700,26.860001
2014-08-13,25.709999,26.01,25.690001,25.77,68900,25.77
2014-08-12,25.75,25.780001,25.440001,25.67,157600,25.67
2014-08-11,25.690001,26.27,25.690001,25.860001,138700,25.860001
2014-08-08,25.559999,25.83,25.50,25.67,287400,25.67
2014-08-07,25.50,25.60,25.120001,25.57,196700,25.57
2014-08-06,25.85,25.85,25.01,25.50,258400,25.50
2014-08-05,25.860001,26.290001,25.75,25.91,112500,25.91
2014-08-04,26.58
,26.58,25.879999,26.00,134800,26.00
2014-08-01,26.790001,27.02,26.35,26.549999,93100,26.549999
2014-07-31,27.66,27.67,26.799999,26.799999,194700,26.799999
2014-07-30,28.110001,28.23,27.59,27.90,88100,27.90
2014-07-29,28.219999,28.379999,27.85,28.00,118700,28.00
2014-07-28,28.07,28.33,27.83,28.24,183000,28.24
2014-07-25,27.969999,28.26,27.780001,28.15,193400,28.15
2014-07-24,28.360001,28.549999,27.91,28.16,167400,28.16
2014-07-23,28.41,28.57,28.190001,28.360001,135100,28.360001
2014-07-22,28.379999,28.540001,27.959999,28.440001,222800,28.440001
2014-07-21,28.110001,28.459999,27.780001,28.309999,62500,28.309999
2014-07-18,28.23,28.620001,28.02,28.360001,66400,28.360001
2014-07-17,28.16,28.530001,28.110001,28.309999,80000,28.309999
2014-07-16,28.84,28.99,28.35,28.42,39500,28.42
2014-07-15,29.040001,29.120001,28.50,28.790001,45600,28.790001
2014-07-14,29.379999,29.379999,28.98,29.049999,35900,29.049999
2014-07-11,29.41,29.690001,29.01,29.139999,115000,29.139999
2014-07-10,29.280001,29.700001,29.280001,29.51,82500,29.51
2014-07-09,29.75,29.959999,29.50,29.73,85100,29.73
2014-07-08,29.290001,29.700001,29.120001,29.59,131600,29.59
2014-07-07,29.40,29.66,29.049999,29.360001,109000,29.360001
2014-07-03,29.07,29.639999,29.030001,29.32,52800,29.32
2014-07-02,29.030001,29.32,28.93,28.969999,70500,28.969999
2014-07-01,28.76,29.370001,28.59,29.040001,97800,29.040001
2014-06-30,28.809999,28.82,28.370001,28.68,57300,28.68
2014-06-27,28.549999,28.799999,28.389999,28.790001,95200,28.790001
2014-06-26,28.50,28.65,28.26,28.620001,22900,28.620001
2014-06-25,28.360001,28.59,28.26,28.51,40100,28.51
2014-06-24,29.049999,29.40,28.34,28.48,49200,28.48
2014-06-23,29.59,29.59,28.76,28.959999,25000,28.959999
2014-06-20,29.75,29.75,28.780001,29.530001,105200,29.530001
2014-06-19,29.200001,29.700001,29.200001,29.559999,54900,29.559999
2014-06-18,28.59,29.280001,28.59,29.25,36000,29.25
2014-06-17,28.690001,29.110001,28.50,28.66,56000,28.66
2014-06-16,28.42,29.129999,28.23,28.65,51300,28.65
2014-06-13,28.93,29.02,28.120001,28.370001,56400,28.370001
2014-06-12,29.34,29.34,28.50,28.809999,83000,28.809999
2014-06-11,29.49,29.530001,28.889999,29.370001,42200,29.370001
2014-06-10,29.42,29.690001,29.200001,29.530001,138800,29.530001
2014-06-09,29.389999,29.57,29.25,29.440001,53900,29.440001
2014-06-06,29.190001,29.52,29.190001,29.360001,83400,29.360001
2014-06-05,28.66,29.360001,28.290001,29.190001,41600,29.190001
2014-06-04,28.60,28.75,28.34,28.68,32700,28.68
2014-06-03,28.92,29.07,28.25,28.719999,63400,28.719999
2014-06-02,29.370001,29.52,28.84,28.940001,87300,28.940001
2014-05-30,29.52,29.60,28.889999,29.219999,89100,29.219999
2014-05-29,29.41,29.68,29.360001,29.43,39500,29.43
2014-05-28,29.790001,29.790001,29.23,29.42,62000,29.42
2014-05-27,29.91,30.219999,29.57,29.77,58000,29.77
2014-05-23,29.65,29.780001,29.379999,29.719999,43700,29.719999
2014-05-22,29.43,29.83,29.059999,29.559999,36100,29.559999
2014-05-21,29.51,29.51,28.950001,29.35,73200,29.35
2014-05-20,29.99,29.99,29.049999,29.40,85100,29.40
2014-05-19,29.74,30.18,29.67,30.09,47000,30.09
2014-05-16,29.469999,29.879999,29.43,29.860001,83300,29.860001
2014-05-15,29.18,29.75,29.139999,29.530001,106600,29.530001
2014-05-14,30.200001,30.200001,29.26,29.32,80500,29.32
2014-05-13,30.030001,30.379999,29.82,30.32,77700,30.32
2014-05-12,29.639999,30.17,29.629999,30.07,70000,30.07
2014-05-09,29.08,29.610001,29.08,29.469999,59100,29.469999
2014-05-08,29.34,29.50,28.950001,29.120001,60800,29.
120001
2014-05-07,28.51,29.370001,28.25,29.25,97600,29.25
2014-05-06,28.23,28.690001,27.950001,28.370001,97800,28.370001
2014-05-05,28.17,28.469999,27.98,28.41,95600,28.41
2014-05-02,28.25,28.74,28.09,28.280001,64000,28.280001
2014-05-01,28.700001,29.17,27.540001,28.219999,178500,28.219999
2014-04-30,28.49,28.719999,28.25,28.549999,90700,28.549999
2014-04-29,28.459999,28.82,28.379999,28.49,49600,28.49
2014-04-28,28.290001,28.42,27.91,28.290001,65700,28.290001
2014-04-25,28.129999,28.290001,27.85,28.139999,71900,28.139999
2014-04-24,28.549999,28.549999,28.01,28.17,100300,28.17
2014-04-23,28.67,28.77,28.32,28.389999,52900,28.389999
2014-04-22,28.389999,29.00,28.129999,28.65,91800,28.65
2014-04-21,28.459999,28.459999,28.18,28.290001,18800,28.290001
2014-04-17,27.92,28.610001,27.68,28.459999,55500,28.459999
2014-04-16,28.01,28.10,27.51,28.00,76500,28.00
2014-04-15,28.190001,28.25,27.08,27.889999,107900,27.889999
2014-04-14,28.73,28.83,27.58,28.059999,80400,28.059999
2014-04-11,28.99,29.48,28.290001,28.41,105400,28.41
2014-04-10,30.450001,30.60,29.18,29.280001,66200,29.280001
2014-04-09,30.49,30.65,30.15,30.48,54400,30.48
2014-04-08,30.200001,30.690001,30.040001,30.360001,81000,30.360001
2014-04-07,29.99,30.25,29.690001,29.969999,145300,29.969999
2014-04-04,30.610001,30.84,30.00,30.15,66400,30.15
2014-04-03,30.639999,30.75,30.299999,30.42,68100,30.42
2014-04-02,30.25,30.60,30.02,30.60,79300,30.60
2014-04-01,29.379999,30.18,29.32,30.15,163500,30.15
2014-03-31,29.74,29.74,28.799999,29.309999,319900,29.309999
2014-03-28,28.780001,29.60,28.50,29.530001,99300,29.530001
2014-03-27,29.129999,29.40,28.629999,28.77,73100,28.77
2014-03-26,29.43,29.43,28.85,29.09,116700,29.09
2014-03-25,29.440001,29.719999,29.18,29.360001,88900,29.360001
2014-03-24,30.00,30.35,29.209999,29.360001,78800,29.360001
2014-03-21,29.299999,30.040001,29.290001,30.030001,182300,30.030001
2014-03-20,29.110001,29.379999,28.60,29.25,96400,29.25
2014-03-19,29.24,29.450001,28.58,29.24,105000,29.24
2014-03-18,29.75,29.75,28.950001,29.370001,134500,29.370001
2014-03-17,29.82,30.25,29.65,29.870001,68400,29.870001
2014-03-14,29.00,29.66,29.00,29.60,66100,29.60
2014-03-13,29.35,29.459999,28.75,29.00,94000,29.00
2014-03-12,29.00,29.280001,28.709999,29.190001,84700,29.190001
2014-03-11,29.60,29.60,28.90,29.139999,75100,29.139999
2014-03-10,29.33,29.959999,29.01,29.469999,96300,29.469999
2014-03-07,29.60,30.00,29.16,29.469999,64900,29.469999
2014-03-06,29.030001,29.48,28.77,29.42,263200,29.42
2014-03-05,29.059999,29.290001,28.559999,28.90,101800,28.90
2014-03-04,28.48,29.26,28.43,29.15,310600,29.15
2014-03-03,27.60,28.459999,26.870001,28.09,206300,28.09
2014-02-28,28.48,28.59,28.049999,28.25,86000,28.25
2014-02-27,28.25,28.540001,28.00,28.370001,44500,28.370001
2014-02-26,28.33,28.57,27.59,28.389999,120300,28.389999
2014-02-25,28.60,28.620001,27.58,27.66,47900,27.66
2014-02-24,28.360001,28.90,28.35,28.700001,106300,28.700001
2014-02-21,28.33,28.549999,27.870001,28.309999,76900,28.309999
2014-02-20,27.85,28.370001,27.549999,28.200001,42100,28.200001
2014-02-19,27.540001,28.02,27.540001,27.75,61300,27.75
2014-02-18,27.790001,27.969999,27.15,27.65,70400,27.65
2014-02-14,28.01,28.01,27.58,27.67,41800,27.67
2014-02-13,27.82,28.120001,27.540001,28.00,104600,28.00
2014-02-12,28.08,28.10,27.67,28.02,118600,28.02
2014-02-11,28.290001,28.40,27.639999,27.969999,120000,27.969999
2014-02-10,28.059999,28.209999,27.60,28.209999,93000,28.209999
2014-02-07,28.15,28.67,27.68,28.01,117600,28.01
2014-02-06,28.290001,28.67,27.940001,28.129999,94900,28.129999
2014-02-05,28.16,28.690001,27.629999,28.209999,88100,28.209999
2014-02-0
4,28.030001,28.90,27.799999,28.33,63600,28.33
2014-02-03,29.290001,29.60,27.530001,27.959999,95100,27.959999
2014-01-31,29.10,29.379999,28.530001,29.290001,85500,29.290001
2014-01-30,28.540001,29.91,28.23,29.540001,179000,29.540001
2014-01-29,29.25,29.25,28.00,28.24,84000,28.24
2014-01-28,29.51,29.959999,28.75,29.549999,84300,29.549999
2014-01-27,30.110001,30.379999,29.309999,29.42,84900,29.42
2014-01-24,30.299999,30.60,29.969999,30.139999,144600,30.139999
2014-01-23,30.639999,30.93,30.33,30.52,138400,30.52
2014-01-22,30.90,31.01,30.58,30.67,130000,30.67
2014-01-21,30.940001,31.120001,30.610001,30.940001,65400,30.940001
2014-01-17,30.799999,31.280001,30.379999,30.559999,94100,30.559999
2014-01-16,31.059999,31.219999,30.540001,30.780001,67200,30.780001
2014-01-15,30.780001,31.559999,30.58,31.049999,48800,31.049999
2014-01-14,30.690001,31.030001,30.450001,30.709999,47600,30.709999
2014-01-13,31.190001,31.389999,30.01,30.52,91400,30.52
2014-01-10,31.17,31.59,30.90,31.34,64000,31.34
2014-01-09,30.799999,31.15,30.59,31.08,97900,31.08
2014-01-08,31.16,31.25,30.370001,30.65,165200,30.65
2014-01-07,31.790001,31.969999,30.940001,31.24,91200,31.24
2014-01-06,31.959999,31.99,30.90,31.67,124200,31.67
2014-01-03,30.879999,31.790001,30.790001,31.65,45100,31.65
2014-01-02,30.860001,30.889999,30.26,30.889999,58700,30.889999
2013-12-31,30.700001,31.049999,30.40,30.860001,47000,30.860001
2013-12-30,30.76,30.76,30.51,30.620001,92500,30.620001
2013-12-27,31.27,31.27,30.030001,30.85,71100,30.85
2013-12-26,30.379999,31.190001,30.08,31.129999,44800,31.129999
2013-12-24,31.129999,31.129999,30.09,30.16,52700,30.16
2013-12-23,31.709999,32.560001,30.60,31.040001,101900,31.040001
2013-12-20,31.40,31.75,30.950001,31.530001,188100,31.530001
2013-12-19,31.85,32.209999,31.309999,31.469999,54300,31.469999
2013-12-18,31.50,32.029999,31.15,31.98,108500,31.98
2013-12-17,31.76,31.77,31.120001,31.50,66700,31.50
2013-12-16,31.93,32.040001,31.200001,31.85,136900,31.85
2013-12-13,32.23,32.630001,31.48,31.90,168300,31.90
2013-12-12,32.869999,33.07,31.969999,32.07,443600,32.07
2013-12-11,33.349998,33.599998,32.540001,32.810001,81000,32.810001
2013-12-10,33.610001,33.970001,32.959999,33.220001,92100,33.220001
2013-12-09,34.189999,34.400002,32.869999,33.610001,157600,33.610001
2013-12-06,33.529999,34.639999,33.130001,34.060001,69500,34.060001
2013-12-05,32.830002,33.259998,32.549999,33.130001,93800,33.130001
2013-12-04,32.93,33.349998,32.209999,32.77,118400,32.77
2013-12-03,32.349998,33.25,32.209999,33.16,315700,33.16
2013-12-02,33.049999,33.740002,32.169998,32.389999,146800,32.389999
2013-11-29,32.560001,33.259998,32.560001,32.630001,33200,32.630001
2013-11-27,32.099998,33.189999,31.969999,32.529999,220200,32.529999
2013-11-26,31.33,32.119999,31.07,32.00,45100,32.00
2013-11-25,31.309999,31.84,31.129999,31.26,60000,31.26
2013-11-22,31.549999,31.629999,31.190001,31.26,78600,31.26
2013-11-21,31.08,31.799999,31.040001,31.469999,98000,31.469999
2013-11-20,30.99,31.450001,30.99,31.25,47500,31.25
2013-11-19,31.129999,31.379999,30.73,30.85,19900,30.85
2013-11-18,31.379999,31.43,30.82,31.030001,47300,31.030001
2013-11-15,31.18,31.469999,31.00,31.24,32800,31.24
2013-11-14,31.450001,31.799999,31.10,31.23,60100,31.23
2013-11-13,31.040001,31.76,30.860001,31.440001,36300,31.440001
2013-11-12,31.15,31.32,30.879999,31.10,93000,31.10
2013-11-11,31.309999,31.59,31.02,31.15,32200,31.15
2013-11-08,30.379999,31.65,30.
209999,31.280001,48600,31.280001
2013-11-07,30.58,30.700001,30.27,30.40,171500,30.40
2013-11-06,30.90,31.08,30.41,30.440001,161400,30.440001
2013-11-05,30.77,30.98,30.57,30.790001,42000,30.790001
2013-11-04,30.99,31.17,30.610001,30.90,48400,30.90
2013-11-01,31.540001,31.610001,30.25,30.790001,82500,30.790001
2013-10-31,32.790001,32.950001,31.57,31.60,89600,31.60
2013-10-30,32.57,33.200001,32.470001,32.889999,156600,32.889999
2013-10-29,31.60,32.48,31.60,32.450001,107200,32.450001
2013-10-28,31.59,31.75,31.23,31.50,146700,31.50
2013-10-25,32.049999,32.080002,31.43,31.50,179400,31.50
2013-10-24,32.740002,32.740002,31.77,31.91,137200,31.91
2013-10-23,32.049999,32.82,31.84,32.599998,145600,32.599998
2013-10-22,31.25,32.279999,31.25,32.130001,171200,32.130001
2013-10-21,31.02,31.469999,30.959999,31.08,146200,31.08
2013-10-18,30.23,31.27,29.93,31.07,194500,31.07
2013-10-17,29.85,30.10,29.58,29.93,199100,29.93
2013-10-16,29.950001,30.26,29.719999,29.889999,246400,29.889999
2013-10-15,29.280001,29.940001,29.280001,29.799999,185000,29.799999
2013-10-14,28.49,29.66,28.309999,29.26,196800,29.26
2013-10-11,28.40,28.889999,28.25,28.700001,177600,28.700001
2013-10-10,27.719999,28.83,27.700001,28.459999,99900,28.459999
2013-10-09,27.450001,27.719999,26.799999,27.379999,37300,27.379999
2013-10-08,27.110001,27.73,26.969999,27.360001,45000,27.360001
2013-10-07,26.959999,27.219999,26.75,27.049999,29400,27.049999
2013-10-04,26.889999,27.299999,26.629999,27.139999,93400,27.139999
2013-10-03,27.309999,27.309999,26.59,26.959999,101800,26.959999
2013-10-02,27.59,27.59,27.200001,27.440001,50100,27.440001
2013-10-01,27.290001,27.82,27.15,27.76,114100,27.76
2013-09-30,27.09,27.35,26.870001,27.18,89400,27.18
2013-09-27,27.450001,27.700001,26.959999,27.299999,37000,27.299999
2013-09-26,27.75,27.75,27.379999,27.65,98800,27.65
2013-09-25,27.75,27.85,27.40,27.700001,126300,27.700001
2013-09-24,27.60,27.950001,27.059999,27.719999,81900,27.719999
2013-09-23,27.450001,27.59,26.799999,27.50,52400,27.50
2013-09-20,26.84,27.50,26.50,27.42,106800,27.42
2013-09-19,26.98,26.98,26.34,26.690001,35900,26.690001
2013-09-18,26.59,27.040001,26.200001,26.98,61400,26.98
2013-09-17,26.01,26.690001,25.809999,26.51,33500,26.51
2013-09-16,26.799999,26.799999,25.76,26.09,54100,26.09
2013-09-13,26.68,26.83,26.16,26.42,28200,26.42
2013-09-12,26.50,26.530001,25.959999,26.52,47700,26.52
2013-09-11,26.24,26.48,26.059999,26.48,61200,26.48
2013-09-10,26.290001,26.450001,25.66,26.200001,36800,26.200001
2013-09-09,26.00,26.129999,25.35,26.08,56400,26.08
2013-09-06,25.780001,25.959999,25.360001,25.809999,59900,25.809999
2013-09-05,25.530001,25.879999,25.219999,25.629999,71100,25.629999
2013-09-04,24.860001,25.58,24.85,25.58,366500,25.58
2013-09-03,24.73,25.26,24.200001,24.790001,150300,24.790001
2013-08-30,25.860001,25.91,24.82,24.83,55900,24.83
2013-08-29,25.469999,25.969999,25.27,25.93,49400,25.93
2013-08-28,25.10,25.459999,25.10,25.440001,23100,25.440001
2013-08-27,24.860001,25.309999,24.860001,25.059999,78500,25.059999
2013-08-26,25.610001,25.610001,24.719999,25.139999,69200,25.139999
2013-08-23,25.889999,26.00,25.370001,25.48,29200,25.48
2013-08-22,25.809999,25.99,25.690001,25.889999,14500,25.889999
2013-08-21,25.459999,25.950001,25.459999,25.65,41000,25.65
2013-08-20,25.370001,25.60,25.26,25.43,47800,25.43
2013-08-19,25.57,25.57,25.15,25.27,34100,25.27
2013-08-16,25.07,25.610001,25.00,25.52,57200,25.52
2013-08-15,25.629999,25.629999,25.15,25.200001,80200,25.
200001
2013-08-14,25.91,26.209999,25.90,26.00,66200,26.00
2013-08-13,26.049999,26.190001,25.709999,25.83,22900,25.83
2013-08-12,26.09,26.85,25.799999,26.01,33800,26.01
2013-08-09,26.17,26.299999,25.959999,26.17,25300,26.17
2013-08-08,25.690001,26.24,25.690001,26.17,60100,26.17
2013-08-07,24.90,25.540001,24.870001,25.50,38400,25.50
2013-08-06,25.440001,25.440001,24.67,24.870001,25200,24.870001
2013-08-05,24.540001,25.459999,24.40,25.440001,41700,25.440001
2013-08-02,24.49,24.58,24.25,24.50,105000,24.50
2013-08-01,24.639999,24.75,24.35,24.52,73700,24.52
2013-07-31,24.469999,24.629999,24.32,24.389999,37100,24.389999
2013-07-30,24.48,24.48,24.280001,24.389999,53900,24.389999
2013-07-29,24.50,24.50,24.17,24.299999,82400,24.299999
2013-07-26,24.860001,24.860001,24.219999,24.610001,42800,24.610001
2013-07-25,25.030001,25.15,24.91,25.040001,69400,25.040001
2013-07-24,25.360001,25.360001,25.00,25.08,34000,25.08
2013-07-23,25.549999,25.549999,25.17,25.219999,25000,25.219999
2013-07-22,25.34,25.74,25.200001,25.540001,52900,25.540001
2013-07-19,25.450001,25.49,25.00,25.24,100200,25.24
2013-07-18,25.620001,25.74,25.389999,25.48,39500,25.48
2013-07-17,25.75,25.940001,25.389999,25.51,50100,25.51
2013-07-16,25.76,25.780001,25.49,25.50,55000,25.50
2013-07-15,26.26,26.26,25.43,25.68,92000,25.68
2013-07-12,26.309999,26.440001,25.99,26.129999,63600,26.129999
2013-07-11,26.040001,26.370001,25.780001,26.27,89400,26.27
2013-07-10,25.549999,25.809999,25.50,25.629999,171000,25.629999
2013-07-09,25.33,25.68,25.290001,25.48,111500,25.48
2013-07-08,25.059999,25.379999,24.68,25.08,146600,25.08
2013-07-05,25.129999,25.15,24.700001,24.91,63700,24.91
2013-07-03,25.120001,25.25,24.389999,24.77,471600,24.77
2013-07-02,25.26,25.43,24.40,25.33,185800,25.33
2013-07-01,26.129999,26.129999,24.83,25.549999,254600,25.549999
2013-06-28,27.219999,27.219999,25.360001,26.15,1435300,26.15
2013-06-27,27.459999,27.93,27.15,27.33,127000,27.33
2013-06-26,26.629999,27.75,26.540001,27.389999,128800,27.389999
2013-06-25,25.790001,26.620001,25.450001,26.42,69100,26.42
2013-06-24,25.559999,26.469999,25.49,25.66,105000,25.66
2013-06-21,26.32,26.92,25.780001,25.99,188600,25.99
2013-06-20,26.370001,27.18,25.58,26.23,89500,26.23
2013-06-19,27.440001,27.75,26.629999,26.870001,50300,26.870001
2013-06-18,26.50,27.709999,25.959999,27.57,75200,27.57
2013-06-17,27.66,27.66,26.290001,26.559999,54600,26.559999
2013-06-14,27.25,28.030001,26.93,27.67,95300,27.67
2013-06-13,25.84,27.459999,25.799999,27.440001,95400,27.440001
2013-06-12,25.60,25.98,25.450001,25.799999,46500,25.799999
2013-06-11,24.969999,25.60,24.879999,25.469999,21200,25.469999
2013-06-10,25.25,25.49,24.889999,25.219999,35000,25.219999
2013-06-07,25.190001,26.23,24.879999,25.59,55400,25.59
2013-06-06,24.24,25.209999,24.10,25.110001,45700,25.110001
2013-06-05,25.290001,25.290001,24.16,24.299999,62200,24.299999
2013-06-04,26.50,27.00,25.059999,25.15,284700,25.15
2013-06-03,26.26,26.82,25.799999,26.50,134700,26.50
2013-05-31,25.92,26.07,25.51,25.76,46300,25.76
2013-05-30,25.99,26.049999,25.66,25.99,26900,25.99
2013-05-29,25.08,26.280001,24.73,25.969999,23700,25.969999
2013-05-28,25.200001,25.440001,24.969999,25.10,23100,25.10
2013-05-24,25.459999,25.610001,24.82,25.01,61100,25.01
2013-05-23,25.24,25.610001,24.74,25.549999,21900,25.549999
2013-05-22,26.25,26.35,25.15,25.469999,26800,25.469999
2013-05-21,24.82,26.40,24.82,26.360001,174300,26.360001
2013-05-20,24.67,25.18,24.40,24.610001,55600,24.610001
2013-05-17,25.309999,25.450001,24.66,24.92,107800,24.92
2013-05-16,26.549999,27.719999,25.299999,25.389999,64100,25.389999
2013-05-15,24.889999,26.
74,24.82,26.48,96000,26.48
2013-05-14,24.889999,24.93,24.379999,24.790001,26100,24.790001
2013-05-13,24.709999,25.16,24.540001,24.969999,40600,24.969999
2013-05-10,24.799999,25.02,24.799999,25.02,23200,25.02
2013-05-09,24.76,25.07,24.50,24.889999,51700,24.889999
2013-05-08,24.99,25.00,24.370001,24.799999,65600,24.799999
2013-05-07,24.34,24.950001,24.34,24.91,41000,24.91
2013-05-06,24.24,24.50,23.969999,24.440001,24400,24.440001
2013-05-03,23.559999,24.82,23.559999,24.24,93800,24.24
2013-05-02,23.34,23.74,23.34,23.48,44800,23.48
2013-05-01,22.799999,23.49,22.719999,23.219999,121000,23.219999
2013-04-30,22.879999,22.940001,22.76,22.85,79000,22.85
2013-04-29,22.82,22.90,22.66,22.799999,68900,22.799999
2013-04-26,22.700001,22.969999,22.469999,22.790001,208100,22.790001
2013-04-25,23.18,23.18,22.450001,22.60,81600,22.60
2013-04-24,23.10,23.40,22.879999,23.129999,46700,23.129999
2013-04-23,22.790001,23.10,22.790001,23.059999,81800,23.059999
2013-04-22,23.190001,23.190001,22.66,22.709999,178400,22.709999
2013-04-19,23.190001,23.190001,22.690001,23.08,52900,23.08
2013-04-18,23.33,23.33,23.02,23.09,58800,23.09
2013-04-17,23.190001,23.530001,23.09,23.26,54200,23.26
2013-04-16,23.68,24.120001,23.139999,23.290001,155800,23.290001
2013-04-15,24.67,25.09,23.440001,23.549999,47200,23.549999
2013-04-12,25.17,25.219999,24.559999,24.91,181100,24.91
2013-04-11,24.00,25.10,23.91,25.10,250800,25.10
2013-04-10,22.74,24.049999,22.73,24.049999,139700,24.049999
2013-04-09,22.280001,22.940001,22.25,22.75,116200,22.75
2013-04-08,21.790001,22.32,21.66,22.32,102400,22.32
2013-04-05,20.91,21.709999,20.860001,21.59,273800,21.59
2013-04-04,21.23,21.299999,20.85,21.049999,105300,21.049999
2013-04-03,21.299999,21.57,21.110001,21.299999,703900,21.299999
2013-04-02,21.00,21.370001,20.92,21.290001,491500,21.290001
2013-04-01,20.99,21.01,20.90,21.00,168000,21.00
2013-03-28,20.969999,21.110001,20.77,21.00,1206900,21.00
2013-03-27,20.700001,21.00,20.51,20.959999,94900,20.959999
2013-03-26,21.00,21.040001,20.77,20.82,55400,20.82
2013-03-25,20.90,21.07,20.75,21.07,338100,21.07
2013-03-22,20.700001,21.00,20.629999,20.959999,225400,20.959999
2013-03-21,20.309999,20.75,20.219999,20.690001,83200,20.690001
2013-03-20,20.540001,20.540001,20.049999,20.389999,79300,20.389999
2013-03-19,20.549999,20.59,20.10,20.48,42000,20.48
2013-03-18,20.219999,20.60,20.049999,20.60,79100,20.60
2013-03-15,20.59,20.59,20.00,20.389999,373400,20.389999
2013-03-14,20.40,20.620001,20.24,20.610001,34700,20.610001
2013-03-13,20.059999,20.48,19.91,20.459999,76100,20.459999
2013-03-12,19.99,20.18,19.73,19.98,154700,19.98
2013-03-11,20.379999,20.379999,19.24,20.059999,89900,20.059999
2013-03-08,19.50,20.370001,19.26,20.360001,125900,20.360001
2013-03-07,19.889999,19.889999,18.549999,19.540001,375100,19.540001
2013-03-06,19.92,20.18,19.84,19.879999,140500,19.879999
2013-03-05,19.950001,20.26,19.40,20.00,198700,20.00
2013-03-04,19.889999,19.969999,19.35,19.75,74400,19.75
2013-03-01,19.85,20.059999,19.379999,19.790001,182100,19.790001
2013-02-28,20.26,20.559999,20.10,20.190001,180900,20.190001
2013-02-27,20.76,20.77,20.129999,20.32,97400,20.32
2013-02-26,20.610001,21.00,20.610001,20.77,108500,20.77
2013-02-25,21.25,21.360001,20.34,20.540001,76200,20.540001
2013-02-22,20.950001,21.360001,20.790001,21.00,102000,21.00
2013-02-21,20.90,21.00,20.559999,20.940001,46400,20.940001
2013-02-20,21.00,21.00,20.42,20.75,57800,20.75
2013-02-19,21.00,21.00,20.700001,20.99,301600,20.99
2013-02-15,20.85,21.15,20.57,20.870001,368700,20.870001
2013-02-14,20.889999,21.059999,20.50,20.82,248400,20.82
2013-02-13,21.
35,21.610001,20.719999,21.00,220100,21.00
2013-02-12,20.809999,21.440001,20.469999,21.209999,142400,21.209999
2013-02-11,20.65,21.309999,20.549999,21.09,436200,21.09
2013-02-08,21.700001,21.700001,20.67,21.25,310200,21.25
2013-02-07,22.049999,22.219999,20.860001,21.700001,307000,21.700001
2013-02-06,23.450001,23.48,21.530001,22.49,327600,22.49
2013-02-05,21.48,23.799999,21.25,23.799999,333300,23.799999
2013-02-04,21.60,22.00,20.799999,21.440001,396200,21.440001
2013-02-01,20.190001,22.10,20.059999,21.60,832400,21.60
2013-01-31,19.41,20.60,19.41,20.389999,206500,20.389999
2013-01-30,19.75,20.00,19.01,19.90,116100,19.90
2013-01-29,19.50,20.00,19.24,20.00,54700,20.00
2013-01-28,19.65,20.00,19.00,19.65,63400,19.65
2013-01-25,18.700001,19.75,18.700001,19.50,10100,19.50
2013-01-24,18.85,19.50,18.50,19.110001,39700,19.110001
2013-01-23,18.25,19.00,18.25,18.860001,84000,18.860001
2013-01-22,12.00,18.690001,12.00,18.049999,65300,18.049999