Date,Open,High,Low,Close,Volume,Adj Close
2016-08-05,9.11,9.23,8.98,9.23,593900,9.23
2016-08-04,9.27,9.28,8.98,9.05,535800,9.05
2016-08-03,9.08,9.37,9.01,9.37,883100,9.29
2016-08-02,9.06,9.21,9.00,9.12,356900,9.042134
2016-08-01,9.30,9.30,8.99,9.03,524300,8.952903
2016-07-29,9.02,9.35,8.98,9.32,356400,9.240427
2016-07-28,9.08,9.20,8.90,9.04,274600,8.962817
2016-07-27,9.09,9.27,8.88,9.07,371100,8.992561
2016-07-26,8.70,9.18,8.70,9.09,428500,9.012391
2016-07-25,8.78,8.79,8.66,8.71,230900,8.635635
2016-07-22,8.86,8.93,8.76,8.81,298000,8.734782
2016-07-21,8.80,8.99,8.75,8.87,665300,8.794269
2016-07-20,8.65,8.96,8.46,8.81,507100,8.734782
2016-07-19,8.72,8.77,8.53,8.66,412100,8.586062
2016-07-18,9.04,9.15,8.85,8.90,334300,8.824012
2016-07-15,9.25,9.25,8.97,9.08,338000,9.002476
2016-07-14,9.10,9.24,8.95,9.18,554000,9.101622
2016-07-13,9.15,9.15,8.65,9.03,376500,8.952903
2016-07-12,8.94,9.09,8.89,9.07,558400,8.992561
2016-07-11,8.82,8.97,8.71,8.77,574600,8.695123
2016-07-08,8.45,8.82,8.40,8.74,484100,8.665379
2016-07-07,8.34,8.56,8.21,8.33,424200,8.258879
2016-07-06,8.20,8.33,8.05,8.30,890900,8.229136
2016-07-05,8.77,9.00,8.21,8.28,465900,8.209306
2016-07-01,8.57,8.96,8.55,8.86,483200,8.784354
2016-06-30,8.47,8.61,8.05,8.61,909100,8.536488
2016-06-29,8.47,8.52,8.31,8.43,637300,8.358026
2016-06-28,8.19,8.37,8.15,8.32,878900,8.248964
2016-06-27,8.33,8.43,7.92,8.11,1154200,8.040757
2016-06-24,8.76,8.76,8.21,8.49,2711900,8.417513
2016-06-23,9.16,9.24,9.05,9.13,830500,9.052049
2016-06-22,9.19,9.47,9.01,9.06,827800,8.982647
2016-06-21,9.20,9.33,9.05,9.14,680100,9.061964
2016-06-20,9.08,9.32,9.08,9.19,922400,9.111536
2016-06-17,8.72,9.30,8.64,8.89,8492500,8.814099
2016-06-16,8.70,8.83,8.39,8.68,1172500,8.605891
2016-06-15,8.37,8.97,8.35,8.81,2183600,8.734782
2016-06-14,8.12,8.36,8.00,8.35,1388600,8.278709
2016-06-13,8.25,8.36,8.01,8.11,2186700,8.040757
2016-06-10,8.16,8.16,7.92,7.95,1287400,7.882124
2016-06-09,8.58,8.58,8.19,8.31,2304500,8.239051
2016-06-08,8.53,8.77,8.26,8.63,1432200,8.556318
2016-06-07,8.93,8.93,8.42,8.43,1387800,8.358026
2016-06-06,9.41,9.50,8.89,8.93,1378100,8.853757
2016-06-03,9.05,9.42,8.79,9.39,517700,9.30983
2016-06-02,8.78,9.03,8.68,9.02,643200,8.942989
2016-06-01,9.03,9.03,8.65,8.84,661500,8.764525
2016-05-31,9.05,9.21,9.01,9.12,551300,9.042134
2016-05-27,8.78,9.04,8.76,9.03,650800,8.952903
2016-05-26,8.96,9.21,8.77,8.81,530600,8.734782
2016-05-25,8.68,9.05,8.68,8.91,712200,8.833927
2016-05-24,8.63,8.80,8.50,8.62,522400,8.54640
3
2016-05-23,8.40,8.58,8.32,8.56,673800,8.486916
2016-05-20,8.66,9.05,8.12,8.42,877300,8.348111
2016-05-19,8.26,8.72,8.19,8.62,707900,8.546403
2016-05-18,8.48,8.78,8.45,8.63,1105800,8.556318
2016-05-17,8.48,8.62,8.18,8.54,819800,8.467086
2016-05-16,8.65,8.83,8.41,8.51,910300,8.437343
2016-05-13,8.98,9.04,8.53,8.55,702200,8.477001
2016-05-12,10.05,10.08,8.99,9.02,714600,8.942989
2016-05-11,10.04,10.19,9.62,10.01,2127600,9.924536
2016-05-10,9.99,10.15,9.84,9.99,2645400,9.904706
2016-05-09,9.91,10.02,9.69,9.94,814500,9.855133
2016-05-06,9.82,10.09,8.51,10.06,989200,9.974109
2016-05-05,9.99,10.63,9.63,9.85,751900,9.765902
2016-05-04,9.86,10.03,9.61,9.90,757000,9.815475
2016-05-03,9.96,10.03,9.78,9.94,665000,9.855133
2016-05-02,10.22,10.22,9.89,10.13,439000,10.043511
2016-04-29,10.11,10.35,10.05,10.19,415700,10.102998
2016-04-28,10.15,10.46,10.03,10.09,501200,10.003853
2016-04-27,9.86,10.22,9.77,10.15,678300,10.06334
2016-04-26,9.84,10.01,9.69,9.85,539400,9.765902
2016-04-25,9.88,9.90,9.71,9.79,437500,9.706414
2016-04-22,10.09,10.23,9.82,9.95,584700,9.865048
2016-04-21,10.54,10.68,10.08,10.11,386200,10.023682
2016-04-20,10.41,10.57,10.17,10.45,321600,10.360779
2016-04-19,10.19,10.59,10.02,10.41,612900,10.32112
2016-04-18,9.93,10.12,9.40,10.12,311300,10.033596
2016-04-15,9.97,10.16,9.73,10.00,394900,9.914621
2016-04-14,10.12,10.12,9.78,9.98,330000,9.894791
2016-04-13,9.62,10.22,9.62,10.11,614600,10.023682
2016-04-12,9.46,9.64,9.34,9.56,1084600,9.478378
2016-04-11,9.38,9.72,9.34,9.40,572300,9.319743
2016-04-08,8.76,9.30,8.76,9.29,511200,9.210683
2016-04-07,8.79,8.95,8.62,8.66,550300,8.586062
2016-04-06,8.62,8.95,8.55,8.89,521300,8.814099
2016-04-05,8.55,8.93,8.48,8.61,432100,8.536488
2016-04-04,8.84,8.95,8.61,8.63,482900,8.556318
2016-04-01,8.65,9.00,8.59,8.89,544600,8.814099
2016-03-31,8.88,9.04,8.70,8.81,466300,8.734782
2016-03-30,8.92,9.16,8.84,8.89,415700,8.814099
2016-03-29,8.45,8.87,8.31,8.86,504400,8.784354
2016-03-28,8.75,8.75,8.39,8.52,603500,8.447258
2016-03-24,8.30,8.77,8.15,8.74,472700,8.665379
2016-03-23,8.67,8.70,8.34,8.35,631900,8.278709
2016-03-22,8.79,8.94,8.50,8.79,1098700,8.714952
2016-03-21,9.18,9.21,8.79,8.89,670200,8.814099
2016-03-18,9.74,9.93,9.19,9.23,4445200,9.151195
2016-03-17,9.12,9.75,9.05,9.64,863900,9.557695
2016-03-16,8.83,9.13,8.64,9.06,539800,8.982647
2016-03-15,9.06,9.17,8.64,8.86,781800,8.784354
2016-03-14,9.49,9.66,9.10,9.21,1428300,9.131366
2016-03-11,9.37,9.72,9.22,9.56,793100,9.478378
2016-03-10,9.58,9.91,9.11,9.36,697900,9.280085
2016-03-09,9.37,9.65,9.10,9.58,935600,9.498207
2016-03-08,9.85,10.11,9.31,9.33,1301900,9.250341
2016-03-07,9.40,10.37,9.40,10.02,1639600,9.934451
2016-03-04,9.13,9.45,8.92,9.33,1190200,9.250341
2016-03-03,8.70,9.10,8.58,9.05,1461700,8.972732
2016-03-02,8.17,8.75,8.11,8.69,1834200,8.615805
2016-03-01,8.00,8.34,7.97,8.18,1316900,8.11016
2016-02-29,7.73,8.13,7.67,7.86,1379900,7.792892
2016-02-26,7.
33,7.79,7.33,7.65,668900,7.584685
2016-02-25,7.33,7.44,7.14,7.27,475300,7.20793
2016-02-24,7.09,7.39,6.90,7.37,513500,7.307076
2016-02-23,7.50,7.68,7.21,7.23,417000,7.088954
2016-02-22,7.35,7.71,7.23,7.58,819300,7.432126
2016-02-19,7.27,7.55,6.99,7.30,750400,7.157589
2016-02-18,7.51,7.60,7.10,7.29,964600,7.147784
2016-02-17,7.19,7.51,7.15,7.51,1149500,7.363492
2016-02-16,7.74,7.80,7.00,7.11,2106100,6.971295
2016-02-12,7.64,7.76,7.43,7.68,701000,7.530175
2016-02-11,8.21,8.30,7.36,7.54,3009500,7.392906
2016-02-10,8.35,8.66,8.08,8.27,1024200,8.108666
2016-02-09,8.17,8.42,7.80,8.40,1409600,8.236129
2016-02-08,8.29,8.81,8.09,8.33,649400,8.167495
2016-02-05,8.76,9.21,8.35,8.35,712400,8.187105
2016-02-04,8.52,9.23,8.51,8.90,818200,8.726375
2016-02-03,8.32,8.72,8.15,8.56,489700,8.393008
2016-02-02,8.19,8.35,7.95,8.32,615000,8.15769
2016-02-01,8.39,8.41,8.20,8.36,401500,8.196909
2016-01-29,8.22,8.57,8.01,8.50,603100,8.334178
2016-01-28,8.35,8.37,8.06,8.22,251900,8.059641
2016-01-27,8.17,8.49,8.03,8.25,951900,8.089056
2016-01-26,8.06,8.26,7.90,8.22,565300,8.059641
2016-01-25,7.79,8.13,7.61,7.98,708000,7.824323
2016-01-22,8.09,8.43,7.62,7.86,1401200,7.706664
2016-01-21,8.34,8.51,7.78,7.90,1526800,7.745884
2016-01-20,8.12,8.52,7.84,8.35,1067000,8.187105
2016-01-19,8.90,8.90,8.18,8.26,1546100,8.098861
2016-01-15,9.04,9.05,8.45,8.75,757200,8.579301
2016-01-14,8.95,9.46,8.71,9.25,1306000,9.069547
2016-01-13,8.91,9.25,8.78,8.89,1003400,8.71657
2016-01-12,9.11,9.11,8.40,8.80,983100,8.628326
2016-01-11,9.21,9.25,8.82,8.88,1037500,8.706765
2016-01-08,9.84,9.84,9.09,9.10,1550800,8.922474
2016-01-07,10.50,10.50,9.63,9.77,1174800,9.579403
2016-01-06,11.17,11.23,10.70,10.77,892700,10.559895
2016-01-05,11.25,11.48,10.97,11.41,1269300,11.187409
2016-01-04,10.58,11.41,10.50,11.27,2849700,11.050141
2015-12-31,11.00,11.25,10.67,10.75,11573200,10.540284
2015-12-30,11.42,11.42,10.60,10.99,3098900,10.775602
2015-12-29,11.24,11.94,11.00,11.48,3882800,11.256043
2015-12-28,12.49,12.69,11.00,11.57,1314600,11.344287
2015-12-24,11.00,13.17,11.00,12.66,449800,12.413023
2015-12-23,10.54,10.82,10.18,10.80,344500,10.589309
2015-12-22,10.20,10.49,9.92,10.41,372200,10.206917
2015-12-21,10.42,10.43,10.00,10.18,388600,9.981405
2015-12-18,9.95,10.37,9.54,10.35,2231400,10.148088
2015-12-17,9.72,10.11,9.46,10.01,704300,9.814721
2015-12-16,9.59,9.79,9.45,9.75,418900,9.559793
2015-12-15,9.36,9.58,9.29,9.57,402900,9.383304
2015-12-14,9.21,9.37,8.94,9.30,497700,9.118572
2015-12-11,9.34,9.34,8.88,9.18,528300,9.000913
2015-12-10,9.49,9.77,9.40,9.59,380600,9.402914
2015-12-09,9.74,10.15,9.44,9.49,475600,9.304865
2015-12-08,9.83,9.85,9.52,9.68,306300,9.491159
2015-12-07,10.36,10.40,9.71,9.95,321100,9.75
5891
2015-12-04,10.71,10.97,10.41,10.48,392100,10.197112
2015-12-03,11.09,11.09,10.42,10.76,544200,10.469555
2015-12-02,10.61,11.12,10.57,11.02,690600,10.722537
2015-12-01,10.21,10.46,10.02,10.41,422300,10.129002
2015-11-30,10.26,10.53,10.07,10.17,415200,9.89548
2015-11-27,9.61,10.27,9.61,10.23,273100,9.95386
2015-11-25,9.68,10.37,9.51,9.64,445500,9.379787
2015-11-24,9.60,10.11,9.55,9.73,667100,9.467357
2015-11-23,9.67,9.87,9.45,9.59,637900,9.331136
2015-11-20,9.71,9.91,9.47,9.64,645400,9.379787
2015-11-19,9.72,9.86,9.61,9.70,360600,9.438167
2015-11-18,9.66,9.80,9.56,9.77,313800,9.506278
2015-11-17,9.89,9.91,9.49,9.55,342100,9.292216
2015-11-16,9.89,10.18,9.77,9.90,277300,9.632768
2015-11-13,10.01,10.30,9.83,9.86,431700,9.593848
2015-11-12,10.66,10.66,10.01,10.02,388200,9.74953
2015-11-11,10.66,10.96,10.59,10.80,283100,10.508475
2015-11-10,10.68,11.21,10.57,10.61,535500,10.323603
2015-11-09,11.50,11.59,10.44,10.56,1246700,10.274953
2015-11-06,12.15,12.68,11.34,11.60,660700,11.28688
2015-11-05,12.78,12.78,12.07,12.49,278100,12.152856
2015-11-04,12.71,12.83,12.49,12.81,348700,12.464219
2015-11-03,12.78,12.91,12.41,12.69,595400,12.347457
2015-11-02,12.59,13.00,12.59,12.83,380200,12.483679
2015-10-30,12.52,12.78,12.35,12.62,299200,12.279347
2015-10-29,12.54,12.66,12.34,12.49,166500,12.152856
2015-10-28,12.40,12.81,12.27,12.62,490500,12.279347
2015-10-27,12.97,13.03,12.32,12.41,300200,12.075016
2015-10-26,13.36,13.36,12.87,13.12,385300,12.76585
2015-10-23,13.05,13.35,12.86,13.35,427200,12.989643
2015-10-22,12.69,13.04,12.56,12.86,429800,12.512868
2015-10-21,12.83,12.83,12.57,12.59,400500,12.250157
2015-10-20,12.74,12.88,12.60,12.72,268600,12.376648
2015-10-19,13.16,13.30,12.65,12.77,258500,12.425299
2015-10-16,13.80,13.80,13.17,13.33,260000,12.970182
2015-10-15,13.87,14.03,13.43,13.74,473100,13.369115
2015-10-14,13.97,14.26,13.76,13.83,378300,13.456685
2015-10-13,13.81,14.24,13.72,13.99,199000,13.612366
2015-10-12,14.38,14.48,13.73,13.95,173800,13.573446
2015-10-09,13.90,14.46,13.90,14.32,355600,13.933459
2015-10-08,13.67,13.95,13.54,13.85,401700,13.476146
2015-10-07,13.58,14.12,13.48,13.74,466100,13.369115
2015-10-06,13.24,13.56,13.20,13.40,333500,13.038292
2015-10-05,12.49,13.28,12.49,13.26,457400,12.902072
2015-10-02,11.88,12.42,11.87,12.41,321000,12.075016
2015-10-01,12.15,12.26,11.78,11.96,377500,11.637163
2015-09-30,12.00,12.24,11.89,12.13,385100,11.802574
2015-09-29,12.44,12.44,11.86,11.88,579800,11.559322
2015-09-28,12.28,12.39,12.00,12.33,1184300,11.997175
2015-09-25,13.75,13.75,12.36,12.40,1010800,12.065285
2015-09-24,13.24,13.68,13.17,13.64,345100,13.271815
2015-09-23,13.84,13.93,13.30,13.39,419100,13.028563
2015-09-22,14.00,14.10,13.53,13.76,388700,13.388575
2015-09-21,14.69,14.69,14.23,14.31,329800,13.923729
2015-09-18,14.71,14.83,14.39,14.52,798300,14.128061
2015-09-17,14.75,15.30,14.59,14.97,378800,14.565914
2015-
09-16,14.30,15.12,14.30,14.78,400000,14.381042
2015-09-15,14.06,14.36,13.99,14.33,276900,13.943189
2015-09-14,14.15,14.17,13.76,14.05,342100,13.670747
2015-09-11,14.18,14.26,13.99,14.17,294800,13.787508
2015-09-10,14.28,14.42,14.15,14.29,257500,13.904269
2015-09-09,14.42,14.69,14.22,14.32,405400,13.933459
2015-09-08,13.97,14.86,13.59,14.36,513100,13.894539
2015-09-04,13.39,13.91,13.39,13.65,391800,13.207552
2015-09-03,13.64,14.03,13.54,13.61,401300,13.168849
2015-09-02,13.60,13.65,13.30,13.60,343900,13.159174
2015-09-01,13.43,13.79,13.15,13.37,708000,12.936628
2015-08-31,13.42,14.04,13.31,13.74,563100,13.294635
2015-08-28,13.59,13.79,13.22,13.47,636800,13.033387
2015-08-27,12.59,13.68,12.57,13.66,737500,13.217228
2015-08-26,13.26,13.26,12.00,12.54,960200,12.133532
2015-08-25,12.90,12.90,12.00,12.16,446800,11.765849
2015-08-24,12.75,13.13,12.42,12.42,563700,12.017422
2015-08-21,13.13,13.38,12.99,13.26,619100,12.830194
2015-08-20,13.50,13.69,13.43,13.44,445800,13.004359
2015-08-19,13.57,13.72,13.47,13.53,365300,13.091442
2015-08-18,14.39,14.39,13.59,13.74,316000,13.294635
2015-08-17,13.99,14.35,13.94,14.34,294400,13.875187
2015-08-14,13.68,14.18,13.61,14.08,281100,13.623615
2015-08-13,14.10,14.20,13.51,13.74,430900,13.294635
2015-08-12,14.18,14.27,13.63,14.16,389300,13.701022
2015-08-11,14.67,14.99,14.11,14.46,302700,13.991298
2015-08-10,14.07,14.99,14.07,14.88,433400,14.397684
2015-08-07,14.60,14.72,13.86,13.98,538100,13.526856
2015-08-06,14.64,14.98,14.50,14.73,561100,14.252545
2015-08-05,15.23,15.49,14.31,14.57,720800,14.097732
2015-08-04,15.24,15.50,15.16,15.25,310900,14.755691
2015-08-03,15.43,15.55,15.06,15.23,311000,14.736339
2015-07-31,15.48,15.66,15.37,15.44,273500,14.939532
2015-07-30,15.38,15.52,15.11,15.49,415400,14.987911
2015-07-29,15.72,16.049999,15.39,15.48,427700,14.978235
2015-07-28,15.39,15.72,14.83,15.71,848800,15.20078
2015-07-27,15.50,15.67,15.26,15.31,320700,14.813746
2015-07-24,15.97,16.26,15.55,15.61,364300,15.104021
2015-07-23,16.780001,16.940001,15.95,16.01,528300,15.491057
2015-07-22,16.700001,17.049999,16.51,16.74,528300,16.197394
2015-07-21,16.459999,16.790001,16.440001,16.719999,612700,16.178042
2015-07-20,16.879999,16.879999,16.379999,16.48,450300,15.945821
2015-07-17,17.049999,17.049999,16.690001,16.90,258700,16.352208
2015-07-16,17.08,17.17,16.84,16.98,158900,16.429615
2015-07-15,17.52,17.57,16.870001,16.98,188700,16.429615
2015-07-14,17.620001,17.620001,17.33,17.58,239500,17.010167
2015-07-13,17.309999,18.00,17.190001,17.57,483400,17.000491
2015-07-10,17.16,17.309999,16.90,17.209999,301200,16.652159
2015-07-09,16.959999,17.219999,16.67,16.889999,254300,16.342532
2015-07-08,17.15,17.58,16.559999,16.780001,526000,16.236098
2015-07-07,17.549999,17.60,16.77,17.360001,363600,16.797298
2015-07-06,17.280001,17.559999,17.190001,17.530001,363500,16.961788
2015-07-02,17.459999,17.719999,17.379999,17.48,270100,16.913408
2015-07-01,17.
809999,17.969999,17.49,17.49,346400,16.923084
2015-06-30,17.74,17.84,17.41,17.700001,406600,17.126278
2015-06-29,18.110001,18.18,17.51,17.620001,363800,17.048871
2015-06-26,18.32,18.360001,18.00,18.25,684700,17.65845
2015-06-25,18.60,18.60,18.10,18.23,354600,17.639097
2015-06-24,18.67,18.77,18.43,18.49,214200,17.89067
2015-06-23,18.41,18.709999,18.26,18.67,259900,18.064836
2015-06-22,18.67,18.68,18.26,18.379999,351300,17.784235
2015-06-19,18.85,18.940001,18.49,18.50,655400,17.900346
2015-06-18,18.99,19.110001,18.700001,18.85,353400,18.239002
2015-06-17,19.18,19.84,18.77,18.84,267700,18.229326
2015-06-16,19.129999,19.27,18.959999,19.08,158300,18.461546
2015-06-15,19.280001,19.280001,18.879999,19.110001,183300,18.490574
2015-06-12,19.42,19.49,19.18,19.389999,177100,18.761497
2015-06-11,19.370001,19.540001,19.23,19.42,213200,18.790526
2015-06-10,19.309999,19.540001,19.120001,19.389999,280500,18.761497
2015-06-09,19.23,19.459999,19.040001,19.15,180400,18.529277
2015-06-08,19.42,19.42,19.200001,19.24,162500,18.61636
2015-06-05,19.280001,19.48,19.040001,19.459999,175400,18.751821
2015-06-04,19.620001,19.620001,19.139999,19.280001,235300,18.578373
2015-06-03,19.690001,20.00,19.629999,19.690001,160500,18.973452
2015-06-02,19.33,19.92,19.33,19.59,273500,18.877091
2015-06-01,19.49,19.530001,19.120001,19.33,239900,18.626552
2015-05-29,19.50,19.65,19.16,19.33,411800,18.626552
2015-05-28,19.129999,19.57,18.93,19.49,425700,18.78073
2015-05-27,19.360001,19.389999,18.98,19.27,495400,18.568736
2015-05-26,19.58,19.74,19.190001,19.280001,371200,18.578373
2015-05-22,19.85,19.860001,19.35,19.66,451600,18.944543
2015-05-21,20.15,20.309999,19.799999,19.860001,248900,19.137265
2015-05-20,20.18,20.200001,19.959999,20.200001,281700,19.464893
2015-05-19,20.790001,20.790001,19.780001,20.120001,413800,19.387804
2015-05-18,20.700001,20.83,20.58,20.82,323500,20.062329
2015-05-15,20.67,20.85,20.48,20.790001,268400,20.033422
2015-05-14,20.540001,20.75,20.370001,20.66,276000,19.908152
2015-05-13,20.77,20.83,20.34,20.469999,449100,19.725065
2015-05-12,21.200001,21.35,20.52,20.75,427500,19.994876
2015-05-11,21.049999,21.50,20.99,21.27,454000,20.495953
2015-05-08,21.559999,21.74,20.98,21.16,1209700,20.389956
2015-05-07,19.16,20.84,18.879999,20.780001,1910500,20.023785
2015-05-06,19.35,19.35,18.99,19.17,432700,18.472375
2015-05-05,19.65,19.950001,19.030001,19.200001,1138500,18.501284
2015-05-04,20.110001,20.27,19.60,19.629999,541600,18.915634
2015-05-01,19.98,20.440001,19.950001,20.040001,382400,19.310715
2015-04-30,20.459999,20.809999,19.66,19.92,785500,19.195081
2015-04-29,20.879999,21.09,20.610001,20.620001,310300,19.869608
2015-04-28,20.940001,21.34,20.93,21.040001,280900,20.274324
2015-04-27,21.200001,21.75,20.83,20.860001,303900,20.100874
2015-04-24,21.08,21.549999,21.08,21.17,142200,20.399592
2015-04-23,20.33,21.190001,20.110001,21.00,313700,20.235779
2015-04-22,20.82,20.98,20.35,20.459999,621100,19.715429
2015-04-21,21.030001,21.15,20.639999,20.889999,476100,20.129781
2015-04-20,21.059999,21.08,20.879999,21.02,654300,20.2
55051
2015-04-17,20.790001,21.120001,20.57,20.93,284300,20.168326
2015-04-16,21.24,21.360001,20.91,20.99,247700,20.226142
2015-04-15,21.02,21.309999,20.91,21.25,720800,20.476681
2015-04-14,20.780001,21.049999,20.700001,20.91,680900,20.149054
2015-04-13,20.799999,21.059999,20.51,20.780001,319000,20.023785
2015-04-10,21.030001,21.049999,20.469999,20.85,410900,20.091238
2015-04-09,20.809999,21.07,20.50,20.84,548100,20.081601
2015-04-08,20.85,20.99,20.50,20.76,670600,20.004513
2015-04-07,20.940001,21.18,20.879999,20.889999,329300,20.129781
2015-04-06,21.00,21.49,20.889999,20.99,582200,20.226142
2015-04-02,19.67,21.99,19.50,21.120001,2347000,20.351412
2015-04-01,18.940001,19.690001,18.92,19.59,913000,18.877091
2015-03-31,18.91,19.030001,18.450001,18.92,834500,18.231473
2015-03-30,18.74,19.040001,18.74,18.959999,248200,18.270016
2015-03-27,18.559999,18.85,18.34,18.700001,341000,18.01948
2015-03-26,18.82,19.129999,18.299999,18.57,481500,17.89421
2015-03-25,19.23,19.389999,18.65,18.799999,449000,18.115839
2015-03-24,19.34,19.41,19.15,19.23,244300,18.530191
2015-03-23,19.16,19.43,18.93,19.309999,450600,18.60728
2015-03-20,18.75,19.32,17.59,19.16,1445000,18.462739
2015-03-19,18.870001,18.870001,18.030001,18.59,416700,17.913482
2015-03-18,18.15,19.00,17.91,18.969999,404800,18.279653
2015-03-17,17.98,18.23,17.809999,18.219999,538900,17.556946
2015-03-16,18.209999,18.299999,17.790001,18.08,350600,17.422042
2015-03-13,18.129999,18.25,17.83,18.139999,838900,17.479858
2015-03-12,17.799999,18.18,17.379999,18.110001,688500,17.450951
2015-03-11,16.950001,17.76,16.700001,17.690001,975600,17.046235
2015-03-10,16.969999,17.02,16.65,16.860001,600300,16.24644
2015-03-09,17.389999,17.49,17.040001,17.209999,517800,16.583701
2015-03-06,17.16,17.459999,17.030001,17.35,483200,16.718608
2015-03-05,17.24,17.629999,17.059999,17.360001,821500,16.728244
2015-03-04,17.08,17.459999,16.92,17.290001,758000,16.660792
2015-03-03,17.190001,17.450001,16.99,17.25,740700,16.622247
2015-03-02,16.559999,17.219999,16.34,17.18,452500,16.554794
2015-02-27,16.60,16.879999,16.450001,16.65,391200,16.044081
2015-02-26,16.940001,17.00,16.48,16.700001,674100,16.092263
2015-02-25,15.93,16.969999,15.93,16.91,1074100,16.29462
2015-02-24,15.90,16.200001,15.74,15.87,767900,15.292467
2015-02-23,16.219999,17.18,15.74,15.99,2270900,15.331011
2015-02-20,15.74,15.76,15.35,15.37,285000,14.736563
2015-02-19,15.73,15.91,15.53,15.73,154300,15.081726
2015-02-18,15.76,15.89,15.70,15.82,145500,15.168017
2015-02-17,15.58,15.80,15.41,15.78,187600,15.129666
2015-02-13,15.59,15.95,15.56,15.60,278600,14.957084
2015-02-12,15.25,15.65,15.17,15.54,401800,14.899557
2015-02-11,15.62,16.00,15.15,15.40,544900,14.765326
2015-02-10,16.450001,16.450001,15.11,15.73,730400,15.081726
2015-02-09,16.43,16.690001,15.62,16.41,260400,15.733702
2015-02-06,16.49,16.799999,16.43,16.50,341000,15.819993
2015-02-05,16.309999,16.58,16.219999,16.549999,398400,15.867931
2015-02-04,16.33,16.440001,15.81,16.110001,663600,15.446066
2015-02-03,15.72,16.940001,15.72,16.51,588100,15.829581
2015-02-02,15.53,15.60,15.16,15.57,335800,14.92832
2015-01-30,15.82,16.219999,15.31,
15.42,451600,14.784502
2015-01-29,15.69,16.00,15.42,16.00,209400,15.340599
2015-01-28,16.16,16.74,15.54,15.60,177300,14.957084
2015-01-27,16.09,16.49,16.01,16.120001,210600,15.455654
2015-01-26,15.46,16.40,15.39,16.280001,200000,15.60906
2015-01-23,15.84,15.86,15.46,15.51,253700,14.870793
2015-01-22,15.89,15.99,15.63,15.84,205300,15.187193
2015-01-21,15.72,15.91,15.53,15.74,288200,15.091314
2015-01-20,15.74,15.83,15.41,15.72,432900,15.072139
2015-01-16,15.84,16.040001,15.61,15.74,388600,15.091314
2015-01-15,16.27,16.27,15.73,15.79,444000,15.139254
2015-01-14,16.299999,16.299999,15.75,16.17,670100,15.503593
2015-01-13,16.639999,16.799999,16.16,16.549999,449500,15.867931
2015-01-12,16.809999,16.809999,15.90,16.58,408700,15.896696
2015-01-09,16.790001,16.83,16.25,16.82,807000,16.126804
2015-01-08,16.91,17.24,16.639999,16.860001,193300,16.165157
2015-01-07,16.77,17.059999,16.540001,16.76,396900,16.069278
2015-01-06,16.73,16.950001,16.219999,16.59,313800,15.906284
2015-01-05,17.23,17.290001,16.469999,16.65,926200,15.963811
2015-01-02,17.379999,17.49,17.030001,17.34,206400,16.625374
2014-12-31,17.139999,17.51,17.08,17.23,252600,16.519907
2014-12-30,16.73,17.700001,16.73,17.139999,374200,16.433616
2014-12-29,16.799999,17.08,16.690001,16.84,351900,16.145981
2014-12-26,16.360001,16.83,16.35,16.790001,272000,16.098042
2014-12-24,16.00,16.35,15.96,16.23,178600,15.56112
2014-12-23,15.61,16.030001,15.47,15.99,496300,15.331011
2014-12-22,15.89,15.93,15.45,15.53,338200,14.889969
2014-12-19,16.190001,16.190001,15.73,15.90,1004400,15.24472
2014-12-18,16.58,16.940001,16.02,16.200001,324500,15.532357
2014-12-17,15.74,16.280001,15.49,16.26,279900,15.589884
2014-12-16,15.49,16.01,15.49,15.74,574000,15.091314
2014-12-15,16.59,16.75,15.41,15.52,474900,14.880382
2014-12-12,16.68,16.690001,16.24,16.51,452200,15.829581
2014-12-11,17.34,17.440001,16.950001,16.959999,371600,16.261034
2014-12-10,17.889999,17.93,17.07,17.190001,303700,16.481557
2014-12-09,17.219999,18.219999,17.00,18.01,336400,17.267762
2014-12-08,17.620001,17.77,17.309999,17.450001,431600,16.730842
2014-12-05,17.52,17.84,17.389999,17.73,512500,16.999301
2014-12-04,17.10,17.59,16.959999,17.540001,381900,16.817133
2014-12-03,16.530001,17.26,16.450001,17.16,192000,16.380883
2014-12-02,16.629999,16.99,16.450001,16.58,249600,15.827217
2014-12-01,17.34,17.34,16.530001,16.549999,741900,15.798579
2014-11-28,18.209999,18.219999,17.309999,17.33,208300,16.543165
2014-11-26,18.379999,18.49,18.139999,18.23,140000,17.402302
2014-11-25,17.90,18.559999,17.879999,18.32,360500,17.488216
2014-11-24,17.51,17.90,17.51,17.84,251200,17.030009
2014-11-21,17.709999,17.85,17.43,17.52,591700,16.724539
2014-11-20,16.98,17.379999,16.940001,17.26,634400,16.476343
2014-11-19,17.65,17.690001,16.969999,17.030001,336700,16.256786
2014-11-18,17.889999,18.07,17.57,17.73,303700,16.925003
2014-11-17,18.01,18.23,17.74,17.75,347000,16.944096
2014-11-14,17.969999,18.24,17.76,18.049999,278500,17.230474
2014-11-13,18.780001,18.85,17.879999,18.00,206600,17.182745
2014-11-12,18.530001,18.889999,18.530001,18.780001,230800,17.927331
2014-11-11,18.66,18.74,18.41,18.73,218400,17.8796
2014-11-10,18.49,18.73,18.27,18.709999,501700,17.860508
2014-11-
07,17.690001,18.23,17.690001,18.219999,551600,17.392756
2014-11-06,18.09,18.299999,17.639999,17.719999,468700,16.915457
2014-11-05,17.93,17.98,17.52,17.700001,278100,16.896367
2014-11-04,18.030001,18.26,17.690001,17.690001,273900,16.88682
2014-11-03,18.91,18.91,18.02,18.190001,302800,17.364119
2014-10-31,18.18,19.01,17.68,18.809999,566300,17.955968
2014-10-30,17.799999,18.049999,17.469999,17.68,293700,16.877274
2014-10-29,18.50,18.68,17.780001,17.84,302600,17.030009
2014-10-28,17.90,18.57,17.559999,18.51,220200,17.66959
2014-10-27,18.07,18.07,17.610001,17.690001,148800,16.88682
2014-10-24,18.209999,18.290001,18.00,18.24,167300,17.411848
2014-10-23,18.110001,18.219999,17.950001,18.129999,358700,17.306842
2014-10-22,17.99,18.24,17.690001,17.85,238900,17.039556
2014-10-21,17.77,18.10,17.610001,18.01,313300,17.192291
2014-10-20,17.190001,17.73,17.190001,17.719999,214800,16.915457
2014-10-17,17.60,17.639999,17.290001,17.360001,450700,16.571803
2014-10-16,16.809999,17.379999,16.700001,17.360001,535200,16.571803
2014-10-15,16.92,17.50,16.50,17.09,688600,16.314062
2014-10-14,16.629999,17.15,16.540001,16.58,333700,15.827217
2014-10-13,16.48,16.860001,16.360001,16.450001,335800,15.70312
2014-10-10,16.440001,16.99,16.17,16.40,280100,15.655389
2014-10-09,17.209999,17.299999,16.50,16.559999,344500,15.808125
2014-10-08,16.809999,17.219999,16.549999,17.17,351000,16.390429
2014-10-07,17.24,17.40,16.799999,16.799999,353200,16.037228
2014-10-06,17.34,17.52,17.209999,17.41,298700,16.619533
2014-10-03,17.360001,17.360001,16.969999,17.24,449400,16.457251
2014-10-02,17.299999,17.389999,16.90,17.139999,416300,16.361791
2014-10-01,18.120001,18.309999,17.07,17.309999,469200,16.524072
2014-09-30,18.809999,18.809999,17.84,18.190001,720300,17.364119
2014-09-29,18.76,18.93,18.49,18.77,200200,17.917785
2014-09-26,19.200001,19.219999,19.00,19.040001,180200,18.175527
2014-09-25,19.57,19.68,19.049999,19.219999,172400,18.347352
2014-09-24,19.74,19.860001,19.469999,19.690001,232900,18.796014
2014-09-23,19.68,20.030001,19.629999,19.639999,229400,18.748283
2014-09-22,20.26,20.450001,19.66,19.709999,265300,18.815105
2014-09-19,20.780001,20.959999,20.40,20.459999,810600,19.531052
2014-09-18,20.25,20.74,20.10,20.719999,531000,19.779248
2014-09-17,19.98,20.209999,19.879999,20.120001,383400,19.206491
2014-09-16,19.549999,19.969999,19.280001,19.85,439700,18.94875
2014-09-15,19.41,19.709999,19.17,19.58,387600,18.691008
2014-09-12,18.889999,19.629999,18.620001,19.450001,651000,18.566911
2014-09-11,18.450001,18.889999,18.360001,18.799999,247900,17.946422
2014-09-10,18.68,18.799999,18.33,18.610001,268900,17.76505
2014-09-09,19.389999,19.389999,18.66,18.66,309300,17.812779
2014-09-08,19.709999,19.82,19.34,19.370001,242200,18.490543
2014-09-05,20.23,20.280001,19.66,19.799999,384300,18.829425
2014-09-04,20.08,20.49,20.00,20.16,575900,19.171778
2014-09-03,20.719999,20.719999,20.00,20.030001,272800,19.048152
2014-09-02,20.620001,20.870001,20.540001,20.57,373000,19.561681
2014-08-29,20.41,20.549999,20.18,20.540001,306200,19.533152
2014-08-28,20.40,20.540001,20.26,20.360001,325900,19.361975
2014-08-27,19.700001,20.59,19.65,20.450001,740400,19.447564
2014-08-26,19.379999,19.75,19.379999,19.60,242500,18.63923
2014-08-25,19.57,19.57,19.110001,19.24,135100,18.296876
2014-08-22,19.389999,19.6
39999,19.16,19.41,139800,18.458543
2014-08-21,19.540001,19.540001,19.17,19.450001,206200,18.496583
2014-08-20,19.620001,19.92,19.450001,19.59,258900,18.62972
2014-08-19,19.959999,20.00,19.67,19.74,218000,18.772366
2014-08-18,19.93,20.00,19.639999,19.969999,215800,18.991092
2014-08-15,19.790001,19.809999,19.469999,19.639999,292100,18.677268
2014-08-14,19.549999,19.690001,19.40,19.58,104500,18.620209
2014-08-13,19.34,19.639999,19.34,19.60,118200,18.63923
2014-08-12,19.48,19.60,19.110001,19.280001,143100,18.334916
2014-08-11,19.530001,19.799999,19.25,19.549999,123700,18.591679
2014-08-08,18.98,19.799999,18.799999,19.41,300200,18.458543
2014-08-07,19.34,19.540001,18.860001,19.00,170200,18.068641
2014-08-06,18.99,19.469999,18.83,19.25,195000,18.306386
2014-08-05,19.10,19.40,18.98,19.059999,161800,18.125699
2014-08-04,19.190001,19.280001,18.809999,19.27,196900,18.325406
2014-08-01,18.98,19.23,18.75,19.10,264300,18.163739
2014-07-31,19.799999,19.82,19.030001,19.030001,316300,18.097171
2014-07-30,20.40,20.40,19.91,20.049999,224800,19.06717
2014-07-29,20.290001,20.379999,19.959999,20.209999,253900,19.219327
2014-07-28,20.73,20.790001,20.219999,20.27,300700,19.276387
2014-07-25,20.889999,21.01,20.700001,20.74,165600,19.723347
2014-07-24,21.15,21.299999,20.950001,21.110001,395400,20.075211
2014-07-23,21.059999,21.18,20.870001,21.08,177300,20.046681
2014-07-22,20.559999,21.08,20.50,21.00,560200,19.970603
2014-07-21,20.65,20.75,20.120001,20.27,255000,19.276387
2014-07-18,20.35,20.84,20.35,20.74,349100,19.723347
2014-07-17,20.43,20.99,20.370001,20.41,303100,19.409524
2014-07-16,20.799999,20.82,20.459999,20.639999,185100,19.628249
2014-07-15,20.41,21.08,20.17,20.639999,519700,19.628249
2014-07-14,20.52,20.52,20.219999,20.43,155500,19.428544
2014-07-11,20.15,20.360001,19.870001,20.299999,245400,19.304915
2014-07-10,20.43,20.66,20.190001,20.23,327500,19.238347
2014-07-09,20.67,21.02,20.65,20.860001,317300,19.837466
2014-07-08,20.75,20.91,20.42,20.58,319100,19.571191
2014-07-07,21.24,21.379999,20.790001,20.799999,253800,19.780406
2014-07-03,21.309999,21.41,21.17,21.389999,93500,20.341485
2014-07-02,20.99,21.35,20.809999,21.26,364000,20.217858
2014-07-01,20.889999,21.200001,20.879999,20.99,439000,19.961093
2014-06-30,20.49,20.799999,20.34,20.780001,357700,19.761388
2014-06-27,20.67,20.91,20.59,20.60,1950200,19.590211
2014-06-26,21.15,21.15,20.709999,20.860001,212200,19.837466
2014-06-25,20.91,21.209999,20.809999,21.059999,175000,20.027661
2014-06-24,21.25,21.52,20.98,21.040001,233600,20.008643
2014-06-23,21.50,21.57,21.17,21.33,345900,20.284426
2014-06-20,21.93,21.950001,21.459999,21.51,575500,20.455603
2014-06-19,21.49,21.969999,21.35,21.83,278600,20.759917
2014-06-18,21.190001,21.48,20.93,21.459999,236200,20.408053
2014-06-17,20.83,21.280001,20.66,21.219999,280300,20.179818
2014-06-16,20.74,20.91,20.59,20.889999,277800,19.865994
2014-06-13,20.809999,20.889999,20.549999,20.82,167100,19.799426
2014-06-12,20.860001,21.030001,20.639999,20.709999,213900,19.694817
2014-06-11,20.99,20.99,20.75,20.92,219700,19.894524
2014-06-10,20.959999,21.10,20.65,21.01,383300,19.980113
2014-06-09,20.65,21.10,20.50,21.09,386200,20.056191
2014-06-06,20.51,20.790001,20.290001,20.700001,451000,19.685309
2014-06-05,19.82,20.49,19.690001,20.459999,307100,19.385748
2014-06-04,19.77,19.870001,19.440001,19.809999,430000,
18.769876
2014-06-03,19.860001,20.209999,19.629999,19.809999,249300,18.769876
2014-06-02,20.00,20.17,19.950001,20.01,268000,18.959376
2014-05-30,20.200001,20.200001,19.889999,19.99,556600,18.940426
2014-05-29,19.969999,20.139999,19.870001,20.139999,567100,19.08255
2014-05-28,20.110001,20.16,19.959999,19.959999,329600,18.912
2014-05-27,20.27,20.370001,19.98,20.190001,216600,19.129925
2014-05-23,19.540001,20.09,19.42,20.059999,264800,19.00675
2014-05-22,19.51,19.639999,19.450001,19.50,252800,18.476153
2014-05-21,18.84,19.690001,18.84,19.50,402800,18.476153
2014-05-20,18.940001,18.940001,18.440001,18.51,480000,17.538133
2014-05-19,18.700001,19.110001,18.690001,19.040001,189500,18.040306
2014-05-16,18.58,18.77,18.42,18.77,211000,17.784482
2014-05-15,18.799999,19.299999,18.42,18.610001,295300,17.632883
2014-05-14,19.33,19.40,18.959999,18.959999,249600,17.964505
2014-05-13,19.52,19.620001,19.290001,19.299999,307500,18.286654
2014-05-12,19.26,19.77,19.07,19.52,397000,18.495104
2014-05-09,18.91,19.73,18.879999,19.24,520900,18.229804
2014-05-08,19.52,19.77,18.969999,19.10,355600,18.097156
2014-05-07,19.09,19.52,18.84,19.48,446100,18.457203
2014-05-06,19.00,19.219999,18.959999,18.98,981300,17.983455
2014-05-05,19.200001,19.33,18.889999,19.280001,243000,18.267705
2014-05-02,19.32,19.49,19.209999,19.40,224300,18.381403
2014-05-01,19.280001,19.51,19.120001,19.24,332800,18.229804
2014-04-30,19.209999,19.440001,18.959999,19.379999,248300,18.362453
2014-04-29,19.16,19.43,18.76,19.25,226900,18.23928
2014-04-28,19.049999,19.209999,18.52,19.01,387000,18.011881
2014-04-25,19.35,19.48,18.98,18.99,295700,17.992931
2014-04-24,19.709999,19.870001,19.299999,19.49,223300,18.466678
2014-04-23,20.02,20.15,19.51,19.530001,421100,18.504579
2014-04-22,20.10,20.33,19.98,20.01,326200,18.959376
2014-04-21,20.09,20.09,19.73,20.09,307500,19.035176
2014-04-17,19.959999,20.370001,19.83,20.110001,293000,19.054126
2014-04-16,20.120001,20.309999,19.889999,20.02,370100,18.968851
2014-04-15,20.43,20.549999,19.709999,20.00,369200,18.949901
2014-04-14,20.389999,20.66,20.24,20.370001,340600,19.300475
2014-04-11,20.700001,21.040001,20.190001,20.25,357100,19.186775
2014-04-10,21.01,21.040001,20.49,20.74,303500,19.651047
2014-04-09,20.549999,21.10,20.549999,21.08,307600,19.973195
2014-04-08,20.059999,20.780001,19.85,20.530001,329500,19.452074
2014-04-07,20.43,20.469999,19.50,20.08,617600,19.0257
2014-04-04,20.889999,20.969999,20.43,20.450001,382700,19.376274
2014-04-03,21.139999,21.15,20.469999,20.690001,526000,19.603673
2014-04-02,20.98,21.360001,20.75,21.059999,454200,19.954245
2014-04-01,20.82,21.15,20.719999,20.889999,358200,19.793171
2014-03-31,20.76,21.00,20.459999,20.82,556000,19.726847
2014-03-28,20.620001,20.99,20.360001,20.59,312000,19.508923
2014-03-27,20.790001,21.08,20.33,20.68,318400,19.594198
2014-03-26,21.25,21.35,20.719999,20.719999,264700,19.632097
2014-03-25,21.559999,21.639999,21.02,21.07,323300,19.96372
2014-03-24,21.58,21.73,20.940001,21.379999,310400,20.257443
2014-03-21,21.50,22.00,21.299999,21.59,725200,20.456418
2014-03-20,21.209999,21.51,21.16,21.360001,233600,20.238495
2014-03-19,21.24,21.35,21.030001,21.34,407300,20.219544
2014-03-18,20.82,21.43,20.58,21.24,401800,20.124795
2014-03-17,20.75,21.120001,20.59,20.77,350900,19.679472
2014-03-14,20.280001,20.84,20.219999,20.700001,26
8900,19.613148
2014-03-13,20.549999,20.639999,20.10,20.360001,270700,19.291
2014-03-12,20.200001,20.629999,19.93,20.42,199600,19.347849
2014-03-11,20.440001,20.66,20.10,20.280001,239800,19.2152
2014-03-10,20.299999,20.469999,20.16,20.469999,227800,19.395223
2014-03-07,20.709999,20.82,20.17,20.41,156900,19.338374
2014-03-06,20.35,20.65,20.17,20.540001,353100,19.461549
2014-03-05,20.10,20.280001,19.950001,20.24,328600,19.177299
2014-03-04,20.219999,20.59,19.98,20.18,582600,19.12045
2014-03-03,19.700001,20.01,19.60,19.969999,457400,18.921475
2014-02-28,20.16,20.16,19.709999,19.870001,553700,18.826727
2014-02-27,19.58,20.15,19.360001,20.139999,488700,19.08255
2014-02-26,19.27,19.82,19.16,19.68,407200,18.646703
2014-02-25,19.50,19.57,18.959999,19.059999,379000,18.059255
2014-02-24,18.950001,19.58,18.889999,19.440001,450000,18.419304
2014-02-21,18.66,19.049999,18.50,18.93,302300,17.865019
2014-02-20,18.309999,18.59,18.24,18.559999,289800,17.515834
2014-02-19,18.32,18.52,17.940001,18.309999,299200,17.279899
2014-02-18,18.26,18.50,18.190001,18.43,329100,17.393148
2014-02-14,18.209999,18.280001,18.10,18.16,265200,17.138338
2014-02-13,17.82,18.25,17.82,18.200001,330300,17.176088
2014-02-12,18.00,18.17,17.84,18.02,178100,17.006215
2014-02-11,17.82,18.08,17.549999,18.00,268900,16.987339
2014-02-10,17.559999,17.83,17.379999,17.620001,224900,16.628719
2014-02-07,17.889999,18.32,17.309999,17.58,312200,16.590968
2014-02-06,16.870001,17.09,16.82,16.950001,231200,15.996412
2014-02-05,17.040001,17.309999,16.799999,16.809999,417000,15.864287
2014-02-04,17.09,17.450001,16.889999,17.07,157400,16.10966
2014-02-03,17.440001,17.450001,16.99,17.01,342100,16.053036
2014-01-31,17.280001,18.00,17.280001,17.48,243600,16.496594
2014-01-30,17.559999,17.889999,17.360001,17.65,268300,16.65703
2014-01-29,17.60,17.870001,17.280001,17.379999,244400,16.402219
2014-01-28,17.33,17.780001,17.27,17.719999,406300,16.723091
2014-01-27,17.459999,17.60,17.01,17.24,262400,16.270096
2014-01-24,18.16,18.25,17.33,17.469999,434400,16.487156
2014-01-23,18.360001,18.66,18.25,18.309999,352100,17.279899
2014-01-22,18.57,18.66,18.389999,18.469999,223000,17.430897
2014-01-21,18.629999,18.84,18.549999,18.610001,398800,17.563022
2014-01-17,18.190001,18.700001,18.049999,18.52,710200,17.478085
2014-01-16,17.77,18.379999,17.77,18.16,466600,17.138338
2014-01-15,17.34,17.809999,17.290001,17.74,184400,16.741967
2014-01-14,17.469999,17.58,17.290001,17.35,242300,16.373908
2014-01-13,17.84,17.85,17.27,17.40,299900,16.421094
2014-01-10,17.860001,17.950001,17.68,17.91,224200,16.902403
2014-01-09,17.870001,17.950001,17.700001,17.809999,441800,16.808028
2014-01-08,17.940001,18.02,17.790001,17.84,348900,16.836341
2014-01-07,17.93,18.09,17.90,17.98,288100,16.968464
2014-01-06,18.200001,18.200001,17.83,17.93,442900,16.921278
2014-01-03,17.99,18.23,17.90,18.120001,247900,17.100589
2014-01-02,17.92,18.139999,17.790001,17.98,281300,16.968464
2013-12-31,17.860001,18.059999,17.799999,18.01,305700,16.996777
2013-12-30,17.950001,18.059999,17.790001,17.85,275700,16.845779
2013-12-27,17.959999,18.049999,17.65,17.969999,335000,16.959027
2013-12-26,17.93,18.23,17.76,17.860001,298400,16.855216
2013-12-24,17.90,18.299999,17.860001,17.90,302100,16.892965
2013-12-23,17.870001,17.950001,17.68,17.85,619500,16.845779
2013-12-20,17.549999,18.00,17.40,
17.77,1128900,16.770279
2013-12-19,17.59,17.809999,17.41,17.530001,324100,16.543782
2013-12-18,17.40,17.780001,17.25,17.57,487300,16.581531
2013-12-17,17.309999,17.51,17.290001,17.370001,219900,16.392783
2013-12-16,17.25,17.690001,17.25,17.389999,401300,16.411657
2013-12-13,17.219999,17.299999,17.02,17.200001,406100,16.232347
2013-12-12,17.139999,17.139999,16.83,17.030001,202800,16.071911
2013-12-11,17.50,17.549999,17.10,17.190001,417800,16.22291
2013-12-10,17.77,17.90,17.48,17.51,404800,16.524907
2013-12-09,17.52,17.76,17.49,17.76,232300,16.760842
2013-12-06,17.77,17.84,17.50,17.52,178800,16.534344
2013-12-05,17.59,17.76,17.50,17.549999,262400,16.562655
2013-12-04,17.52,17.75,17.469999,17.66,289200,16.601349
2013-12-03,17.59,17.799999,17.49,17.549999,315600,16.497943
2013-12-02,17.780001,17.950001,17.639999,17.67,310400,16.61075
2013-11-29,17.98,18.00,17.799999,17.799999,145600,16.732956
2013-11-27,17.870001,17.950001,17.700001,17.889999,334900,16.817561
2013-11-26,17.57,17.84,17.34,17.82,409200,16.751758
2013-11-25,17.700001,17.73,17.50,17.59,240400,16.535546
2013-11-22,17.389999,17.690001,17.10,17.65,470700,16.591949
2013-11-21,16.50,17.43,16.50,17.32,645300,16.281731
2013-11-20,16.50,16.610001,16.209999,16.40,943500,15.416881
2013-11-19,16.690001,16.93,16.48,16.48,361400,15.492086
2013-11-18,16.59,16.889999,16.59,16.620001,314100,15.623694
2013-11-15,16.540001,16.790001,16.52,16.559999,719200,15.56729
2013-11-14,16.540001,16.59,16.42,16.50,520300,15.510887
2013-11-13,16.360001,16.57,16.209999,16.52,686100,15.529689
2013-11-12,16.41,16.66,16.40,16.450001,467400,15.463885
2013-11-11,16.809999,16.889999,16.50,16.52,472200,15.529689
2013-11-08,16.50,17.200001,16.33,16.83,570900,15.821105
2013-11-07,17.75,17.790001,16.41,16.530001,664300,15.539089
2013-11-06,17.309999,17.719999,17.120001,17.709999,403100,16.648351
2013-11-05,18.129999,18.129999,16.98,17.26,397400,16.225328
2013-11-04,17.50,17.629999,17.23,17.51,711000,16.460342
2013-11-01,17.40,17.60,17.280001,17.41,723400,16.366336
2013-10-31,17.51,17.74,17.450001,17.50,679300,16.450941
2013-10-30,17.950001,18.16,17.549999,17.57,1082900,16.516744
2013-10-29,18.23,18.370001,18.00,18.07,317800,16.986771
2013-10-28,17.719999,18.219999,17.719999,18.200001,243000,17.108979
2013-10-25,17.99,18.00,17.700001,17.77,260100,16.704756
2013-10-24,17.68,18.02,17.68,17.91,788700,16.836363
2013-10-23,17.58,17.84,17.43,17.629999,420200,16.573147
2013-10-22,17.51,17.860001,17.49,17.73,402900,16.667153
2013-10-21,17.40,17.57,17.360001,17.51,368500,16.460342
2013-10-18,17.360001,17.42,17.16,17.42,599900,16.375737
2013-10-17,16.74,17.209999,16.709999,17.190001,507100,16.159525
2013-10-16,17.10,17.200001,16.809999,16.870001,338100,15.858708
2013-10-15,16.93,17.10,16.879999,17.02,337700,15.999715
2013-10-14,16.639999,17.00,16.58,17.00,351600,15.980914
2013-10-11,16.34,16.75,16.34,16.68,284100,15.680097
2013-10-10,16.42,16.58,16.25,16.459999,1261400,15.473284
2013-10-09,16.16,16.450001,16.10,16.209999,420200,15.238271
2013-10-08,16.16,16.24,15.95,16.110001,457200,15.144267
2013-10-07,16.07,16.23,15.94,16.08,431300,15.116064
2013-10-04,15.95,16.219999,15.95,16.18,337800,15.21007
2013-10-03,15.92,16.030001,15.72,16.00,647700,15.04086
2013-10-02,15.77,16.10,15.69,15.96,483400,15.003258
2013-10-01,15.38,15.
78,15.21,15.71,615700,14.768245
2013-09-30,15.12,15.47,14.93,15.41,585600,14.486228
2013-09-27,15.27,15.40,15.24,15.31,205300,14.392223
2013-09-26,15.45,15.62,15.24,15.41,528300,14.486228
2013-09-25,15.25,15.69,15.25,15.41,869600,14.486228
2013-09-24,15.09,15.32,14.90,15.25,486300,14.33582
2013-09-23,14.90,15.10,14.82,15.03,244100,14.129008
2013-09-20,15.00,15.13,14.77,14.93,728000,14.035003
2013-09-19,15.05,15.25,14.94,15.00,419400,14.100806
2013-09-18,14.70,15.21,14.32,15.01,468300,14.110207
2013-09-17,14.73,14.80,14.47,14.74,571600,13.856392
2013-09-16,14.88,14.90,14.32,14.75,843400,13.865793
2013-09-13,14.32,14.43,14.00,14.17,445700,13.320562
2013-09-12,13.99,14.02,13.58,13.81,227200,12.982143
2013-09-11,13.82,14.11,13.78,14.06,382500,13.217156
2013-09-10,13.54,13.88,13.52,13.83,278300,13.000943
2013-09-09,13.28,13.62,13.28,13.49,136000,12.681325
2013-09-06,13.31,13.36,13.03,13.24,155700,12.446312
2013-09-05,13.38,13.44,13.14,13.26,134100,12.40025
2013-09-04,13.12,13.60,13.09,13.42,470200,12.549876
2013-09-03,12.99,13.40,12.86,13.03,276100,12.185162
2013-08-30,12.93,13.13,12.73,12.85,428400,12.016834
2013-08-29,12.85,13.01,12.74,12.99,150500,12.147756
2013-08-28,13.03,13.19,12.82,12.92,150400,12.082295
2013-08-27,13.19,13.25,12.84,13.03,431600,12.185162
2013-08-26,13.27,13.30,13.10,13.30,229000,12.437656
2013-08-23,12.99,13.30,12.93,13.22,212400,12.362844
2013-08-22,12.88,13.44,11.77,13.00,455800,12.157108
2013-08-21,12.73,13.44,12.00,12.80,420300,11.970075
2013-08-20,12.41,12.63,12.00,12.54,238000,11.726933
2013-08-19,12.70,12.70,12.38,12.42,402800,11.614714
2013-08-16,12.66,12.76,12.59,12.72,154700,11.895263
2013-08-15,12.81,12.92,12.52,12.75,227700,11.923317
2013-08-14,12.64,12.96,12.59,12.93,298200,12.091647
2013-08-13,12.76,12.76,12.51,12.59,191400,11.773691
2013-08-12,12.61,12.82,12.61,12.78,218700,11.951372
2013-08-09,12.30,12.78,12.21,12.71,309000,11.885911
2013-08-08,12.19,12.55,12.19,12.36,275300,11.558604
2013-08-07,12.01,12.17,11.96,12.12,184200,11.334165
2013-08-06,12.10,12.19,11.99,12.05,240400,11.268704
2013-08-05,12.09,12.18,12.02,12.15,215700,11.362219
2013-08-02,11.90,12.20,11.88,12.09,294900,11.30611
2013-08-01,12.00,12.07,11.87,11.99,447200,11.212594
2013-07-31,11.89,12.12,11.72,11.93,421100,11.156484
2013-07-30,11.67,11.89,11.51,11.89,269000,11.119078
2013-07-29,11.82,11.86,11.64,11.67,157800,10.913342
2013-07-26,11.78,11.95,11.76,11.87,219100,11.100374
2013-07-25,11.96,12.09,11.79,11.89,227700,11.119078
2013-07-24,12.20,12.27,11.91,12.01,676000,11.231297
2013-07-23,11.63,12.25,11.59,12.21,973200,11.41833
2013-07-22,11.14,11.56,11.14,11.53,445600,10.782419
2013-07-19,11.25,11.28,11.10,11.20,244100,10.473816
2013-07-18,11.36,11.48,11.28,11.29,261500,10.55798
2013-07-17,11.47,11.47,11.24,11.34,328400,10.604739
2013-07-16,11.27,11.39,11.18,11.38,525800,10.642145
2013-07-15,11.20,11.33,11.19,11.26,230300,1
0.529926
2013-07-12,11.22,11.28,11.12,11.23,274500,10.50187
2013-07-11,11.30,11.34,11.23,11.28,522800,10.548629
2013-07-10,10.98,11.30,10.87,11.16,456700,10.436409
2013-07-09,10.92,11.09,10.80,10.99,1323700,10.277432
2013-07-08,11.02,11.02,10.87,10.88,791900,10.174564
2013-07-05,11.15,11.15,10.91,11.03,542100,10.314838
2013-07-03,11.00,11.08,10.89,11.00,324400,10.286783
2013-07-02,11.15,11.26,10.98,11.08,681300,10.361596
2013-07-01,10.87,11.26,10.87,11.19,753900,10.464464
2013-06-28,11.05,11.06,10.83,10.87,691600,10.165212
2013-06-27,10.83,11.24,10.81,11.12,895700,10.399003
2013-06-26,10.97,11.01,10.79,10.80,629800,10.099751
2013-06-25,11.22,11.38,10.89,10.95,432600,10.240025
2013-06-24,10.71,11.18,10.57,11.04,830900,10.32419
2013-06-21,10.90,10.94,10.68,10.79,1084800,10.090399
2013-06-20,10.89,11.04,10.78,10.86,652800,10.15586
2013-06-19,11.30,11.43,11.04,11.09,332900,10.370948
2013-06-18,11.43,11.46,11.20,11.35,786600,10.61409
2013-06-17,11.59,11.75,11.44,11.45,299000,10.707606
2013-06-14,11.70,11.80,11.49,11.49,285400,10.745013
2013-06-13,11.83,11.96,11.61,11.73,547800,10.969451
2013-06-12,11.94,12.14,11.70,11.81,274600,11.044265
2013-06-11,12.07,12.07,11.76,11.95,358100,11.175187
2013-06-10,12.14,12.24,12.08,12.22,608000,11.427681
2013-06-07,12.32,12.32,12.07,12.15,787400,11.362219
2013-06-06,12.15,12.34,12.15,12.23,493400,11.437032
2013-06-05,12.20,12.31,12.15,12.15,371700,11.303304
2013-06-04,12.61,12.67,12.20,12.26,274700,11.405639
2013-06-03,12.27,12.65,12.25,12.63,423300,11.749855
2013-05-31,12.47,12.53,12.25,12.27,356500,11.414942
2013-05-30,12.50,12.61,12.45,12.57,344900,11.694036
2013-05-29,12.50,12.53,12.33,12.48,218800,11.610307
2013-05-28,12.61,12.66,12.43,12.48,405900,11.610307
2013-05-24,12.49,12.55,12.35,12.43,231400,11.563792
2013-05-23,12.51,12.65,12.41,12.52,270000,11.647521
2013-05-22,12.65,12.75,12.47,12.59,651100,11.712642
2013-05-21,12.72,12.73,12.54,12.60,460100,11.721946
2013-05-20,12.56,12.85,12.53,12.72,504200,11.833583
2013-05-17,12.59,12.73,12.51,12.56,318300,11.684733
2013-05-16,12.38,12.77,12.38,12.50,410300,11.628914
2013-05-15,12.51,12.57,12.33,12.43,1159000,11.563792
2013-05-14,12.51,12.62,12.45,12.59,353100,11.712642
2013-05-13,12.63,12.85,12.50,12.55,540600,11.67543
2013-05-10,12.69,12.76,12.45,12.72,717500,11.833583
2013-05-09,12.64,12.90,12.57,12.63,498400,11.749855
2013-05-08,12.56,12.97,12.51,12.67,1017700,11.787067
2013-05-07,12.93,12.99,12.15,12.72,1881200,11.833583
2013-05-06,13.22,13.26,13.07,13.22,287900,12.29874
2013-05-03,13.25,13.70,13.24,13.25,487000,12.326649
2013-05-02,12.85,13.26,12.78,13.08,881200,12.168495
2013-05-01,12.96,12.98,12.49,12.61,828500,11.731248
2013-04-30,12.86,13.06,12.68,13.06,323800,12.14989
2013-04-29,12.96,12.99,12.82,12.90,207600,12.001039
2013-04-26,13.10,13.10,12.85,12.93,326800,12.028949
2013-04-25,13.26,13.42,13.07,13.09,198900,12.177799
2013-04-24,12.75,13.25,12.75,13.18,323500,12.261527
2013-04-23,12.80,12.82,12.61,12.80,256600,11.908008
2013-04-22,12.54,12.77,12.35,12.70,581800,11.814976
2013-04-
19,12.66,12.86,12.50,12.52,288500,11.647521
2013-04-18,12.76,12.94,12.54,12.67,338400,11.787067
2013-04-17,13.18,13.28,12.66,12.77,481100,11.880099
2013-04-16,13.21,13.34,13.21,13.29,315000,12.363861
2013-04-15,13.38,13.43,13.00,13.08,516600,12.168495
2013-04-12,13.48,13.62,13.46,13.51,305100,12.56853
2013-04-11,13.85,13.96,13.50,13.53,249800,12.587136
2013-04-10,13.67,13.89,13.64,13.85,369400,12.884837
2013-04-09,13.54,13.93,13.54,13.64,302400,12.689471
2013-04-08,13.72,13.72,13.50,13.51,278600,12.56853
2013-04-05,13.42,13.69,13.40,13.64,189100,12.689471
2013-04-04,13.51,13.97,13.48,13.67,421000,12.71738
2013-04-03,13.66,13.74,13.40,13.45,697800,12.512711
2013-04-02,13.80,13.86,13.48,13.65,364300,12.698774
2013-04-01,13.93,13.97,13.58,13.70,812300,12.745289
2013-03-28,14.06,14.10,13.92,13.92,422400,12.949959
2013-03-27,13.98,14.09,13.85,14.00,417300,13.024384
2013-03-26,14.15,14.29,13.94,14.00,340600,13.024384
2013-03-25,14.17,14.25,13.97,14.03,503400,13.052293
2013-03-22,14.30,14.43,14.00,14.15,352300,13.16393
2013-03-21,14.17,14.35,14.05,14.26,219400,13.266265
2013-03-20,14.29,14.43,14.23,14.34,183400,13.34069
2013-03-19,14.33,14.33,13.92,14.25,874900,13.256962
2013-03-18,14.45,14.48,14.17,14.33,516500,13.331387
2013-03-15,14.77,14.88,14.59,14.75,560800,13.722118
2013-03-14,14.39,14.76,14.36,14.71,297600,13.684906
2013-03-13,14.42,14.42,14.26,14.32,188600,13.322083
2013-03-12,14.46,14.53,14.29,14.40,254800,13.337899
2013-03-11,14.65,14.65,14.21,14.51,273200,13.439786
2013-03-08,14.57,14.83,14.49,14.73,210600,13.643559
2013-03-07,14.33,14.46,14.22,14.39,360900,13.328637
2013-03-06,14.28,14.43,14.19,14.36,454300,13.300849
2013-03-05,14.33,14.70,14.23,14.25,309900,13.198963
2013-03-04,14.20,14.25,14.06,14.18,340000,13.134126
2013-03-01,14.13,14.39,13.94,14.20,511000,13.152651
2013-02-28,14.56,14.58,14.25,14.29,291500,13.236013
2013-02-27,14.43,14.65,14.41,14.58,253300,13.504623
2013-02-26,14.73,14.73,14.23,14.42,1187800,13.356424
2013-02-25,14.95,14.95,14.62,14.62,422900,13.541673
2013-02-22,14.84,15.01,14.70,14.89,216600,13.791759
2013-02-21,14.74,14.87,14.54,14.72,514500,13.634297
2013-02-20,15.38,15.39,14.74,14.78,858400,13.689871
2013-02-19,15.65,15.65,15.07,15.30,494100,14.171518
2013-02-15,15.75,15.79,15.59,15.64,413000,14.486441
2013-02-14,15.39,15.63,15.35,15.63,254100,14.477178
2013-02-13,15.38,15.51,15.34,15.48,294400,14.338241
2013-02-12,15.38,15.47,15.28,15.38,211200,14.245618
2013-02-11,15.47,15.58,15.34,15.41,594500,14.273405
2013-02-08,15.54,15.95,15.24,15.40,650600,14.264142
2013-02-07,15.77,15.78,15.44,15.50,578600,14.356767
2013-02-06,15.49,15.82,15.43,15.77,269400,14.606853
2013-02-05,15.45,15.59,15.30,15.57,227900,14.421603
2013-02-04,15.34,15.38,14.98,15.32,390200,14.190043
2013-02-01,15.23,15.51,15.15,15.46,319300,14.319717
2013-01-31,14.84,15.21,14.84,15.16,307600,14.041844
2013-01-30,15.34,15.46,14.74,14.85,319000,13.754709
2013-01-29,15.04,15.46,15.04,15.41,310800,14.273405
2013-01-28,15.15,15.25,14.97,15.09,240400,13.977007
2013-01-25,15.18,15.34,14.85,15.16,240400,14.041844
2013-01-24,15.16,15.50,15.03,15.15,
278300,14.032581
2013-01-23,15.36,15.41,15.13,15.18,293600,14.060369
2013-01-22,15.23,15.70,14.84,15.38,692300,14.245618
2013-01-18,14.90,15.26,14.82,15.25,325000,14.125206
2013-01-17,14.77,14.99,14.74,14.92,250400,13.819546
2013-01-16,14.67,14.79,14.58,14.76,187700,13.671347
2013-01-15,14.53,14.74,14.45,14.72,332200,13.634297
2013-01-14,14.74,14.86,14.47,14.66,228200,13.578722
2013-01-11,14.90,14.90,14.64,14.79,294500,13.699134
2013-01-10,14.82,14.92,14.52,14.90,214000,13.80102
2013-01-09,14.67,14.76,14.50,14.70,286000,13.615772
2013-01-08,14.79,14.80,14.45,14.59,273500,13.513886
2013-01-07,14.25,14.88,14.21,14.83,851400,13.736184
2013-01-04,14.44,14.48,14.26,14.39,243600,13.328637
2013-01-03,14.48,14.57,14.26,14.31,212000,13.254538
2013-01-02,14.17,14.50,14.04,14.45,598100,13.384211
2012-12-31,13.45,13.88,13.35,13.75,474000,12.735841
2012-12-28,13.50,13.62,13.39,13.47,414800,12.476494
2012-12-27,13.70,13.87,13.37,13.59,564200,12.587643
2012-12-26,13.76,13.96,13.55,13.67,279500,12.661742
2012-12-24,13.86,13.87,13.47,13.70,206700,12.689529
2012-12-21,14.21,14.32,13.57,13.79,1462800,12.772891
2012-12-20,14.93,14.93,14.10,14.38,526700,13.319375
2012-12-19,14.97,15.20,14.94,15.08,236700,13.967744
2012-12-18,15.06,15.20,14.83,15.14,723900,14.023319
2012-12-17,15.39,15.39,14.68,15.08,814100,13.967744
2012-12-14,14.93,15.35,14.93,15.30,366500,14.171518
2012-12-13,14.86,15.13,14.72,15.04,203600,13.930695
2012-12-12,15.23,15.23,14.93,15.00,293200,13.893645
2012-12-11,14.59,15.25,14.40,15.21,386100,14.088156
2012-12-10,14.00,14.50,14.00,14.46,337300,13.393474
2012-12-07,14.09,14.12,13.85,14.03,144600,12.995189
2012-12-06,14.16,14.20,13.98,14.04,124700,13.004452
2012-12-05,14.43,14.49,14.15,14.19,110500,13.143388
2012-12-04,13.75,14.38,13.75,14.35,340000,13.291588
2012-12-03,13.94,13.99,13.62,13.80,313300,12.782154
2012-11-30,13.97,14.12,13.85,13.86,434000,12.837728
2012-11-29,14.01,14.04,13.81,13.91,296800,12.88404
2012-11-28,13.92,14.03,13.73,13.97,524500,12.939615
2012-11-27,14.02,14.04,13.87,14.00,658900,12.967402
2012-11-26,14.06,14.10,13.81,14.00,129800,12.967402
2012-11-23,14.08,14.19,13.95,14.09,76600,13.050764
2012-11-21,14.04,14.17,13.93,14.05,78700,13.013714
2012-11-20,14.04,14.22,13.75,14.03,164400,12.995189
2012-11-19,13.68,14.16,13.68,14.16,283400,13.115601
2012-11-16,13.26,13.52,13.07,13.48,209800,12.485755
2012-11-15,13.52,13.73,13.28,13.39,223000,12.344041
2012-11-14,13.85,13.90,13.46,13.50,208300,12.445448
2012-11-13,14.21,14.34,13.64,13.77,318500,12.694357
2012-11-12,14.55,14.58,14.23,14.34,199400,13.219831
2012-11-09,13.94,14.65,13.79,14.55,456300,13.413427
2012-11-08,14.32,14.37,13.88,14.06,308000,12.961704
2012-11-07,14.69,14.97,14.37,14.37,473100,13.247488
2012-11-06,14.88,15.14,14.62,14.98,289600,13.809837
2012-11-05,14.62,14.97,14.49,14.84,280200,13.680774
2012-11-02,15.40,15.46,14.55,14.57,452700,13.431864
2012-11-01,15.03,15.49,15.03,15.36,374800,14.160153
2012-10-31,15.00,15.16,14.78,15.03,181100,13.855932
2012-10-26,15.05,15.19,14.68,15.01,232000,13.837494
2012-10-25,15.10,15.17,14.60,15.02,302500,13.846713
2012-10-24,15.26,15.26,14.81,14.95,315
400,13.782181
2012-10-23,15.34,15.44,15.04,15.14,347400,13.957339
2012-10-22,15.36,15.56,15.20,15.53,246800,14.316874
2012-10-19,15.60,15.66,15.09,15.37,251500,14.169373
2012-10-18,15.68,15.95,15.52,15.70,153100,14.473595
2012-10-17,15.64,15.88,15.36,15.79,211800,14.556564
2012-10-16,15.63,15.65,15.43,15.60,191500,14.381407
2012-10-15,15.42,15.67,15.21,15.52,221300,14.307656
2012-10-12,15.75,15.84,15.29,15.42,277700,14.215467
2012-10-11,15.81,15.92,15.66,15.72,189300,14.492033
2012-10-10,15.82,15.88,15.54,15.70,511300,14.473595
2012-10-09,15.28,15.95,15.16,15.77,702800,14.538127
2012-10-08,15.21,15.42,15.11,15.26,215700,14.067966
2012-10-05,15.22,15.50,15.18,15.40,310900,14.197029
2012-10-04,15.07,15.34,14.92,15.15,143900,13.966558
2012-10-03,15.28,15.57,14.88,14.98,218200,13.809837
2012-10-02,15.42,15.64,15.18,15.29,316300,14.095622
2012-10-01,15.25,15.78,15.23,15.39,411500,14.187811
2012-09-28,15.25,15.44,15.12,15.22,304100,14.03109
2012-09-27,15.21,15.55,15.10,15.36,344700,14.160153
2012-09-26,15.35,15.41,14.89,15.11,577200,13.929682
2012-09-25,15.66,15.88,15.30,15.36,448700,14.160153
2012-09-24,15.56,15.73,15.31,15.56,322700,14.344531
2012-09-21,15.78,15.83,15.59,15.75,2048100,14.519689
2012-09-20,15.47,15.60,15.14,15.51,355600,14.298437
2012-09-19,15.68,15.80,15.48,15.64,548000,14.418282
2012-09-18,15.68,16.049999,15.65,15.72,487800,14.492033
2012-09-17,15.96,16.540001,15.69,15.77,873400,14.538127
2012-09-14,15.95,17.23,15.90,17.040001,1193400,15.708921
2012-09-13,15.51,16.17,15.35,15.79,994800,14.556564
2012-09-12,15.48,15.71,15.25,15.55,397200,14.335312
2012-09-11,15.50,15.97,15.47,15.50,291100,14.289218
2012-09-10,15.50,15.92,15.36,15.52,307900,14.307656
2012-09-07,15.30,15.71,15.12,15.49,677800,14.279999
2012-09-06,14.88,15.39,14.88,15.30,399500,14.104841
2012-09-05,14.84,14.92,14.65,14.87,259700,13.70843
2012-09-04,14.62,14.79,14.27,14.74,247300,13.588585
2012-08-31,14.69,14.76,14.51,14.59,285500,13.450302
2012-08-30,14.78,14.86,14.46,14.63,283200,13.429099
2012-08-29,14.86,15.00,14.68,14.90,193300,13.676936
2012-08-28,14.78,14.96,14.73,14.81,263400,13.594324
2012-08-27,15.10,15.10,14.53,14.75,450400,13.539249
2012-08-24,15.22,15.32,14.86,14.94,404100,13.713652
2012-08-23,15.09,15.50,14.96,15.14,605300,13.897236
2012-08-22,14.88,15.30,14.88,15.18,578600,13.933952
2012-08-21,14.60,15.95,14.60,14.96,1394800,13.732011
2012-08-20,13.84,14.18,13.74,14.14,466600,12.979321
2012-08-17,13.42,14.00,13.37,13.89,349300,12.749842
2012-08-16,12.85,13.57,12.76,13.46,302400,12.355138
2012-08-15,12.68,12.96,12.63,12.87,168700,11.813568
2012-08-14,12.94,13.04,12.67,12.74,242700,11.694239
2012-08-13,13.24,13.26,12.65,12.87,204600,11.813568
2012-08-10,13.37,13.38,13.09,13.23,260500,12.144017
2012-08-09,13.25,13.62,13.25,13.41,257600,12.309242
2012-08-08,13.26,13.57,13.15,13.30,222200,12.208272
2012-08-07,13.25,13.66,13.25,13.39,378300,12.290884
2012-08-06,12.98,13.47,12.87,13.18,291300,12.098122
2012-08-03,12.39,13.00,12.23,12.96,371600,11.896181
2012-08-02,12.31,12.70,12.10,12.20,327100,11.198565
2012-08-01,12.62,12.90,12.43,12.44,323000,11.418864
2012-07-31,12.6
3,13.01,12.52,12.53,267300,11.501477
2012-07-30,12.85,12.99,12.68,12.71,183500,11.666702
2012-07-27,12.59,13.02,12.43,12.83,409300,11.776852
2012-07-26,12.85,12.85,12.45,12.53,210800,11.501477
2012-07-25,12.37,12.69,12.14,12.64,526700,11.602448
2012-07-24,12.73,12.73,12.10,12.32,241200,11.308715
2012-07-23,12.48,12.83,12.25,12.70,465400,11.657522
2012-07-20,12.78,12.86,12.57,12.58,398400,11.547373
2012-07-19,12.79,12.92,12.68,12.92,376300,11.859464
2012-07-18,12.76,12.97,12.69,12.80,400000,11.749314
2012-07-17,13.13,13.16,12.72,12.92,438700,11.859464
2012-07-16,13.35,13.35,12.94,13.00,365100,11.932897
2012-07-13,13.30,13.55,13.25,13.36,315600,12.263346
2012-07-12,12.80,13.32,12.69,13.20,569700,12.11648
2012-07-11,12.49,13.00,12.42,12.88,834800,11.822747
2012-07-10,12.86,13.10,12.23,12.43,576300,11.409686
2012-07-09,12.71,12.85,12.46,12.79,389600,11.740135
2012-07-06,13.27,13.39,12.53,12.71,542300,11.666702
2012-07-05,13.67,13.77,13.35,13.46,291400,12.355138
2012-07-03,13.22,13.86,13.22,13.67,526300,12.5479
2012-07-02,13.40,13.40,12.96,13.18,470400,12.098122
2012-06-29,13.33,13.62,13.24,13.43,529900,12.327601
2012-06-28,12.82,13.07,12.62,13.00,292400,11.932897
2012-06-27,12.63,13.14,12.63,12.95,386400,11.887001
2012-06-26,12.58,12.82,12.37,12.57,350000,11.538193
2012-06-25,12.60,12.98,12.39,12.57,368100,11.538193
2012-06-22,12.66,12.87,12.62,12.82,2363500,11.767672
2012-06-21,12.95,13.04,12.54,12.63,565400,11.593269
2012-06-20,13.08,13.32,12.87,12.93,526900,11.868643
2012-06-19,12.79,13.25,12.73,13.11,668600,12.033868
2012-06-18,12.64,12.81,12.47,12.76,591900,11.712598
2012-06-15,12.23,12.94,12.05,12.83,1448500,11.776852
2012-06-14,12.11,12.38,11.96,12.24,360800,11.235281
2012-06-13,12.30,12.50,12.04,12.10,332200,11.106774
2012-06-12,12.06,12.35,11.92,12.35,398400,11.336253
2012-06-11,12.59,12.59,12.01,12.02,400500,11.033341
2012-06-08,12.54,12.54,12.18,12.43,345200,11.409686
2012-06-07,12.82,13.20,12.60,12.65,710500,11.611626
2012-06-06,12.22,12.60,12.21,12.57,342600,11.538193
2012-06-05,11.83,12.26,11.74,12.17,417800,11.171028
2012-06-04,11.79,11.94,11.50,11.85,500100,10.877295
2012-06-01,11.45,12.06,11.45,11.76,483200,10.794683
2012-05-31,11.89,11.89,11.52,11.72,526400,10.757966
2012-05-30,12.07,12.07,11.80,11.92,279100,10.941549
2012-05-29,11.94,12.32,11.89,12.26,353900,11.25364
2012-05-25,12.00,12.04,11.80,11.85,211200,10.877295
2012-05-24,12.17,12.24,11.87,12.05,383100,11.060878
2012-05-23,11.47,12.21,11.41,12.18,557000,11.180207
2012-05-22,11.89,11.90,11.49,11.56,649300,10.6111
2012-05-21,11.78,11.96,11.55,11.88,922200,10.904832
2012-05-18,11.97,12.20,11.60,11.75,991000,10.785503
2012-05-17,12.50,12.50,11.98,12.00,644900,11.014982
2012-05-16,13.06,13.22,12.42,12.52,778600,11.492298
2012-05-15,12.99,13.30,12.84,13.05,7343500,11.978793
2012-05-14,12.92,13.29,12.70,13.00,1002500,11.932897
2012-05-11,13.40,13.69,13.09,13.15,1784900,12.070584
2012-05-10,12.89,13.05,12.64,12.76,261000,11.712598
2012-05-09,12.53,12.93,12.36,12.72,374500,11.675881
2012-05-08,12.40,12.94,12.37,12.78,613100,11.730956
2012-05-0
7,12.50,12.87,12.38,12.82,866600,11.767672
2012-05-04,12.80,12.98,12.68,12.87,812000,11.813568
2012-05-03,13.03,13.13,12.81,12.83,532700,11.776852
2012-05-02,13.26,13.51,12.94,13.03,618700,11.960434
2012-05-01,13.32,13.63,13.25,13.44,516800,12.336779
2012-04-30,13.43,13.43,13.12,13.34,470400,12.244988
2012-04-27,13.50,13.53,13.29,13.47,389700,12.364318
2012-04-26,13.35,13.52,13.17,13.40,805500,12.300063
2012-04-25,13.60,13.70,13.18,13.33,719800,12.235809
2012-04-24,13.40,13.68,13.27,13.42,534000,12.318422
2012-04-23,13.59,13.62,13.33,13.44,628700,12.336779
2012-04-20,14.36,14.44,13.74,13.84,355000,12.703946
2012-04-19,14.27,14.67,13.89,13.95,482500,12.804916
2012-04-18,14.54,14.69,14.17,14.19,303400,13.025216
2012-04-17,14.30,14.99,14.28,14.60,324500,13.401562
2012-04-16,13.98,14.42,13.93,14.13,278500,12.970141
2012-04-13,14.40,14.45,13.93,13.95,408600,12.804916
2012-04-12,14.20,14.89,14.16,14.51,527800,13.318949
2012-04-11,14.20,14.47,14.06,14.20,210600,13.034395
2012-04-10,14.22,14.23,13.93,14.06,459500,12.905888
2012-04-09,13.90,14.38,13.81,14.22,458300,13.052754
2012-04-05,14.39,14.56,14.01,14.16,280200,12.997679
2012-04-04,14.40,14.52,14.23,14.50,464500,13.30977
2012-04-03,14.93,14.95,14.48,14.61,339000,13.41074
2012-04-02,14.82,15.15,14.82,15.03,423800,13.796265
2012-03-30,15.06,15.06,14.49,14.87,397300,13.649398
2012-03-29,14.84,15.15,14.47,14.90,299200,13.676936
2012-03-28,15.14,15.18,14.70,15.00,286200,13.768727
2012-03-27,15.69,15.69,14.92,15.18,253500,13.933952
2012-03-26,15.28,15.53,15.08,15.39,311700,14.126715
2012-03-23,14.90,15.25,14.62,15.09,343800,13.85134
2012-03-22,15.43,15.43,14.71,14.87,522000,13.649398
2012-03-21,15.81,16.049999,15.45,15.62,731600,14.337835
2012-03-20,16.139999,16.18,15.70,15.82,501000,14.521418
2012-03-19,15.78,16.66,15.60,16.35,820000,15.007913
2012-03-16,15.35,15.85,15.30,15.84,1604700,14.539776
2012-03-15,15.02,15.39,14.91,15.33,459200,14.071639
2012-03-14,15.08,15.24,14.80,15.01,798800,13.777907
2012-03-13,14.71,15.25,14.62,15.15,427600,13.906414
2012-03-12,14.93,15.11,14.50,14.56,659200,13.364845
2012-03-09,14.34,15.12,14.06,14.96,622200,13.732011
2012-03-08,14.19,14.58,14.18,14.40,364900,13.217978
2012-03-07,14.04,14.21,13.98,14.11,324100,12.951783
2012-03-06,14.09,14.22,13.89,13.99,905700,12.841633
2012-03-05,14.18,14.46,14.18,14.26,770100,13.08947
2012-03-02,14.51,14.58,14.11,14.35,705000,13.172083
2012-03-01,14.29,14.74,14.28,14.56,553000,13.364845
2012-02-29,14.67,14.97,14.06,14.22,544900,13.052754
2012-02-28,14.68,14.68,14.25,14.64,520000,13.438278
2012-02-27,14.67,14.87,14.40,14.61,376000,13.41074
2012-02-24,15.04,15.32,14.83,14.84,356600,13.621861
2012-02-23,15.14,15.14,14.62,14.99,533100,13.759548
2012-02-22,14.98,15.31,14.78,15.14,446300,13.897236
2012-02-21,14.84,15.38,14.78,14.99,471200,13.759548
2012-02-17,15.18,15.20,14.63,14.74,479100,13.530069
2012-02-16,14.00,15.10,13.97,15.05,660500,13.814623
2012-02-15,14.20,14.25,13.85,14.04,420100,12.887529
2012-02-14,14.35,14.40,13.99,14.14,695800,12.979321
2012-02-13,14.40,14.59,14.10,14.40,497600,13.
217978
2012-02-10,14.35,14.44,14.11,14.16,519400,12.997679
2012-02-09,14.56,14.86,14.23,14.54,514200,13.346486
2012-02-08,14.64,15.00,14.37,14.55,492200,13.355666
2012-02-07,14.63,14.84,14.10,14.66,972800,13.456636
2012-02-06,15.01,15.27,14.36,15.00,816900,13.768727
2012-02-03,14.40,14.81,14.10,14.48,1039900,13.291411
2012-02-02,13.93,14.40,13.90,14.05,542700,12.896708
2012-02-01,13.70,14.24,13.69,13.97,834000,12.823275
2012-01-31,14.00,14.00,13.28,13.68,1244900,12.55708
2012-01-30,15.34,15.34,13.74,13.83,2188000,12.694767
2012-01-27,15.36,15.53,15.14,15.51,659600,14.236864
2012-01-26,15.57,15.70,14.97,15.45,744100,14.181789
2012-01-25,15.31,15.63,14.83,15.51,859800,14.236864
2012-01-24,14.66,15.31,14.54,15.29,728000,14.034923
2012-01-23,14.99,14.99,14.65,14.79,479500,13.575965
2012-01-20,14.47,14.56,14.26,14.39,743600,13.2088
2012-01-19,14.26,14.51,14.03,14.48,878300,13.291411
2012-01-18,13.60,14.17,13.52,14.10,727100,12.942604
2012-01-17,13.34,13.54,13.06,13.52,1733800,12.410213
2012-01-13,13.20,13.39,12.93,13.09,633600,12.01551
2012-01-12,13.49,13.71,13.42,13.45,489400,12.345959
2012-01-11,13.58,13.68,13.18,13.41,584900,12.309242
2012-01-10,13.26,13.59,13.20,13.49,611800,12.382675
2012-01-09,12.80,13.15,12.72,12.98,564200,11.914538
2012-01-06,12.63,12.87,12.31,12.71,997500,11.666702
2012-01-05,13.42,13.77,12.25,12.58,2458300,11.547373
2012-01-04,14.09,14.36,13.72,13.85,357300,12.713125
2012-01-03,13.83,14.29,13.70,14.24,573900,13.071112
2011-12-30,13.13,13.58,13.13,13.39,524800,12.290884
2011-12-29,13.19,13.45,13.05,13.18,398500,12.098122
2011-12-28,13.68,13.75,13.02,13.21,453800,12.125659
2011-12-27,13.82,13.85,13.54,13.71,300700,12.584617
2011-12-23,14.05,14.08,13.85,13.98,172700,12.832454
2011-12-22,13.93,14.23,13.78,14.03,377600,12.87835
2011-12-21,13.50,13.98,13.31,13.87,377100,12.731483
2011-12-20,13.34,13.89,13.32,13.61,825100,12.492825
2011-12-19,13.22,13.42,13.04,13.21,631600,12.125659
2011-12-16,12.93,13.30,12.67,13.09,1109900,12.01551
2011-12-15,13.21,13.25,12.44,12.78,910500,11.730956
2011-12-14,13.14,13.24,12.69,13.00,1057800,11.932897
2011-12-13,14.08,14.13,13.17,13.24,673900,12.153197
2011-12-12,14.29,14.34,13.63,13.93,442700,12.786559
2011-12-09,13.93,14.60,13.83,14.49,654500,13.300591
2011-12-08,14.60,14.64,13.74,13.82,957500,12.685587
2011-12-07,14.73,14.95,14.37,14.77,446700,13.557607
2011-12-06,14.90,15.14,14.44,14.83,699900,13.612682
2011-12-05,14.98,15.06,14.63,14.85,813300,13.631041
2011-12-02,14.85,15.10,14.58,14.66,534600,13.456636
2011-12-01,14.80,15.09,14.35,14.63,604800,13.429099
2011-11-30,14.39,15.00,14.35,14.93,1375100,13.704474
2011-11-29,13.73,14.10,13.65,13.82,322500,12.685587
2011-11-28,13.67,14.09,13.60,13.91,739700,12.7682
2011-11-25,13.36,13.59,13.05,13.12,261600,12.043047
2011-11-23,13.68,13.80,13.28,13.45,783000,12.345959
2011-11-22,13.79,14.13,13.59,13.86,830400,12.722304
2011-11-21,13.59,13.89,13.53,13.84,736200,12.703946
2011-11-18,14.01,14.25,13.64,13.96,955500,12.814096
2011-11-17,13.84,14.37,13.72,13.99,972400,12.841633
2011-11-16,14.93,15.09,13.76,13.89,1525700,12.749842
2011-11-15,14.67,15.34,14.61,15.23,504600,13.
979848
2011-11-14,15.00,15.16,14.68,14.72,876000,13.511711
2011-11-11,15.76,15.86,14.83,14.91,1257200,13.686115
2011-11-10,15.74,15.86,15.45,15.72,442300,14.429627
2011-11-09,15.97,16.209999,15.01,15.51,1394700,14.236864
2011-11-08,17.10,17.68,16.469999,16.77,921700,15.393438
2011-11-07,16.950001,17.030001,16.370001,16.73,580600,15.35672
2011-11-04,17.200001,17.389999,16.360001,16.93,468100,15.540304
2011-11-03,16.690001,17.42,16.290001,17.129999,740800,15.723886
2011-11-02,16.219999,16.50,15.82,16.41,479200,15.062988
2011-11-01,15.98,16.280001,15.10,15.90,680600,14.594851
2011-10-31,17.49,17.620001,16.60,16.67,565100,15.301646
2011-10-28,17.85,18.40,17.65,17.74,654100,16.283815
2011-10-27,16.940001,17.99,16.77,17.93,1269900,16.458219
2011-10-26,16.790001,16.950001,15.94,16.33,1018100,14.989555
2011-10-25,17.35,17.42,16.34,16.43,452900,15.081346
2011-10-24,16.389999,17.42,16.09,17.34,641000,15.916649
2011-10-21,16.01,16.51,15.81,16.27,540100,14.93448
2011-10-20,15.60,16.00,15.19,15.60,1091700,14.319477
2011-10-19,16.67,16.790001,15.68,15.84,480600,14.539776
2011-10-18,15.71,16.82,15.27,16.76,551900,15.384258
2011-10-17,16.91,16.98,15.67,15.73,524600,14.438805
2011-10-14,17.00,17.049999,16.639999,16.99,662400,15.595378
2011-10-13,16.57,16.83,16.370001,16.709999,620700,15.338362
2011-10-12,16.34,17.01,16.25,16.709999,1147900,15.338362
2011-10-11,15.70,16.559999,15.40,16.52,942600,14.980376
2011-10-10,15.57,15.74,15.17,15.58,733000,14.127982
2011-10-07,15.52,15.65,14.68,15.19,672200,13.774328
2011-10-06,15.23,15.66,14.94,15.38,852100,13.946621
2011-10-05,14.47,15.54,14.32,15.31,1112800,13.883145
2011-10-04,13.46,14.32,12.95,14.26,1741600,12.931003
2011-10-03,14.20,14.72,13.41,13.51,1560700,12.250901
2011-09-30,14.80,15.15,14.34,14.52,652400,13.166771
2011-09-29,14.32,15.29,14.32,15.07,1140000,13.665512
2011-09-28,15.15,15.26,13.90,13.98,1355200,12.677097
2011-09-27,15.39,15.73,14.93,15.15,903700,13.738056
2011-09-26,14.74,14.99,13.97,14.93,1047000,13.53856
2011-09-23,14.16,14.81,13.66,14.67,753600,13.302792
2011-09-22,15.02,15.43,13.90,14.23,1832000,12.903798
2011-09-21,15.25,16.50,15.04,15.65,1600600,14.191457
2011-09-20,16.41,16.65,15.15,15.25,1131200,13.828737
2011-09-19,16.07,16.48,15.91,16.40,1022500,14.871559
2011-09-16,16.459999,16.51,15.97,16.450001,1234600,14.9169
2011-09-15,16.02,16.51,15.75,16.09,993900,14.590451
2011-09-14,15.38,16.110001,15.13,15.80,1009400,14.327478
2011-09-13,14.99,15.39,14.62,15.22,566800,13.801533
2011-09-12,14.93,15.29,14.38,14.97,960400,13.574832
2011-09-09,15.60,15.82,14.93,15.23,856600,13.8106
2011-09-08,16.07,16.27,15.55,15.84,862800,14.36375
2011-09-07,15.86,16.15,15.79,16.120001,624900,14.617656
2011-09-06,15.24,15.58,14.95,15.52,876800,14.073574
2011-09-02,16.01,16.120001,15.61,15.79,702000,14.31841
2011-09-01,16.809999,1
7.10,16.10,16.139999,818500,14.63579
2011-08-31,17.110001,17.48,16.51,16.75,1041900,15.18894
2011-08-30,16.25,16.60,15.82,16.379999,1259000,14.853423
2011-08-29,15.75,16.18,15.61,16.08,814300,14.581383
2011-08-26,14.62,15.80,14.60,15.61,1386100,14.155185
2011-08-25,16.139999,16.59,14.61,14.76,2153600,13.384404
2011-08-24,17.32,17.60,15.80,16.15,2817000,14.644859
2011-08-23,17.139999,18.27,16.950001,18.200001,773900,16.503805
2011-08-22,17.51,17.549999,17.00,17.110001,590700,15.51539
2011-08-19,17.00,17.610001,16.51,17.00,1506000,15.415641
2011-08-18,18.24,18.51,17.16,17.299999,1211200,15.687681
2011-08-17,19.610001,19.84,18.700001,18.98,748600,17.211109
2011-08-16,20.280001,20.469999,19.360001,19.48,732100,17.664511
2011-08-15,20.219999,20.620001,19.91,20.59,694500,18.671062
2011-08-12,20.08,20.610001,19.26,20.030001,826800,18.163253
2011-08-11,18.709999,20.10,18.42,19.75,914000,17.909348
2011-08-10,18.690001,19.469999,18.110001,18.809999,1231700,17.056953
2011-08-09,17.26,19.700001,17.25,19.379999,2840600,17.57383
2011-08-08,17.42,18.200001,16.76,17.16,1926500,15.560729
2011-08-05,20.450001,20.790001,17.66,18.34,2738500,16.630756
2011-08-04,21.92,22.360001,20.030001,20.25,1873500,18.362749
2011-08-03,22.76,23.01,21.65,22.40,1349700,20.312374
2011-08-02,23.40,24.00,22.549999,22.610001,983600,20.502803
2011-08-01,23.629999,23.889999,23.209999,23.48,1118800,21.29172
2011-07-29,22.17,23.209999,21.51,23.08,1168300,20.929
2011-07-28,22.65,23.280001,22.49,22.59,560400,20.484667
2011-07-27,24.01,24.17,22.559999,22.719999,1220700,20.60255
2011-07-26,24.93,25.08,24.15,24.26,614000,21.999027
2011-07-25,24.57,25.15,24.530001,24.83,729500,22.515904
2011-07-22,24.700001,24.959999,24.35,24.85,628400,22.53404
2011-07-21,24.52,25.00,24.50,24.66,1305400,22.361747
2011-07-20,24.83,24.950001,24.34,24.389999,878700,22.11691
2011-07-19,24.690001,25.00,24.440001,24.76,886000,22.452428
2011-07-18,24.219999,24.60,23.889999,24.18,1290900,21.926483
2011-07-15,24.620001,24.92,24.049999,24.26,704600,21.999027
2011-07-14,25.18,25.60,24.25,24.370001,1230400,22.098776
2011-07-13,23.950001,25.67,23.82,24.90,1909500,22.57938
2011-07-12,23.610001,24.200001,23.190001,23.60,818200,21.400537
2011-07-11,24.01,24.110001,23.49,23.82,742000,21.600033
2011-07-08,24.00,24.469999,23.50,24.379999,809700,22.107842
2011-07-07,24.389999,24.639999,24.309999,24.43,672900,22.153183
2011-07-06,23.540001,24.299999,23.40,24.059999,970200,21.817666
2011-07-05,24.00,24.120001,23.40,23.440001,1339100,21.255449
2011-07-01,22.51,23.860001,22.32,23.540001,1728900,21.34613
2011-06-30,21.35,22.459999,21.280001,22.42,1600200,20.33051
2011-06-29,21.700001,21.93,21.25,21.25,776300,19.269551
2011-06-28,20.85,21.610001,20.57,21.610001,603700,19.596001
2011-06-27,20.700001,20.889999,20.15,20.799999,573500,18.86149
2011-06-24,21.030001,21.450001,20.530001,20.59,788600,18.671062
2011-06-23,20.389999,21.
00,19.91,20.90,836700,18.95217
2011-06-22,20.75,21.25,20.629999,20.68,441200,18.752674
2011-06-21,20.48,21.00,20.10,20.91,714900,18.961238
2011-06-20,20.25,20.67,20.110001,20.25,745300,18.362749
2011-06-17,20.60,21.07,20.24,20.450001,1070000,18.54411
2011-06-16,20.49,20.889999,19.860001,20.459999,720100,18.553177
2011-06-15,21.209999,21.379999,20.50,20.60,657700,18.68013
2011-06-14,21.01,21.77,20.73,21.450001,606100,19.450913
2011-06-13,21.040001,21.18,20.17,20.799999,559600,18.86149
2011-06-10,20.82,21.24,20.75,21.00,698700,19.042851
2011-06-09,20.709999,21.34,20.709999,21.07,526100,19.106327
2011-06-08,21.389999,21.65,20.190001,20.65,1110100,18.72547
2011-06-07,21.68,21.90,21.309999,21.59,397300,19.577864
2011-06-06,21.790001,22.32,21.26,21.58,862400,19.568796
2011-06-03,21.18,22.030001,20.780001,21.93,771600,19.886177
2011-06-02,21.40,22.129999,21.219999,21.74,908100,19.713884
2011-06-01,22.59,22.75,21.16,21.42,1493100,19.423708
2011-05-31,22.469999,22.68,21.75,22.66,831900,20.548143
2011-05-27,22.34,22.60,21.700001,22.00,462900,19.949653
2011-05-26,21.66,22.469999,21.280001,22.25,665000,20.176354
2011-05-25,20.99,21.870001,20.870001,21.700001,478600,19.677613
2011-05-24,21.07,21.76,20.83,21.040001,531100,19.079124
2011-05-23,20.51,21.15,20.219999,20.889999,504000,18.943102
2011-05-20,20.959999,21.43,20.610001,21.040001,518100,19.079124
2011-05-19,21.67,21.940001,20.709999,21.129999,460400,19.160734
2011-05-18,20.780001,21.60,20.780001,21.40,451800,19.405571
2011-05-17,20.299999,21.10,20.139999,21.040001,699100,19.079124
2011-05-16,20.639999,21.290001,20.040001,20.549999,881200,18.634789
2011-05-13,22.18,22.200001,20.91,20.940001,872700,18.988443
2011-05-12,21.629999,22.790001,21.629999,22.200001,1282600,20.131014
2011-05-11,23.190001,23.190001,21.610001,21.93,687400,19.886177
2011-05-10,22.82,23.379999,22.440001,22.870001,1232000,20.738572
2011-05-09,21.200001,21.82,20.98,21.620001,683600,19.605069
2011-05-06,20.59,21.440001,20.32,21.129999,904200,19.160734
2011-05-05,20.51,20.889999,20.200001,20.40,666200,18.498769
2011-05-04,21.27,21.35,20.469999,20.809999,707800,18.870558
2011-05-03,22.18,22.219999,20.83,21.370001,676900,19.378368
2011-05-02,22.540001,23.17,22.09,22.17,736900,20.10381
2011-04-29,22.129999,22.60,21.85,22.51,490000,20.412123
2011-04-28,21.48,22.209999,21.07,22.110001,621000,20.049402
2011-04-27,21.42,21.709999,20.940001,21.530001,629800,19.523457
2011-04-26,21.299999,21.540001,20.940001,21.50,751300,19.496252
2011-04-25,21.51,21.66,21.18,21.26,570300,19.27862
2011-04-21,21.85,21.99,21.40,21.68,375200,19.659477
2011-04-20,21.639999,22.110001,21.379999,21.60,814000,19.586933
2011-04-19,20.83,21.299999,20.790001,21.25,338100,19.269551
2011-04-18,21.120001,21.32,20.73,20.870001,744300,18.924967
2011-04-15,21.389999,21.540001,21.040001,21.49,940800,19.487184
2011-04-14,21.540001,22.030001,21.290001,21.50,621200,19.496252
2011-04-13,22.040001,22.129999,21.40,21.780001,532700,19.750157
2011-04-12,22.040001,22.440001,21.77,21.969999,591300,19.922448
2011-04-11,22.48,22.76,22.02,22.389999,628600,20.303306
2011-04-08,23.65,23.65,22.50,22.700001,464200,20.5
84416
2011-04-07,23.76,24.120001,22.99,23.299999,573200,21.128496
2011-04-06,24.540001,24.799999,23.610001,23.690001,753700,21.48215
2011-04-05,23.85,24.43,23.50,24.379999,1247500,22.107842
2011-04-04,23.50,23.75,23.459999,23.610001,841900,21.409606
2011-04-01,22.889999,23.92,22.790001,23.35,1461000,21.173837
2011-03-31,22.34,23.030001,22.24,22.76,572800,20.638823
2011-03-30,22.40,22.66,21.639999,22.48,592000,20.384918
2011-03-29,22.25,22.68,22.030001,22.379999,690700,20.294237
2011-03-28,22.57,22.82,22.25,22.32,395800,20.23983
2011-03-25,23.290001,23.360001,22.57,22.57,506600,20.46653
2011-03-24,22.969999,23.50,22.65,23.120001,488700,20.965273
2011-03-23,22.49,23.110001,22.17,22.93,638500,20.79298
2011-03-22,21.98,22.67,21.91,22.65,608500,20.539074
2011-03-21,22.700001,22.75,21.879999,22.040001,936600,19.985926
2011-03-18,21.559999,22.43,21.49,21.870001,3748500,19.83177
2011-03-17,21.059999,21.42,20.950001,21.26,558900,19.27862
2011-03-16,20.90,21.209999,20.299999,20.629999,678300,18.707333
2011-03-15,19.82,21.209999,19.17,21.049999,817600,19.08819
2011-03-14,21.459999,21.459999,20.83,20.98,1050600,19.024714
2011-03-11,20.07,21.940001,19.85,21.690001,1098100,19.668545
2011-03-10,21.799999,21.940001,20.860001,21.120001,873500,19.151668
2011-03-09,22.799999,22.98,22.08,22.219999,690600,20.149149
2011-03-08,22.76,23.52,22.35,22.780001,590700,20.65696
2011-03-07,23.66,23.780001,22.65,22.83,546300,20.702299
2011-03-04,23.889999,23.889999,23.299999,23.639999,519000,21.436809
2011-03-03,23.450001,23.92,23.27,23.610001,1013000,21.409606
2011-03-02,23.549999,23.549999,22.719999,22.809999,816600,20.684163
2011-03-01,24.190001,24.23,23.030001,23.459999,2147100,21.273584
2011-02-28,22.67,23.450001,21.940001,23.290001,1518000,21.119429
2011-02-25,21.17,22.620001,21.17,22.41,642300,20.321442
2011-02-24,21.639999,21.67,20.719999,21.200001,1075500,19.224212
2011-02-23,21.60,21.940001,21.049999,21.629999,736800,19.614135
2011-02-22,22.549999,22.74,21.67,21.709999,819400,19.68668
2011-02-18,23.280001,23.639999,22.780001,22.90,1033200,20.765775
2011-02-17,21.01,23.23,20.780001,23.219999,2106600,21.055951
2011-02-16,20.51,21.00,20.51,20.77,406400,18.834287
2011-02-15,21.309999,21.360001,20.459999,20.49,552700,18.580381
2011-02-14,21.02,21.40,20.799999,20.799999,646800,18.86149
2011-02-11,20.24,21.08,20.10,21.08,624300,19.115395
2011-02-10,20.200001,20.540001,20.01,20.280001,774100,18.389954
2011-02-09,20.01,20.879999,19.52,20.200001,788900,18.317409
2011-02-08,19.57,19.940001,19.34,19.93,879600,18.072572
2011-02-07,19.309999,19.68,19.23,19.49,487900,17.673579
2011-02-04,19.42,19.60,19.139999,19.32,350200,17.519422
2011-02-03,19.190001,19.450001,18.809999,19.450001,549500,17.637308
2011-02-02,19.299999,19.50,19.23,19.25,268200,17.455947
2011-02-01,18.58,19.52,18.42,19.40,650700,17.591967
2011-01-31,18.290001,18.49,18.040001,18.360001,385500,16.648893
2011-01-28,18.17,18.290001,17.83,18.040001,540000,16.358716
2011-01-27,18.41,18.639999,17.940001,18.129999,548400,16.440327
2011-01-26,18.139999,18.559999,18.00,18.42,500200,16.703301
2011-01-25,18.08,18.290001,17.870001,18.00,4
85400,16.322443
2011-01-24,18.08,18.459999,18.08,18.200001,348500,16.503805
2011-01-21,18.370001,18.370001,18.00,18.01,436800,16.331512
2011-01-20,18.58,18.77,17.82,18.200001,855400,16.503805
2011-01-19,19.40,19.530001,18.799999,18.90,701800,17.138565
2011-01-18,19.200001,19.709999,19.139999,19.690001,414100,17.85494
2011-01-14,18.90,19.190001,18.809999,19.190001,471800,17.401539
2011-01-13,19.190001,19.219999,18.84,18.959999,368900,17.192973
2011-01-12,19.18,19.40,18.91,19.00,469800,17.229246
2011-01-11,18.77,19.09,18.73,19.00,865200,17.229246
2011-01-10,18.40,18.74,18.18,18.719999,740200,16.975341
2011-01-07,17.93,18.450001,17.809999,18.40,1133300,16.685164
2011-01-06,17.43,17.940001,17.33,17.90,752900,16.231763
2011-01-05,16.74,17.51,16.48,17.51,583200,15.878111
2011-01-04,17.34,17.34,16.32,16.85,615400,15.279621
2011-01-03,17.27,17.48,17.139999,17.27,560700,15.660478
2010-12-31,17.040001,17.26,17.00,17.09,156100,15.497253
2010-12-30,17.23,17.440001,17.09,17.110001,157600,15.51539
2010-12-29,17.00,17.50,17.00,17.23,368100,15.624205
2010-12-28,17.629999,17.700001,16.75,16.940001,521600,15.361233
2010-12-27,17.51,17.73,17.280001,17.610001,252000,15.968791
2010-12-23,17.620001,17.700001,17.49,17.540001,223500,15.905315
2010-12-22,17.90,17.90,17.40,17.67,447200,16.023199
2010-12-21,17.65,17.91,17.50,17.879999,339300,16.213626
2010-12-20,17.700001,17.76,17.43,17.530001,401900,15.896247
2010-12-17,17.309999,17.700001,17.10,17.57,790400,15.932518
2010-12-16,17.75,17.75,17.27,17.32,483900,15.705818
2010-12-15,17.65,17.77,17.540001,17.690001,526200,16.041335
2010-12-14,17.700001,17.74,17.50,17.60,536600,15.959723
2010-12-13,17.950001,17.99,17.50,17.60,559700,15.959723
2010-12-10,17.799999,17.98,17.60,17.92,560500,16.249899
2010-12-09,17.700001,17.799999,17.459999,17.76,928900,16.104811
2010-12-08,17.50,17.690001,17.40,17.60,709800,15.959723
2010-12-07,17.41,17.74,17.32,17.49,736600,15.859974
2010-12-06,17.280001,17.459999,16.99,17.27,654500,15.660478
2010-12-03,16.43,17.25,16.40,17.23,911500,15.624205
2010-12-02,16.59,16.68,16.459999,16.58,835700,15.034784
2010-12-01,16.60,16.620001,16.379999,16.540001,1266200,14.998513
2010-11-30,16.389999,16.389999,16.08,16.23,666800,14.717403
2010-11-29,16.700001,16.73,16.129999,16.51,705000,14.971308
2010-11-26,17.00,17.10,16.700001,16.709999,172600,15.152668
2010-11-24,16.549999,17.120001,16.549999,17.10,899200,15.506322
2010-11-23,16.52,16.52,16.200001,16.43,354300,14.898764
2010-11-22,16.639999,16.889999,16.50,16.790001,446600,15.225213
2010-11-19,16.77,16.860001,16.50,16.629999,476900,15.080123
2010-11-18,16.40,16.92,16.23,16.75,453900,15.18894
2010-11-17,16.00,16.25,15.93,16.139999,554100,14.63579
2010-11-16,16.24,16.25,15.75,15.93,723900,14.445363
2010-11-15,16.790001,16.93,16.00,16.41,806800,14.880628
2010-11-12,17.00,17.059999,16.57,16.59,1797300,15.043852
2010-11-11,15.93,16.75,15.27,16.540001,771700,14.998513
2010-11-10,16.24,16.65,15.61,16.389999,574700,14.862491
2010-11-09,17.09,17.200001,15.95,16.17,733100,14.662995
2010-11-08,16.879999,17.10,16.780001,17.10,494300,15.506322
2010-11-05,16.40,16.90,16.27,16.879999,678400,15.306824
2010-11-04,16.049999,16.549999,16.049999,16.40,658900,1
4.871559
2010-11-03,16.01,16.01,15.56,15.95,304300,14.463498
2010-11-02,15.70,16.00,15.63,15.95,404100,14.463498
2010-11-01,15.67,16.26,15.28,15.59,802400,14.13705
2010-10-29,14.81,15.68,14.81,15.54,529900,14.09171
2010-10-28,15.00,15.23,14.73,14.94,496200,13.547628
2010-10-27,15.17,15.20,14.77,14.93,603000,13.53856
2010-10-26,14.93,15.39,14.75,15.27,361200,13.846873
2010-10-25,15.35,15.59,15.11,15.16,423100,13.747124
2010-10-22,14.87,15.20,14.49,15.15,601500,13.738056
2010-10-21,15.18,15.36,14.54,14.91,424000,13.520424
2010-10-20,14.91,15.23,14.75,15.03,604000,13.62924
2010-10-19,15.43,15.43,14.62,14.79,912400,13.411608
2010-10-18,15.62,15.84,15.53,15.69,385500,14.22773
2010-10-15,15.40,15.94,15.24,15.54,765900,14.09171
2010-10-14,15.61,15.76,15.00,15.11,979000,13.701784
2010-10-13,15.51,16.030001,15.49,15.54,776700,14.09171
2010-10-12,15.39,15.57,15.22,15.47,561400,13.892213
2010-10-11,15.50,15.87,15.23,15.34,868100,13.775472
2010-10-08,15.15,15.51,15.01,15.49,837700,13.910173
2010-10-07,14.68,15.18,14.31,15.08,961300,13.541989
2010-10-06,14.20,15.08,14.15,14.66,2675600,13.164825
2010-10-05,14.28,14.28,14.13,14.21,917500,12.760721
2010-10-04,14.21,14.31,14.10,14.23,602600,12.77868
2010-10-01,14.11,14.41,14.01,14.20,1314700,12.75174
2010-09-30,14.15,14.23,13.96,14.04,859400,12.608059
2010-09-29,14.18,14.24,14.05,14.10,714900,12.66194
2010-09-28,14.11,14.22,13.79,14.18,604600,12.733781
2010-09-27,14.21,14.27,13.95,14.14,570200,12.69786
2010-09-24,13.51,14.07,13.51,14.06,831500,12.62602
2010-09-23,13.24,13.66,13.17,13.35,541700,11.988432
2010-09-22,13.35,13.76,13.16,13.31,372400,11.952512
2010-09-21,13.80,13.80,13.36,13.37,825400,12.006392
2010-09-20,13.94,13.94,13.53,13.80,781000,12.392537
2010-09-17,13.11,14.00,12.90,13.79,3267100,12.383556
2010-09-16,12.57,12.75,12.33,12.52,567800,11.243084
2010-09-15,12.58,12.60,12.41,12.55,259100,11.270024
2010-09-14,12.65,12.75,12.26,12.61,373300,11.323904
2010-09-13,12.01,12.76,11.94,12.66,981900,11.368805
2010-09-10,12.00,12.01,11.74,11.99,565300,10.767138
2010-09-09,12.00,12.02,11.76,11.94,637500,10.722238
2010-09-08,11.68,12.00,11.68,11.81,290400,10.605497
2010-09-07,11.95,11.95,11.55,11.59,244700,10.407935
2010-09-03,11.86,12.00,11.63,11.96,412700,10.740198
2010-09-02,11.63,11.78,11.30,11.75,184500,10.551616
2010-09-01,11.08,11.82,11.02,11.71,651600,10.515696
2010-08-31,10.67,10.97,10.67,10.87,418700,9.761367
2010-08-30,10.68,10.91,10.62,10.66,251000,9.572785
2010-08-27,10.71,10.73,10.40,10.69,397900,9.599725
2010-08-26,10.85,10.94,10.48,10.56,263600,9.482985
2010-08-25,10.75,10.97,10.55,10.82,194300,9.716467
2010-08-24,11.01,11.01,10.65,10.81,344100,9.707487
2010-08-23,11.48,11.65,11.10,11.15,365000,10.01281
2010-08-20,11.33,11.55,11.08,11.37,367600,10.210372
2010-08-19,11.58,11.77,11.30,11.41,405000,10.246293
2010-08-18,11.63,11.89,11.40,11.65,361400,10.461815
2010-08-17,11.55,11.74,11.38,11.60,558800,10.416915
2010-08-16,10.85,11.55,10.81,11.38,429800,1
0.219353
2010-08-13,11.09,11.09,10.77,10.86,280100,9.752387
2010-08-12,10.84,11.18,10.79,11.05,340400,9.92301
2010-08-11,11.72,11.72,10.94,10.98,482800,9.860148
2010-08-10,11.47,11.77,11.27,11.56,427100,10.380995
2010-08-09,11.58,11.70,11.47,11.63,125800,10.443855
2010-08-06,11.38,11.61,11.20,11.54,224000,10.363034
2010-08-05,11.30,11.59,11.30,11.55,126100,10.372014
2010-08-04,11.32,11.46,11.00,11.38,370400,10.219353
2010-08-03,11.63,11.87,11.22,11.32,343200,10.165472
2010-08-02,11.73,11.98,11.48,11.71,210200,10.515696
2010-07-30,11.41,11.74,11.10,11.53,132500,10.354054
2010-07-29,11.44,11.76,11.25,11.62,288000,10.434875
2010-07-28,11.58,11.70,11.34,11.36,179500,10.201392
2010-07-27,11.42,11.70,11.15,11.64,368200,10.452836
2010-07-26,11.70,11.70,11.27,11.31,383400,10.156492
2010-07-23,11.31,11.74,10.84,11.63,798500,10.443855
2010-07-22,11.11,11.54,11.11,11.40,630100,10.237312
2010-07-21,10.89,11.20,10.61,10.93,873900,9.815248
2010-07-20,9.88,10.81,9.80,10.79,409900,9.689527
2010-07-19,10.06,10.16,9.81,9.99,287000,8.971119
2010-07-16,10.37,10.63,10.00,10.05,389900,9.025
2010-07-15,10.81,10.99,10.30,10.47,213800,9.402164
2010-07-14,10.76,11.00,10.69,10.79,130100,9.689527
2010-07-13,10.81,10.90,10.69,10.83,367200,9.725447
2010-07-12,10.84,10.94,10.53,10.64,132000,9.554826
2010-07-09,10.73,10.93,10.44,10.87,183600,9.761367
2010-07-08,10.60,10.74,10.31,10.71,263300,9.617686
2010-07-07,9.88,10.59,9.78,10.57,369600,9.491964
2010-07-06,10.14,10.46,9.73,9.80,393900,8.800497
2010-07-02,10.42,10.53,9.85,9.95,312800,8.935198
2010-07-01,10.29,10.33,9.92,10.32,737300,9.267462
2010-06-30,10.37,10.50,10.24,10.33,391200,9.276442
2010-06-29,11.04,11.27,10.34,10.41,430600,9.348283
2010-06-28,11.04,11.54,10.94,11.17,384800,10.030771
2010-06-25,11.00,11.29,10.62,11.10,9209600,9.96791
2010-06-24,11.23,11.34,10.91,10.94,318500,9.824228
2010-06-23,11.29,11.56,10.90,11.26,342000,10.111592
2010-06-22,11.58,11.69,11.17,11.33,573800,10.174452
2010-06-21,11.39,11.82,11.28,11.50,1352900,10.327114
2010-06-18,11.08,11.29,11.00,11.16,398500,10.02179
2010-06-17,11.08,11.16,10.97,11.02,186500,9.896069
2010-06-16,11.08,11.25,11.00,11.11,402500,9.97689
2010-06-15,10.90,11.16,10.87,11.10,470100,9.96791
2010-06-14,11.00,11.35,10.74,10.77,843600,9.671567
2010-06-11,9.96,10.37,9.87,10.31,685100,9.258482
2010-06-10,10.33,10.55,9.59,10.04,2368400,9.016019
2010-06-09,10.05,10.52,9.78,10.20,607800,9.159701
2010-06-08,10.56,10.57,9.86,10.13,831500,9.09684
2010-06-07,11.05,11.08,10.42,10.56,243100,9.482985
2010-06-04,11.36,11.44,10.93,11.08,280000,9.94995
2010-06-03,11.03,11.72,11.01,11.65,97100,10.461815
2010-06-02,11.10,11.61,11.08,11.59,159600,10.407935
2010-06-01,11.46,11.60,11.08,11.08,167500,9.94995
2010-05-28,11.57,11.77,11.50,11.67,177200,10.479776
2010-05-27,11.47,11.85,11.29,11.54,728000,10.363034
2010-05-26,11.40,11.83,11.09,11.14,2361600,10.003831
2010-05-25,10.79,11.33,10.38,11.30,450900,10.147512
2010-05-24,11.43,11.60,11.29,11.34,201200,10.183432
2010-05-21,10.44,11.69,10.25,11.55,592
300,10.372014
2010-05-20,11.13,11.26,10.00,10.99,571800,9.869129
2010-05-19,11.50,11.59,10.76,11.44,564300,10.273233
2010-05-18,12.02,12.02,11.45,11.65,504900,10.461815
2010-05-17,12.22,12.22,11.87,12.00,206500,10.776119
2010-05-14,12.25,12.36,11.80,12.05,382600,10.821019
2010-05-13,12.17,12.52,12.15,12.25,803400,11.000621
2010-05-12,11.02,12.20,10.85,12.08,530400,10.847959
2010-05-11,11.56,11.96,11.38,11.60,200100,10.416915
2010-05-10,11.53,11.68,11.09,11.52,277500,10.345074
2010-05-07,11.06,11.43,10.36,10.75,617700,9.653606
2010-05-06,11.61,11.69,10.90,11.22,375900,10.075671
2010-05-05,11.89,11.91,11.50,11.77,426500,10.569577
2010-05-04,12.13,12.17,11.75,11.99,241800,10.767138
2010-05-03,12.40,12.56,12.20,12.28,684200,11.027561
2010-04-30,12.70,12.70,12.20,12.41,319400,11.144303
2010-04-29,12.22,12.74,12.05,12.74,942100,11.440646
2010-04-28,11.87,12.19,11.86,12.14,244500,10.90184
2010-04-27,12.30,12.39,11.66,11.85,300500,10.641418
2010-04-26,12.00,12.49,12.00,12.38,675900,11.117363
2010-04-23,11.96,12.03,11.82,11.97,266900,10.749179
2010-04-22,11.78,11.97,11.75,11.92,213400,10.704278
2010-04-21,11.90,11.99,11.82,11.85,160000,10.641418
2010-04-20,11.90,11.97,11.75,11.93,170400,10.713258
2010-04-19,12.16,12.16,11.74,11.90,141100,10.686317
2010-04-16,12.17,12.30,11.98,12.15,562200,10.91082
2010-04-15,11.58,12.32,11.55,12.15,1875900,10.91082
2010-04-14,11.54,11.65,11.48,11.65,472900,10.461815
2010-04-13,11.59,11.61,11.47,11.54,468900,10.363034
2010-04-12,11.30,11.80,11.25,11.56,386400,10.380995
2010-04-09,11.25,11.35,11.20,11.30,327400,10.147512
2010-04-08,11.30,11.34,11.06,11.28,346800,10.129551
2010-04-07,11.20,11.49,11.18,11.36,338200,10.201392
2010-04-06,11.14,11.30,11.01,11.25,660300,10.102611
2010-04-05,11.40,11.40,11.19,11.24,191700,10.093631
2010-04-01,11.15,11.53,11.00,11.35,748000,10.192413
2010-03-31,10.86,11.30,10.79,11.19,412500,10.04873
2010-03-30,10.97,10.98,10.86,10.93,299400,9.815248
2010-03-29,11.10,11.10,10.90,11.01,245900,9.887089
2010-03-26,11.10,11.15,10.95,11.06,127200,9.93199
2010-03-25,11.15,11.30,11.10,11.12,358000,9.98587
2010-03-24,11.04,11.15,11.03,11.10,275900,9.96791
2010-03-23,11.22,11.22,11.00,11.08,382800,9.94995
2010-03-22,11.35,11.35,11.00,11.29,230200,10.138532
2010-03-19,11.35,11.40,10.91,11.35,1185400,10.192413
2010-03-18,10.92,11.02,10.85,11.01,386700,9.887089
2010-03-17,11.03,11.03,10.90,10.97,111600,9.851169
2010-03-16,10.92,11.00,10.86,10.95,119100,9.833208
2010-03-15,11.03,11.16,10.84,10.94,241300,9.824228
2010-03-12,11.18,11.18,11.05,11.11,69700,9.97689
2010-03-11,11.09,11.33,10.95,11.14,936800,10.003831
2010-03-10,11.10,11.25,10.80,11.04,574400,9.914029
2010-03-09,11.04,11.24,10.76,11.01,296800,9.887089
2010-03-08,10.75,11.27,10.71,11.05,344300,9.92301
2010-03-05,10.74,10.78,10.65,10.71,397200,9.617686
2010-03-04,10.43,10.60,10.36,10.60,240300,9.518905
2010-03-03,10.45,10.45,10.36,10.38,64000,9.321343
2010-03-02,10.36,10.43,10.10,10.40,108300,9.339303
2010-03-01,10.25,10.54,10.16,10.33,150200,9.276442
2010-02-26,9.60,10.42,9.55,10.26,230000,9.213582
2010-02-25,10.16,10.48,10.00,10.37,88200,9.312363
2010-02-24,10.45,10.45,10.17,10.31,245500,9.258482
2010-02-23,10.60,10.75,10.27,10.44,404500,9.
375223
2010-02-22,10.50,10.78,10.41,10.69,459000,9.599725
2010-02-19,9.96,10.67,9.94,10.54,855600,9.465024
2010-02-18,9.77,10.02,9.66,9.95,308800,8.935198
2010-02-17,9.85,9.94,9.73,9.85,565100,8.845398
2010-02-16,9.97,10.20,9.72,9.73,237600,8.737636
2010-02-12,9.51,9.74,9.30,9.72,484600,8.728656
2010-02-11,9.51,9.53,9.42,9.48,300400,8.513133
2010-02-10,9.51,9.51,9.30,9.44,80500,8.477213
2010-02-09,9.46,9.59,9.20,9.44,112500,8.477213
2010-02-08,9.40,9.46,9.20,9.28,571000,8.333532
2010-02-05,9.47,9.66,9.23,9.33,704800,8.378432
2010-02-04,10.01,10.07,9.24,9.36,408200,8.405372
2010-02-03,10.00,10.37,9.96,10.15,551600,9.1148
2010-02-02,9.40,10.09,9.40,9.97,792800,8.953159
2010-02-01,9.34,9.73,9.29,9.41,332100,8.450273
2010-01-29,9.43,9.55,9.20,9.29,336200,8.342512
2010-01-28,9.80,9.85,9.37,9.40,179100,8.441293
2010-01-27,9.86,10.02,9.50,9.50,766300,8.531094
2010-01-26,9.80,10.00,9.50,9.77,274200,8.773557
2010-01-25,9.90,10.10,9.67,9.80,175700,8.800497
2010-01-22,10.20,10.38,9.79,9.84,702700,8.836418
2010-01-21,10.75,10.78,10.21,10.23,191100,9.186641
2010-01-20,10.66,10.78,10.53,10.72,270900,9.626666
2010-01-19,10.58,10.78,10.51,10.70,308200,9.608706
2010-01-15,10.54,10.66,10.23,10.48,165900,9.411143
2010-01-14,10.77,10.82,10.41,10.47,265300,9.402164
2010-01-13,10.52,10.68,10.38,10.68,635500,9.590746
2010-01-12,10.45,10.68,10.22,10.46,517800,9.393184
2010-01-11,10.38,10.48,10.00,10.48,266400,9.411143
2010-01-08,9.99,10.38,9.93,10.25,2036400,9.204601
2010-01-07,10.00,10.11,9.65,9.91,126300,8.899278
2010-01-06,9.94,10.13,9.85,9.87,1020500,8.863358
2010-01-05,9.65,9.98,9.64,9.90,590200,8.890298
2010-01-04,9.50,9.75,9.50,9.65,450800,8.665795
2009-12-31,9.49,9.52,9.35,9.40,73700,8.441293
2009-12-30,9.59,9.75,9.48,9.50,72500,8.531094
2009-12-29,9.74,9.81,9.62,9.65,41200,8.665795
2009-12-28,9.81,9.98,9.50,9.69,125400,8.701716
2009-12-24,9.56,9.98,9.43,9.75,221300,8.755596
2009-12-23,9.07,9.57,9.04,9.52,276800,8.549055
2009-12-22,9.17,9.17,9.00,9.10,480800,8.17189
2009-12-21,9.23,9.23,9.10,9.15,144000,8.21679
2009-12-18,9.11,9.22,9.05,9.20,596400,8.261691
2009-12-17,9.33,9.33,9.07,9.10,351200,8.17189
2009-12-16,9.42,9.42,9.19,9.25,79400,8.306592
2009-12-15,9.45,9.60,9.18,9.24,199300,8.297611
2009-12-14,9.49,9.59,9.38,9.44,193600,8.477213
2009-12-11,9.40,9.49,9.22,9.34,176900,8.387413
2009-12-10,9.59,9.66,9.20,9.25,221400,8.306592
2009-12-09,9.46,9.74,9.46,9.50,259500,8.531094
2009-12-08,9.18,9.65,8.92,9.37,378900,8.414353
2009-12-07,9.65,9.75,8.78,9.00,982100,8.082089
2009-12-04,8.54,8.57,8.23,8.49,93500,7.624104
2009-12-03,8.58,8.58,8.14,8.32,99000,7.471442
2009-12-02,8.40,8.48,8.20,8.41,154300,7.552263
2009-12-01,8.52,8.70,8.39,8.45,73500,7.588183
2009-11-30,8.17,8.44,8.17,8.36,41500,7.507362
2009-11-27,8.36,8.49,8.09,8.13,38900,7.300821
2009-11-25,8.82,9.09,8.42,8.52,73300,7.651045
2009-11-24,8.45,8.63,8.10,8.52,58700,7.651045
2009-11-23
,8.78,8.83,8.52,8.54,96200,7.669004
2009-11-20,8.63,8.98,8.60,8.60,49100,7.722885
2009-11-19,8.59,8.85,8.59,8.63,31000,7.749826
2009-11-18,8.57,8.76,8.48,8.70,198900,7.812686
2009-11-17,8.88,8.88,8.49,8.60,86700,7.722885
2009-11-16,9.07,9.47,8.48,8.82,215500,7.920447
2009-11-13,9.11,9.38,8.71,8.93,109800,8.019229
2009-11-12,8.88,9.08,8.69,9.04,154300,8.118009
2009-11-11,8.76,8.92,8.51,8.84,93300,7.938408
2009-11-10,8.63,8.75,8.50,8.75,91600,7.857587
2009-11-09,8.63,8.74,8.48,8.74,52000,7.848606
2009-11-06,8.27,8.54,8.23,8.51,30500,7.642064
2009-11-05,7.94,8.62,7.94,8.44,304400,7.579203
2009-11-04,7.65,7.98,7.65,7.78,60500,6.986517
2009-11-03,7.65,8.05,7.60,7.60,52600,6.824875
2009-11-02,7.94,8.20,7.70,7.75,121400,6.959577
2009-10-30,7.89,8.09,7.89,7.92,165600,7.112238
2009-10-29,7.84,8.15,7.68,8.12,89100,7.29184
2009-10-28,8.10,8.15,7.61,7.71,200100,6.923656
2009-10-27,8.36,8.36,8.15,8.17,95800,7.336741
2009-10-26,8.48,8.48,8.25,8.27,73300,7.426542
2009-10-23,8.57,8.57,8.36,8.40,62300,7.543283
2009-10-22,8.51,8.57,8.28,8.52,897700,7.651045
2009-10-21,8.34,8.55,8.34,8.40,703900,7.543283
2009-10-20,8.32,8.43,8.25,8.31,175900,7.462463
2009-10-19,8.36,8.54,8.35,8.38,365900,7.525323
2009-10-16,8.80,8.91,8.40,8.40,206100,7.543283
2009-10-15,8.82,9.00,8.75,8.80,60700,7.902487
2009-10-14,8.95,8.98,8.78,8.78,47800,7.884527
2009-10-13,8.94,8.94,8.75,8.80,96400,7.902487
2009-10-12,8.89,8.93,8.62,8.85,118300,7.947388
2009-10-09,9.08,9.08,8.33,8.75,222600,7.857587
2009-10-08,8.68,8.80,8.33,8.55,68400,7.677985
2009-10-07,8.80,8.80,8.50,8.50,28100,7.633084
2009-10-06,8.74,8.80,8.51,8.74,131200,7.848606
2009-10-05,8.81,8.81,8.40,8.53,18300,7.660024
2009-10-02,8.35,8.92,7.75,8.70,45500,7.812686
2009-10-01,8.95,8.95,8.28,8.35,172000,7.498383
2009-09-30,8.87,9.22,8.72,9.02,102500,8.10005
2009-09-29,8.55,8.80,8.55,8.66,83800,7.776766
2009-09-28,8.96,8.96,8.26,8.59,79200,7.713905
2009-09-25,8.74,8.91,8.52,8.85,65900,7.947388
2009-09-24,8.60,8.75,8.42,8.61,79900,7.731865
2009-09-23,8.53,8.59,8.25,8.59,111400,7.713905
2009-09-22,8.43,8.54,8.01,8.54,61400,7.669004
2009-09-21,8.26,8.39,7.85,8.20,52700,7.363681
2009-09-18,8.55,8.55,8.04,8.33,107000,7.480422
2009-09-17,8.16,8.55,7.90,8.35,222200,7.498383
2009-09-16,8.27,8.30,8.00,8.16,111400,7.327761
2009-09-15,8.30,8.30,8.18,8.30,101900,7.453482
2009-09-14,8.36,8.44,8.06,8.29,73600,7.444502
2009-09-11,8.25,8.52,8.25,8.45,95100,7.588183
2009-09-10,8.17,8.39,8.01,8.25,43800,7.408582
2009-09-09,8.20,8.20,8.06,8.14,56100,7.309801
2009-09-08,8.32,8.39,8.01,8.15,152000,7.31878
2009-09-04,7.97,8.20,7.95,8.01,49800,7.193059
2009-09-03,7.92,8.04,7.65,7.96,130400,7.148159
2009-09-02,7.81,8.05,7.80,7.93,84200,7.121218
2009-09-01,7.92,8.10,7.87,7.90,65000,7.094278
2009-08-31,7.98,8.30,7.69,8.19,55900,7.354701
2009-08-28,8.15,8.44,7.96,8.10,126300,7.273881
2009-08-27,8.55,8.55,8.16,8.17,140400,7.336741
2009-08-26,7.97,8.15,7.83,8.15,62300,7.31878
2009-08-25,8.14,8.25,7.87,7.93,72300,7.121218
2009-0
8-24,8.30,8.49,8.15,8.15,31300,7.31878
2009-08-21,8.22,8.35,8.11,8.30,67000,7.453482
2009-08-20,8.25,8.30,8.00,8.11,217800,7.28286
2009-08-19,8.13,8.30,7.86,8.20,52200,7.363681
2009-08-18,8.01,8.20,8.00,8.14,34500,7.309801
2009-08-17,8.03,8.30,8.00,8.04,61700,7.22
2009-08-14,8.22,8.30,8.10,8.23,36700,7.390621
2009-08-13,7.80,8.25,7.80,8.17,150300,7.336741
2009-08-12,7.70,8.05,7.55,7.92,161600,7.112238
2009-08-11,7.90,8.00,7.66,7.76,74900,6.968557
2009-08-10,8.30,8.30,7.65,8.00,119700,7.184079
2009-08-07,8.00,8.39,8.00,8.30,182100,7.453482
2009-08-06,8.80,8.80,7.95,7.97,356000,7.157139
2009-08-05,7.73,8.87,7.50,8.86,367500,7.956367
2009-08-04,8.00,8.16,7.37,7.76,335900,6.968557
2009-08-03,7.25,8.00,7.25,8.00,305000,7.184079
2009-07-31,7.10,7.50,6.96,7.20,251800,6.465671
2009-07-30,7.00,7.68,6.81,7.09,4187100,6.36689