Date,Open,High,Low,Close,Volume,Adj Close
2016-08-05,33.26,33.29,33.26,33.29,600,33.29
2016-08-04,33.07,33.15,32.81,32.85,6500,32.85
2016-08-03,33.00,33.185,32.79,33.185,1600,33.185
2016-08-02,32.61,32.71,32.4732,32.60,3000,32.60
2016-08-01,32.62,32.72,32.4999,32.67,11800,32.67
2016-07-29,32.68,32.878,31.88,32.472,15100,32.472
2016-07-26,37.60,37.60,37.41,37.41,300,37.41
2016-07-25,37.53,37.53,37.30,37.30,2300,37.30
2016-07-22,37.56,37.67,37.56,37.67,1200,37.67
2016-07-21,36.44,36.80,36.44,36.74,4300,36.74
2016-07-20,36.88,36.885,36.61,36.685,2600,36.685
2016-07-19,36.82,36.832,36.82,36.82,1200,36.82
2016-07-14,36.78,36.85,36.6996,36.83,8800,36.83
2016-07-13,36.36,36.36,36.36,36.36,100,36.36
2016-07-12,36.84,37.04,36.68,36.6801,4200,36.6801
2016-07-11,36.67,36.712,36.66,36.66,1100,36.66
2016-07-08,36.0001,36.50,36.00,36.45,3100,36.45
2016-07-07,36.01,36.07,35.391,35.44,6100,35.44
2016-07-06,35.78,35.78,35.30,35.495,16100,35.495
2016-07-05,36.48,36.48,36.48,36.48,300,36.48
2016-07-01,37.20,37.2234,37.20,37.2234,200,37.2234
2016-06-30,35.95,37.00,35.95,36.99,4200,36.99
2016-06-29,35.12,35.54,35.12,35.54,1700,35.54
2016-06-28,34.43,34.8537,34.43,34.4915,700,34.4915
2016-06-24,36.59,37.07,35.46,35.48,8300,35.48
2016-06-23,37.82,37.82,37.82,37.82,1500,37.82
2016-06-22,37.25,37.515,37.18,37.189,1100,37.189
2016-06-21,37.13,37.22,37.13,37.22,300,37.22
2016-06-20,36.81,37.78,36.80,37.22,3200,37.22
2016-06-17,36.82,36.82,36.82,36.82,200,36.82
2016-06-16,36.00,36.56,36.00,36.56,3400,36.56
2016-06-15,36.63,36.9537,36.53,36.53,4900,36.53
2016-06-14,36.99,36.99,36.93,36.9301,1100,36.9301
2016-06-13,37.17,37.17,36.99,37.022,1300,37.022
2016-06-10,36.98,36.9957,36.98,36.9957,300,36.9957
2016-06-09,37.2301,37.3945,37.2301,37.294,700,37.294
2016-06-08,37.48,37.4801,37.48,37.4801,200,37.4801
2016-06-07,37.61,37.654,37.61,37.654,800,37.654
2016-06-06,37.59,37.60,37.59,37.60,300,37.60
2016-06-03,37.10,37.3369,37.10,37.31,1100,37.31
2016-06-02,37.99,37.99,37.86,37.86,4500,37.86
2016-06-01,37.69,37.69,37.69,37.69,200,37.69
2016-05-27,38.00,38.00,37.92,37.92,6100,37.92
2016-05-26,37.80,38.143,37.80,38.143,600,38.143
2016-05-25,38.68,38.68,38.6611,38.6611,300,38.6611
2016-05-24,38.43,38.53,38.41,38.41,700,38.41
2016-05-23,37.80,37.80,37.80,37.80,500,37.80
2016-05-20,37.53,38.00,37.53,37.978,1500,37.978
2016-05-19,36.76,36.80,36.75,36.80,600,36.80
2016-05-18,36.93,37.2108,36.93,37.2108,1300,37.2108
2016-05-17,36.89,37.12,36.48,36.48,5200,36.48
2016-05-16,37.36,37.386,37.22,37.34,2700,37.34
2016-05-13,37.54,37.54,37.39,37.39,3100,37.39
2016-05-12,37.39,37.39,37.175,37.307,1800,37.307
2016-05-11,37.5838,37.5838,37.5838,37.5838,200,37.5838
2016-05-10,37.39,37.64,37.39,37.64,800,37.64
2016-05-09,36.67,36.90,36.67,36.90,1300,36.90
2016-05-06,36.53,36.7194,36.37,36.7194,3600,36.7194
2016-05-05,37.28,37.28,37.28,37.28,100,37.28
2016-05-04,36.94,36.94,36.90,36.90,200,36.90
2016-05-02,37.67,37.81,37.458,37.81,2600,37.81
2016-04-29,36.49,36.9307,36.41,36.9307,1900,36.9307
2016-04-28,37.24,37.24,37.2152,37.2152,300,37.2152
2016-04-27,37.80,38.1001,37.80,38.0304,2800,38.0304
2016-04-26,38.04,38.04,37.90,37.90,10700,37.90
2016-04-25,37.31,37.59,37.31,37.59,900,37.59
2016-04-22,37.96,37.99,37.80,37.80,3100,37.80
2016-0
4-21,38.22,38.22,38.22,38.22,200,38.22
2016-04-20,39.00,39.65,39.00,39.54,2100,39.54
2016-04-19,39.02,39.02,38.98,38.98,400,38.98
2016-04-18,38.75,39.00,38.75,38.91,800,38.91
2016-04-15,38.92,39.01,38.77,38.95,27100,38.95
2016-04-14,39.01,39.06,38.88,38.9499,5800,38.9499
2016-04-13,38.70,39.02,38.70,39.02,3400,39.02
2016-04-12,37.58,37.94,37.58,37.94,400,37.94
2016-04-08,38.44,38.44,37.76,37.824,3600,37.824
2016-04-07,38.28,38.2845,37.88,37.88,2000,37.88
2016-04-06,39.00,39.0252,38.83,38.869,6300,38.869
2016-04-05,38.65,38.99,38.65,38.981,500,38.981
2016-04-04,39.60,39.60,39.28,39.288,700,39.288
2016-04-01,39.75,39.75,39.75,39.75,3000,39.75
2016-03-31,39.11,39.17,39.00,39.00,1500,39.00
2016-03-30,39.29,39.461,39.04,39.051,1500,39.051
2016-03-29,38.53,38.95,38.46,38.95,3600,38.95
2016-03-28,38.77,39.23,38.77,39.23,1700,39.23
2016-03-24,37.76,38.31,37.76,38.31,3700,38.31
2016-03-23,38.66,38.66,38.66,38.66,500,38.66
2016-03-22,38.71,38.715,38.49,38.50,2700,38.50
2016-03-21,38.565,38.648,38.18,38.18,2100,38.18
2016-03-18,38.75,38.75,38.75,38.75,300,38.75
2016-03-17,38.42,39.02,38.42,39.02,1100,39.02
2016-03-16,37.60,37.74,37.57,37.7288,2500,37.7288
2016-03-15,37.06,37.3019,37.06,37.29,800,37.29
2016-03-14,37.555,37.5943,37.555,37.56,800,37.56
2016-03-11,36.66,37.5503,36.66,37.5503,500,37.5503
2016-03-08,35.82,35.94,35.82,35.94,200,35.94
2016-03-07,36.10,36.10,36.10,36.10,100,36.10
2016-03-04,36.30,36.90,36.30,36.599,11700,36.599
2016-03-03,36.21,36.22,35.82,36.07,27300,36.07
2016-03-01,35.44,36.18,35.44,36.16,2500,36.16
2016-02-29,34.99,35.30,34.74,34.74,5500,34.74
2016-02-26,35.25,35.75,35.25,35.49,5500,35.49
2016-02-25,34.87,35.09,34.77,35.09,7900,35.09
2016-02-24,33.64,34.47,33.60,34.40,5700,34.40
2016-02-23,34.30,34.30,34.30,34.30,100,34.30
2016-02-22,34.87,35.082,34.75,35.082,3300,35.082
2016-02-19,34.2501,34.2501,34.25,34.2501,1500,34.2501
2016-02-18,34.16,34.206,34.16,34.206,300,34.206
2016-02-17,34.20,34.29,34.20,34.29,1000,34.29
2016-02-16,33.46,33.62,33.40,33.59,2800,33.59
2016-02-12,31.05,32.86,31.05,32.80,7200,32.80
2016-02-11,30.90,31.24,30.88,31.24,4800,31.24
2016-02-10,32.25,32.88,32.22,32.22,500,32.22
2016-02-09,32.23,32.62,31.78,32.50,8600,32.50
2016-02-08,32.40,32.40,31.53,31.89,5500,31.89
2016-02-05,32.53,34.33,32.53,33.06,3400,33.06
2016-02-04,31.50,31.89,31.4801,31.82,700,31.82
2016-02-03,30.94,31.28,30.60,31.26,900,31.26
2016-02-02,31.77,31.77,31.4459,31.4459,300,31.4459
2016-02-01,32.94,33.00,32.13,32.23,3800,32.23
2016-01-29,31.77,32.40,31.77,32.40,500,32.40
2016-01-28,31.147,31.147,31.147,31.147,300,31.147
2016-01-27,31.56,31.80,31.15,31.15,1100,31.15
2016-01-26,30.52,31.06,30.52,30.94,1600,30.94
2016-01-25,30.14,30.15,29.90,29.90,16200,29.90
2016-01-22,30.83,31.05,30.75,30.75,35100,30.75
2016-01-21,30.32,30.98,30.25,30.45,4000,30.45
2016-01-20,30.88,30.88,29.00,30.25,7100,30.25
2016-01-19,31.42,31.75,31.298,31.36,23800,31.36
2016-01-15,32.19,32.19,31.10,31.42,7400,31.42
2016-01-14,32.75,33.05,32.16,33.05,5300,33.05
2016-01-13,33.23,33.23,32.52,32.5365,4200,32.5365
2016-01-12,33.12,33.91,33.12,33.91,2700,33.91
2016-01-11,33.50,33.50,32.47,33.44,5700,33.44
2016-01-08,33.57,34.03,33.22,33.22,3200,33.22
2016-01-07,33.64,34.3451,33.64,33.72,2700,33.72
2016-01-06,34.99,34.99,34.641,34.641,2700,34.641
2016-01-05,35.71,35.8336,35.71,35.8336,600,35.8336
2016-01-04,35.86,36.02,34.89,35.01,11000,35.01
2015-12-30,36.72,36.72,36.72,36.72,
500,36.72
2015-12-29,36.68,36.79,36.40,36.79,700,36.79
2015-12-24,36.40,36.40,36.40,36.40,400,36.40
2015-12-23,35.95,36.0276,35.95,35.96,1100,35.96
2015-12-22,35.07,35.24,35.07,35.2101,1700,35.2101
2015-12-21,35.10,35.10,34.40,34.40,1800,34.40
2015-12-18,35.54,35.54,34.63,34.77,16300,34.77
2015-12-17,36.65,36.65,36.15,36.27,14400,36.27
2015-12-16,37.12,37.26,36.98,37.26,1600,37.26
2015-12-15,36.27,36.455,36.02,36.455,12400,36.455
2015-12-14,36.37,36.37,35.46,35.60,15600,35.60
2015-12-11,37.12,37.12,36.95,36.95,200,36.95
2015-12-10,37.55,38.096,37.55,37.925,3500,37.925
2015-12-09,38.64,38.64,37.58,37.58,600,37.58
2015-12-07,39.55,39.55,38.95,38.95,1400,38.95
2015-12-04,39.00,39.43,39.00,39.43,1100,39.43
2015-12-03,39.05,39.05,38.50,38.50,700,38.50
2015-12-02,38.75,39.00,38.75,39.00,4300,39.00
2015-12-01,38.66,38.73,38.66,38.73,1100,38.73
2015-11-30,38.178,38.676,38.178,38.676,700,38.676
2015-11-27,37.77,37.77,37.75,37.75,1000,37.75
2015-11-24,38.31,38.4405,38.31,38.4405,300,38.4405
2015-11-23,38.55,38.72,38.42,38.72,6400,38.72
2015-11-20,38.40,38.425,38.38,38.425,4400,38.425
2015-11-19,38.54,38.677,38.36,38.53,8000,38.53
2015-11-18,38.27,38.30,38.27,38.30,800,38.30
2015-11-17,38.25,38.6732,38.25,38.6732,1100,38.6732
2015-11-16,38.10,38.341,38.10,38.341,9200,38.341
2015-11-13,37.60,37.60,37.60,37.60,300,37.60
2015-11-12,39.02,39.02,38.29,38.3467,12600,38.3467
2015-11-11,39.82,39.942,39.69,39.726,6100,39.726
2015-11-10,39.53,40.00,39.53,40.00,4100,40.00
2015-11-09,39.40,40.09,39.32,39.529,22700,39.529
2015-11-06,39.95,40.10,39.95,40.10,3800,40.10
2015-11-05,39.17,39.513,39.17,39.49,3100,39.49
2015-11-04,38.89,38.89,38.89,38.89,2300,38.89
2015-11-02,39.36,39.50,39.36,39.50,600,39.50
2015-10-29,38.34,39.69,38.34,39.69,2200,39.69
2015-10-28,38.19,38.85,38.19,38.85,1000,38.85
2015-10-27,40.05,40.05,37.38,38.00,3700,38.00
2015-10-26,41.73,41.978,41.52,41.52,2400,41.52
2015-10-23,41.87,41.87,41.87,41.87,400,41.87
2015-10-22,41.79,41.819,41.53,41.53,1000,41.53
2015-10-21,41.22,41.75,41.13,41.1301,1400,41.1301
2015-10-20,40.32,41.08,40.00,40.97,3600,40.97
2015-10-19,39.6249,39.97,39.6249,39.97,1800,39.97
2015-10-15,39.02,39.384,39.00,39.384,3600,39.384
2015-10-13,39.47,39.616,39.12,39.127,900,39.127
2015-10-12,39.11,39.2739,39.11,39.2739,400,39.2739
2015-10-09,39.86,39.8612,39.86,39.8612,4000,39.8612
2015-10-08,39.39,39.68,39.39,39.68,500,39.68
2015-10-07,39.50,39.50,39.50,39.50,1000,39.50
2015-10-06,39.5274,39.5274,39.19,39.19,700,39.19
2015-10-05,38.65,39.3301,38.65,39.303,2400,39.303
2015-10-01,38.25,38.55,38.25,38.55,4500,38.55
2015-09-30,38.00,38.17,38.00,38.17,3300,38.17
2015-09-29,36.90,37.56,36.84,37.56,2700,37.56
2015-09-28,37.46,37.46,36.93,36.95,2800,36.95
2015-09-25,37.48,38.05,37.48,38.05,400,38.05
2015-09-24,37.46,37.46,37.46,37.46,100,37.46
2015-09-23,36.56,37.0776,36.56,36.72,900,36.72
2015-09-22,36.5446,36.5446,36.28,36.48,2700,36.48
2015-09-21,37.0836,37.0836,37.0836,37.0836,400,37.0836
2015-09-18,37.71,37.71,36.96,37.25,800,37.25
2015-09-17,39.10,39.22,38.3675,38.3675,2200,38.3675
2015-09-16,38.95,39.1227,38.95,39.1227,700,39.1227
2015-09-15,38.66,38.823,38.66,38.823,2400,38.823
2015-09-14,38.133,38.133,38.13,38.13,500,38.13
2015-09-11,38.36,38.47,38.36,38.47,2600,38.47
2015-09-10,38.42,38.42,38.42,38.42,300,38.42
2015-09-09,38.73,38.77,38.73,38.77,900,38.77
2015-09-08,38.18,38.44,37.83,38.44,800,38.44
2015-09-04,37.952,37.952,37.20,37.286,1300,37.286
2015-09-03,38.43,38.43,38.20,38.4277,500,38.4277
2015-09-02,37.50,38.18,37.50,37.68,600,37.68
2015-09-01,37.86,37.86,36.9965,37.30,2000,37.30
2015-08-31,38.66,38.8
4,38.59,38.63,20800,38.63
2015-08-28,38.50,38.99,38.40,38.71,6500,38.71
2015-08-27,39.00,39.18,38.60,39.18,2500,39.18
2015-08-26,39.03,39.03,37.44,38.77,5700,38.77
2015-08-25,37.81,38.60,37.50,37.57,3200,37.57
2015-08-24,37.44,37.66,36.63,37.2357,10400,37.2357
2015-08-21,40.20,40.408,39.51,39.51,8700,39.51
2015-08-20,41.11,41.11,41.00,41.00,600,41.00
2015-08-19,41.35,41.7231,41.35,41.7231,11200,41.7231
2015-08-18,42.00,42.00,41.843,41.95,800,41.95
2015-08-17,41.64,41.68,41.45,41.45,2000,41.45
2015-08-14,41.65,41.8976,41.52,41.80,1800,41.80
2015-08-13,40.322,43.35,40.322,41.39,2600,41.39
2015-08-12,39.30,39.82,39.30,39.82,800,39.82
2015-08-11,40.44,40.512,40.38,40.512,700,40.512
2015-08-10,40.50,40.92,40.50,40.92,1000,40.92
2015-08-07,40.108,40.108,40.10,40.10,1800,40.10
2015-08-06,40.03,40.25,40.03,40.25,1200,40.25
2015-08-05,40.25,40.26,40.25,40.26,500,40.26
2015-08-04,40.24,40.24,40.20,40.23,6000,40.23
2015-08-03,40.6982,40.6982,40.45,40.467,1000,40.467
2015-07-31,40.55,42.00,40.00,40.0119,2800,40.0119
2015-07-30,39.913,40.50,39.913,40.36,5500,40.36
2015-07-29,39.44,40.35,39.44,40.16,8000,40.16
2015-07-28,38.98,40.03,38.98,39.20,3300,39.20
2015-07-27,38.24,38.45,37.97,38.11,5400,38.11
2015-07-24,39.00,39.03,38.75,39.03,2800,39.03
2015-07-23,39.00,39.00,38.77,38.80,900,38.80
2015-07-22,38.643,38.80,38.643,38.66,3600,38.66
2015-07-21,39.50,39.74,39.13,39.13,600,39.13
2015-07-20,38.72,38.916,38.72,38.77,1300,38.77
2015-07-17,39.73,39.73,39.00,39.00,1100,39.00
2015-07-16,39.44,39.74,39.21,39.238,2900,39.238
2015-07-15,38.24,39.7001,38.24,39.22,4600,39.22
2015-07-14,37.75,38.23,37.75,38.176,9900,38.176
2015-07-13,36.4301,38.16,36.35,37.30,3500,37.30
2015-07-10,36.11,36.25,36.10,36.10,900,36.10
2015-07-09,36.12,36.12,35.40,35.40,500,35.40
2015-07-08,35.74,35.85,35.2957,35.34,2000,35.34
2015-07-07,35.82,36.36,35.82,36.36,8700,36.36
2015-07-06,36.20,36.29,35.96,36.29,9000,36.29
2015-07-02,36.93,37.03,36.313,36.40,6700,36.40
2015-07-01,34.60,36.40,34.60,36.40,6000,36.40
2015-06-30,33.72,33.80,33.72,33.80,500,33.80
2015-06-29,33.6692,33.76,33.50,33.50,1800,33.50
2015-06-26,34.18,34.18,34.18,34.18,300,34.18
2015-06-25,34.66,34.66,34.19,34.19,3300,34.19
2015-06-24,34.51,34.5737,34.51,34.5737,1000,34.5737
2015-06-23,34.64,34.95,34.64,34.95,300,34.95
2015-06-22,34.78,35.86,34.78,35.06,1500,35.06
2015-06-18,34.20,34.55,34.20,34.55,800,34.55
2015-06-16,34.00,34.00,34.00,34.00,200,34.00
2015-06-15,34.12,34.12,33.99,33.99,2300,33.99
2015-06-12,34.25,34.515,34.20,34.515,700,34.515
2015-06-11,34.39,34.74,34.39,34.67,3600,34.67
2015-06-10,33.20,34.3199,33.20,34.3199,2200,34.3199
2015-06-09,33.15,33.32,33.15,33.20,2000,33.20
2015-06-08,33.70,33.70,33.27,33.3778,1900,33.3778
2015-06-05,33.63,33.826,33.63,33.72,1600,33.72
2015-06-03,33.46,33.976,33.46,33.90,4100,33.90
2015-06-02,33.27,33.45,33.27,33.45,600,33.45
2015-06-01,33.43,33.45,33.43,33.45,1900,33.45
2015-05-29,33.374,33.374,33.374,33.374,100,33.374
2015-05-28,33.447,33.48,33.35,33.48,3500,33.48
2015-05-27,33.10,33.45,33.10,33.45,1600,33.45
2015-05-26,33.68,33.68,33.37,33.37,3200,33.37
2015-05-21,33.67,34.37,33.67,34.21,4100,34.21
2015-05-20,34.00,34.19,34.00,34.19,300,34.19
2015-05-19,33.85,34.1111,33.85,34.1111,3000,34.1111
2015-05-18,33.74,33.74,33.74,33.74,200,33.74
2015-05-15,33.46,33.4601,33.45,33.4501,2000,33.4501
2015-05-14,33.68,33.68,33.68,33.68,400,33.68
2015-05-13,33.23,33.40,33.22,33.40,1300,33.40
2015-05-11,33.71,33.81,33.66,33.66,21300,33.66
2015-05-08,33.60,33.71,33.60,33.71,300,33.71
2015-05-07,33.28,33.28,33.28,33.28,200,33.28
2015-05-05,33.48,33.48,33.16,33.18,9400,33.18
2015-05-04,33.14,33.4
8,32.91,33.466,4300,33.466
2015-05-01,32.89,33.20,32.89,33.12,3100,33.12
2015-04-30,33.40,33.40,32.92,32.92,1100,32.92
2015-04-29,33.60,33.60,33.60,33.60,2000,33.60
2015-04-28,33.76,33.76,33.35,33.35,12900,33.35
2015-04-27,33.77,33.77,33.55,33.5501,1100,33.5501
2015-04-24,33.70,33.73,33.70,33.73,300,33.73
2015-04-23,33.43,33.70,33.43,33.70,800,33.70
2015-04-22,33.47,33.47,33.32,33.34,1300,33.34
2015-04-21,33.61,33.742,33.47,33.579,5900,33.579
2015-04-20,34.16,34.16,34.16,34.16,600,34.16
2015-04-17,34.09,34.09,33.86,34.00,2600,34.00
2015-04-16,34.47,34.70,34.47,34.66,400,34.66
2015-04-15,34.96,34.96,34.72,34.81,7000,34.81
2015-04-14,34.67,34.85,34.67,34.85,1800,34.85
2015-04-13,33.88,34.98,33.88,34.95,1700,34.95
2015-04-10,34.42,34.48,34.42,34.48,900,34.48
2015-04-09,34.30,34.30,34.30,34.30,100,34.30
2015-04-08,34.35,34.418,34.35,34.40,1200,34.40
2015-04-07,34.29,34.3698,34.17,34.1701,1400,34.1701
2015-04-06,33.98,34.65,33.98,34.50,1700,34.50
2015-04-02,33.45,34.25,33.45,34.25,1500,34.25
2015-04-01,33.856,33.974,33.856,33.974,700,33.974
2015-03-31,34.00,34.07,34.00,34.02,10900,34.02
2015-03-30,34.25,34.5372,34.25,34.47,3900,34.47
2015-03-26,34.22,34.35,34.20,34.20,1600,34.20
2015-03-25,34.79,34.802,34.49,34.57,14300,34.57
2015-03-24,34.99,35.01,34.94,34.9674,1900,34.9674
2015-03-23,35.28,35.43,35.16,35.30,1300,35.30
2015-03-20,34.75,35.14,34.75,35.14,3000,35.14
2015-03-19,34.60,34.71,34.55,34.71,2800,34.71
2015-03-18,34.681,35.01,34.49,35.01,8100,35.01
2015-03-17,34.52,34.72,34.52,34.67,4200,34.67
2015-03-16,34.57,34.80,34.57,34.80,3400,34.80
2015-03-13,34.50,34.68,34.08,34.10,1800,34.10
2015-03-12,33.66,34.00,33.66,34.00,6300,34.00
2015-03-11,33.25,33.57,33.25,33.47,4200,33.47
2015-03-10,32.60,32.97,32.60,32.94,700,32.94
2015-03-09,33.154,33.43,33.154,33.43,1000,33.43
2015-03-06,33.48,33.50,32.9601,33.13,3400,33.13
2015-03-05,32.62,33.06,32.62,33.00,9000,33.00
2015-03-04,32.70,32.70,32.50,32.50,10400,32.50
2015-03-03,33.05,33.05,32.92,32.943,1500,32.943
2015-03-02,32.74,33.04,32.74,33.00,800,33.00
2015-02-27,33.00,33.00,32.7172,32.8401,900,32.8401
2015-02-26,32.76,32.76,32.76,32.76,300,32.76
2015-02-25,33.00,33.00,33.00,33.00,500,33.00
2015-02-24,33.24,33.25,33.21,33.25,2800,33.25
2015-02-23,33.07,33.07,33.05,33.05,1200,33.05
2015-02-20,32.79,33.48,32.79,33.48,4900,33.48
2015-02-19,33.18,33.37,33.17,33.17,3400,33.17
2015-02-18,33.23,33.23,33.16,33.16,500,33.16
2015-02-17,32.98,33.4301,32.98,33.4301,600,33.4301
2015-02-13,33.22,33.22,33.13,33.13,1400,33.13
2015-02-12,32.7752,33.03,32.75,32.95,5300,32.95
2015-02-11,32.4486,32.53,32.4486,32.50,1800,32.50
2015-02-10,32.25,32.598,32.23,32.43,1700,32.43
2015-02-09,31.92,32.37,31.89,32.303,3900,32.303
2015-02-06,32.47,32.65,32.12,32.131,6700,32.131
2015-02-05,31.60,31.92,31.56,31.91,2300,31.91
2015-02-04,31.80,32.14,31.70,31.90,8800,31.90
2015-02-03,30.99,31.59,30.94,31.45,481200,31.45
2015-02-02,30.77,31.36,30.77,31.30,7800,31.30
2015-01-30,31.25,31.617,30.95,30.963,6700,30.963
2015-01-29,31.21,31.35,31.01,31.35,1600,31.35
2015-01-28,32.00,32.00,31.37,31.37,9500,31.37
2015-01-27,31.41,32.07,31.40,31.827,12000,31.827
2015-01-26,31.88,32.01,31.88,31.95,1500,31.95
2015-01-23,32.42,32.46,32.42,32.46,600,32.46
2015-01-22,31.95,32.49,31.95,32.49,7800,32.49
2015-01-21,31.76,31.78,31.63,31.63,4300,31.63
2015-01-20,31.70,31.70,31.63,31.63,400,31.63
2015-01-16,31.50,31.83,31.46,31.83,2700,31.83
2015-01-15,31.98,31.98,31.54,31.55,2000,31.55
2015-01-14,31.62,31.72,31.24,31.62,9500,31.62
2015-01-13,32.81,32.81,31.95,32.27,54500,32.27
2015-01-12,32.14,32.24,32.07,32.17,2300,32.17
2015-01-09,32.79,33.07,32.
62,33.04,1100,33.04
2015-01-08,32.82,33.20,32.82,32.95,3900,32.95
2015-01-07,32.3901,32.46,32.30,32.37,10000,32.37
2015-01-02,34.00,34.04,33.59,33.75,7100,33.75
2014-12-31,34.17,34.30,33.90,33.90,1300,33.90
2014-12-30,34.01,34.2544,34.01,34.2544,700,34.2544
2014-12-29,34.20,34.33,34.20,34.234,3200,34.234
2014-12-26,34.01,34.07,33.94,34.07,900,34.07
2014-12-24,34.21,34.25,33.97,34.16,900,34.16
2014-12-23,33.35,34.42,33.35,34.24,9200,34.24
2014-12-22,33.56,34.04,33.56,33.72,4700,33.72
2014-12-19,33.6199,33.87,33.40,33.87,4500,33.87
2014-12-18,33.30,33.68,33.27,33.68,4400,33.68
2014-12-17,31.67,32.97,31.67,32.90,2200,32.90
2014-12-16,32.00,32.22,31.75,31.75,4100,31.75
2014-12-15,32.25,32.2932,31.96,32.22,2700,32.22
2014-12-12,32.95,32.95,32.45,32.588,10900,32.588
2014-12-11,33.02,33.46,32.99,33.1601,6100,33.1601
2014-12-10,33.65,33.65,33.2899,33.2899,2100,33.2899
2014-12-09,33.48,33.491,33.32,33.491,1300,33.491
2014-12-08,33.701,34.209,33.701,34.17,5700,34.17
2014-12-05,32.99,33.8399,32.99,33.49,6800,33.49
2014-12-04,33.3773,33.3773,33.15,33.15,700,33.15
2014-12-03,33.42,33.46,33.333,33.39,1700,33.39
2014-12-02,33.05,33.19,32.95,33.19,2500,33.19
2014-11-28,33.16,33.42,33.16,33.42,1200,33.42
2014-11-26,33.07,33.10,32.93,33.01,3900,33.01
2014-11-25,33.3099,33.3099,32.95,33.201,20400,33.201
2014-11-24,33.08,33.36,33.08,33.34,29300,33.34
2014-11-21,32.90,33.1344,32.88,33.08,140300,33.08
2014-11-20,32.22,32.74,32.22,32.60,8700,32.60
2014-11-19,32.28,32.65,32.27,32.57,6700,32.57
2014-11-18,31.77,32.328,31.77,32.2803,17500,32.2803
2014-11-17,31.57,31.83,31.50,31.78,26200,31.78
2014-11-14,31.63,31.688,31.50,31.51,3600,31.51
2014-11-13,31.65,31.7834,31.40,31.61,5800,31.61
2014-11-12,31.621,31.96,31.621,31.65,10800,31.65
2014-11-11,31.72,32.173,31.72,31.88,20100,31.88
2014-11-10,31.47,31.92,31.47,31.75,587400,31.75
2014-11-07,30.96,31.914,30.96,31.90,121700,31.90
2014-11-06,31.2401,31.5599,31.14,31.5599,8200,31.5599
2014-11-05,31.47,31.58,31.47,31.58,1400,31.58
2014-11-04,31.38,31.42,31.34,31.42,28000,31.42
2014-11-03,31.36,31.36,31.25,31.25,3800,31.25
2014-10-31,31.37,31.37,31.09,31.23,1700,31.23
2014-10-28,29.32,30.40,29.32,30.40,47900,30.40
2014-10-27,29.37,29.37,29.29,29.3301,3500,29.3301
2014-10-24,28.54,29.13,28.54,29.13,5200,29.13
2014-10-23,28.96,28.96,28.70,28.70,3500,28.70
2014-10-21,28.35,28.57,28.34,28.57,2100,28.57
2014-10-20,27.8859,28.23,27.84,28.01,20700,28.01
2014-10-17,27.56,27.66,27.56,27.66,3400,27.66
2014-10-16,26.52,27.42,26.52,27.13,2300,27.13
2014-10-15,27.19,27.19,26.42,27.07,18900,27.07
2014-10-14,27.07,27.75,27.04,27.40,5200,27.40
2014-10-13,27.47,27.53,27.07,27.07,5200,27.07
2014-10-10,27.95,28.10,27.51,27.57,55200,27.57
2014-10-09,28.00,28.32,27.96,28.11,65200,28.11
2014-10-08,28.18,28.20,28.18,28.20,1600,28.20
2014-10-07,28.47,28.59,28.04,28.04,58800,28.04
2014-10-03,28.25,28.998,28.25,28.97,2100,28.97
2014-10-02,27.95,28.49,27.95,28.26,2300,28.26
2014-10-01,28.68,28.68,28.32,28.32,1100,28.32
2014-09-30,29.00,29.1713,28.86,28.954,3000,28.954
2014-09-29,29.05,29.25,29.05,29.25,700,29.25
2014-09-26,29.10,29.212,29.10,29.212,2300,29.212
2014-09-25,28.83,29.03,28.6601,28.7537,4500,28.7537
2014-09-24,28.75,29.16,28.75,29.14,527400,29.14
2014-09-23,29.00,29.00,28.70,28.70,1600,28.70
2014-09-22,29.14,29.14,28.9401,28.9401,3100,28.9401
2014-
09-19,29.6999,29.6999,29.34,29.34,28300,29.34
2014-09-18,29.49,29.66,29.49,29.57,4700,29.57
2014-09-17,29.04,29.23,28.94,29.1701,104200,29.1701
2014-09-16,28.70,28.92,28.6899,28.92,1800,28.92
2014-09-15,28.80,28.82,28.73,28.80,8600,28.80
2014-09-12,28.75,28.98,28.70,28.80,7800,28.80
2014-09-11,28.80,28.82,28.80,28.82,8400,28.82
2014-09-10,28.16,28.98,28.16,28.70,3000,28.70
2014-09-09,28.33,28.45,28.33,28.45,1000,28.45
2014-09-08,28.3499,28.458,28.32,28.458,500,28.458
2014-09-05,28.266,28.36,28.26,28.36,6200,28.36
2014-09-04,28.64,28.702,28.61,28.6446,900,28.6446
2014-09-03,28.74,28.74,28.39,28.403,700,28.403
2014-09-02,28.73,29.05,28.601,28.71,9000,28.71
2014-08-29,28.42,28.82,28.42,28.64,6800,28.64
2014-08-28,28.46,28.5413,28.45,28.46,2700,28.46
2014-08-27,28.67,28.72,28.67,28.72,13300,28.72
2014-08-26,28.25,28.69,28.25,28.5875,6400,28.5875
2014-08-25,27.9701,28.1701,27.9701,28.1701,1800,28.1701
2014-08-22,27.77,27.85,27.73,27.8221,3200,27.8221
2014-08-21,27.47,27.85,27.47,27.7701,60100,27.7701
2014-08-20,27.32,27.55,27.32,27.55,42800,27.55
2014-08-19,26.99,27.32,26.95,27.27,95500,27.27
2014-08-18,27.00,27.11,26.95,27.01,30800,27.01
2014-08-15,26.89,26.89,26.40,26.51,8600,26.51
2014-08-14,26.43,26.7601,26.42,26.7601,3400,26.7601
2014-08-13,26.19,26.39,26.14,26.26,13600,26.26
2014-08-12,25.92,26.0301,25.86,25.98,5700,25.98
2014-08-11,25.50,25.96,25.50,25.96,3700,25.96
2014-08-08,25.17,25.35,25.14,25.35,4500,25.35
2014-08-07,25.79,25.89,25.16,25.20,12600,25.20
2014-08-06,25.24,25.83,25.24,25.83,19300,25.83
2014-08-05,25.46,25.75,25.41,25.46,7800,25.46
2014-08-04,25.71,25.796,25.40,25.796,6200,25.796
2014-08-01,25.41,25.50,25.22,25.46,10900,25.46
2014-07-31,25.87,26.37,25.55,25.75,19800,25.75
2014-07-30,26.55,26.55,25.95,25.95,9100,25.95
2014-07-29,26.89,26.90,26.785,26.785,2200,26.785
2014-07-28,26.56,26.8825,26.56,26.8825,6600,26.8825
2014-07-25,27.235,27.235,26.70,26.70,3500,26.70
2014-07-24,27.50,27.50,27.27,27.31,5800,27.31
2014-07-23,27.50,27.50,27.34,27.34,1600,27.34
2014-07-22,27.812,27.812,27.812,27.812,600,27.812
2014-07-21,27.53,27.7079,27.34,27.7079,3400,27.7079
2014-07-18,27.32,27.54,27.32,27.53,13400,27.53
2014-07-17,27.65,27.68,27.1764,27.23,1000,27.23
2014-07-16,27.88,27.88,27.74,27.85,2700,27.85
2014-07-15,28.18,28.22,27.72,27.88,3000,27.88
2014-07-14,28.22,28.22,27.86,27.87,4800,27.87
2014-07-11,27.76,27.93,27.76,27.93,1000,27.93
2014-07-10,27.45,27.65,27.43,27.65,5100,27.65
2014-07-09,28.10,28.10,27.92,28.01,2700,28.01
2014-07-08,28.07,28.15,28.03,28.15,15300,28.15
2014-07-07,28.22,28.22,27.97,28.21,6000,28.21
2014-07-03,28.00,28.31,28.00,28.28,7500,28.28
2014-07-02,27.54,27.614,27.404,27.404,6300,27.404
2014-07-01,27.50,28.00,27.50,27.89,7600,27.89
2014-06-30,27.15,27.32,27.14,27.22,3000,27.22
2014-06-27,27.10,27.10,27.06,27.06,500,27.06
2014-06-26,27.14,27.30,27.14,27.30,2800,27.30
2014-06-25,27.26,27.41,27.26,27.41,400,27.41
2014-06-24,27.36,27.666,27.258,27.258,5900,27.258
2014-06-23,27.1734,27.43,27.1734,27.43,2100,27.43
2014-06-20,27.67,27.67,27.40,27.44,1100,27.44
2014-06-19,27.32,27.43,27.32,27.41,12200,27.41
2014-06-18,27.13,27.23,27.12,27.23,4200,27.23
2014-06-17,26.85,27.41,26.85,27.41,6100,27.41
2014-06-16,27.08,27.08,26.86,27.04,2000,27.04
2014-06-13,27.26,27.38,27.08,27.0801,2800,27.0801
2014-06-12,27.60,27.61,27.25,27.33,7900,27.33
2014-06-11,27.60,27.63,27.60,27.63,2700,27.63
2014-06-10,27.51,27.79,27.48,27.79,4600,27.79
2014-06-09,27.55,27.72,27.55,27.64,2300,27.64
2014-06-06,27.32,27.70,27.32,27.66,6700,27.66
2014-06-05,27.24,27.32,27.00,27.32,
5200,27.32
2014-06-04,27.03,27.3299,27.03,27.24,2500,27.24
2014-06-03,26.41,26.83,26.35,26.83,4800,26.83
2014-06-02,26.11,26.41,26.11,26.3901,7700,26.3901
2014-05-30,25.60,26.50,25.60,26.0132,3900,26.0132
2014-05-29,25.95,26.07,25.95,26.07,1500,26.07
2014-05-28,26.07,26.15,25.97,26.02,3800,26.02
2014-05-27,26.21,26.31,26.0839,26.11,5900,26.11
2014-05-23,26.0597,26.07,25.95,25.9855,5900,25.9855
2014-05-22,25.7394,25.88,25.7394,25.88,20700,25.88
2014-05-21,25.29,25.93,25.29,25.61,9800,25.61
2014-05-20,25.49,25.54,25.35,25.35,4900,25.35
2014-05-19,25.28,25.65,25.28,25.65,6500,25.65
2014-05-16,25.35,25.60,25.24,25.60,4300,25.60
2014-05-15,25.88,25.88,25.08,25.62,4200,25.62
2014-05-14,26.37,26.37,25.99,25.99,2800,25.99
2014-05-13,26.90,26.951,26.68,26.68,7100,26.68
2014-05-12,26.25,27.02,26.25,26.97,29800,26.97
2014-05-09,26.23,26.52,26.22,26.3744,8900,26.3744
2014-05-08,26.98,27.10,26.70,26.70,6300,26.70
2014-05-07,26.59,26.73,26.36,26.73,216200,26.73
2014-05-06,26.84,26.97,26.6265,26.65,8400,26.65
2014-05-05,26.83,27.10,26.74,26.9451,17500,26.9451
2014-05-02,27.35,27.60,27.06,27.21,5100,27.21
2014-05-01,27.00,27.27,27.00,27.27,15700,27.27
2014-04-30,26.52,27.23,26.50,27.22,14400,27.22
2014-04-29,25.8901,26.44,25.89,26.44,33200,26.44
2014-04-28,26.02,26.67,25.42,25.8443,13700,25.8443
2014-04-25,25.90,26.38,25.90,26.38,5000,26.38
2014-04-24,26.06,26.18,25.96,26.18,1900,26.18
2014-04-23,26.1604,26.19,26.1601,26.19,700,26.19
2014-04-22,25.68,26.049,25.68,26.01,8000,26.01
2014-04-21,25.88,25.95,25.81,25.81,5600,25.81
2014-04-17,25.8664,26.10,25.8664,26.10,7500,26.10
2014-04-16,25.37,25.86,25.37,25.86,23100,25.86
2014-04-15,25.00,25.30,24.63,25.30,5400,25.30
2014-04-14,24.70,25.18,24.70,24.99,9500,24.99
2014-04-11,24.965,25.03,24.53,24.73,40900,24.73
2014-04-10,26.36,26.40,25.31,25.31,11600,25.31
2014-04-09,25.93,26.28,25.88,26.201,10500,26.201
2014-04-08,26.02,26.14,26.02,26.06,900,26.06
2014-04-07,26.84,26.84,25.90,26.23,19900,26.23
2014-04-04,27.60,27.60,26.84,26.84,3400,26.84
2014-04-03,27.24,27.51,27.20,27.45,6300,27.45
2014-04-02,27.01,27.43,27.01,27.35,13800,27.35
2014-04-01,27.00,27.05,26.76,27.05,15100,27.05
2014-03-31,26.65,26.69,26.434,26.66,13200,26.66
2014-03-28,26.08,26.35,25.96,26.10,15000,26.10
2014-03-27,25.9101,25.9101,25.44,25.766,7200,25.766
2014-03-26,26.62,26.66,26.277,26.29,18700,26.29
2014-03-25,26.65,26.72,26.46,26.668,4000,26.668
2014-03-24,26.94,26.95,26.57,26.81,8900,26.81
2014-03-21,27.06,27.15,26.73,26.83,8500,26.83
2014-03-20,26.315,26.92,26.315,26.802,10900,26.802
2014-03-19,26.30,26.50,26.23,26.23,319600,26.23
2014-03-18,26.4501,26.49,26.45,26.49,5300,26.49
2014-03-17,27.00,27.00,26.536,26.618,3800,26.618
2014-03-14,26.52,27.62,25.986,26.63,15700,26.63
2014-03-13,26.75,26.84,26.34,26.34,3000,26.34
2014-03-12,26.50,26.93,26.50,26.93,8600,26.93
2014-03-11,27.14,27.33,27.04,27.24,89500,27.24
2014-03-10,27.25,27.33,26.95,27.24,31700,27.24
2014-03-07,27.55,27.57,27.25,27.41,9200,27.41
2014-03-06,27.15,27.61,27.15,27.58,58500,27.58
2014-03-05,27.04,27.70,27.04,27.19,42800,27.19
2014-03-04,26.66,27.09,26.34,27.09,97300,27.09
2014-03-03,26.00,26.20,25.87,25.92,28700,25.92
2014-02-28,25.82,26.44,25.82,26.42,15800,26.42
2014-02-27,25.522,25.92,25.522,25.90,4900,25.90
2014-02-26,25.2501,25.80,25.25,25.80,20500,25.80
2014-02-25,25.48,25.7567,25.4701,25.62,3100,25.62
2014-02-24,25.76,26.0999,25.76,25.93,10
100,25.93
2014-02-21,25.56,25.719,25.47,25.4701,10500,25.4701
2014-02-20,25.65,25.65,25.42,25.5593,11600,25.5593
2014-02-19,25.80,25.80,25.5101,25.6665,2500,25.6665
2014-02-18,25.98,26.03,25.7678,26.02,12500,26.02
2014-02-14,25.80,25.89,25.69,25.82,13200,25.82
2014-02-13,25.50,25.85,25.20,25.60,10000,25.60
2014-02-12,25.70,26.03,25.70,25.81,25500,25.81
2014-02-11,25.50,25.91,25.50,25.75,273500,25.75
2014-02-10,25.56,25.56,25.33,25.36,4000,25.36
2014-02-07,25.44,25.58,25.1289,25.552,18900,25.552
2014-02-06,24.97,25.12,24.84,25.08,11600,25.08
2014-02-05,24.00,24.68,23.9968,24.64,18500,24.64
2014-02-04,23.26,24.38,23.26,23.89,23000,23.89
2014-02-03,24.78,24.78,23.23,23.33,106700,23.33
2014-01-31,24.60,24.978,24.44,24.978,10400,24.978
2014-01-30,24.60,25.15,24.60,24.88,56000,24.88
2014-01-29,24.29,24.6499,24.1999,24.1999,57000,24.1999
2014-01-28,24.08,24.85,24.08,24.73,26300,24.73
2014-01-27,23.67,24.18,23.10,23.92,197400,23.92
2014-01-24,24.98,24.98,23.93,24.10,60400,24.10
2014-01-23,25.78,25.78,24.79,25.14,36500,25.14
2014-01-22,26.09,26.25,25.97,26.16,5400,26.16
2014-01-21,26.50,26.50,26.12,26.45,7000,26.45
2014-01-17,26.49,26.80,26.45,26.45,17100,26.45
2014-01-16,27.00,27.00,26.65,26.84,278000,26.84
2014-01-15,26.70,27.30,26.63,27.30,14700,27.30
2014-01-14,26.18,26.65,26.12,26.55,10600,26.55
2014-01-13,27.30,27.30,26.06,26.16,7400,26.16
2014-01-10,27.0699,27.30,26.97,27.30,7000,27.30
2014-01-09,27.02,27.11,26.90,27.11,11700,27.11
2014-01-08,26.68,26.9096,26.65,26.78,2700,26.78
2014-01-07,27.40,27.40,26.34,26.80,3400,26.80
2014-01-06,26.92,26.92,26.78,26.92,7100,26.92
2014-01-03,27.07,27.07,26.65,26.90,6300,26.90
2014-01-02,27.21,27.21,26.7185,26.72,14800,26.72
2013-12-31,27.75,27.78,27.31,27.53,13500,27.53
2013-12-30,27.46,27.5812,27.46,27.54,3000,27.54
2013-12-27,27.79,27.79,27.48,27.5962,1700,27.5962
2013-12-26,28.15,28.15,27.7843,27.96,5700,27.96
2013-12-24,27.70,27.9751,27.70,27.9751,2400,27.9751
2013-12-23,27.71,27.97,27.47,27.94,13000,27.94
2013-12-20,26.85,27.50,26.84,27.43,6400,27.43
2013-12-19,26.57,27.0198,26.57,26.83,6800,26.83
2013-12-18,25.72,26.86,25.70,26.86,37500,26.86
2013-12-17,26.38,26.51,25.951,26.39,40000,26.39
2013-12-16,26.04,26.51,26.04,26.38,22500,26.38
2013-12-13,26.40,26.5008,26.30,26.37,7200,26.37
2013-12-12,26.52,26.52,26.40,26.45,3700,26.45
2013-12-11,27.10,27.10,26.60,26.61,5000,26.61
2013-12-10,27.42,27.53,27.13,27.40,6600,27.40
2013-12-09,27.49,27.719,27.35,27.48,10600,27.48
2013-12-06,26.82,27.25,26.82,27.25,10400,27.25
2013-12-05,26.88,26.88,26.57,26.69,5900,26.69
2013-12-04,26.90,26.97,26.35,26.91,10400,26.91
2013-12-03,26.99,27.001,26.3199,26.76,10200,26.76
2013-12-02,26.82,27.40,26.82,27.08,18600,27.08
2013-11-29,27.33,27.33,26.911,26.98,7700,26.98
2013-11-27,26.86,27.36,26.63,27.36,37000,27.36
2013-11-26,27.36,27.36,26.84,26.86,15000,26.86
2013-11-25,26.74,27.34,26.74,27.07,102100,27.07
2013-11-22,26.51,26.77,26.39,26.77,10700,26.77
2013-11-21,26.32,26.64,26.32,26.61,9900,26.61
2013-11-20,26.00,26.2943,26.00,26.18,4400,26.18
2013-11-19,26.01,26.24,25.80,25.93,17500,25.93
2013-11-18,26.44,26.55,26.16,26.26,6300,26.26
2013-11-15,26.53,26.66,26.53,26.64,14300,26.64
2013-11-14,26.11,26.72,26.11,26.72,12000,26.72
2013-11-13,25.48,26.14,24.8825,26.14,9500,26.14
2013-11-12,25.72,25.86,25.44,25.49,4900,25.49

2013-11-11,25.51,26.00,25.51,25.74,12900,25.74
2013-11-08,24.85,25.47,24.68,25.45,13200,25.45
2013-11-07,25.14,25.14,24.24,24.24,6900,24.24
2013-11-06,25.03,25.35,24.811,25.13,18000,25.13
2013-11-05,25.06,25.06,24.854,24.88,3800,24.88
2013-11-04,24.99,25.17,24.8201,25.17,10200,25.17
2013-11-01,24.85,25.05,24.72,24.87,3600,24.87
2013-10-31,25.20,25.22,24.86,24.91,5600,24.91
2013-10-30,25.34,25.50,25.00,25.39,9000,25.39
2013-10-29,25.35,26.15,25.15,25.15,67300,25.15
2013-10-28,24.77,25.11,24.631,25.11,20900,25.11
2013-10-25,24.66,24.81,24.60,24.81,12400,24.81
2013-10-24,24.39,24.76,24.32,24.73,9600,24.73
2013-10-23,24.64,24.71,24.20,24.39,8200,24.39
2013-10-22,25.35,25.35,24.98,24.98,3200,24.98
2013-10-21,25.31,25.36,25.00,25.15,8900,25.15
2013-10-18,25.58,25.85,25.1099,25.28,9800,25.28
2013-10-17,24.68,25.39,24.66,25.39,19100,25.39
2013-10-16,24.47,24.95,24.47,24.88,20300,24.88
2013-10-15,24.30,24.66,24.27,24.27,71700,24.27
2013-10-14,23.60,24.30,23.60,24.30,15700,24.30
2013-10-11,23.76,24.12,23.76,23.88,14900,23.88
2013-10-10,23.86,23.94,23.52,23.93,23900,23.93
2013-10-09,22.01,23.7302,21.734,23.36,38200,23.36
2013-10-08,22.40,22.40,21.80,22.01,24500,22.01
2013-10-07,22.98,22.98,22.31,22.42,13900,22.42
2013-10-04,22.37,22.79,22.3401,22.79,14700,22.79
2013-10-03,22.19,22.24,21.80,22.10,521200,22.10
2013-10-02,22.35,22.35,22.14,22.30,6400,22.30
2013-10-01,22.30,22.57,22.25,22.53,11100,22.53
2013-09-30,21.75,22.40,21.75,22.35,15100,22.35
2013-09-27,22.44,22.56,22.4201,22.56,7100,22.56
2013-09-26,22.7104,22.78,22.5737,22.78,2300,22.78
2013-09-25,22.73,23.08,22.73,22.95,6800,22.95
2013-09-24,22.25,22.9699,22.22,22.69,7100,22.69
2013-09-23,21.94,22.16,21.86,22.14,21100,22.14
2013-09-20,22.76,22.76,22.31,22.31,5600,22.31
2013-09-19,23.29,23.29,22.38,22.42,28100,22.42
2013-09-18,23.53,23.69,23.28,23.28,23000,23.28
2013-09-17,23.14,23.455,23.12,23.455,9900,23.455
2013-09-16,23.18,23.25,22.81,23.04,31800,23.04
2013-09-13,22.95,22.95,22.041,22.79,15600,22.79
2013-09-12,23.00,23.07,22.74,22.80,49000,22.80
2013-09-11,23.23,23.23,22.75,23.06,54100,23.06
2013-09-10,22.92,23.16,22.85,22.95,39700,22.95
2013-09-09,22.16,22.77,22.12,22.76,54000,22.76
2013-09-06,21.97,22.059,21.54,21.94,12100,21.94
2013-09-05,21.59,21.86,21.51,21.79,2953700,21.79
2013-09-04,21.31,21.86,21.25,21.59,217000,21.59
2013-09-03,20.74,21.64,20.74,21.24,62000,21.24
2013-08-30,20.89,20.9499,20.6201,20.74,13800,20.74
2013-08-29,20.78,21.36,20.73,21.07,49200,21.07
2013-08-28,20.60,21.00,20.5705,20.96,75100,20.96
2013-08-27,21.24,21.24,20.78,20.86,59200,20.86
2013-08-26,21.65,21.82,21.51,21.72,10900,21.72
2013-08-23,21.68,21.82,21.68,21.82,30100,21.82
2013-08-22,21.67,21.94,21.49,21.86,20200,21.86
2013-08-21,21.52,21.76,21.40,21.60,12300,21.60
2013-08-20,21.51,21.798,21.18,21.77,26200,21.77
2013-08-19,21.64,21.90,21.54,21.66,48200,21.66
2013-08-16,22.19,22.31,21.77,22.06,10500,22.06
2013-08-15,22.00,22.18,21.90,22.049,9400,22.049
2013-08-14,22.634,22.634,22.50,22.51,4000,22.51
2013-08-13,22.30,22.81,22.00,22.74,35900,22.74
2013-08-12,22.39,22.39,22.03,22.29,90700,22.29
2013-08-09,22.21,22.6686,22.21,22.
57,16900,22.57
2013-08-08,22.77,22.95,22.17,22.64,111600,22.64
2013-08-07,22.63,22.70,22.32,22.59,121200,22.59
2013-08-06,23.00,23.00,22.57,22.80,126800,22.80
2013-08-05,22.85,23.21,22.85,23.04,68200,23.04
2013-08-02,22.94,23.10,22.64,23.10,8400,23.10
2013-08-01,22.41,23.10,22.41,23.02,30600,23.02
2013-07-31,21.60,22.12,21.60,22.00,2600,22.00
2013-07-30,22.04,22.51,21.30,21.66,58200,21.66
2013-07-29,22.26,22.26,21.64,21.86,45100,21.86
2013-07-26,22.27,22.44,22.00,22.44,11500,22.44
2013-07-25,22.11,22.43,21.90,22.43,10500,22.43
2013-07-24,22.80,22.80,22.16,22.26,13400,22.26
2013-07-23,23.07,23.07,22.581,22.60,11400,22.60
2013-07-22,22.75,23.12,22.6769,23.12,15800,23.12
2013-07-19,22.76,22.76,22.39,22.75,7000,22.75
2013-07-18,22.64,22.96,22.62,22.94,18500,22.94
2013-07-17,22.75,22.75,22.45,22.67,1145200,22.67
2013-07-16,23.24,23.24,22.5008,22.81,10400,22.81
2013-07-15,23.30,23.30,22.73,23.03,29900,23.03
2013-07-12,22.83,23.21,22.83,23.20,32800,23.20
2013-07-11,23.00,23.00,22.42,22.83,176500,22.83
2013-07-10,22.70,22.77,22.43,22.76,38800,22.76
2013-07-09,22.88,22.88,22.13,22.56,57000,22.56
2013-07-08,22.32,22.60,22.29,22.44,34800,22.44
2013-07-05,21.95,22.32,21.72,22.32,20100,22.32
2013-07-03,21.70,21.70,20.85,21.32,23200,21.32
2013-07-02,22.31,22.31,21.81,21.88,49400,21.88
2013-07-01,21.90,22.33,21.90,22.13,80900,22.13
2013-06-28,21.9499,22.02,21.66,21.90,825400,21.90
2013-06-27,21.15,22.32,21.15,22.25,59500,22.25
2013-06-26,20.96,21.71,20.751,20.97,60800,20.97
2013-06-25,19.72,20.45,19.72,20.13,28100,20.13
2013-06-24,20.00,20.00,19.05,19.62,113500,19.62
2013-06-21,21.00,21.00,20.09,20.39,118500,20.39
2013-06-20,20.50,21.10,20.18,20.71,63300,20.71
2013-06-19,21.24,21.26,20.53,20.71,325000,20.71
2013-06-18,20.70,21.42,20.70,21.42,23400,21.42
2013-06-17,20.46,20.92,20.46,20.73,24300,20.73
2013-06-14,20.80,21.01,20.11,20.22,19000,20.22
2013-06-13,20.52,21.06,20.03,21.06,17300,21.06
2013-06-12,20.89,21.14,20.3401,20.44,11700,20.44
2013-06-11,21.50,21.50,20.75,20.79,23000,20.79
2013-06-10,21.70,21.84,21.30,21.73,88600,21.73
2013-06-07,21.01,21.465,20.61,21.45,38600,21.45
2013-06-06,19.81,20.60,19.70,20.50,55300,20.50
2013-06-05,20.50,20.50,19.93,20.00,31500,20.00
2013-06-04,21.15,21.40,20.70,20.75,32400,20.75
2013-06-03,21.91,21.91,20.16,20.95,66800,20.95
2013-05-31,22.55,22.55,21.58,21.58,81200,21.58
2013-05-30,22.00,22.43,22.00,22.42,201400,22.42
2013-05-29,21.50,21.97,21.311,21.82,144700,21.82
2013-05-28,21.72,22.12,21.45,21.67,61500,21.67
2013-05-24,21.04,21.26,20.79,21.26,15400,21.26
2013-05-23,20.91,21.54,20.83,21.41,25900,21.41
2013-05-22,21.93,22.40,21.40,21.62,59700,21.62
2013-05-21,22.20,22.20,21.83,22.04,140600,22.04
2013-05-20,22.02,22.26,21.84,22.13,95100,22.13
2013-05-17,21.90,22.35,21.89,22.20,54300,22.20
2013-05-16,21.67,22.04,21.6203,21.82,560400,21.82
2013-05-15,21.55,21.85,21.21,21.85,42800,21.85
2013-05-14,21.00,21.58,21.00,21.58,69900,21.58
2013-05-13,20.39,20.86,20.39,20.86,84200,20.86
2013-05-10,20.40,20.67,20.25,20.60,53100,20.60
2013-05-09,20.75,20.92,20.37,20.53,54600,20.53
2013-05-08,20.20,20.74,20.20,20.74,27400,20.74
2013-05-07,20.20,20.30,20.10,20.30,63600,20.30
2013-05-06,19.85,20.15,19.85,20.03,68800,20.03
2013-05-03,19.86,20.19,19.72,19.83,214600,19.83
2013-05-02,19.03,19.38,18.78,19
.38,169300,19.38
2013-05-01,18.75,19.04,18.71,18.85,191000,18.85
2013-04-30,18.48,19.28,18.48,19.03,113400,19.03
2013-04-29,18.44,18.44,18.15,18.30,26400,18.30
2013-04-26,18.83,18.83,17.97,18.25,11700,18.25
2013-04-25,18.80,18.84,18.55,18.65,30000,18.65
2013-04-24,18.50,18.80,18.50,18.80,75000,18.80
2013-04-23,18.00,18.54,18.00,18.54,54700,18.54
2013-04-22,18.20,18.20,17.492,17.89,15300,17.89
2013-04-19,17.65,18.04,17.356,17.99,37300,17.99
2013-04-18,17.96,17.96,17.55,17.74,10400,17.74
2013-04-17,18.30,18.30,17.781,18.14,61400,18.14
2013-04-16,17.77,18.56,17.77,18.56,28600,18.56
2013-04-15,18.72,18.72,17.4276,17.59,47700,17.59
2013-04-12,18.38,18.99,18.272,18.68,40500,18.68
2013-04-11,18.63,19.0604,18.403,18.56,83200,18.56
2013-04-10,17.55,18.31,17.50,18.22,61800,18.22
2013-04-09,17.37,17.57,17.25,17.42,40000,17.42
2013-04-08,16.60,17.24,16.60,17.24,17000,17.24
2013-04-05,17.04,17.04,15.95,16.53,83600,16.53
2013-04-04,16.25,17.12,16.25,17.12,27500,17.12
2013-04-03,16.80,16.80,16.05,16.19,62000,16.19
2013-04-02,16.87,16.89,16.60,16.781,23000,16.781
2013-04-01,17.17,17.17,16.75,16.87,35800,16.87
2013-03-28,17.20,17.21,16.80,17.09,30300,17.09
2013-03-27,17.47,17.47,16.99,17.23,38000,17.23
2013-03-26,17.40,17.48,17.15,17.48,13500,17.48
2013-03-25,17.73,17.7452,17.14,17.36,51100,17.36
2013-03-22,17.35,17.71,17.2101,17.68,58300,17.68
2013-03-21,17.40,17.44,17.20,17.28,25900,17.28
2013-03-20,16.98,17.45,16.98,17.40,1050000,17.40
2013-03-19,17.34,17.34,16.7112,16.7648,55500,16.7648
2013-03-18,17.48,17.48,17.00,17.15,68200,17.15
2013-03-15,17.71,17.71,17.39,17.4801,67800,17.4801
2013-03-14,17.19,17.72,17.19,17.72,74400,17.72
2013-03-13,17.24,17.24,16.95,17.13,44800,17.13
2013-03-12,17.24,17.24,16.87,17.05,157400,17.05
2013-03-11,17.13,17.17,16.50,17.02,290200,17.02
2013-03-08,15.79,16.86,15.79,16.86,597900,16.86
2013-03-07,15.32,15.56,15.32,15.55,8300,15.55
2013-03-06,15.43,15.55,15.29,15.39,178700,15.39
2013-03-05,15.05,15.37,14.97,15.30,17600,15.30
2013-03-04,14.68,14.88,14.4022,14.88,47700,14.88
2013-03-01,14.60,14.86,14.3499,14.86,11700,14.86
2013-02-28,14.85,14.86,14.72,14.78,800,14.78
2013-02-27,14.62,14.89,14.53,14.86,11300,14.86
2013-02-26,14.51,14.51,13.57,14.50,34200,14.50
2013-02-25,15.25,15.25,14.33,14.35,33100,14.35
2013-02-22,14.80,15.25,14.80,15.25,4000,15.25
2013-02-21,15.05,15.27,14.71,14.86,271700,14.86
2013-02-20,15.85,15.87,15.47,15.48,7800,15.48
2013-02-19,15.50,15.81,15.02,15.81,36500,15.81
2013-02-15,15.49,15.53,15.20,15.32,9200,15.32
2013-02-14,15.55,15.56,15.31,15.53,8800,15.53
2013-02-13,15.50,15.53,15.43,15.53,7100,15.53
2013-02-12,15.38,15.53,15.2832,15.46,10200,15.46
2013-02-11,15.20,15.50,15.07,15.46,29000,15.46
2013-02-08,15.23,15.41,15.21,15.29,14600,15.29
2013-02-07,15.79,15.79,15.05,15.25,72400,15.25
2013-02-06,15.42,15.5399,15.3001,15.49,24100,15.49
2013-02-05,15.93,16.11,15.32,15.49,37100,15.49
2013-02-04,16.07,16.07,15.5305,15.75,24200,15.75
2013-02-01,15.98,16.31,15.888,16.25,38300,16.25
2013-01-31,15.57,15.86,15.47,15.86,19100,15.86
2013-01-30,15.81,15.84,15.62,15.69,8600,15.69
2013-01-29,15.7799,15.94,15.57,15.90,37900,15.90
2013-01-28,15.72,15.99,15.72,15.80,49600,15.80
2013-01-25,15.4336,15.74,15.4336,15.74,33000,15.74
2013-01-24,15.57,15.77,15.37,15.47,19
900,15.47
2013-01-23,15.60,15.60,15.24,15.50,14700,15.50
2013-01-22,15.35,15.66,15.35,15.66,8700,15.66
2013-01-18,15.31,15.43,15.212,15.43,4200,15.43
2013-01-17,15.26,15.41,15.26,15.38,15700,15.38
2013-01-16,14.89,15.21,14.87,15.21,28200,15.21
2013-01-15,14.76,14.98,14.69,14.98,7800,14.98
2013-01-14,15.13,15.13,14.67,14.94,6200,14.94
2013-01-11,15.05,15.05,14.85,15.00,17300,15.00
2013-01-10,15.07,15.20,14.92,15.15,33300,15.15
2013-01-09,14.85,15.10,14.76,14.83,25200,14.83
2013-01-08,15.08,15.08,14.6315,14.8599,26800,14.8599
2013-01-07,15.25,15.27,15.08,15.22,16100,15.22
2013-01-04,15.28,15.64,15.16,15.49,106200,15.49
2013-01-03,14.62,15.16,14.62,15.16,79500,15.16
2013-01-02,13.68,14.69,13.68,14.69,132300,14.69
2012-12-31,13.40,13.57,13.20,13.48,61000,13.48
2012-12-28,13.48,13.50,13.42,13.42,11400,13.42
2012-12-27,13.60,13.64,13.34,13.58,14200,13.58
2012-12-26,13.57,13.58,13.3801,13.51,18300,13.51
2012-12-24,13.36,13.58,13.30,13.58,10700,13.58
2012-12-21,13.71,13.71,13.27,13.46,42400,13.46
2012-12-20,13.79,13.91,13.61,13.89,35300,13.89
2012-12-19,13.65,13.82,13.6101,13.73,27400,13.73
2012-12-18,13.24,13.615,13.24,13.61,110400,13.61
2012-12-17,12.75,13.24,12.75,13.24,90400,13.24
2012-12-14,12.80,12.80,12.48,12.71,169700,12.71
2012-12-13,13.26,13.27,12.932,12.932,852500,12.932
2012-12-12,13.42,13.46,13.161,13.29,32600,13.29
2012-12-11,13.24,13.39,13.17,13.39,73800,13.39
2012-12-10,13.29,13.29,13.11,13.21,5800,13.21
2012-12-07,13.19,13.28,13.02,13.25,62000,13.25
2012-12-06,12.92,13.14,12.87,13.14,12100,13.14
2012-12-05,12.41,13.0662,12.41,13.03,20600,13.03
2012-12-04,12.65,12.67,12.45,12.57,2200,12.57
2012-12-03,12.79,12.83,12.70,12.75,8500,12.75
2012-11-30,12.61,12.82,12.61,12.82,39200,12.82
2012-11-29,12.75,12.96,12.571,12.79,23800,12.79
2012-11-28,12.31,12.61,12.151,12.61,13800,12.61
2012-11-27,12.57,12.6503,12.437,12.49,1500,12.49
2012-11-26,12.71,12.75,12.59,12.65,7600,12.65
2012-11-23,12.78,12.89,12.67,12.89,8900,12.89
2012-11-21,12.53,12.72,12.41,12.69,3600,12.69
2012-11-20,12.28,12.63,12.21,12.56,14600,12.56
2012-11-19,12.18,12.43,12.18,12.43,30200,12.43
2012-11-16,11.91,11.97,11.73,11.97,12400,11.97
2012-11-15,11.94,12.19,11.91,11.97,57200,11.97
2012-11-14,12.23,12.2499,11.82,11.87,9200,11.87
2012-11-13,12.28,12.46,12.12,12.16,7900,12.16
2012-11-12,12.43,12.46,12.27,12.46,7000,12.46
2012-11-09,12.10,12.56,11.97,12.41,9200,12.41
2012-11-08,12.56,12.6699,12.12,12.12,11200,12.12
2012-11-07,12.64,12.75,12.38,12.42,76200,12.42
2012-11-06,13.13,13.28,13.10,13.21,21900,13.21
2012-11-05,12.75,13.04,12.69,13.01,12200,13.01
2012-11-02,13.38,13.38,12.48,12.72,18100,12.72
2012-11-01,13.25,13.50,13.25,13.43,20000,13.43
2012-10-31,13.25,13.25,12.80,13.21,18400,13.21
2012-10-26,13.68,13.68,13.08,13.25,22300,13.25
2012-10-25,13.61,13.91,13.52,13.78,565900,13.78
2012-10-24,13.33,13.6383,13.33,13.43,19700,13.43
2012-10-23,13.10,13.23,12.92,13.23,141000,13.23
2012-10-22,13.34,13.36,13.07,13.36,17900,13.36
2012-10-19,13.62,13.62,13.25,13.40,13200,13.40
2012-10-18,13.44,13.8199,13.44,13.79,36100,13.79
2012-10-17,13.15,13.41,13.12,13.41,42300,13.41
2012-10-16,12.99,13.23,12.86,13.17,58100,13.17
2012-10-15,12.65,12.88,12.64,12.88,65200,12.88
2012-10-12,12.71,12.71,12.40,12.62,24900,12.62
2012-10-11,12.49,12.93,12.49,12.78,112000,12.78
2012-10-10,12.33,12.53,12.33,12.42,22800,12.42
2012-10-09,12.60,12.62,
12.38,12.48,16900,12.48
2012-10-08,12.47,12.73,12.46,12.69,33200,12.69
2012-10-05,12.42,13.08,12.42,12.65,124300,12.65
2012-10-04,11.6599,12.37,11.6599,12.37,102100,12.37
2012-10-03,11.48,11.61,11.38,11.61,54100,11.61
2012-10-02,11.3899,11.48,11.32,11.48,7600,11.48
2012-10-01,11.24,11.69,11.20,11.27,33600,11.27
2012-09-28,11.40,11.6284,11.16,11.16,81800,11.16
2012-09-27,10.85,11.18,10.85,11.12,24900,11.12
2012-09-26,10.67,10.78,10.54,10.64,8900,10.64
2012-09-25,11.21,11.21,10.65,10.75,22700,10.75
2012-09-24,11.13,11.31,11.06,11.20,26100,11.20
2012-09-21,11.16,11.26,11.09,11.21,19900,11.21
2012-09-20,11.41,11.41,10.98,11.10,19900,11.10
2012-09-19,11.61,11.7299,11.45,11.50,15600,11.50
2012-09-18,11.74,11.74,11.45,11.52,14300,11.52
2012-09-17,11.93,12.00,11.68,11.81,22200,11.81
2012-09-14,11.94,12.38,11.938,12.00,88900,12.00
2012-09-13,11.32,11.90,11.14,11.68,340900,11.68
2012-09-12,11.43,11.55,11.38,11.40,10600,11.40
2012-09-11,11.26,11.3899,11.242,11.35,24100,11.35
2012-09-10,11.57,11.57,11.171,11.22,18900,11.22
2012-09-07,10.87,11.56,10.87,11.56,71500,11.56
2012-09-06,10.52,10.90,10.51,10.81,38800,10.81
2012-09-05,10.03,10.53,10.03,10.37,278600,10.37
2012-09-04,10.17,10.19,9.90,9.96,75800,9.96
2012-08-31,10.14,10.23,10.08,10.1075,85000,10.1075
2012-08-30,9.94,10.05,9.75,10.05,39600,10.05
2012-08-29,10.00,10.04,9.90,10.03,85500,10.03
2012-08-28,10.10,10.26,10.00,10.00,20000,10.00
2012-08-27,10.34,10.34,10.13,10.19,27900,10.19
2012-08-24,10.32,10.3683,10.23,10.34,38100,10.34
2012-08-23,10.44,10.44,10.24,10.33,18100,10.33
2012-08-22,10.74,10.85,10.42,10.53,148500,10.53
2012-08-21,10.56,10.95,10.56,10.83,160200,10.83
2012-08-20,10.26,10.54,10.26,10.54,111400,10.54
2012-08-17,10.32,10.32,10.152,10.20,24100,10.20
2012-08-16,10.13,10.36,10.13,10.36,34900,10.36
2012-08-15,9.805,10.12,9.805,10.12,7200,10.12
2012-08-14,9.98,10.10,9.67,9.82,96300,9.82
2012-08-13,9.97,10.02,9.88,10.02,16200,10.02
2012-08-10,9.87,10.04,9.80,10.04,4400,10.04
2012-08-09,9.80,10.07,9.80,9.94,9400,9.94
2012-08-08,9.73,9.77,9.6905,9.75,6500,9.75
2012-08-07,9.87,10.09,9.82,9.82,273500,9.82
2012-08-06,9.70,9.96,9.65,9.78,24700,9.78
2012-08-03,9.24,9.63,9.22,9.61,50000,9.61
2012-08-02,8.76,9.37,8.72,8.99,16900,8.99
2012-08-01,9.39,9.42,9.05,9.12,52800,9.12
2012-07-31,9.19,9.2455,9.09,9.24,4600,9.24
2012-07-30,9.07,9.32,9.07,9.19,13200,9.19
2012-07-27,8.97,9.2445,8.97,9.2047,3400,9.2047
2012-07-26,9.12,9.16,8.85,8.90,60200,8.90
2012-07-25,8.98,9.01,8.84,8.85,9300,8.85
2012-07-24,8.88,8.88,8.63,8.72,13300,8.72
2012-07-23,8.81,8.98,8.6199,8.93,34500,8.93
2012-07-20,9.52,9.52,9.08,9.13,12800,9.13
2012-07-19,9.54,9.69,9.40,9.60,163600,9.60
2012-07-18,9.37,9.58,9.35,9.54,6300,9.54
2012-07-17,9.25,9.45,8.87,9.45,27700,9.45
2012-07-16,9.38,9.38,9.10,9.20,5700,9.20
2012-07-13,9.20,9.52,9.20,9.52,69600,9.52
2012-07-12,9.19,9.19,8.95,9.14,68200,9.14
2012-07-11,9.40,9.44,9.261,9.43,22700,9.43
2012-07-10,9.61,9.65,9.2601,9.39,9300,9.39
2012-07-09,9.54,9.54,9.29,9.51,17400,9.51
2012-07-06,9.61,9.64,9.3414,9.64,19500,9.64
2012-07-05,10.12,10.12,9.81,9.82,
13900,9.82
2012-07-03,10.09,10.37,10.09,10.18,8400,10.18
2012-07-02,10.15,10.30,9.83,10.02,17300,10.02
2012-06-29,10.09,10.15,9.94,10.15,139200,10.15
2012-06-28,9.64,9.70,9.36,9.70,5300,9.70
2012-06-27,9.35,9.71,9.28,9.71,14500,9.71
2012-06-25,9.45,9.45,9.14,9.19,13500,9.19
2012-06-22,9.57,9.77,9.53,9.76,11200,9.76
2012-06-21,10.04,10.08,9.44,9.50,26300,9.50
2012-06-20,9.91,10.119,9.87,10.00,14000,10.00
2012-06-19,9.58,9.97,9.57,9.96,15700,9.96
2012-06-18,9.59,9.59,9.33,9.43,24100,9.43
2012-06-15,9.68,9.68,9.51,9.67,4400,9.67
2012-06-14,9.54,9.66,9.51,9.64,4500,9.64
2012-06-13,9.70,9.80,9.45,9.56,43000,9.56
2012-06-12,9.53,9.77,9.53,9.77,9300,9.77
2012-06-11,10.10,10.10,9.48,9.49,11800,9.49
2012-06-08,10.02,10.02,9.80,9.96,25900,9.96
2012-06-07,10.25,10.36,10.08,10.10,14300,10.10
2012-06-06,9.36,10.05,9.36,10.05,20100,10.05
2012-06-05,8.98,9.32,8.98,9.25,45000,9.25
2012-06-04,9.21,9.21,9.0701,9.13,6500,9.13
2012-06-01,9.39,9.39,9.19,9.20,31000,9.20
2012-05-31,9.70,9.72,9.4199,9.70,26200,9.70
2012-05-30,9.91,10.00,9.77,9.77,15300,9.77
2012-05-29,10.20,10.28,10.10,10.28,17900,10.28
2012-05-25,9.92,10.084,9.89,10.05,20100,10.05
2012-05-24,10.03,10.03,9.71,10.01,7700,10.01
2012-05-23,9.70,10.02,9.50,9.87,12300,9.87
2012-05-22,9.98,10.09,9.74,9.87,26700,9.87
2012-05-21,9.89,10.00,9.46,9.96,77200,9.96
2012-05-18,10.11,10.11,9.47,9.85,57600,9.85
2012-05-17,10.79,10.79,10.0112,10.05,57000,10.05
2012-05-16,11.41,11.50,10.80,10.84,45800,10.84
2012-05-15,11.58,11.62,11.24,11.33,375600,11.33
2012-05-14,11.85,11.85,11.43,11.51,50500,11.51
2012-05-11,11.74,12.06,11.71,12.01,5900,12.01
2012-05-10,12.15,12.34,12.02,12.02,11900,12.02
2012-05-09,11.89,12.12,11.61,11.98,122800,11.98
2012-05-08,11.87,12.01,11.70,12.01,75400,12.01
2012-05-07,11.86,12.00,11.66,11.98,145700,11.98
2012-05-04,12.06,12.06,11.64,11.98,85600,11.98
2012-05-03,12.56,12.65,12.00,12.16,73700,12.16
2012-05-02,12.87,12.87,12.47,12.63,31900,12.63
2012-05-01,12.68,13.15,12.63,12.96,184600,12.96
2012-04-30,12.88,12.88,12.57,12.73,7700,12.73
2012-04-27,12.95,12.95,12.66,12.93,219500,12.93
2012-04-26,12.84,12.93,12.7399,12.93,27600,12.93
2012-04-25,12.93,12.95,12.58,12.95,394600,12.95
2012-04-24,12.52,12.76,12.52,12.68,13200,12.68
2012-04-23,12.24,12.46,12.06,12.46,20200,12.46
2012-04-20,12.42,12.47,12.30,12.34,21500,12.34
2012-04-19,12.38,12.40,12.19,12.36,64200,12.36
2012-04-18,12.67,12.67,12.31,12.44,152300,12.44
2012-04-17,12.58,12.90,12.58,12.89,18000,12.89
2012-04-16,12.64,12.64,12.20,12.50,25200,12.50
2012-04-13,12.76,12.76,12.4418,12.54,20300,12.54
2012-04-12,12.45,12.86,12.45,12.86,11700,12.86
2012-04-11,12.62,12.62,12.3017,12.37,12500,12.37
2012-04-10,12.66,12.75,12.15,12.20,44700,12.20
2012-04-09,12.81,12.8299,12.59,12.74,39400,12.74
2012-04-05,13.41,13.41,13.00,13.26,634700,13.26
2012-04-04,13.65,13.67,13.1518,13.52,139600,13.52
2012-04-03,14.02,14.05,13.44,13.83,124600,13.83
2012-04-02,13.27,14.35,13.27,14.05,264300,14.05
2012-03-30,13.30,13.32,13.06,13.32,11600,13.32
2012-03-29,13.34,13.34,12.86,13.23,526600,13.23
2012-03-28,13.60,13.70,13.09,13.49,23400,13.49
2012-03-27,13.95,13.96,13.55,13.57,10900,13.57
2012-03-26,13.77,14.00,13.72,14.00,29000,14.00
2012-03-23,13.45,13.62,13.33,13.62,39000,13.62
2012-03-22,13.76,13.76,13.33,13.44,33400,13.44
2012-03-21,14.75,15.15,14.00,14.15,168900,14.15
2012-03-20,13.76,13.92,13.40,13.9
2,52400,13.92
2012-03-19,14.00,14.07,13.79,13.91,34600,13.91
2012-03-16,13.89,14.04,13.67,14.04,42200,14.04
2012-03-15,13.05,13.91,13.01,13.91,134600,13.91
2012-03-14,12.93,13.23,12.8501,13.02,25300,13.02
2012-03-13,12.52,13.02,12.49,13.02,43100,13.02
2012-03-12,12.46,12.46,12.12,12.43,18200,12.43
2012-03-09,12.46,12.62,12.35,12.42,64400,12.42
2012-03-08,12.16,12.31,11.84,12.31,17200,12.31
2012-03-07,11.94,12.05,11.80,12.05,19200,12.05
2012-03-06,12.40,12.40,11.77,11.88,29000,11.88
2012-03-05,12.66,12.74,12.48,12.55,37100,12.55
2012-03-02,13.01,13.02,12.65,12.79,31600,12.79
2012-03-01,12.99,13.10,12.74,12.98,54100,12.98
2012-02-29,12.89,13.00,12.67,12.96,37800,12.96
2012-02-28,12.71,12.90,12.62,12.85,71300,12.85
2012-02-27,12.65,12.77,12.40,12.77,36200,12.77
2012-02-24,12.89,12.89,12.66,12.70,40600,12.70
2012-02-23,12.58,12.93,12.58,12.88,69000,12.88
2012-02-22,13.00,13.00,12.38,12.43,119200,12.43
2012-02-21,13.75,13.75,12.91,13.10,123700,13.10
2012-02-17,13.47,13.70,13.23,13.69,282600,13.69
2012-02-16,12.59,13.44,12.48,13.43,102200,13.43
2012-02-15,13.00,13.17,12.46,12.66,258400,12.66
2012-02-14,12.60,12.60,11.95,12.40,173800,12.40
2012-02-13,12.57,12.72,12.51,12.71,164400,12.71
2012-02-10,12.50,12.51,12.32,12.42,203200,12.42
2012-02-09,13.11,13.2899,12.52,12.77,54900,12.77
2012-02-08,12.14,13.21,12.14,12.92,743100,12.92
2012-02-07,11.90,11.90,11.57,11.77,111900,11.77
2012-02-06,11.79,11.93,11.64,11.93,26700,11.93
2012-02-03,11.45,11.95,11.45,11.94,94700,11.94
2012-02-02,11.11,11.35,11.11,11.23,62500,11.23
2012-02-01,10.49,11.0194,10.49,10.98,60500,10.98
2012-01-31,10.41,10.44,10.18,10.41,66100,10.41
2012-01-30,10.22,10.34,10.07,10.33,62400,10.33
2012-01-27,10.21,10.45,10.09,10.45,54000,10.45
2012-01-26,10.92,10.92,10.26,10.36,18500,10.36
2012-01-25,11.10,11.10,10.68,10.88,30600,10.88
2012-01-24,11.15,11.20,10.95,11.20,21400,11.20
2012-01-23,10.99,11.75,10.99,11.29,41400,11.29
2012-01-20,11.07,11.44,11.07,11.17,22900,11.17
2012-01-19,10.89,11.23,10.89,11.07,29900,11.07
2012-01-18,10.38,10.84,10.19,10.84,30700,10.84
2012-01-17,10.74,10.91,10.35,10.46,19600,10.46
2012-01-13,11.07,11.07,10.17,10.59,70500,10.59
2012-01-12,10.50,10.85,10.31,10.85,70000,10.85
2012-01-11,10.13,10.50,10.00,10.47,38100,10.47
2012-01-10,9.87,10.19,9.87,10.19,166600,10.19
2012-01-09,9.71,9.73,9.52,9.59,64900,9.59
2012-01-06,9.62,9.62,9.40,9.45,35800,9.45
2012-01-05,9.21,9.71,9.07,9.71,91000,9.71
2012-01-04,9.37,9.4199,9.17,9.36,74500,9.36
2012-01-03,9.52,9.55,9.51,9.53,800,9.53
2011-12-30,9.18,9.21,9.05,9.14,125700,9.14
2011-12-29,9.01,9.24,9.01,9.24,23400,9.24
2011-12-28,9.18,9.18,8.82,9.00,160700,9.00
2011-12-27,9.52,9.63,9.09,9.25,119800,9.25
2011-12-23,9.50,9.63,9.39,9.52,27800,9.52
2011-12-22,9.35,9.50,9.19,9.41,60700,9.41
2011-12-21,8.86,9.25,8.83,9.25,88000,9.25
2011-12-20,8.52,8.92,8.49,8.92,67500,8.92
2011-12-19,8.73,8.73,8.16,8.17,55400,8.17
2011-12-16,9.12,9.12,8.561,8.69,111000,8.69
2011-12-15,9.47,9.48,8.99,9.04,67900,9.04
2011-12-14,9.17,9.43,8.98,9.25,28500,9.25
2011-12-13,9.67,9.85,8.92,9.12,27600,9.12
2011-12-12,10.10,10.10,9.28,9.48,167000,9.48
2011-12-09,10.10,10.25,10.0601,10.25,16800,10.25
2011-12-08,11.10,11.10,9.92,10.04,86200,10.04
2011-12-07,10.87,11.25,10.68,11.25,19300,11.25
2011-12-06,11.00,11.15,10
.94,11.05,8800,11.05
2011-12-05,10.90,11.33,10.80,11.07,83200,11.07
2011-12-02,10.62,10.83,10.50,10.53,120400,10.53
2011-12-01,10.32,10.55,10.12,10.54,110400,10.54
2011-11-30,9.90,10.40,9.90,10.40,62200,10.40
2011-11-29,9.37,9.50,9.10,9.35,47200,9.35
2011-11-28,9.10,9.34,9.03,9.34,18200,9.34
2011-11-25,8.68,8.82,8.46,8.46,2000,8.46
2011-11-23,9.07,9.07,8.53,8.67,24100,8.67
2011-11-22,9.44,9.48,9.15,9.20,45100,9.20
2011-11-21,9.88,9.88,9.13,9.52,141300,9.52