Date,Open,High,Low,Close,Volume,Adj Close
2016-08-05,35.02,36.049999,34.91,35.900002,470000,35.900002
2016-08-04,34.799999,34.98,34.459999,34.700001,285600,34.700001
2016-08-03,34.00,34.740002,33.799999,34.650002,342500,34.650002
2016-08-02,35.32,35.380001,34.02,34.18,352500,34.18
2016-08-01,35.369999,35.720001,35.07,35.400002,333200,35.400002
2016-07-29,35.240002,35.41,34.57,35.18,441600,35.18
2016-07-28,35.43,35.75,34.779999,35.25,433200,35.25
2016-07-27,36.240002,36.240002,35.349998,35.84,313200,35.84
2016-07-26,35.66,36.43,35.41,35.990002,698400,35.990002
2016-07-25,35.049999,35.880001,34.75,35.389999,722700,35.389999
2016-07-22,33.75,34.98,33.580002,34.900002,441700,34.900002
2016-07-21,34.169998,34.880001,33.84,33.990002,280600,33.990002
2016-07-20,34.25,34.869999,33.82,34.610001,360400,34.610001
2016-07-19,33.66,34.169998,33.66,33.869999,187400,33.869999
2016-07-18,33.779999,34.23,33.459999,33.939999,274800,33.939999
2016-07-15,33.720001,33.880001,33.09,33.549999,145700,33.549999
2016-07-14,33.369999,34.00,33.240002,33.48,221800,33.48
2016-07-13,33.830002,34.060001,33.259998,33.369999,373100,33.369999
2016-07-12,33.50,34.139999,33.369999,33.68,562800,33.68
2016-07-11,32.98,33.41,32.619999,33.220001,392600,33.220001
2016-07-08,31.26,32.82,31.26,32.73,428300,32.73
2016-07-07,31.129999,31.42,30.780001,31.190001,210200,31.190001
2016-07-06,30.370001,31.50,29.73,30.889999,388600,30.889999
2016-07-05,31.040001,31.17,30.27,30.76,406400,30.76
2016-07-01,31.780001,32.200001,31.059999,31.540001,646900,31.540001
2016-06-30,29.41,32.09,29.129999,32.029999,1906800,32.029999
2016-06-29,28.58,28.58,27.549999,28.41,738400,28.41
2016-06-28,26.379999,27.99,26.25,27.67,1345300,27.67
2016-06-27,28.610001,28.74,25.889999,25.93,1474500,25.93
2016-06-24,30.360001,31.24,29.18,29.27,1376900,29.27
2016-06-23,32.119999,32.709999,31.67,32.709999,616500,32.709999
2016-06-22,31.870001,32.349998,31.709999,31.799999,426600,31.799999
2016-06-21,31.93,32.209999,31.459999,31.59,432400,31.59
2016-06-20,32.849998,32.849998,31.75,31.84,392000,31.84
2016-06-17,32.669998,32.91,32.02,32.220001,897300,32.220001
2016-06-16,32.049999,32.52,31.48,32.509998,375500,32.509998
2016-06-15,32.560001,32.830002,32.330002,32.509998,379900,32.509998
2016-06-14,31.969999,32.560001,31.799999,32.450001,368700,32.450001
2016-06-13,32.080002,32.84,31.629999,32.23,348000,32.23
2016-06-10,32.580002,32.810001,32.009998,32.48,450300,32.48
2016-06-09,32.84,33.59,32.450001,33.34,550900,33.34
2016-06-08,33.110001,33.50,32.869999,33.279999,603300,33.279999
2016-06-07,32.639999,33.200001,32.50,33.060001,840400,33.060001
2016-06-06,32.09,32.700001,32.07,32.439999,503000,32.439999
2016-06-03,32.369999,32.369999,31.25,32.110001,508300,32.11
0001
2016-06-02,31.68,32.509998,31.459999,32.299999,1121800,32.299999
2016-06-01,31.07,31.91,30.940001,31.709999,595300,31.709999
2016-05-31,31.26,31.389999,30.959999,31.190001,520000,31.190001
2016-05-27,31.059999,31.459999,30.50,31.110001,609000,31.110001
2016-05-26,29.950001,31.129999,29.860001,31.02,835500,31.02
2016-05-25,29.99,30.139999,29.459999,29.860001,567600,29.860001
2016-05-24,28.629999,30.110001,28.629999,29.809999,1000100,29.809999
2016-05-23,28.10,29.120001,28.08,28.530001,678400,28.530001
2016-05-20,28.00,28.50,27.92,28.120001,600100,28.120001
2016-05-19,28.67,29.07,27.549999,27.75,915500,27.75
2016-05-18,28.51,29.25,28.15,28.83,425600,28.83
2016-05-17,29.290001,29.530001,28.33,28.530001,472300,28.530001
2016-05-16,29.200001,29.85,29.01,29.48,456800,29.48
2016-05-13,28.959999,29.450001,28.74,28.950001,426800,28.950001
2016-05-12,30.00,30.139999,28.540001,28.889999,606100,28.889999
2016-05-11,29.030001,30.459999,28.950001,29.969999,789100,29.969999
2016-05-10,29.280001,29.35,28.93,29.280001,432100,29.280001
2016-05-09,29.280001,29.75,28.809999,29.190001,443500,29.190001
2016-05-06,29.059999,29.389999,28.26,29.309999,434700,29.309999
2016-05-05,29.690001,29.959999,29.200001,29.280001,403400,29.280001
2016-05-04,29.690001,30.459999,29.26,29.389999,470700,29.389999
2016-05-03,30.09,30.77,29.719999,29.91,521100,29.91
2016-05-02,30.10,30.60,29.190001,30.469999,826600,30.469999
2016-04-29,31.09,31.469999,28.719999,29.67,2001700,29.67
2016-04-28,32.73,32.900002,31.02,31.09,903800,31.09
2016-04-27,32.009998,33.580002,31.92,33.130001,665800,33.130001
2016-04-26,31.940001,32.259998,31.620001,31.92,450700,31.92
2016-04-25,31.629999,32.330002,31.559999,31.90,459800,31.90
2016-04-22,31.370001,32.110001,30.99,31.65,586700,31.65
2016-04-21,32.82,32.82,30.92,31.50,742000,31.50
2016-04-20,31.780001,33.169998,31.290001,32.900002,592900,32.900002
2016-04-19,33.740002,33.970001,31.809999,31.90,895300,31.90
2016-04-18,33.77,34.189999,33.560001,33.849998,422000,33.849998
2016-04-15,34.470001,34.599998,33.450001,33.869999,509800,33.869999
2016-04-14,34.119999,34.799999,33.490002,34.669998,601500,34.669998
2016-04-13,33.759998,34.57,33.549999,34.360001,480000,34.360001
2016-04-12,33.790001,33.91,32.419998,33.470001,563200,33.470001
2016-04-11,34.07,34.740002,33.779999,33.830002,423900,33.830002
2016-04-08,34.630001,34.669998,33.470001,33.900002,400900,33.900002
2016-04-07,34.25,34.439999,33.880001,34.16,451500,34.16
2016-04-06,33.919998,34.549999,33.52,34.470001,622500,34.470001
2016-04-05,33.700001,34.459999,33.66,34.110001,670600,34.110001
2016-04-04,34.68,34.75,33.860001,34.00,611000,34.00
2016-04-01,33.060001,34.869999,32.75,34.630001,1125200,34.630001
2016-03-31,34.18,34.32,33.049999,33.34,1062400,33.34
2016-03-30,33.700001,34.610001,32.869999,34.200001,1424000,34.200001
2016-03-29,32.759998,33.900002,32.400002,33.810001,1276600,33.810001
2016-03-28,33.709999,33.82,32.310001,32.98,986000,32.98
2016-03-24,32.860001,33.57,32.279999,33.509998,1238900,33.509998
2016-03-23,32.400002,33.02,31.440001,32.939999,3492200,32.939999
2016-03-22,29.52,30.700001,29.40,30.610001,1685300,30.610001
2016-03-21,29.10,29.200001,28.639999,29.17,439700,29.17
2016-03-18,29.139999,29.51,28.690001,29.200001,897400,29.200001
2016-03-17,28.26,29.01,27.99,28.85,904500,28.85
2016-03-16,27.120001,28.23,27.120001,27.90,554100,27.90
2016-03-15,26.969999,
27.59,26.959999,27.50,508900,27.50
2016-03-14,27.60,27.66,27.24,27.35,237400,27.35
2016-03-11,26.860001,27.73,26.67,27.66,392500,27.66
2016-03-10,26.77,26.93,26.10,26.58,341500,26.58
2016-03-09,26.16,27.01,26.16,26.68,387900,26.68
2016-03-08,27.700001,27.700001,25.700001,25.92,1236300,25.92
2016-03-07,27.75,27.98,27.549999,27.959999,574500,27.959999
2016-03-04,27.690001,28.33,27.040001,27.870001,721100,27.870001
2016-03-03,27.059999,27.709999,26.799999,27.639999,763000,27.639999
2016-03-02,26.209999,27.049999,26.139999,27.030001,579600,27.030001
2016-03-01,25.57,26.440001,25.07,26.309999,803300,26.309999
2016-02-29,25.16,25.59,25.120001,25.299999,915700,25.299999
2016-02-26,25.07,25.43,24.84,25.190001,1204100,25.190001
2016-02-25,24.889999,25.08,24.50,24.879999,363300,24.879999
2016-02-24,24.219999,24.870001,23.940001,24.799999,339600,24.799999
2016-02-23,24.26,24.809999,23.940001,24.540001,461300,24.540001
2016-02-22,24.870001,25.00,23.84,24.48,848000,24.48
2016-02-19,23.58,24.360001,23.48,24.09,281800,24.09
2016-02-18,25.200001,25.200001,23.459999,23.620001,411300,23.620001
2016-02-17,23.66,24.67,23.51,24.49,813800,24.49
2016-02-16,23.219999,23.59,22.870001,23.40,1411800,23.40
2016-02-12,23.32,23.58,22.559999,22.969999,771600,22.969999
2016-02-11,23.219999,23.389999,22.540001,22.92,704500,22.92
2016-02-10,23.24,24.200001,22.780001,23.73,992500,23.73
2016-02-09,22.139999,23.889999,22.07,23.139999,1289800,23.139999
2016-02-08,22.77,23.200001,22.120001,22.48,1416300,22.48
2016-02-05,27.450001,27.50,23.10,23.219999,1712100,23.219999
2016-02-04,25.92,27.700001,24.780001,27.18,2753200,27.18
2016-02-03,25.950001,26.43,25.040001,25.809999,1466800,25.809999
2016-02-02,27.68,27.68,25.299999,25.49,1389600,25.49
2016-02-01,27.540001,28.440001,27.190001,28.110001,972600,28.110001
2016-01-29,26.83,27.76,26.75,27.75,964100,27.75
2016-01-28,27.139999,27.52,26.559999,26.65,448300,26.65
2016-01-27,27.76,27.76,26.50,26.77,783800,26.77
2016-01-26,27.370001,28.049999,27.09,27.690001,410300,27.690001
2016-01-25,27.639999,28.07,27.110001,27.280001,651800,27.280001
2016-01-22,26.65,27.870001,26.299999,27.74,779500,27.74
2016-01-21,26.01,26.50,25.41,26.10,704900,26.10
2016-01-20,23.719999,26.299999,23.58,25.75,1004700,25.75
2016-01-19,25.27,25.389999,23.90,24.129999,646900,24.129999
2016-01-15,24.309999,24.90,23.709999,24.84,668400,24.84
2016-01-14,25.27,25.77,24.43,25.40,672700,25.40
2016-01-13,25.940001,26.280001,24.950001,25.09,1035600,25.09
2016-01-12,24.43,26.049999,24.43,25.940001,910400,25.940001
2016-01-11,24.09,24.690001,23.620001,24.110001,929500,24.110001
2016-01-08,25.459999,25.74,23.51,23.68,1329400,23.68
2016-01-07,25.629999,25.940001,25.27,25.440001,835300,25.440001
2016-01-06,26.280001,26.59,26.040001,26.389999,569800,26.389999
2016-01-05,26.82,27.77,26.59,26.700001,840600,26.700001
2016-01-04,26.43,26.52,25.82,26.32,622500,26.32
2015-12-31,27.34,27.780001,26.91,27.02,350500,27.02
2015-12-30,28.290001,28.40,27.309999,27.379999,252900,27.379999
2015-12-29,27.219999,28.40,27.10,28.15,435400,28.15
2015-12-28,27.719999,27.889999,26.799999,27.07,338700,27.07
2015-12-24,27.59,28.25,27.57,27.879999,136500,27.879999
2015-12-23,27.52,27.700001,27.309999,27.620001,262600,27.620001
2015-12-22
,27.52,27.549999,26.969999,27.35,206900,27.35
2015-12-21,27.27,27.59,26.92,27.450001,311200,27.450001
2015-12-18,27.60,27.75,26.98,27.01,738300,27.01
2015-12-17,28.690001,28.879999,27.77,27.77,541800,27.77
2015-12-16,28.540001,28.780001,27.719999,28.450001,550600,28.450001
2015-12-15,28.540001,28.940001,28.25,28.360001,296400,28.360001
2015-12-14,28.40,28.559999,27.969999,28.41,358900,28.41
2015-12-11,28.40,29.110001,28.02,28.440001,695800,28.440001
2015-12-10,29.34,29.74,29.129999,29.17,422100,29.17
2015-12-09,29.33,29.60,28.93,29.219999,856200,29.219999
2015-12-08,28.01,29.35,27.51,29.120001,893300,29.120001
2015-12-07,29.370001,29.540001,28.459999,28.50,1246400,28.50
2015-12-04,29.049999,29.75,29.01,29.200001,1056800,29.200001
2015-12-03,29.700001,29.700001,27.809999,29.049999,2840700,29.049999
2015-12-02,30.940001,31.549999,29.139999,29.75,1392900,29.75
2015-12-01,32.150002,32.32,31.530001,32.32,558200,32.32
2015-11-30,31.07,32.23,31.02,32.150002,635300,32.150002
2015-11-27,31.01,31.40,30.74,30.940001,208700,30.940001
2015-11-25,30.719999,31.950001,30.540001,31.219999,315700,31.219999
2015-11-24,30.93,31.139999,30.379999,30.639999,390500,30.639999
2015-11-23,31.719999,32.040001,30.809999,30.940001,500300,30.940001
2015-11-20,31.00,31.950001,30.99,31.83,766900,31.83
2015-11-19,30.50,30.92,30.129999,30.790001,384600,30.790001
2015-11-18,30.389999,30.620001,29.82,30.50,382700,30.50
2015-11-17,29.360001,30.860001,29.35,30.23,617200,30.23
2015-11-16,29.200001,29.280001,28.57,29.190001,404400,29.190001
2015-11-13,29.110001,29.559999,28.690001,29.280001,275500,29.280001
2015-11-12,29.50,30.00,29.23,29.26,286600,29.26
2015-11-11,29.709999,30.700001,29.50,29.82,494200,29.82
2015-11-10,29.27,29.76,29.209999,29.57,300900,29.57
2015-11-09,30.16,30.35,28.65,29.52,913500,29.52
2015-11-06,29.25,31.27,28.790001,31.23,1107800,31.23
2015-11-05,29.82,29.82,29.139999,29.280001,471300,29.280001
2015-11-04,29.35,29.809999,29.129999,29.809999,653200,29.809999
2015-11-03,29.530001,29.530001,28.67,29.23,532500,29.23
2015-11-02,29.629999,29.77,29.219999,29.58,526900,29.58
2015-10-30,29.74,30.40,29.59,29.77,427000,29.77
2015-10-29,30.68,31.43,29.57,29.639999,1004700,29.639999
2015-10-28,30.00,31.16,28.93,30.969999,1981300,30.969999
2015-10-27,27.469999,28.75,27.389999,27.99,1008900,27.99
2015-10-26,28.280001,28.280001,27.10,27.459999,851100,27.459999
2015-10-23,30.200001,30.33,28.129999,28.32,1292700,28.32
2015-10-22,29.030001,29.959999,28.83,29.940001,661300,29.940001
2015-10-21,30.030001,30.030001,28.50,28.700001,568300,28.700001
2015-10-20,28.450001,28.90,28.209999,28.67,552300,28.67
2015-10-19,28.73,29.18,27.75,28.49,1051500,28.49
2015-10-16,28.129999,29.07,27.50,28.75,935400,28.75
2015-10-15,26.00,28.110001,25.969999,27.879999,1763500,27.879999
2015-10-14,25.52,26.08,25.360001,25.90,431600,25.90
2015-10-13,26.01,26.309999,25.75,25.799999,358100,25.799999
2015-10-12,26.280001,26.459999,25.98,26.16,373700,26.16
2015-10-09,25.83,26.43,25.73,25.889999,246600,25.889999
2015-10-08,25.98,26.09,25.42,25.91,378400,25.91
2015-10-07,25.75,26.26,25.469999,26.00,728100,26.00
2015-10-06,25.209999,25.74,24.389999,25.540001,728200,25.540001
2015-10-05,24.690001,25.42,24.690001,24.99,315400,24.99
2015-10-02,23.139999,24.809999,23.139999,24.540001,438500,24.540001
2015-10-01,23.99,23.99,22.83,23.309999,416200,23.309999
2015-09-30,23.76,24.110001,23.57,24.040001,548
900,24.040001
2015-09-29,22.790001,23.41,22.530001,23.360001,373900,23.360001
2015-09-28,23.530001,23.700001,22.620001,22.82,400500,22.82
2015-09-25,24.41,24.700001,23.299999,23.67,441400,23.67
2015-09-24,24.030001,24.299999,23.620001,24.09,396900,24.09
2015-09-23,23.950001,24.440001,23.84,24.25,395400,24.25
2015-09-22,24.15,24.33,23.799999,23.91,337200,23.91
2015-09-21,24.85,25.16,24.08,24.450001,370000,24.450001
2015-09-18,24.60,24.98,24.26,24.639999,959900,24.639999
2015-09-17,25.43,25.540001,24.540001,24.860001,442000,24.860001
2015-09-16,25.23,25.51,24.75,25.49,409500,25.49
2015-09-15,24.549999,25.219999,24.459999,25.08,484200,25.08
2015-09-14,23.85,24.50,23.799999,24.379999,483700,24.379999
2015-09-11,23.26,23.85,23.219999,23.799999,149200,23.799999
2015-09-10,23.58,23.860001,23.200001,23.32,149900,23.32
2015-09-09,24.27,24.49,23.42,23.51,293200,23.51
2015-09-08,23.27,24.040001,23.27,23.99,302400,23.99
2015-09-04,23.030001,23.42,22.870001,22.99,190700,22.99
2015-09-03,23.059999,23.73,22.809999,23.41,354600,23.41
2015-09-02,23.309999,23.309999,22.530001,22.889999,305000,22.889999
2015-09-01,23.389999,23.870001,22.75,22.959999,299300,22.959999
2015-08-31,23.879999,24.16,23.450001,23.74,245300,23.74
2015-08-28,23.379999,23.940001,23.120001,23.879999,501700,23.879999
2015-08-27,22.82,23.379999,22.48,23.299999,489500,23.299999
2015-08-26,22.629999,22.780001,21.129999,22.42,683200,22.42
2015-08-25,22.50,22.809999,21.98,22.26,592800,22.26
2015-08-24,21.190001,23.459999,20.99,22.219999,634300,22.219999
2015-08-21,21.73,22.85,20.73,22.370001,643000,22.370001
2015-08-20,23.709999,23.82,22.860001,22.879999,343300,22.879999
2015-08-19,24.620001,24.809999,23.74,23.969999,429400,23.969999
2015-08-18,24.969999,25.17,24.26,24.469999,539000,24.469999
2015-08-17,23.49,25.99,23.370001,24.99,1291000,24.99
2015-08-14,22.52,22.620001,22.18,22.58,168000,22.58
2015-08-13,22.870001,23.200001,22.389999,22.51,273000,22.51
2015-08-12,22.129999,23.049999,21.790001,23.00,303200,23.00
2015-08-11,22.73,23.58,22.42,22.540001,318300,22.540001
2015-08-10,22.60,23.17,22.379999,23.040001,335900,23.040001
2015-08-07,21.74,22.52,21.65,22.50,262000,22.50
2015-08-06,22.41,22.41,21.309999,21.879999,278100,21.879999
2015-08-05,22.01,22.790001,21.84,22.18,258600,22.18
2015-08-04,22.66,22.700001,21.719999,21.90,368000,21.90
2015-08-03,22.68,23.059999,22.52,22.66,312300,22.66
2015-07-31,22.620001,23.049999,22.33,22.73,371800,22.73
2015-07-30,22.129999,22.76,21.90,22.59,409900,22.59
2015-07-29,20.75,23.07,20.299999,22.24,1101700,22.24
2015-07-28,21.15,21.370001,20.43,21.15,518200,21.15
2015-07-27,21.780001,21.99,20.91,21.02,484200,21.02
2015-07-24,22.049999,22.049999,21.549999,21.91,437300,21.91
2015-07-23,21.299999,22.49,21.25,22.139999,341300,22.139999
2015-07-22,21.59,21.629999,20.700001,21.25,478200,21.25
2015-07-21,21.559999,22.25,21.51,21.959999,340000,21.959999
2015-07-20,22.110001,22.309999,21.35,21.58,458100,21.58
2015-07-17,22.360001,22.360001,21.780001,22.110001,260500,22.110001
2015-07-16,21.889999,22.49,21.82,22.42,415000,22.42
2015-07-15,22.290001,22.290001,21.66,21.82,216000,21.82
2015-07-14,22.34,22.540001,22.26,22.27,202300,22.27
2015-07-13,22.41,22.50,21.860001,22.40,441100,22.40
2015-07-10,21.629999,22.879999,21.540001,22.360001,535900,22.360001
2015-07-09,21.50,22.15,20.84,20.950001,338900,20.950001
2015-07-08,21.790001,21.98,21.35,21.48,288700,21
.48
2015-07-07,22.66,22.66,21.23,22.15,354000,22.15
2015-07-06,22.690001,23.049999,22.18,22.50,262600,22.50
2015-07-02,22.950001,23.01,22.639999,22.82,191500,22.82
2015-07-01,23.16,23.51,22.57,22.83,329600,22.83
2015-06-30,23.25,23.50,22.66,22.860001,612700,22.860001
2015-06-29,23.50,23.73,23.129999,23.15,382000,23.15
2015-06-26,25.00,25.030001,23.68,23.879999,908900,23.879999
2015-06-25,25.01,25.50,24.67,25.10,457400,25.10
2015-06-24,25.120001,25.129999,23.40,24.84,1349600,24.84
2015-06-23,26.09,27.110001,25.870001,26.09,796700,26.09
2015-06-22,25.74,26.77,25.68,26.09,581100,26.09
2015-06-19,26.360001,26.389999,25.440001,25.559999,865200,25.559999
2015-06-18,25.379999,26.360001,25.32,26.24,446300,26.24
2015-06-17,25.41,25.74,25.24,25.370001,330700,25.370001
2015-06-16,25.40,25.559999,25.16,25.309999,418700,25.309999
2015-06-15,24.879999,25.879999,24.40,25.43,426200,25.43
2015-06-12,24.91,25.25,24.67,25.02,237200,25.02
2015-06-11,24.870001,25.110001,24.83,24.969999,501100,24.969999
2015-06-10,24.559999,25.40,24.559999,25.34,574800,25.34
2015-06-09,24.40,24.549999,23.879999,24.52,268900,24.52
2015-06-08,24.41,24.719999,23.969999,24.27,289400,24.27
2015-06-05,23.950001,24.50,23.83,24.469999,568100,24.469999
2015-06-04,24.549999,24.76,23.92,24.00,424200,24.00
2015-06-03,24.219999,24.90,23.790001,24.75,292500,24.75
2015-06-02,24.629999,24.76,24.049999,24.129999,197300,24.129999
2015-06-01,24.00,24.790001,23.67,24.68,377600,24.68
2015-05-29,24.08,24.25,23.74,23.940001,403200,23.940001
2015-05-28,24.25,24.59,23.93,24.01,372600,24.01
2015-05-27,23.780001,24.42,23.51,24.379999,353000,24.379999
2015-05-26,23.52,23.85,23.25,23.790001,201800,23.790001
2015-05-22,23.52,23.85,23.360001,23.67,181800,23.67
2015-05-21,23.68,23.889999,23.459999,23.66,181700,23.66
2015-05-20,23.66,23.879999,23.309999,23.66,201000,23.66
2015-05-19,23.950001,24.299999,23.469999,23.59,262700,23.59
2015-05-18,23.50,24.190001,23.32,23.959999,460800,23.959999
2015-05-15,23.549999,23.620001,23.17,23.50,318900,23.50
2015-05-14,23.389999,23.90,23.26,23.58,363900,23.58
2015-05-13,23.00,23.540001,22.969999,23.26,549900,23.26
2015-05-12,22.02,23.07,21.809999,22.92,644400,22.92
2015-05-11,21.530001,22.200001,21.27,21.809999,428000,21.809999
2015-05-08,21.73,22.040001,21.190001,21.530001,368300,21.530001
2015-05-07,21.40,21.73,21.139999,21.65,358300,21.65
2015-05-06,20.629999,21.52,20.469999,21.48,722300,21.48
2015-05-05,20.98,21.00,20.030001,20.309999,562900,20.309999
2015-05-04,20.99,21.299999,20.200001,21.129999,765400,21.129999
2015-05-01,21.57,21.809999,20.889999,21.09,463800,21.09
2015-04-30,20.75,21.549999,19.90,21.450001,1199700,21.450001
2015-04-29,18.92,20.85,18.469999,20.799999,1692400,20.799999
2015-04-28,18.27,18.459999,17.83,18.42,655700,18.42
2015-04-27,18.950001,18.950001,18.07,18.34,640300,18.34
2015-04-24,19.27,19.35,18.459999,18.67,468900,18.67
2015-04-23,19.07,19.219999,18.639999,19.200001,263400,19.200001
2015-04-22,18.98,19.200001,18.68,19.18,220200,19.18
2015-04-21,18.940001,18.99,18.709999,18.93,195900,18.93
2015-04-20,19.25,19.34,18.51,18.809999,255400,18.809999
2015-04-17,19.790001,19.790001,18.719999,19.26,600500,19.26
2015-04-16,19.280001,19.99,19.280001,19.90,486900,19.90
2015-04-15,18.73,19.42,18.51,19.280001,478800,19.280001
2015-04-14,18.559999,18.68,18.16,18.59,337600,18.59
2015-04-13,18.
379999,18.77,18.25,18.57,381300,18.57
2015-04-10,18.49,18.57,18.25,18.309999,182800,18.309999
2015-04-09,18.40,18.51,18.08,18.450001,170400,18.450001
2015-04-08,18.469999,18.610001,18.16,18.49,277500,18.49
2015-04-07,18.219999,18.799999,18.190001,18.450001,452500,18.450001
2015-04-06,17.42,18.35,17.309999,17.860001,362600,17.860001
2015-04-02,17.809999,17.940001,17.360001,17.59,279100,17.59
2015-04-01,17.76,17.93,17.27,17.77,302100,17.77
2015-03-31,18.10,18.200001,17.76,17.83,393900,17.83
2015-03-30,18.459999,18.629999,17.92,18.219999,657500,18.219999
2015-03-27,18.09,18.48,17.75,18.43,433300,18.43
2015-03-26,17.950001,18.25,17.549999,18.16,414200,18.16
2015-03-25,18.83,19.00,18.01,18.15,763700,18.15
2015-03-24,18.85,19.25,18.690001,18.85,407500,18.85
2015-03-23,19.00,19.08,18.68,19.08,347900,19.08
2015-03-20,18.77,19.10,18.75,19.07,790000,19.07
2015-03-19,18.719999,18.780001,18.51,18.75,305500,18.75
2015-03-18,18.200001,18.76,17.969999,18.700001,610300,18.700001
2015-03-17,17.370001,18.01,17.25,18.00,289100,18.00
2015-03-16,17.68,17.90,17.190001,17.49,353000,17.49
2015-03-13,17.50,17.74,17.440001,17.629999,179700,17.629999
2015-03-12,17.559999,17.809999,17.40,17.50,266100,17.50
2015-03-11,17.50,17.690001,17.049999,17.66,416500,17.66
2015-03-10,17.860001,17.950001,17.360001,17.450001,294400,17.450001
2015-03-09,18.66,18.66,17.809999,17.98,650000,17.98
2015-03-06,18.73,19.10,18.530001,18.67,341700,18.67
2015-03-05,19.00,19.129999,18.719999,18.879999,231800,18.879999
2015-03-04,19.18,19.24,18.799999,19.01,374900,19.01
2015-03-03,19.790001,19.84,19.01,19.299999,453900,19.299999
2015-03-02,18.700001,19.950001,18.700001,19.879999,721000,19.879999
2015-02-27,18.66,18.93,18.57,18.639999,395000,18.639999
2015-02-26,18.75,18.950001,18.559999,18.620001,510500,18.620001
2015-02-25,18.209999,18.780001,18.07,18.60,733400,18.60
2015-02-24,18.309999,18.610001,18.129999,18.450001,436900,18.450001
2015-02-23,18.49,18.540001,18.129999,18.35,351000,18.35
2015-02-20,18.610001,18.610001,18.209999,18.549999,450600,18.549999
2015-02-19,18.75,18.98,18.459999,18.610001,318900,18.610001
2015-02-18,18.860001,18.90,18.370001,18.65,388400,18.65
2015-02-17,19.129999,19.34,18.32,19.00,741400,19.00
2015-02-13,20.50,20.99,19.10,19.17,1149200,19.17
2015-02-12,20.52,20.83,19.92,20.65,565000,20.65
2015-02-11,20.209999,20.790001,19.92,20.40,912700,20.40
2015-02-10,18.00,20.74,17.25,20.110001,1993800,20.110001
2015-02-09,18.34,18.77,18.059999,18.469999,387800,18.469999
2015-02-06,19.09,19.10,18.41,18.50,338600,18.50
2015-02-05,18.860001,19.00,18.370001,18.799999,339400,18.799999
2015-02-04,18.639999,18.93,18.559999,18.799999,361900,18.799999
2015-02-03,19.50,19.98,18.129999,18.73,735300,18.73
2015-02-02,19.629999,19.66,18.75,19.469999,339300,19.469999
2015-01-30,19.959999,20.33,19.540001,19.60,245600,19.60
2015-01-29,20.25,20.389999,19.40,20.16,267500,20.16
2015-01-28,20.90,21.00,20.049999,20.129999,274700,20.129999
2015-01-27,20.629999,20.870001,20.370001,20.76,310700,20.76
2015-01-26,20.52,21.33,20.18,20.870001,821400,20.870001
2015-01-23,18.950001,20.65,18.68,20.50,1094400,20.50
2015-01-22,19.040001,19.17,18.370001,18.940001,672600,18.940001
2015-01-21,18.49,19.209999,18.379999,19.00,765600,19.00
2015-01-20,18.43,18.73,18.25,18.450001,269200,18.450001
2015-01-16,18.110001,18.58,18.110001,18.41,279600,18.41
2015-01-15,18.59,18.65,18.049999,18.10,284100,18.10
2015-01-14,18.76,19.00,18.34,18.48,289600,18.48
2015-01-13,19.08,19.450001,18.559999,18.
809999,794700,18.809999
2015-01-12,18.559999,19.139999,18.549999,18.77,483300,18.77
2015-01-09,18.25,18.98,18.18,18.57,439800,18.57
2015-01-08,18.16,18.629999,18.059999,18.219999,374800,18.219999
2015-01-07,18.049999,18.50,17.809999,18.00,377800,18.00
2015-01-06,19.35,19.35,17.370001,17.91,818700,17.91
2015-01-05,17.719999,19.700001,17.66,19.34,1228500,19.34
2015-01-02,18.48,18.49,17.209999,17.74,657700,17.74
2014-12-31,18.10,19.139999,18.10,18.48,976200,18.48
2014-12-30,16.09,18.110001,16.08,18.049999,1502400,18.049999
2014-12-29,16.00,16.85,16.00,16.09,1854000,16.09
2014-12-26,15.53,15.64,15.46,15.52,122900,15.52
2014-12-24,15.59,15.59,15.42,15.51,110400,15.51
2014-12-23,15.72,15.82,15.49,15.52,166300,15.52
2014-12-22,15.17,15.93,15.17,15.72,330400,15.72
2014-12-19,15.06,15.28,14.85,15.12,523700,15.12
2014-12-18,15.06,15.10,14.85,15.06,227600,15.06
2014-12-17,14.69,14.90,14.48,14.88,272700,14.88
2014-12-16,14.47,14.95,14.28,14.60,299700,14.60
2014-12-15,14.60,14.96,14.29,14.50,261900,14.50
2014-12-12,14.36,14.63,14.27,14.53,232300,14.53
2014-12-11,14.44,14.90,14.44,14.60,308800,14.60
2014-12-10,14.62,14.75,14.27,14.37,215200,14.37
2014-12-09,14.12,14.66,14.01,14.62,191900,14.62
2014-12-08,14.52,14.75,14.34,14.36,229000,14.36
2014-12-05,14.39,14.61,14.31,14.61,312900,14.61
2014-12-04,14.50,14.59,14.29,14.39,276400,14.39
2014-12-03,14.54,14.79,14.53,14.58,247200,14.58
2014-12-02,14.49,14.75,14.48,14.64,305600,14.64
2014-12-01,14.68,14.80,14.43,14.48,364300,14.48
2014-11-28,14.80,14.86,14.65,14.69,134000,14.69
2014-11-26,14.32,14.88,14.19,14.83,357900,14.83
2014-11-25,14.46,14.51,14.15,14.32,563300,14.32
2014-11-24,14.83,14.97,14.44,14.57,174900,14.57
2014-11-21,15.02,15.02,14.71,14.81,236400,14.81
2014-11-20,14.31,14.89,14.31,14.77,132200,14.77
2014-11-19,14.54,14.57,14.20,14.44,173100,14.44
2014-11-18,13.72,14.68,13.72,14.61,275400,14.61
2014-11-17,13.69,13.83,13.19,13.62,388300,13.62
2014-11-14,13.95,14.07,13.57,13.76,334600,13.76
2014-11-13,14.49,14.60,13.93,13.98,169600,13.98
2014-11-12,14.54,14.69,14.42,14.53,157600,14.53
2014-11-11,14.61,14.75,14.59,14.66,115500,14.66
2014-11-10,14.95,15.02,14.57,14.59,219200,14.59
2014-11-07,15.18,15.21,14.99,15.03,106200,15.03
2014-11-06,15.30,15.42,15.01,15.14,174700,15.14
2014-11-05,15.64,15.64,15.20,15.34,262800,15.34
2014-11-04,15.40,15.62,15.34,15.51,166100,15.51
2014-11-03,15.47,15.61,15.35,15.53,228200,15.53
2014-10-31,15.72,16.15,15.43,15.48,389800,15.48
2014-10-30,15.20,15.45,14.70,15.40,487400,15.40
2014-10-29,15.10,15.89,14.44,15.20,1044200,15.20
2014-10-28,14.11,14.74,14.01,14.46,444500,14.46
2014-10-27,14.15,14.23,13.92,14.06,208300,14.06
2014-10-24,14.24,14.36,14.11,14.22,148400,14.22
2014-10-23,13.91,14.37,13.76,14.17,203200,14.17
2014-10-22,13.71,13.91,13.56,13.73,199100,13.73
2014-10-21,13.35,13.66,13.20,13.63,214100,13.63
2014-10-20,13.11,13.42,13.07,13.24,157900,13.24
2014-10-17,13.47,13.63,13.20,13.21,139800,13.21
2014-10-16,12.72,13.40,12.46,13.27,251300,13.27
2014-10-15,12.49,12.93,12.42,12.92,346700,12.92
2014-10-14,12.96,12.99,12.41,12.74,335300,12.74
2014-10-13,13.17,13.30,12.69,12.72,230100,12.72
2014-10-10,14.32,14.4
4,12.78,13.19,460400,13.19
2014-10-09,14.84,14.93,14.32,14.43,210900,14.43
2014-10-08,14.61,14.85,14.23,14.82,236800,14.82
2014-10-07,14.46,14.69,14.27,14.40,150500,14.40
2014-10-06,14.73,14.87,14.43,14.61,316900,14.61
2014-10-03,14.60,14.95,14.50,14.78,244300,14.78
2014-10-02,14.25,14.52,14.03,14.42,103400,14.42
2014-10-01,14.38,14.51,14.19,14.22,183200,14.22
2014-09-30,14.04,14.66,13.92,14.38,308400,14.38
2014-09-29,13.81,14.12,13.69,14.02,139200,14.02
2014-09-26,13.94,14.18,13.87,14.00,133600,14.00
2014-09-25,14.34,14.38,13.75,13.88,549400,13.88
2014-09-24,14.41,14.60,14.35,14.57,101300,14.57
2014-09-23,14.45,14.58,14.33,14.39,99000,14.39
2014-09-22,14.63,14.68,14.50,14.52,214900,14.52
2014-09-19,15.04,15.06,14.51,14.70,347400,14.70
2014-09-18,15.10,15.27,14.91,15.05,122700,15.05
2014-09-17,14.70,15.29,14.68,15.08,321200,15.08
2014-09-16,14.77,14.81,14.56,14.69,77300,14.69
2014-09-15,15.04,15.09,14.65,14.76,161700,14.76
2014-09-12,15.07,15.18,14.94,15.00,115900,15.00
2014-09-11,14.65,15.06,14.64,15.02,156900,15.02
2014-09-10,14.78,14.82,14.55,14.78,132700,14.78
2014-09-09,14.89,15.00,14.67,14.74,104800,14.74
2014-09-08,14.85,15.15,14.80,14.96,86700,14.96
2014-09-05,15.04,15.08,14.85,14.88,101400,14.88
2014-09-04,15.26,15.37,15.04,15.12,99900,15.12
2014-09-03,15.36,15.44,15.05,15.18,249800,15.18
2014-09-02,15.25,15.46,14.90,15.26,398600,15.26
2014-08-29,15.08,15.12,14.94,15.05,151200,15.05
2014-08-28,14.63,15.05,14.63,15.03,208800,15.03
2014-08-27,14.87,14.98,14.60,14.68,124200,14.68
2014-08-26,14.80,14.91,14.70,14.80,103700,14.80
2014-08-25,15.05,15.05,14.35,14.76,248100,14.76
2014-08-22,14.97,15.04,14.80,15.00,108100,15.00
2014-08-21,15.03,15.10,14.89,15.02,170900,15.02
2014-08-20,14.93,15.08,14.90,15.03,200300,15.03
2014-08-19,15.08,15.15,14.95,15.06,611200,15.06
2014-08-18,14.99,15.11,14.83,15.04,86200,15.04
2014-08-15,15.00,15.31,14.61,14.85,161400,14.85
2014-08-14,14.67,14.91,14.60,14.83,142200,14.83
2014-08-13,14.51,14.69,14.46,14.57,113600,14.57
2014-08-12,14.54,14.64,14.29,14.41,81700,14.41
2014-08-11,14.46,14.66,14.33,14.64,192900,14.64
2014-08-08,14.58,14.67,14.47,14.47,163900,14.47
2014-08-07,14.96,15.04,14.51,14.57,123300,14.57
2014-08-06,14.91,15.09,14.85,14.91,162000,14.91
2014-08-05,14.87,15.07,14.77,15.05,176400,15.05
2014-08-04,15.19,15.26,14.70,15.02,262400,15.02
2014-08-01,15.30,15.36,14.82,15.07,346600,15.07
2014-07-31,15.92,16.049999,15.25,15.26,410700,15.26
2014-07-30,13.86,17.17,13.84,15.87,1354200,15.87
2014-07-29,12.70,12.96,12.57,12.79,219900,12.79
2014-07-28,13.09,13.11,12.64,12.65,183700,12.65
2014-07-25,13.21,13.26,12.90,13.10,156300,13.10
2014-07-24,13.85,13.91,13.35,13.37,119200,13.37
2014-07-23,14.26,14.38,13.73,13.75,207500,13.75
2014-07-22,14.13,14.31,13.99,14.30,107700,14.30
2014-07-21,14.18,14.32,13.98,14.00,69400,14.00
2014-07-18,13.97,14.35,13.97,14.23,109400,14.23
2014-07-17,14.13,14.25,13.92,13.99,134100,13.99
2014-07-16,13.94,14.39,13.92,14.28,283700,14.28
2014-07-15,14.06,14.13,13.62,13.81,150500,13.81
2014-07-14,13.98,14.22,13.85,14.02,89700,14.02
2014-07-11,13.85,13.96,13.75,13.81,147900,13.81
2014-07-10,14.01,14.02,13.80,13.90,240700,13.90
2014-07-09,14.19,14.34,14.03,14.28,75400,14.28
2014-07-08,14.35,14.36,13.95,14.18,140200,14.18
2014-07-07,14.97,14.97,14.39,14.42,124700,14.42
2014-07-03,14.78,15.05,14.67,15.00,59600,15.00
2014-07-02,14.67,14.98,14.67,14.68,116500,14.68
2014-07-01,14.77,14.
90,14.66,14.72,130300,14.72
2014-06-30,14.55,14.81,14.40,14.68,105600,14.68
2014-06-27,14.59,14.85,14.46,14.50,601100,14.50
2014-06-26,14.91,14.91,14.51,14.67,73000,14.67
2014-06-25,14.68,14.93,14.41,14.86,102000,14.86
2014-06-24,15.27,15.27,14.55,14.72,228100,14.72
2014-06-23,15.49,15.49,15.08,15.21,139700,15.21
2014-06-20,15.33,15.50,15.10,15.42,176300,15.42
2014-06-19,15.52,15.60,15.16,15.26,95600,15.26
2014-06-18,15.52,15.59,15.31,15.42,135000,15.42
2014-06-17,15.43,15.70,15.40,15.57,209000,15.57
2014-06-16,15.07,15.59,15.05,15.42,154900,15.42
2014-06-13,15.15,15.24,14.94,15.10,89500,15.10
2014-06-12,15.31,15.46,14.92,15.03,132900,15.03
2014-06-11,15.11,15.40,15.00,15.29,144100,15.29
2014-06-10,15.07,15.20,15.02,15.10,156700,15.10
2014-06-09,15.29,15.60,15.03,15.08,295500,15.08
2014-06-06,15.22,15.24,15.04,15.19,140600,15.19
2014-06-05,15.19,15.43,15.01,15.20,185100,15.20
2014-06-04,14.90,15.14,14.79,15.12,132400,15.12
2014-06-03,14.88,15.02,14.76,14.97,180600,14.97
2014-06-02,15.16,15.16,14.70,14.93,141800,14.93
2014-05-30,15.08,15.09,14.86,15.06,104000,15.06
2014-05-29,15.23,15.26,15.01,15.02,118000,15.02
2014-05-28,15.52,15.52,15.20,15.22,101100,15.22
2014-05-27,15.31,15.83,15.31,15.50,248700,15.50
2014-05-23,14.76,15.22,14.75,15.16,414400,15.16
2014-05-22,14.68,14.85,14.53,14.79,159600,14.79
2014-05-21,14.89,15.00,14.51,14.71,126500,14.71
2014-05-20,15.00,15.00,14.60,14.86,211900,14.86
2014-05-19,14.67,15.27,14.63,15.03,352800,15.03
2014-05-16,14.45,14.72,14.30,14.71,173200,14.71
2014-05-15,14.41,14.57,13.97,14.49,191800,14.49
2014-05-14,14.60,14.77,14.31,14.42,185500,14.42
2014-05-13,15.07,15.24,14.55,14.67,208000,14.67
2014-05-12,14.33,15.15,14.25,15.10,360200,15.10
2014-05-09,14.16,14.38,14.01,14.32,135900,14.32
2014-05-08,14.42,14.84,14.07,14.27,228800,14.27
2014-05-07,14.67,14.67,14.01,14.53,228800,14.53
2014-05-06,14.96,14.98,14.54,14.68,251100,14.68
2014-05-05,14.93,15.10,14.73,14.99,163900,14.99
2014-05-02,15.11,15.20,14.86,15.01,232800,15.01
2014-05-01,14.76,15.27,14.62,15.09,388400,15.09
2014-04-30,14.05,15.00,13.49,14.79,816800,14.79
2014-04-29,14.56,14.58,14.07,14.34,252600,14.34
2014-04-28,14.58,14.96,14.05,14.43,170400,14.43
2014-04-25,15.10,15.26,14.48,14.57,155300,14.57
2014-04-24,15.57,15.57,15.11,15.21,81700,15.21
2014-04-23,15.26,15.58,14.95,15.42,136100,15.42
2014-04-22,14.97,15.59,14.95,15.36,136900,15.36
2014-04-21,15.00,15.16,14.74,14.95,95700,14.95
2014-04-17,14.60,15.04,14.50,14.90,111100,14.90
2014-04-16,14.88,14.88,14.49,14.59,77300,14.59
2014-04-15,14.78,15.00,14.47,14.83,159900,14.83
2014-04-14,14.64,14.85,14.45,14.73,211800,14.73
2014-04-11,15.45,15.45,14.44,14.46,222900,14.46
2014-04-10,15.85,15.92,15.22,15.45,180900,15.45
2014-04-09,16.00,16.00,15.79,15.90,162600,15.90
2014-04-08,15.75,15.99,15.61,15.89,305700,15.89
2014-04-07,15.82,15.92,15.28,15.69,263100,15.69
2014-04-04,16.10,16.10,15.14,15.40,224600,15.40
2014-04-03,15.94,16.10,15.71,15.93,221800,15.93
2014-04-02,16.18,16.200001,15.86,15.93,202300,15.93
2014-04-01,16.18,16.35,15.95,16.120001,233700,16.120001
2014-03-31,15.44,16.120001,15.44,16.09,293300,16.09
2014-03-28,15.67,15.91,15.39,15.40,209600,15.40
2014-03-27,15.91,15.91,15.45,15.68,197400,15.68
2014-03-26,16.41,16.48,15.66,15.84,345100,15.84
2014-03-25,16.360001,16.559999,16.15,16.379999,438500,16.379999
2014-03-24,15.77,16.309999,15.53,16.23,240700,16.23
2014-03-21,16.02,16.02,15.75,15.79,559000,15.79
2014-03-20,16.25
,16.309999,15.97,15.98,682800,15.98
2014-03-19,15.56,15.59,15.33,15.57,143400,15.57
2014-03-18,15.60,15.75,15.58,15.62,131700,15.62
2014-03-17,15.70,15.95,15.52,15.60,125600,15.60
2014-03-14,15.31,15.59,15.25,15.56,157600,15.56
2014-03-13,15.95,15.95,15.24,15.36,144000,15.36
2014-03-12,15.53,15.97,15.43,15.92,306000,15.92
2014-03-11,15.61,15.72,15.30,15.62,387700,15.62
2014-03-10,15.44,16.09,15.41,15.64,448200,15.64
2014-03-07,15.31,15.58,15.15,15.48,330300,15.48
2014-03-06,14.63,15.22,14.51,15.17,583300,15.17
2014-03-05,13.61,14.18,13.61,14.11,260100,14.11
2014-03-04,13.42,13.89,13.40,13.59,245200,13.59
2014-03-03,13.00,13.22,12.87,13.20,119400,13.20
2014-02-28,13.38,13.50,13.11,13.15,180800,13.15
2014-02-27,13.00,13.42,12.94,13.34,122500,13.34
2014-02-26,12.85,13.05,12.83,13.00,205900,13.00
2014-02-25,13.07,13.11,12.86,12.87,206500,12.87
2014-02-24,13.14,13.42,13.07,13.18,129500,13.18
2014-02-21,13.10,13.20,12.98,13.04,107200,13.04
2014-02-20,12.91,13.12,12.86,13.07,134700,13.07
2014-02-19,12.85,13.17,12.84,12.89,121500,12.89
2014-02-18,12.64,13.00,12.60,12.95,165900,12.95
2014-02-14,12.71,12.72,12.51,12.62,104600,12.62
2014-02-13,12.10,12.73,12.10,12.71,161500,12.71
2014-02-12,12.21,12.32,12.16,12.21,222500,12.21
2014-02-11,12.23,12.45,12.16,12.22,124300,12.22
2014-02-10,11.94,12.36,11.89,12.27,250800,12.27
2014-02-07,12.14,12.15,11.86,12.00,276000,12.00
2014-02-06,12.08,12.26,11.99,12.15,397600,12.15
2014-02-05,12.09,12.33,11.74,12.04,359800,12.04
2014-02-04,12.61,13.90,12.14,12.17,1483800,12.17
2014-02-03,11.49,11.49,10.87,11.47,330800,11.47
2014-01-31,11.30,11.65,11.30,11.48,154700,11.48
2014-01-30,11.38,11.87,11.38,11.48,229900,11.48
2014-01-29,11.59,11.59,11.23,11.34,168000,11.34
2014-01-28,11.68,11.77,11.34,11.72,184700,11.72
2014-01-27,11.95,11.95,11.56,11.71,139300,11.71
2014-01-24,12.02,12.03,11.81,11.91,283500,11.91
2014-01-23,12.05,12.18,11.61,12.13,819800,12.13
2014-01-22,12.89,12.98,12.80,12.84,93100,12.84
2014-01-21,13.00,13.00,12.67,12.93,88100,12.93
2014-01-17,12.98,13.07,12.95,12.96,111600,12.96
2014-01-16,12.93,13.05,12.88,13.01,84100,13.01
2014-01-15,12.54,13.08,12.54,12.99,83200,12.99
2014-01-14,12.63,12.65,12.27,12.48,94400,12.48
2014-01-13,12.50,12.61,12.33,12.54,118400,12.54
2014-01-10,12.67,12.81,12.49,12.55,125900,12.55
2014-01-09,12.83,13.09,12.49,12.64,94900,12.64
2014-01-08,12.81,12.87,12.61,12.77,46600,12.77
2014-01-07,12.70,12.93,12.60,12.79,46600,12.79
2014-01-06,12.86,12.86,12.61,12.65,47300,12.65
2014-01-03,13.01,13.04,12.63,12.79,124600,12.79
2014-01-02,12.82,13.06,12.43,13.02,257700,13.02
2013-12-31,12.36,13.03,12.36,12.90,130300,12.90
2013-12-30,12.34,12.59,12.34,12.37,79000,12.37
2013-12-27,12.49,12.49,12.32,12.40,58200,12.40
2013-12-26,12.38,12.62,12.28,12.41,107500,12.41
2013-12-24,12.34,12.52,12.30,12.35,29100,12.35
2013-12-23,12.25,12.49,12.21,12.32,79500,12.32
2013-12-20,12.05,12.69,12.00,12.16,353900,12.16
2013-12-19,11.50,12.06,11.48,12.04,161000,12.04
2013-12-18,11.19,11.60,11.19,11.54,149600,11.54
2013-12-17,11.43,11.43,10.88,11.17,225100,11.17
2013-12-16,11.17,11.49,11.09,11.43,104100,11.43
2013-12-13,11.53,11.63,11.11,11.15,104900,11.15
2013-12-12,11.74,11.74,11.45,11.47,490
00,11.47
2013-12-11,11.95,12.09,11.60,11.76,154300,11.76
2013-12-10,12.04,12.15,11.81,11.88,69900,11.88
2013-12-09,12.05,12.13,11.95,12.05,117200,12.05
2013-12-06,11.98,12.23,11.76,12.06,289100,12.06
2013-12-05,11.40,11.69,11.40,11.65,139300,11.65
2013-12-04,11.72,12.11,11.37,11.42,192900,11.42
2013-12-03,11.73,11.98,11.57,11.80,155000,11.80
2013-12-02,12.47,12.52,11.75,11.78,81700,11.78
2013-11-29,12.51,12.60,12.44,12.50,33800,12.50
2013-11-27,12.27,12.49,12.16,12.41,103300,12.41
2013-11-26,12.45,12.56,12.24,12.27,104800,12.27
2013-11-25,12.43,12.49,12.17,12.49,69900,12.49
2013-11-22,12.40,12.50,12.32,12.43,54800,12.43
2013-11-21,12.14,12.46,12.10,12.43,84800,12.43
2013-11-20,12.56,12.56,12.03,12.11,98200,12.11
2013-11-19,12.77,12.84,12.45,12.53,47200,12.53
2013-11-18,12.96,13.12,12.74,12.80,110300,12.80
2013-11-15,13.10,13.10,12.80,12.93,552100,12.93
2013-11-14,13.57,13.57,13.00,13.11,117100,13.11
2013-11-13,13.71,13.77,13.37,13.62,130000,13.62
2013-11-12,13.41,13.86,13.38,13.75,110200,13.75
2013-11-11,13.68,13.68,13.31,13.45,62900,13.45
2013-11-08,13.37,13.75,13.23,13.71,69500,13.71
2013-11-07,14.20,14.20,13.32,13.33,102100,13.33
2013-11-06,14.29,14.30,14.00,14.13,50300,14.13
2013-11-05,14.00,14.38,14.00,14.22,88400,14.22
2013-11-04,14.31,14.36,14.03,14.17,168600,14.17
2013-11-01,14.61,14.82,14.07,14.30,188700,14.30
2013-10-31,13.97,14.88,13.92,14.74,289700,14.74
2013-10-30,13.59,14.68,13.59,13.90,645600,13.90
2013-10-29,13.03,13.53,12.89,13.41,203700,13.41
2013-10-28,13.00,13.05,12.88,13.01,84100,13.01
2013-10-25,12.97,13.24,12.87,12.97,132500,12.97
2013-10-24,12.97,13.10,12.78,12.97,145500,12.97
2013-10-23,13.26,13.26,12.78,12.95,159000,12.95
2013-10-22,13.47,13.55,13.32,13.39,66200,13.39
2013-10-21,13.52,13.58,13.37,13.40,83400,13.40
2013-10-18,13.54,13.61,13.45,13.52,181900,13.52
2013-10-17,13.34,13.55,13.23,13.40,140100,13.40
2013-10-16,13.15,13.60,13.15,13.45,127500,13.45
2013-10-15,13.20,13.39,12.93,13.04,99500,13.04
2013-10-14,13.29,13.44,13.19,13.27,78400,13.27
2013-10-11,13.04,13.45,13.04,13.40,68700,13.40
2013-10-10,12.96,13.17,12.87,13.13,113400,13.13
2013-10-09,12.80,12.85,12.57,12.77,94300,12.77
2013-10-08,13.17,13.20,12.74,12.76,163000,12.76
2013-10-07,13.08,13.37,13.02,13.13,93900,13.13
2013-10-04,13.19,13.49,13.15,13.21,139800,13.21
2013-10-03,13.62,13.75,13.17,13.22,96300,13.22
2013-10-02,13.44,13.75,13.36,13.67,170200,13.67
2013-10-01,13.42,13.75,13.42,13.46,142300,13.46
2013-09-30,13.23,13.50,13.18,13.43,132900,13.43
2013-09-27,13.20,13.48,13.20,13.36,80000,13.36
2013-09-26,13.30,13.45,13.04,13.33,149600,13.33
2013-09-25,13.51,13.56,13.25,13.27,93100,13.27
2013-09-24,13.51,13.63,13.22,13.53,122600,13.53
2013-09-23,13.53,13.56,13.27,13.54,165900,13.54
2013-09-20,13.57,13.65,13.44,13.54,255100,13.54
2013-09-19,13.47,13.64,13.24,13.56,132900,13.56
2013-09-18,13.36,13.60,13.19,13.43,183900,13.43
2013-09-17,13.26,13.45,12.94,13.37,277400,13.37
2013-09-16,12.80,13.85,12.66,13.25,837000,13.25
2013-09-13,12.72,12.72,12.44,12.65,243100,12.65
2013-09-12,12.93,13.00,12.57,12.70,259000,12.70
2013-09-11,12.92,13.01,12.82,13.00,168200,13.00
2013-09-10,13.25,13.25,12.90,12.98,143500,12.98
2013-09-09,13.00,13.23,12.89,13.22,182500,13.22
2013-09-06,13.30,13.31,12.78,12.90,187300,12.90
2013-09-05,13.28,13.50,13.14,13.26,278600,13.26
2013-09-04,12.96,13.25,12.80,13.23,418200,13.23
2013-09-03,12.87,13.01,12.62,12.84,433100,12.84
2013-08-30,12.78,12.81,12.67,12.72,28
7500,12.72
2013-08-29,12.55,12.90,12.50,12.84,272000,12.84
2013-08-28,12.33,12.61,12.33,12.53,346800,12.53
2013-08-27,12.38,12.39,12.20,12.35,330400,12.35
2013-08-26,12.29,12.50,12.12,12.44,290300,12.44
2013-08-23,12.01,12.31,11.98,12.29,210400,12.29
2013-08-22,11.91,12.03,11.88,12.00,184100,12.00
2013-08-21,11.84,12.04,11.83,11.90,208900,11.90
2013-08-20,11.79,12.00,11.78,11.93,94100,11.93
2013-08-19,11.72,11.88,11.71,11.78,110400,11.78
2013-08-16,11.77,11.91,11.71,11.75,306800,11.75
2013-08-15,11.98,11.99,11.75,11.85,239700,11.85
2013-08-14,11.87,12.00,11.83,11.98,175000,11.98
2013-08-13,11.89,12.00,11.70,11.89,172800,11.89
2013-08-12,11.54,11.90,11.38,11.90,236900,11.90
2013-08-09,11.74,11.82,11.59,11.70,101600,11.70
2013-08-08,11.67,11.82,11.61,11.76,133100,11.76
2013-08-07,11.74,11.85,11.41,11.64,215800,11.64
2013-08-06,11.74,11.88,11.68,11.84,128600,11.84
2013-08-05,11.45,11.82,11.10,11.82,291700,11.82
2013-08-02,11.60,11.85,11.26,11.51,579600,11.51
2013-08-01,11.75,11.78,11.55,11.61,100900,11.61
2013-07-31,11.43,11.69,11.33,11.66,66600,11.66
2013-07-30,11.46,11.46,11.19,11.35,121500,11.35
2013-07-29,11.39,11.49,11.24,11.40,96500,11.40
2013-07-26,11.40,11.50,11.26,11.46,85100,11.46
2013-07-25,11.45,11.73,11.44,11.56,88800,11.56
2013-07-24,11.62,11.71,11.41,11.43,82100,11.43
2013-07-23,11.37,11.64,11.27,11.56,162100,11.56
2013-07-22,11.27,11.46,11.27,11.31,80800,11.31
2013-07-19,11.39,11.49,11.25,11.28,108900,11.28
2013-07-18,11.67,11.67,11.38,11.41,289700,11.41
2013-07-17,11.08,11.67,11.02,11.60,881900,11.60
2013-07-16,11.20,11.20,10.99,11.08,120500,11.08
2013-07-15,10.93,11.33,10.84,11.16,111800,11.16
2013-07-12,11.08,11.09,10.82,10.89,69700,10.89
2013-07-11,10.88,11.15,10.59,11.05,230800,11.05
2013-07-10,11.16,11.33,11.08,11.20,123300,11.20
2013-07-09,11.43,11.55,11.13,11.19,222700,11.19
2013-07-08,11.52,11.58,11.25,11.44,152200,11.44
2013-07-05,11.18,11.52,11.09,11.50,100200,11.50
2013-07-03,11.09,11.10,10.90,11.00,29300,11.00
2013-07-02,11.07,11.22,10.92,11.07,79500,11.07
2013-07-01,11.05,11.28,10.84,11.07,98600,11.07
2013-06-28,10.80,11.09,10.66,11.00,355300,11.00
2013-06-27,10.71,10.90,10.71,10.81,167500,10.81
2013-06-26,10.85,10.94,10.57,10.70,120100,10.70
2013-06-25,10.63,10.74,10.57,10.69,109800,10.69
2013-06-24,10.68,10.82,10.50,10.54,178700,10.54
2013-06-21,10.57,10.86,10.25,10.82,205800,10.82
2013-06-20,11.02,11.16,10.47,10.58,247600,10.58
2013-06-19,11.42,11.53,11.22,11.24,91700,11.24
2013-06-18,11.11,11.49,11.10,11.41,115300,11.41
2013-06-17,11.01,11.19,10.91,11.05,361500,11.05
2013-06-14,10.87,10.98,10.65,10.84,246300,10.84
2013-06-13,10.66,10.90,10.43,10.87,114200,10.87
2013-06-12,10.72,10.91,10.47,10.63,175300,10.63
2013-06-11,10.59,10.83,10.49,10.63,214000,10.63
2013-06-10,10.78,11.03,10.69,10.92,154500,10.92
2013-06-07,10.71,10.80,10.49,10.72,171000,10.72
2013-06-06,10.53,11.00,10.53,10.61,202000,10.61
2013-06-05,10.55,10.78,10.08,10.57,125700,10.57
2013-06-04,10.59,11.05,10.40,10.60,112900,10.60
2013-06-03,10.28,10.68,10.17,10.60,155900,10.60
2013-05-31,10.40,10.40,10.21,10.21,82400,10.21
2013-05-30,10.31,10.65,10.19,10.50,52800,10.50
2013-05-29,10.50,10.61,10.24,10.30,68800,10.30
2013-05-28,10.38,10.65,10.30,10.56,74400,10.56
2013-05-24,10.21,10.38,10.06,10.20,110200,10.20
2013-05-23,10.15,10.33,10.11,10.28,33800,10.
28
2013-05-22,10.40,10.89,10.26,10.32,130700,10.32
2013-05-21,10.65,10.65,10.38,10.42,48000,10.42
2013-05-20,10.72,10.78,10.55,10.63,66500,10.63
2013-05-17,10.80,10.84,10.70,10.77,87200,10.77
2013-05-16,10.71,10.80,10.57,10.75,75000,10.75
2013-05-15,10.43,10.76,10.41,10.71,86600,10.71
2013-05-14,10.40,10.54,10.21,10.49,107200,10.49
2013-05-13,10.27,10.41,10.16,10.27,45800,10.27
2013-05-10,10.42,10.43,10.22,10.38,79600,10.38
2013-05-09,10.55,10.55,10.27,10.37,71200,10.37
2013-05-08,10.71,10.81,10.52,10.63,71000,10.63
2013-05-07,10.86,10.86,10.53,10.78,127100,10.78
2013-05-06,10.85,11.02,10.75,10.87,171800,10.87
2013-05-03,10.73,10.94,10.56,10.74,258200,10.74
2013-05-02,10.01,10.87,9.60,10.44,616900,10.44
2013-05-01,9.35,9.39,8.89,9.20,271200,9.20
2013-04-30,9.16,9.50,9.15,9.41,205300,9.41
2013-04-29,9.23,9.35,9.09,9.10,118800,9.10
2013-04-26,9.47,9.61,9.15,9.15,50500,9.15
2013-04-25,9.29,9.71,9.25,9.54,85300,9.54
2013-04-24,9.37,9.40,9.17,9.26,100300,9.26
2013-04-23,9.10,9.39,9.01,9.37,109100,9.37
2013-04-22,8.92,9.14,8.80,9.05,51900,9.05
2013-04-19,8.84,8.97,8.71,8.93,49700,8.93
2013-04-18,9.00,9.00,8.76,8.83,101900,8.83
2013-04-17,9.10,9.19,8.69,8.96,115700,8.96
2013-04-16,8.82,9.26,8.80,9.22,103900,9.22
2013-04-15,8.93,8.98,8.62,8.74,143600,8.74
2013-04-12,9.06,9.20,8.77,9.00,102000,9.00
2013-04-11,9.00,9.24,9.00,9.13,49200,9.13
2013-04-10,8.95,9.18,8.94,9.06,173400,9.06
2013-04-09,9.04,9.13,8.92,8.95,94900,8.95
2013-04-08,9.15,9.19,8.81,9.00,172100,9.00
2013-04-05,8.97,9.25,8.86,9.21,141700,9.21
2013-04-04,9.08,9.27,8.95,9.20,91100,9.20
2013-04-03,9.50,9.60,9.07,9.08,205500,9.08
2013-04-02,9.96,9.99,9.42,9.47,270100,9.47
2013-04-01,10.40,10.44,9.82,9.89,206300,9.89
2013-03-28,10.00,10.58,9.77,10.45,220100,10.45
2013-03-27,10.09,10.10,9.82,9.98,78500,9.98
2013-03-26,10.24,10.33,10.06,10.21,66000,10.21
2013-03-25,10.13,10.17,9.75,10.16,103800,10.16
2013-03-22,10.30,10.30,10.02,10.06,63000,10.06
2013-03-21,10.32,10.40,10.17,10.24,143400,10.24
2013-03-20,10.34,10.59,10.34,10.41,133400,10.41
2013-03-19,10.34,10.41,10.15,10.28,192300,10.28
2013-03-18,10.60,10.66,10.00,10.33,246000,10.33
2013-03-15,10.64,10.95,10.50,10.75,217400,10.75
2013-03-14,10.64,10.69,10.33,10.60,186800,10.60
2013-03-13,10.26,10.64,10.19,10.59,127100,10.59
2013-03-12,10.35,10.39,10.19,10.28,109000,10.28
2013-03-11,10.67,10.67,10.18,10.41,145900,10.41
2013-03-08,10.28,10.77,10.22,10.68,383100,10.68
2013-03-07,9.51,10.21,9.45,10.18,833600,10.18
2013-03-06,9.29,9.49,9.18,9.40,102800,9.40
2013-03-05,9.18,9.37,9.07,9.28,347000,9.28
2013-03-04,9.37,9.37,9.03,9.12,174500,9.12
2013-03-01,9.59,9.59,9.35,9.41,178800,9.41
2013-02-28,9.61,9.71,9.41,9.66,132600,9.66
2013-02-27,9.79,9.94,9.58,9.60,187500,9.60
2013-02-26,9.24,10.07,9.24,9.78,709600,9.78
2013-02-25,9.55,9.55,9.19,9.19,340500,9.19
2013-02-22,9.74,9.79,9.43,9.51,115100,9.51
2013-02-21,9.86,9.95,9.57,9.65,187000,9.65
2013-02-20,9.96,10.19,9.77,9.91,297100,9.91
2013-02-19,9.79,10.01,9.70,9.86,171000,9.86
2013-02-15,9.49,9.84,9.36,9.78,235000,9.78
2013-02-14,9.4
6,9.48,9.20,9.43,142700,9.43
2013-02-13,9.41,9.48,9.32,9.48,119700,9.48
2013-02-12,9.30,9.45,9.16,9.42,91000,9.42
2013-02-11,9.30,9.37,9.14,9.30,143800,9.30
2013-02-08,9.21,9.45,9.16,9.37,317500,9.37
2013-02-07,9.17,9.29,9.05,9.22,346900,9.22
2013-02-06,9.10,9.27,9.03,9.18,713800,9.18
2013-02-05,8.15,9.28,7.95,9.18,653100,9.18
2013-02-04,8.39,8.50,8.06,8.13,249300,8.13
2013-02-01,8.15,8.64,8.08,8.47,463000,8.47
2013-01-31,8.16,8.22,7.96,8.03,348900,8.03
2013-01-30,8.11,8.34,8.06,8.17,165300,8.17
2013-01-29,8.62,8.64,8.04,8.15,279100,8.15
2013-01-28,8.36,8.75,8.36,8.66,207100,8.66
2013-01-25,8.24,8.76,8.24,8.33,449500,8.33
2013-01-24,8.51,8.60,8.14,8.18,163700,8.18
2013-01-23,8.73,8.73,8.41,8.51,110400,8.51
2013-01-22,8.78,8.85,8.47,8.71,241300,8.71
2013-01-18,8.58,8.88,8.55,8.75,221900,8.75
2013-01-17,8.96,9.00,8.55,8.61,346000,8.61
2013-01-16,9.20,9.22,8.88,8.93,378900,8.93
2013-01-15,9.28,9.38,9.16,9.22,124200,9.22
2013-01-14,9.41,9.44,9.33,9.36,115800,9.36
2013-01-11,9.45,9.54,9.39,9.40,86600,9.40
2013-01-10,9.48,9.57,9.34,9.44,120200,9.44
2013-01-09,9.51,9.65,9.30,9.39,93700,9.39
2013-01-08,9.51,9.55,9.38,9.46,117900,9.46
2013-01-07,9.66,9.75,9.44,9.51,74800,9.51
2013-01-04,9.75,9.83,9.68,9.74,124800,9.74
2013-01-03,9.77,9.77,9.59,9.70,163700,9.70
2013-01-02,9.85,9.94,9.64,9.78,383900,9.78
2012-12-31,9.11,9.60,9.07,9.58,182600,9.58
2012-12-28,9.18,9.30,9.03,9.05,40600,9.05
2012-12-27,9.26,9.32,9.11,9.27,157300,9.27
2012-12-26,9.01,9.35,9.01,9.27,158700,9.27
2012-12-24,8.97,8.99,8.76,8.92,31400,8.92
2012-12-21,9.07,9.24,8.81,9.00,287400,9.00
2012-12-20,9.23,9.30,9.05,9.23,140500,9.23
2012-12-19,9.23,9.34,9.17,9.22,192900,9.22
2012-12-18,9.13,9.36,9.12,9.22,293700,9.22
2012-12-17,8.95,9.11,8.75,9.09,183300,9.09
2012-12-14,8.91,9.17,8.80,8.92,159400,8.92
2012-12-13,9.10,9.10,8.86,8.93,61500,8.93
2012-12-12,9.20,9.28,8.81,9.08,168800,9.08
2012-12-11,8.92,9.34,8.80,9.15,136200,9.15
2012-12-10,8.91,9.14,8.79,8.89,149700,8.89
2012-12-07,9.37,9.38,8.85,8.95,145900,8.95
2012-12-06,9.21,9.30,8.89,9.29,361300,9.29
2012-12-05,9.22,9.28,8.92,9.24,327000,9.24
2012-12-04,8.34,9.37,8.31,9.29,729700,9.29
2012-12-03,8.03,8.34,7.78,8.31,537400,8.31
2012-11-30,7.48,7.91,7.48,7.80,436800,7.80
2012-11-29,7.63,7.82,7.57,7.80,535700,7.80
2012-11-28,7.56,7.65,7.53,7.59,254300,7.59
2012-11-27,7.74,7.85,7.56,7.65,375200,7.65
2012-11-26,7.75,7.95,7.70,7.71,376400,7.71
2012-11-23,7.63,7.80,7.62,7.77,98200,7.77
2012-11-21,7.70,7.84,7.56,7.62,428300,7.62
2012-11-20,7.73,7.74,7.45,7.66,365700,7.66
2012-11-19,7.88,7.98,7.74,7.79,221300,7.79
2012-11-16,7.92,8.00,7.67,7.75,227000,7.75
2012-11-15,7.81,8.02,7.77,7.95,415300,7.95
2012-11-14,8.20,8.25,7.74,7.80,266100,7.80
2012-11-13,8.30,8.35,8.08,8.13,185600,8.13
2012-11-12,8.50,8.50,8.30,8.34,164200,8.34
2012-11-09,8.53,8.67,8.43,8.52,187400,8.52
2012-11-08,8.51,8.67,8.45,8.58,192000,8.58
2012-11-07,8.40,8.61,8.36,8.51,272600,8.51
2012-11-06,8.41,8.62,8.32,8.57,437800,8.57
2012
-11-05,8.27,8.46,8.20,8.34,377500,8.34
2012-11-02,8.27,8.58,8.18,8.37,620600,8.37
2012-11-01,8.41,8.69,8.35,8.40,391300,8.40
2012-10-31,8.76,8.78,8.29,8.37,195500,8.37
2012-10-26,8.55,8.83,8.55,8.78,120900,8.78
2012-10-25,8.90,8.90,8.37,8.51,141400,8.51
2012-10-24,8.78,8.85,8.50,8.77,219100,8.77
2012-10-23,8.81,8.92,8.68,8.70,112200,8.70
2012-10-22,8.62,9.08,8.62,8.93,124300,8.93
2012-10-19,9.05,9.07,8.50,8.62,175200,8.62
2012-10-18,9.29,9.35,9.11,9.14,268600,9.14
2012-10-17,9.23,9.43,9.13,9.40,208000,9.40
2012-10-16,9.53,9.56,9.35,9.37,191700,9.37
2012-10-15,9.28,9.50,9.19,9.50,120000,9.50
2012-10-12,9.36,9.36,9.15,9.23,77600,9.23
2012-10-11,9.33,9.45,9.30,9.37,77500,9.37
2012-10-10,9.84,9.84,9.19,9.23,266200,9.23
2012-10-09,10.32,10.42,9.74,9.84,143800,9.84
2012-10-08,10.30,10.54,10.24,10.34,128900,10.34
2012-10-05,10.41,10.56,10.34,10.38,115100,10.38
2012-10-04,10.50,10.52,10.11,10.37,177800,10.37
2012-10-03,10.62,10.93,10.40,10.43,177600,10.43
2012-10-02,10.65,10.84,10.55,10.66,170400,10.66
2012-10-01,10.71,10.81,10.33,10.58,218600,10.58
2012-09-28,10.33,10.82,10.30,10.66,362800,10.66
2012-09-27,10.43,10.67,10.29,10.41,231300,10.41
2012-09-26,9.70,10.38,9.47,10.36,274700,10.36
2012-09-25,10.20,10.27,9.68,9.70,319800,9.70
2012-09-24,10.20,10.30,10.05,10.12,144700,10.12
2012-09-21,10.67,10.67,10.17,10.27,399900,10.27
2012-09-20,10.94,10.98,10.46,10.50,353100,10.50
2012-09-19,11.29,11.29,10.98,11.03,255300,11.03
2012-09-18,11.74,11.74,11.25,11.33,300800,11.33
2012-09-17,11.97,12.15,11.55,11.84,146300,11.84
2012-09-14,11.90,12.25,11.85,11.97,308600,11.97
2012-09-13,11.41,11.90,11.29,11.79,116000,11.79
2012-09-12,11.83,11.91,11.28,11.35,175400,11.35
2012-09-11,11.79,11.90,11.63,11.77,95300,11.77
2012-09-10,11.81,12.07,11.66,11.76,100000,11.76
2012-09-07,12.04,12.12,11.80,11.84,268400,11.84
2012-09-06,11.62,12.04,11.62,11.97,233500,11.97
2012-09-05,11.71,11.93,11.50,11.51,88800,11.51
2012-09-04,11.81,12.04,11.38,11.80,368200,11.80
2012-08-31,11.97,12.10,11.65,11.88,307300,11.88
2012-08-30,11.80,11.93,11.49,11.90,249100,11.90
2012-08-29,11.88,11.93,11.47,11.92,115500,11.92
2012-08-28,11.65,11.91,11.54,11.90,207500,11.90
2012-08-27,11.34,11.73,11.06,11.68,184900,11.68
2012-08-24,11.20,11.32,11.01,11.27,65200,11.27
2012-08-23,10.97,11.25,10.79,11.19,112200,11.19
2012-08-22,11.36,11.41,10.96,10.99,88800,10.99
2012-08-21,11.44,11.88,11.16,11.40,206900,11.40
2012-08-20,11.59,11.59,11.29,11.43,116500,11.43
2012-08-17,11.39,11.64,11.29,11.64,82700,11.64
2012-08-16,10.86,11.50,10.69,11.43,208500,11.43
2012-08-15,10.74,11.00,10.68,10.83,191300,10.83
2012-08-14,10.82,11.00,10.64,10.97,182800,10.97
2012-08-13,10.77,11.00,10.47,10.74,186100,10.74
2012-08-10,10.83,11.00,10.10,10.84,551100,10.84
2012-08-09,10.89,11.11,10.70,10.98,543300,10.98
2012-08-08,10.89,11.21,9.79,10.93,544000,10.93
2012-08-07,11.14,11.36,10.39,10.76,362900,10.76
2012-08-06,10.81,11.61,10.71,11.04,419200,11.04
2012-08-03,10.50,10.85,10.45,10.81,141300,10.81
2012-08-02,10.42,10.74,10.11,10.25,174700,10.25
2012-08-01,11.07,11.15,10.44,10.45,152400,10.45
2012-07-31,10.91,11.71,10.91,11.00,249900,11.00
2012-07-30,11.22,11.79,11.06,11.07,305600,11.07
2012-07-27,10.50,11.46,10.47,11.23,317200,11.23
2012-07-26,9.38,10.59,9.34,10.47,
724800,10.47
2012-07-25,8.89,9.22,8.80,8.92,236300,8.92
2012-07-24,8.84,8.97,8.69,8.93,192900,8.93
2012-07-23,8.96,9.15,8.75,8.82,249300,8.82
2012-07-20,9.57,9.57,9.03,9.21,156000,9.21
2012-07-19,9.46,9.79,9.29,9.69,276200,9.69
2012-07-18,8.66,9.45,8.66,9.35,263300,9.35
2012-07-17,9.02,9.02,8.59,8.67,82400,8.67
2012-07-16,9.14,9.14,8.89,8.93,52800,8.93
2012-07-13,9.40,9.40,9.10,9.18,93200,9.18
2012-07-12,9.31,9.49,9.28,9.34,201000,9.34
2012-07-11,9.35,9.53,9.26,9.43,223200,9.43
2012-07-10,9.27,9.54,9.09,9.30,242200,9.30
2012-07-09,9.12,9.36,9.12,9.22,146300,9.22
2012-07-06,9.39,9.39,9.06,9.15,63600,9.15
2012-07-05,9.40,9.58,9.26,9.54,125300,9.54
2012-07-03,9.25,9.44,9.03,9.44,202000,9.44
2012-07-02,9.51,9.51,8.80,9.20,149600,9.20
2012-06-29,8.84,9.51,8.73,9.48,250000,9.48
2012-06-28,8.60,8.82,8.53,8.61,69800,8.61
2012-06-27,9.28,9.28,8.68,8.70,136100,8.70
2012-06-26,8.79,9.07,8.69,8.91,134100,8.91
2012-06-25,8.88,8.90,8.60,8.73,184200,8.73
2012-06-22,8.70,9.10,8.65,9.10,743000,9.10
2012-06-21,9.17,9.17,8.60,8.63,145100,8.63
2012-06-20,9.05,9.30,8.97,9.17,104100,9.17
2012-06-19,8.46,9.12,8.43,9.08,149600,9.08
2012-06-18,8.37,8.63,8.34,8.44,180400,8.44
2012-06-15,8.25,8.54,8.21,8.47,251300,8.47
2012-06-14,8.46,8.46,8.14,8.29,125100,8.29
2012-06-13,8.57,8.70,8.27,8.40,107900,8.40
2012-06-12,8.16,8.69,8.00,8.56,283500,8.56
2012-06-11,8.75,8.75,8.10,8.12,121700,8.12
2012-06-08,8.44,8.69,8.26,8.61,133100,8.61
2012-06-07,8.87,8.91,8.44,8.49,307900,8.49
2012-06-06,8.70,8.99,8.70,8.73,230700,8.73
2012-06-05,8.81,9.14,8.42,8.64,657600,8.64
2012-06-04,8.60,9.73,8.60,8.82,753100,8.82
2012-06-01,8.12,8.22,7.99,8.10,209500,8.10
2012-05-31,8.56,8.59,8.16,8.31,438100,8.31
2012-05-30,8.60,8.67,8.33,8.58,186000,8.58
2012-05-29,8.59,8.82,8.52,8.69,178900,8.69
2012-05-25,8.21,8.52,8.11,8.47,395900,8.47
2012-05-24,8.27,8.32,8.05,8.12,189900,8.12
2012-05-23,8.30,8.37,8.17,8.25,274600,8.25
2012-05-22,8.45,8.58,8.33,8.43,210200,8.43
2012-05-21,8.32,8.48,8.25,8.47,173900,8.47
2012-05-18,8.30,8.51,8.15,8.29,323000,8.29
2012-05-17,8.55,8.63,8.32,8.34,261000,8.34
2012-05-16,9.00,9.02,8.47,8.50,222000,8.50
2012-05-15,8.97,9.10,8.94,8.99,265500,8.99
2012-05-14,9.09,9.17,8.90,8.94,146000,8.94
2012-05-11,9.29,9.39,9.05,9.24,303800,9.24
2012-05-10,9.82,9.83,9.33,9.39,264000,9.39
2012-05-09,9.63,9.78,9.59,9.66,249600,9.66
2012-05-08,10.00,10.02,9.66,9.81,231900,9.81
2012-05-07,9.86,10.12,9.86,10.05,302700,10.05
2012-05-04,10.26,10.50,9.89,10.02,614200,10.02
2012-05-03,10.24,10.26,10.10,10.15,384400,10.15
2012-05-02,10.08,10.29,9.98,10.27,211000,10.27
2012-05-01,10.14,10.26,10.10,10.20,311100,10.20
2012-04-30,10.19,10.43,9.90,10.15,526900,10.15
2012-04-27,9.63,10.61,9.51,10.45,1021300,10.45
2012-04-26,9.75,9.99,9.52,9.57,819000,9.57
2012-04-25,10.86,12.00,9.75,9.80,3083300,9.80
2012-04-24,14.01,14.09,13.51,13.69,338700,13.69
2012-04-23,14.47,14.79,13.82,13.96,763500,13.96
2012-04-20,14.16,14.56,13.68,14.42,314500,14.42
2012-04-19,12.98,14.48,12.98,14.00,922600,14.00
2012-04-18,13.30,13.35,12.98,12.98,152300,12.98
2012-04-17,13.47,13.76,13.31,13.35,254800,13.35
2012-04
-16,13.39,13.58,13.05,13.19,455100,13.19
2012-04-13,13.45,13.51,13.06,13.26,109400,13.26
2012-04-12,13.48,13.67,13.39,13.48,143000,13.48
2012-04-11,12.80,13.69,12.80,13.46,120500,13.46
2012-04-10,12.65,12.86,12.51,12.63,151900,12.63
2012-04-09,13.03,13.15,12.34,12.67,406200,12.67
2012-04-05,13.14,13.51,13.14,13.30,119600,13.30
2012-04-04,14.04,14.10,13.06,13.19,286400,13.19
2012-04-03,14.53,14.64,14.12,14.21,220300,14.21
2012-04-02,14.14,14.61,14.03,14.61,281300,14.61
2012-03-30,14.22,14.25,13.95,14.18,245700,14.18
2012-03-29,13.96,14.16,13.91,14.08,108100,14.08
2012-03-28,14.05,14.11,13.84,14.04,93300,14.04
2012-03-27,14.06,14.40,14.03,14.08,176300,14.08
2012-03-26,14.20,14.30,14.08,14.16,162000,14.16
2012-03-23,13.65,14.34,13.58,14.20,135100,14.20
2012-03-22,13.97,14.07,13.52,13.58,263300,13.58
2012-03-21,14.40,14.40,14.00,14.13,131600,14.13
2012-03-20,14.49,14.57,14.12,14.40,103800,14.40
2012-03-19,14.28,14.82,14.25,14.58,199800,14.58
2012-03-16,14.65,14.69,14.08,14.25,257100,14.25
2012-03-15,14.58,14.79,14.30,14.68,128500,14.68
2012-03-14,14.80,14.99,14.56,14.57,148300,14.57
2012-03-13,14.63,14.99,14.55,14.89,184300,14.89
2012-03-12,14.67,14.67,14.22,14.47,185500,14.47
2012-03-09,14.42,14.65,14.28,14.53,151900,14.53
2012-03-08,14.12,14.39,13.70,14.29,212500,14.29
2012-03-07,13.60,14.17,13.42,13.87,171300,13.87
2012-03-06,13.45,13.55,13.00,13.43,253100,13.43
2012-03-05,14.10,14.10,13.50,13.53,216900,13.53
2012-03-02,14.61,14.76,14.17,14.18,210900,14.18
2012-03-01,14.31,14.85,14.27,14.67,388800,14.67
2012-02-29,13.59,15.00,13.49,14.36,728400,14.36
2012-02-28,13.95,14.15,13.26,13.48,265000,13.48
2012-02-27,14.00,14.10,13.44,13.96,301600,13.96
2012-02-24,14.71,14.77,13.99,14.14,254800,14.14
2012-02-23,15.05,15.05,14.62,14.72,219900,14.72
2012-02-22,15.29,15.53,15.02,15.04,69100,15.04
2012-02-21,15.84,16.00,15.30,15.36,184000,15.36
2012-02-17,15.97,16.00,15.33,15.82,200000,15.82
2012-02-16,15.42,16.049999,15.28,15.97,262400,15.97
2012-02-15,15.19,15.82,14.93,15.46,357900,15.46
2012-02-14,14.93,15.17,14.58,15.17,111900,15.17
2012-02-13,14.93,15.17,14.82,15.00,283600,15.00
2012-02-10,14.93,15.16,14.63,14.76,186800,14.76
2012-02-09,15.40,15.50,15.03,15.09,192300,15.09
2012-02-08,15.34,15.93,15.25,15.37,292500,15.37
2012-02-07,15.45,15.49,14.63,15.37,202000,15.37
2012-02-06,15.78,16.00,15.51,15.58,150700,15.58
2012-02-03,16.200001,16.940001,15.88,15.91,419400,15.91
2012-02-02,14.89,16.870001,14.67,15.80,770100,15.80
2012-02-01,14.60,15.02,14.12,14.80,584800,14.80
2012-01-31,15.34,15.44,14.31,14.67,269800,14.67
2012-01-30,15.50,15.50,15.02,15.13,526300,15.13
2012-01-27,15.71,16.030001,15.50,15.68,623600,15.68
2012-01-26,14.70,15.92,14.52,15.84,1151200,15.84
2012-01-25,14.28,14.75,13.99,14.58,296400,14.58
2012-01-24,13.41,14.44,13.23,14.25,195600,14.25
2012-01-23,13.57,13.74,13.09,13.58,132400,13.58
2012-01-20,12.31,13.53,12.25,13.48,271300,13.48
2012-01-19,12.41,12.67,12.26,12.29,216300,12.29
2012-01-18,11.63,12.44,11.50,12.34,211000,12.34
2012-01-17,12.25,12.25,11.59,11.61,141500,11.61
2012-01-13,12.50,12.62,12.05,12.11,117300,12.11
2012-01-12,13.10,13.14,12.63,12.65,220900,12.65
2012-01-11,12.13,13.08,12.
10,13.03,117200,13.03
2012-01-10,12.75,12.75,12.13,12.18,248200,12.18
2012-01-09,12.86,13.24,12.52,12.61,250600,12.61
2012-01-06,12.66,13.15,12.33,12.78,232900,12.78
2012-01-05,12.49,12.98,12.29,12.63,151400,12.63
2012-01-04,12.21,12.71,12.16,12.66,176100,12.66
2012-01-03,12.15,12.48,12.05,12.28,172600,12.28
2011-12-30,11.97,12.07,11.63,11.96,112600,11.96
2011-12-29,12.02,12.10,11.65,12.03,102300,12.03
2011-12-28,12.35,12.40,11.84,11.93,86000,11.93
2011-12-27,12.04,12.43,12.01,12.41,128300,12.41
2011-12-23,11.84,12.18,11.72,12.10,76000,12.10
2011-12-22,11.14,11.90,11.10,11.83,81800,11.83
2011-12-21,11.56,11.56,10.77,11.12,139300,11.12
2011-12-20,11.32,11.71,11.30,11.63,206600,11.63
2011-12-19,11.59,11.70,11.01,11.01,77300,11.01
2011-12-16,11.27,12.01,11.27,11.51,366000,11.51
2011-12-15,11.57,11.57,10.80,11.17,197400,11.17
2011-12-14,11.67,11.75,11.15,11.40,232700,11.40
2011-12-13,12.26,12.32,11.64,11.77,290900,11.77
2011-12-12,12.35,12.35,11.48,12.13,317000,12.13
2011-12-09,11.87,12.72,11.69,12.58,308700,12.58
2011-12-08,11.61,12.18,11.57,11.81,393300,11.81
2011-12-07,11.78,11.87,11.34,11.74,139900,11.74
2011-12-06,11.51,12.06,11.42,11.85,203300,11.85
2011-12-05,11.00,11.62,10.80,11.51,362700,11.51
2011-12-02,10.66,11.00,10.57,10.95,104100,10.95
2011-12-01,10.76,10.76,10.23,10.48,176600,10.48
2011-11-30,10.19,10.87,10.19,10.79,241500,10.79
2011-11-29,9.67,9.94,9.62,9.72,101200,9.72
2011-11-28,9.37,9.93,9.37,9.68,360700,9.68
2011-11-25,9.11,9.25,8.95,8.98,70000,8.98
2011-11-23,9.93,9.93,9.08,9.19,252600,9.19
2011-11-22,10.25,10.29,9.96,9.98,109000,9.98
2011-11-21,10.48,10.58,10.05,10.25,161100,10.25
2011-11-18,10.93,11.11,10.65,10.71,226400,10.71
2011-11-17,11.68,11.68,10.80,10.91,235000,10.91
2011-11-16,11.61,12.21,11.57,11.73,274000,11.73
2011-11-15,11.25,11.84,11.05,11.74,169500,11.74
2011-11-14,11.30,11.42,10.96,11.30,143400,11.30
2011-11-11,10.93,11.50,10.89,11.36,178200,11.36
2011-11-10,11.17,11.17,10.75,10.81,115100,10.81
2011-11-09,11.24,11.33,10.85,10.90,187100,10.90
2011-11-08,11.81,11.81,11.10,11.53,198300,11.53
2011-11-07,11.90,11.98,11.34,11.69,203600,11.69
2011-11-04,11.49,12.06,11.15,11.95,175900,11.95
2011-11-03,11.07,11.70,10.80,11.63,208800,11.63
2011-11-02,11.36,11.57,10.86,10.92,223900,10.92
2011-11-01,10.44,11.31,10.22,11.20,402600,11.20
2011-10-31,11.67,11.67,11.03,11.04,265500,11.04
2011-10-28,11.62,12.25,11.62,11.90,330300,11.90
2011-10-27,10.16,12.39,10.16,12.13,1024900,12.13
2011-10-26,10.40,10.82,9.85,10.54,563800,10.54
2011-10-25,9.95,10.30,9.71,10.08,268400,10.08
2011-10-24,9.64,10.30,9.64,10.04,362400,10.04
2011-10-21,9.86,9.90,9.36,9.61,197200,9.61
2011-10-20,10.39,10.39,9.39,9.64,525900,9.64
2011-10-19,10.12,10.95,10.03,10.39,691400,10.39
2011-10-18,9.82,10.20,9.57,10.12,253000,10.12
2011-10-17,9.73,10.11,9.57,9.70,327500,9.70
2011-10-14,10.28,10.40,9.96,10.09,253300,10.09
2011-10-13,10.19,10.38,10.03,10.08,419900,10.08
2011-10-12,9.91,10.62,9.72,10.29,697100,10.29
2011-10-11,8.76,9.98,8.71,9.82,578600,9.82
2011-10-10,8.59,8.98,8.59,8.81,428200,8.81
2011-10-07,8.66,8.83,8.32,8.39,185200,8.39
2011-10-06,8.49,8.82,8.47,8.62,556300,8.62
2011-10-0
5,8.54,8.76,8.32,8.50,241900,8.50
2011-10-04,7.86,8.39,7.71,8.35,490700,8.35
2011-10-03,8.54,8.72,7.92,8.01,668600,8.01
2011-09-30,8.64,8.98,8.56,8.77,372600,8.77
2011-09-29,8.82,9.06,8.44,8.83,298200,8.83
2011-09-28,9.34,9.41,8.61,8.62,258200,8.62
2011-09-27,9.25,9.69,9.16,9.34,582100,9.34
2011-09-26,8.79,8.99,8.47,8.99,178400,8.99
2011-09-23,8.52,8.99,8.44,8.73,203000,8.73
2011-09-22,8.23,8.74,8.05,8.51,608900,8.51
2011-09-21,9.06,9.12,8.50,8.53,380700,8.53
2011-09-20,9.37,9.48,9.03,9.10,332700,9.10
2011-09-19,8.97,9.59,8.82,9.21,600500,9.21
2011-09-16,9.41,9.49,8.98,9.18,778600,9.18
2011-09-15,9.73,9.85,9.07,9.30,851400,9.30
2011-09-14,9.63,9.96,9.50,9.69,575400,9.69
2011-09-13,8.71,9.52,8.71,9.45,529800,9.45
2011-09-12,8.21,8.77,8.21,8.69,534200,8.69
2011-09-09,7.82,8.18,7.66,7.90,409200,7.90
2011-09-08,8.14,8.53,7.88,7.97,363800,7.97
2011-09-07,8.07,8.44,7.97,8.34,223200,8.34
2011-09-06,7.70,8.08,7.65,7.87,310900,7.87
2011-09-02,7.60,8.14,7.60,8.11,388200,8.11
2011-09-01,8.14,8.21,7.79,7.90,559300,7.90
2011-08-31,8.46,8.62,8.04,8.04,650900,8.04
2011-08-30,8.28,8.62,7.98,8.34,408800,8.34
2011-08-29,8.18,8.59,7.92,8.33,1081100,8.33
2011-08-26,7.54,8.09,7.46,7.99,642100,7.99
2011-08-25,7.15,8.08,7.15,7.61,1034600,7.61
2011-08-24,8.06,8.06,7.13,7.20,3446400,7.20
2011-08-23,9.39,11.10,9.25,10.50,509900,10.50
2011-08-22,9.39,9.51,9.13,9.27,440600,9.27
2011-08-19,9.35,9.74,9.05,9.12,372000,9.12
2011-08-18,9.80,9.94,9.26,9.54,409200,9.54
2011-08-17,9.97,10.59,9.97,10.17,467600,10.17
2011-08-16,10.14,10.20,9.63,9.91,268700,9.91
2011-08-15,10.19,10.50,10.17,10.28,415900,10.28
2011-08-12,10.32,10.53,9.84,9.96,385700,9.96
2011-08-11,8.52,10.13,8.44,9.71,407100,9.71
2011-08-10,9.24,9.32,8.37,8.40,860300,8.40
2011-08-09,9.00,9.87,8.60,9.52,631100,9.52
2011-08-08,10.00,10.09,8.37,8.70,1082800,8.70
2011-08-05,11.00,11.00,9.98,10.32,716700,10.32
2011-08-04,11.80,12.38,11.16,11.18,496200,11.18
2011-08-03,11.90,12.08,11.45,12.03,360000,12.03
2011-08-02,11.92,12.53,11.92,11.99,684800,11.99
2011-08-01,12.77,12.84,11.68,12.06,605700,12.06
2011-07-29,12.53,12.83,12.04,12.69,568500,12.69
2011-07-28,13.49,13.51,12.40,12.58,496000,12.58
2011-07-27,15.00,15.27,13.35,13.54,1009100,13.54
2011-07-26,17.77,18.049999,16.91,17.110001,705800,17.110001
2011-07-25,17.139999,18.00,16.950001,17.75,770100,17.75
2011-07-22,17.24,17.57,16.93,17.370001,261400,17.370001
2011-07-21,17.280001,17.360001,16.620001,17.209999,154200,17.209999
2011-07-20,17.379999,17.450001,16.719999,17.190001,275400,17.190001
2011-07-19,16.700001,17.68,16.700001,17.209999,418500,17.209999
2011-07-18,16.52,16.52,16.09,16.280001,133100,16.280001
2011-07-15,16.610001,16.959999,16.32,16.59,206100,16.59
2011-07-14,16.65,16.65,16.040001,16.360001,191600,16.360001
2011-07-13,16.17,16.77,15.87,16.629999,200400,16.629999
2011-07-12,16.879999,16.879999,15.99,16.01,257200,16.01
2011-07-11,17.33,17.469999,16.57,16.950001,170900,16.950001
2011-07-08,17.34,17.66,17.219999,17.610001,185200,17.610001
2011-07-07,17.66,17.84,17.540001,17.7
00001,300100,17.700001
2011-07-06,17.48,17.52,17.139999,17.43,231300,17.43
2011-07-05,17.73,17.889999,17.379999,17.549999,113600,17.549999
2011-07-01,17.40,17.83,17.15,17.74,174800,17.74
2011-06-30,17.23,17.780001,17.17,17.40,269000,17.40
2011-06-29,17.18,17.33,16.889999,17.200001,173300,17.200001
2011-06-28,16.76,17.17,16.639999,17.08,214100,17.08
2011-06-27,16.440001,17.030001,16.15,16.82,206200,16.82
2011-06-24,16.65,16.75,16.209999,16.48,1508500,16.48
2011-06-23,16.24,17.219999,16.15,16.719999,414000,16.719999
2011-06-22,16.700001,16.950001,16.530001,16.58,196300,16.58
2011-06-21,16.379999,16.92,16.309999,16.74,382100,16.74
2011-06-20,16.450001,16.459999,16.059999,16.35,203200,16.35
2011-06-17,17.75,17.75,16.34,16.41,301800,16.41
2011-06-16,17.870001,18.00,17.24,17.48,325200,17.48
2011-06-15,17.93,18.049999,17.75,17.90,422800,17.90
2011-06-14,18.35,18.51,18.059999,18.290001,368100,18.290001
2011-06-13,18.18,18.49,17.68,18.120001,396800,18.120001
2011-06-10,17.83,18.219999,17.719999,18.17,210900,18.17
2011-06-09,17.58,18.65,17.35,17.950001,263000,17.950001
2011-06-08,18.309999,18.40,17.299999,17.469999,241100,17.469999
2011-06-07,18.690001,18.93,18.290001,18.34,146900,18.34
2011-06-06,18.809999,18.99,18.27,18.57,200100,18.57
2011-06-03,18.799999,19.290001,18.610001,18.940001,201000,18.940001
2011-06-02,19.75,19.860001,18.93,19.26,286600,19.26
2011-06-01,19.52,20.10,19.309999,19.620001,574700,19.620001
2011-05-31,19.93,20.049999,19.389999,19.84,861000,19.84
2011-05-27,19.25,20.17,19.200001,19.809999,377800,19.809999
2011-05-26,19.51,19.629999,19.01,19.24,249500,19.24
2011-05-25,20.059999,20.120001,19.34,19.50,337900,19.50
2011-05-24,19.82,20.139999,19.629999,19.889999,226000,19.889999
2011-05-23,19.450001,19.950001,19.32,19.76,149500,19.76
2011-05-20,19.950001,20.27,19.889999,20.129999,175000,20.129999
2011-05-19,20.030001,20.200001,19.59,20.110001,160000,20.110001
2011-05-18,20.25,20.299999,19.860001,20.09,180400,20.09
2011-05-17,19.50,20.129999,19.10,20.059999,350700,20.059999
2011-05-16,20.43,20.620001,19.110001,19.639999,407400,19.639999
2011-05-13,20.799999,21.27,20.50,20.73,278700,20.73
2011-05-12,20.50,20.99,20.309999,20.790001,335000,20.790001
2011-05-11,20.25,20.74,20.08,20.57,400000,20.57
2011-05-10,20.40,20.48,20.02,20.440001,339000,20.440001
2011-05-09,19.799999,20.280001,18.99,20.26,896500,20.26
2011-05-06,21.190001,21.190001,20.610001,20.84,142000,20.84
2011-05-05,21.059999,21.450001,20.42,20.719999,259500,20.719999
2011-05-04,20.59,21.370001,19.74,21.23,198000,21.23
2011-05-03,21.549999,21.879999,20.51,20.790001,169500,20.790001
2011-05-02,21.860001,22.059999,21.370001,21.67,341200,21.67
2011-04-29,21.440001,21.870001,20.91,21.58,207000,21.58
2011-04-28,18.879999,21.59,18.879999,21.18,749300,21.18
2011-04-27,19.530001,19.530001,18.52,18.860001,452600,18.860001
2011-04-26,19.709999,19.709999,19.26,19.610001,62300,19.610001
2011-04-25,19.84,20.040001,19.280001,19.620001,60700,19.620001
2011-04-21,20.25,20.25,19.690001,19.91,96600,19.91
2011-04-20,19.60,20.469999,19.459999,20.049999,199600,20.049999
2011-04-19,20.23,20.23,19.040001,19.34,183200,19.34
2011-04-18,20.040001,20.459999,20.040001,20.10,100000,20.10

2011-04-15,20.450001,20.59,20.09,20.549999,132300,20.549999
2011-04-14,20.41,20.91,20.309999,20.59,183700,20.59
2011-04-13,19.610001,20.90,19.42,20.799999,396000,20.799999
2011-04-12,18.790001,19.58,18.190001,19.459999,152900,19.459999
2011-04-11,20.290001,20.469999,18.90,19.040001,249500,19.040001
2011-04-08,22.299999,22.35,20.049999,20.370001,300400,20.370001
2011-04-07,22.07,22.610001,21.90,22.07,188900,22.07
2011-04-06,21.93,22.129999,21.559999,21.969999,139300,21.969999
2011-04-05,21.209999,21.68,20.93,21.65,125900,21.65
2011-04-04,21.110001,21.57,20.32,21.190001,412200,21.190001
2011-04-01,21.57,21.85,21.00,21.01,1943900,21.01
2011-03-31,20.559999,21.83,20.559999,21.01,213400,21.01
2011-03-30,21.190001,21.379999,20.49,21.02,130900,21.02
2011-03-29,20.309999,21.23,20.00,21.09,132400,21.09
2011-03-28,21.440001,21.65,20.440001,20.540001,135600,20.540001
2011-03-25,22.35,22.540001,20.42,21.51,210100,21.51
2011-03-24,22.459999,22.610001,22.10,22.40,56500,22.40
2011-03-23,22.27,22.42,22.00,22.049999,30300,22.049999
2011-03-22,22.530001,22.76,22.10,22.280001,46200,22.280001
2011-03-21,22.030001,23.34,21.98,22.469999,116600,22.469999
2011-03-18,21.780001,21.90,21.290001,21.540001,85600,21.540001
2011-03-17,20.92,21.65,20.450001,21.559999,62300,21.559999
2011-03-16,21.00,21.440001,20.360001,20.41,96600,20.41
2011-03-15,21.16,21.950001,20.559999,21.049999,308800,21.049999
2011-03-14,21.120001,22.42,20.83,22.24,86000,22.24
2011-03-11,20.66,21.530001,20.32,21.370001,167600,21.370001
2011-03-10,22.59,23.07,20.35,20.540001,211800,20.540001
2011-03-09,24.610001,24.719999,22.51,23.07,219900,23.07
2011-03-08,24.49,25.10,24.10,24.780001,65500,24.780001
2011-03-07,25.35,25.35,24.00,24.530001,114400,24.530001
2011-03-04,25.299999,26.24,25.219999,25.60,166000,25.60
2011-03-03,23.00,25.52,22.92,25.49,192200,25.49
2011-03-02,22.110001,22.98,21.60,22.85,89800,22.85
2011-03-01,24.030001,24.969999,21.969999,22.09,136000,22.09
2011-02-28,23.65,24.00,22.889999,23.99,96200,23.99
2011-02-25,23.209999,23.90,22.90,23.559999,76000,23.559999
2011-02-24,23.25,23.469999,22.639999,23.02,69000,23.02
2011-02-23,23.389999,23.66,21.66,23.42,200800,23.42
2011-02-22,26.309999,26.58,23.209999,23.379999,319800,23.379999
2011-02-18,26.620001,27.200001,25.92,26.620001,111700,26.620001
2011-02-17,24.870001,26.67,22.959999,26.629999,306700,26.629999
2011-02-16,24.93,25.58,24.68,25.309999,88000,25.309999
2011-02-15,25.74,25.799999,24.709999,25.110001,147800,25.110001
2011-02-14,24.389999,26.35,24.389999,25.790001,249900,25.790001
2011-02-11,21.389999,25.00,21.389999,24.32,304900,24.32
2011-02-10,20.940001,21.58,20.469999,21.50,59700,21.50
2011-02-09,20.93,21.200001,20.799999,21.040001,43600,21.040001
2011-02-08,20.85,21.190001,20.620001,20.90,99200,20.90
2011-02-07,20.290001,21.190001,20.139999,20.90,159200,20.90
2011-02-04,19.559999,20.60,19.200001,20.25,171300,20.25
2011-02-03,18.90,20.469999,18.01,19.59,389000,19.59
2011-02-02,19.35,19.48,18.959999,19.16,87500,19.16
2011-02-01,19.07,19.58,18.52,19.32,84700,19.32
2011-01-31,19.01,19.389999,18.639999,18.93,62600,18.93
2011-01-28,18.92,19.73,17.85,18.98,161500,18.98
2011-01-27,17.879999,19.280001,17.83,18.85,245100,18.85
2011-01-26,17.26,17.98,16.91,17.85,174800,17.85
2011-01-25,17.309999,17.50,17.16,17.299999,45900,17.299999
2011-01-24,18.01,18.42,17.40,17.450001,125500,17.450001
2011-01-21,18.07,18.219999,17.60,17.99,119700,17.99
2011-01-20,19.50,19.5
7,17.84,18.02,152800,18.02
2011-01-19,20.08,20.50,19.10,19.50,124600,19.50
2011-01-18,20.10,20.16,19.549999,20.049999,185300,20.049999
2011-01-14,20.120001,20.26,19.90,20.08,179100,20.08
2011-01-13,20.57,20.780001,20.049999,20.219999,133900,20.219999
2011-01-12,20.60,20.84,20.049999,20.440001,164100,20.440001
2011-01-11,20.799999,20.799999,20.190001,20.440001,204200,20.440001
2011-01-10,20.610001,20.98,20.110001,20.610001,127500,20.610001
2011-01-07,21.58,21.60,20.51,20.629999,53800,20.629999
2011-01-06,21.450001,21.940001,21.450001,21.60,44500,21.60
2011-01-05,20.879999,21.75,20.389999,21.68,103300,21.68
2011-01-04,21.32,21.52,19.25,20.74,153100,20.74
2011-01-03,20.280001,21.469999,20.200001,21.23,141200,21.23
2010-12-31,20.209999,20.60,19.99,20.09,126700,20.09
2010-12-30,20.559999,20.780001,20.17,20.200001,53500,20.200001
2010-12-29,20.540001,20.68,20.40,20.559999,113600,20.559999
2010-12-28,20.360001,20.940001,19.889999,20.41,247900,20.41
2010-12-27,19.879999,20.48,19.700001,20.389999,67500,20.389999
2010-12-23,20.040001,20.040001,19.370001,20.01,76100,20.01
2010-12-22,19.610001,20.190001,19.27,19.90,240300,19.90
2010-12-21,19.00,19.77,18.360001,19.76,342200,19.76
2010-12-20,18.469999,18.530001,17.90,18.33,95100,18.33
2010-12-17,18.25,18.559999,17.52,18.370001,626700,18.370001
2010-12-16,18.42,18.73,17.950001,18.26,51100,18.26
2010-12-15,18.57,18.889999,17.49,18.389999,96700,18.389999
2010-12-14,19.559999,19.559999,18.48,18.77,142200,18.77
2010-12-13,19.40,19.65,19.040001,19.610001,84800,19.610001
2010-12-10,19.209999,19.780001,18.57,19.48,87200,19.48
2010-12-09,18.84,19.83,18.450001,19.209999,342500,19.209999
2010-12-08,18.18,18.48,17.950001,18.280001,195400,18.280001
2010-12-07,16.93,18.360001,16.85,17.83,255400,17.83
2010-12-06,16.09,16.959999,16.09,16.77,212300,16.77
2010-12-03,15.57,16.469999,15.57,16.200001,137800,16.200001
2010-12-02,16.030001,16.030001,15.54,15.85,94000,15.85
2010-12-01,15.92,16.08,15.79,15.95,154200,15.95
2010-11-30,15.52,15.96,15.50,15.90,9600,15.90
2010-11-29,15.42,15.79,15.42,15.57,74600,15.57
2010-11-26,15.35,15.50,15.27,15.48,20700,15.48
2010-11-24,15.42,16.059999,15.20,15.65,51000,15.65
2010-11-23,15.00,15.25,14.85,15.12,78800,15.12
2010-11-22,15.06,15.37,14.80,15.13,151100,15.13
2010-11-19,16.280001,16.280001,15.15,15.18,133700,15.18
2010-11-18,16.32,16.58,16.01,16.200001,282800,16.200001
2010-11-17,16.25,16.25,15.90,16.00,274500,16.00
2010-11-16,15.68,16.440001,15.55,15.90,315500,15.90
2010-11-15,15.80,16.120001,15.40,15.84,238100,15.84
2010-11-12,15.45,16.00,15.36,15.63,173200,15.63