Date,Open,High,Low,Close,Volume,Adj Close
2016-08-05,34.139999,35.169998,33.950001,34.990002,64100,34.990002
2016-08-04,33.549999,34.810001,33.060001,34.099998,67900,34.099998
2016-08-03,33.869999,34.049999,33.584999,33.830002,62200,33.830002
2016-08-02,34.150002,34.314999,33.599998,33.84,60500,33.84
2016-08-01,33.869999,34.279999,33.380001,34.150002,66300,34.150002
2016-07-29,33.720001,34.150002,33.349998,33.66,72000,33.66
2016-07-28,33.700001,34.00,33.560001,33.860001,72900,33.860001
2016-07-27,33.799999,34.055,33.040001,33.810001,183000,33.810001
2016-07-26,34.560001,35.029999,33.709999,33.880001,78300,33.880001
2016-07-25,34.23,34.630001,34.110001,34.43,87800,34.43
2016-07-22,34.200001,34.630001,34.119999,34.450001,73900,34.450001
2016-07-21,34.169998,34.48,33.799999,34.259998,48100,34.259998
2016-07-20,34.139999,35.095001,33.959999,34.310001,73100,34.310001
2016-07-19,34.029999,34.310001,33.724998,33.950001,56700,33.950001
2016-07-18,33.919998,34.790001,33.810001,34.02,36300,34.02
2016-07-15,34.369999,34.369999,33.669998,34.029999,38700,34.029999
2016-07-14,34.75,34.75,33.860001,34.209999,33800,34.209999
2016-07-13,34.490002,34.75,34.389999,34.540001,52200,34.540001
2016-07-12,34.540001,34.900002,33.98,34.419998,45400,34.419998
2016-07-11,34.509998,34.68,34.049999,34.360001,28700,34.360001
2016-07-08,33.75,34.330002,33.490002,34.240002,41800,34.240002
2016-07-07,34.25,34.529999,33.450001,33.540001,29000,33.540001
2016-07-06,33.540001,34.275002,33.360001,34.07,44100,34.07
2016-07-05,34.049999,34.700001,33.439999,33.740002,61100,33.740002
2016-07-01,33.82,34.32,33.450001,34.060001,147100,34.060001
2016-06-30,33.130001,34.889999,33.00,33.959999,65000,33.959999
2016-06-29,33.189999,33.75,32.66,33.200001,45400,33.200001
2016-06-28,33.00,33.66,32.580002,32.939999,70500,32.939999
2016-06-27,33.00,33.634998,32.349998,32.59,182000,32.59
2016-06-24,32.66,33.619999,31.77,33.00,497000,33.00
2016-06-23,34.59,34.709999,33.439999,33.759998,80200,33.759998
2016-06-22,35.00,35.049999,34.119999,34.290001,46800,34.290001
2016-06-21,35.09,35.450001,34.834999,35.009998,36000,35.009998
2016-06-20,35.049999,36.138,34.540001,35.18,93400,35.18
2016-06-17,34.369999,34.849998,33.68,34.610001,85700,34.610001
2016-06-16,33.310001,34.57,33.18,34.259998,63800,34.259998
2016-06-15,33.689999,34.02,33.18,33.540001,62700,33.540001
2016-06-14,33.959999,34.470001,33.560001,33.91,55200,33.91
2016-06-13,35.439999,35.439999,32.52,34.169998,38900,34.169998
2016-06-10,34.790001,35.040001,34.421001,34.66,28000,34.66
2016-06-09,34.669998,35.130001,34.290001,34.84,62000,34.84
2016-06-08,34.889999,35.083,34.610001,34.869999,27700,34.669999
2016-06-07,34.368,35.07,34.368,34.849998,24700,34.650114
2016-06-06,35.169998,35.560001,34.560001,34.990002,39000,34.789314
2016-06-03,35.450001,35.450001,34.639999,35.049999,41100,34.848967
2016-06-02,35.470001,35.700001,35.215,35.419998,34800,35.216844
2016-06-01,35.279999,35.619999,34.82,35.57,131300,35.365985
2016-05-31,35.889999,35.889999,35.18,35.349998,139300,35.147246
2016-05-27,35.389999,35.970001,35.18,35.720001,95500,35.515126
2016-05-26,34.52,35.810001,34.049999,35.490002,1146
00,35.286446
2016-05-25,34.25,34.919998,33.50,34.68,150800,34.481091
2016-05-24,32.189999,34.130001,31.629999,33.889999,195500,33.695621
2016-05-23,31.639999,32.27,31.42,32.200001,121200,32.015315
2016-05-20,31.10,32.139999,30.76,31.48,46100,31.299444
2016-05-19,30.68,31.33,30.620001,30.940001,59300,30.762542
2016-05-18,30.530001,31.200001,30.110001,30.76,43000,30.583574
2016-05-17,31.76,31.76,30.41,30.67,46600,30.49409
2016-05-16,31.67,32.07,31.18,31.76,56100,31.577838
2016-05-13,31.790001,31.962999,31.645,31.75,31000,31.567895
2016-05-12,31.93,32.009998,31.469999,31.76,26900,31.577838
2016-05-11,31.889999,32.360001,29.764999,31.469999,101700,31.289501
2016-05-10,32.349998,32.349998,31.700001,31.92,27100,31.73692
2016-05-09,31.690001,32.360001,31.370001,32.18,48300,31.995429
2016-05-06,32.369999,32.369999,31.17,31.67,75600,31.488354
2016-05-05,27.889999,33.09,25.860001,32.389999,114800,32.204224
2016-05-04,30.459999,31.02,30.299999,30.379999,52500,30.205752
2016-05-03,30.83,31.65,30.370001,30.690001,32700,30.513976
2016-05-02,31.209999,31.209999,30.780001,31.10,60200,30.921624
2016-04-29,30.91,31.190001,30.091,30.959999,50100,30.782426
2016-04-28,30.459999,31.219999,30.24,31.059999,57600,30.881852
2016-04-27,29.84,30.58,29.67,30.52,82400,30.344951
2016-04-26,29.51,30.049999,29.504999,30.040001,35700,29.867704
2016-04-25,29.809999,29.809999,29.450001,29.57,59400,29.400399
2016-04-22,29.90,30.190001,29.629999,29.950001,104100,29.77822
2016-04-21,29.959999,30.08,29.65,29.92,71700,29.748392
2016-04-20,30.26,30.540001,29.764999,30.09,94700,29.917417
2016-04-19,30.950001,31.120001,30.33,30.360001,34900,30.185869
2016-04-18,30.809999,31.24,30.459999,30.93,56100,30.752599
2016-04-15,30.889999,31.299999,30.790001,30.889999,45500,30.712827
2016-04-14,31.209999,31.24,30.719999,31.040001,53300,30.861969
2016-04-13,31.139999,32.259998,30.860001,31.16,30700,30.981279
2016-04-12,32.150002,32.200001,31.00,31.08,81300,30.901738
2016-04-11,32.73,33.014999,32.16,32.259998,38400,32.074969
2016-04-08,32.830002,33.189999,32.389999,32.650002,58600,32.462735
2016-04-07,32.529999,32.830002,32.363998,32.720001,146000,32.532333
2016-04-06,32.540001,32.869999,32.380001,32.639999,36400,32.45279
2016-04-05,32.630001,32.962002,32.365002,32.540001,61500,32.353365
2016-04-04,32.349998,32.900002,32.130001,32.77,58800,32.582046
2016-04-01,32.049999,32.580002,31.780001,32.48,103000,32.293708
2016-03-31,32.790001,33.189999,32.23,32.259998,76200,32.074969
2016-03-30,32.919998,33.330002,32.619999,33.139999,35200,32.949922
2016-03-29,31.940001,32.82,31.85,32.799999,40400,32.611872
2016-03-28,32.139999,32.419998,31.799999,32.099998,27900,31.915886
2016-03-24,32.099998,32.25,31.83,32.099998,55000,31.915886
2016-03-23,32.52,32.75,32.110001,32.299999,70000,32.11474
2016-03-22,32.189999,32.799999,31.68,32.630001,48400,32.442849
2016-03-21,32.290001,32.689999,32.130001,32.43,38500,32.243996
2016-03-18,32.970001,33.790001,32.299999,32.490002,86800,32.303653
2016-03-17,31.57,32.990002,31.57,32.75,69300,32.56216
2016-03-16,31.02,31.76,31.02,31.690001,105400,31.50824
2016-03-15,30.940001,32.07,30.66,31.120001,41700,30.94151
2016-03-14,31.02,31.43,30.559999,31.10,86800,3
0.921624
2016-03-11,30.91,31.32,30.690001,31.209999,52000,31.030992
2016-03-10,31.360001,31.459999,30.040001,30.74,70400,30.563688
2016-03-09,31.700001,31.809999,31.059999,31.389999,47900,31.011107
2016-03-08,31.41,31.690001,31.355,31.59,53400,31.208694
2016-03-07,31.09,31.450001,30.665001,31.42,48700,31.040746
2016-03-04,30.360001,31.98,30.26,31.299999,88700,30.922193
2016-03-03,30.09,30.540001,29.65,30.51,82600,30.14173
2016-03-02,30.040001,30.495001,29.60,30.26,125300,29.894748
2016-03-01,29.50,30.23,28.85,30.18,197400,29.815713
2016-02-29,29.18,29.969999,28.68,29.23,185600,28.87718
2016-02-26,29.290001,29.50,28.950001,29.129999,76200,28.778386
2016-02-25,30.049999,30.049999,29.040001,29.18,86700,28.827784
2016-02-24,29.959999,30.209999,29.315001,29.91,55000,29.548972
2016-02-23,30.26,30.66,29.045,30.18,81300,29.815713
2016-02-22,30.780001,32.183998,30.299999,30.389999,70600,30.023178
2016-02-19,30.370001,30.950001,30.190001,30.610001,165300,30.240523
2016-02-18,30.58,32.110001,29.940001,30.24,157200,29.874989
2016-02-17,32.130001,32.23,31.35,31.52,112400,31.139539
2016-02-16,32.639999,32.639999,31.84,32.07,84500,31.6829
2016-02-12,32.02,32.630001,31.950001,32.389999,51000,31.999037
2016-02-11,31.58,32.130001,31.52,31.84,44000,31.455676
2016-02-10,32.18,32.84,31.879999,31.92,55700,31.53471
2016-02-09,31.379999,32.490002,31.379999,32.07,39400,31.6829
2016-02-08,31.27,32.055,30.709999,31.73,99300,31.347003
2016-02-05,32.049999,32.380001,31.33,31.42,72400,31.040746
2016-02-04,32.93,33.099998,32.029999,32.150002,42800,31.761936
2016-02-03,32.990002,33.27,32.330002,32.93,72200,32.532519
2016-02-02,33.150002,33.346001,32.779999,32.830002,62000,32.433728
2016-02-01,34.009998,34.009998,33.32,33.43,94200,33.026484
2016-01-29,32.900002,34.240002,32.849998,33.919998,216100,33.510568
2016-01-28,32.540001,33.040001,32.400002,32.869999,71400,32.473242
2016-01-27,33.09,33.09,32.200001,32.240002,274900,31.850849
2016-01-26,33.669998,33.799999,33.009998,33.16,88300,32.759743
2016-01-25,33.189999,33.619999,32.82,33.459999,127500,33.056121
2016-01-22,33.080002,33.349998,32.779999,33.25,73400,32.848657
2016-01-21,32.959999,33.400002,32.630001,32.77,97700,32.374451
2016-01-20,33.119999,33.323002,32.490002,32.860001,162900,32.463365
2016-01-19,33.439999,33.714001,32.939999,33.32,127800,32.917811
2016-01-15,32.91,33.43,32.57,33.119999,213200,32.720225
2016-01-14,33.509998,33.950001,33.099998,33.209999,124400,32.809139
2016-01-13,33.98,34.060001,33.16,33.43,74000,33.026484
2016-01-12,33.75,34.16,33.50,33.919998,83600,33.510568
2016-01-11,32.900002,33.759998,32.860001,33.43,182000,33.026484
2016-01-08,33.439999,33.470001,32.209999,32.970001,354300,32.572038
2016-01-07,32.970001,33.849998,32.919998,33.610001,142000,33.204312
2016-01-06,32.950001,34.119999,32.950001,33.549999,206200,33.145035
2016-01-05,33.080002,33.529999,32.860001,33.23,258500,32.828898
2016-01-04,33.099998,33.68,32.639999,33.529999,143300,33.125276
2015-12-31,33.990002,34.23,33.540001,33.540001,97200,33.135157
2015-12-30,34.400002,34.549999,34.00,34.029999,151500,33.61924
2015-12-29,33.869999,34.41,33.785,34.349998,64100,33.935378
2015-12-28,33.880001,34.34,33.720001,33.900002,105000,33.490812
2015-12-24,34.169998,34.459999,33.860001,33.91,54800,33.50069
2015-12-23,34.200001,34.400002,33.77,33.900002,5820
0,33.490812
2015-12-22,33.91,34.540001,33.325001,33.689999,319400,33.283344
2015-12-21,33.689999,33.91,32.990002,33.740002,126700,33.332744
2015-12-18,33.419998,33.82,32.68,33.450001,279200,33.046243
2015-12-17,32.77,33.580002,32.290001,33.290001,112700,32.888175
2015-12-16,33.169998,34.580002,32.57,32.75,206000,32.354692
2015-12-15,31.73,33.02,31.73,32.790001,231800,32.39421
2015-12-14,31.639999,32.349998,31.190001,31.530001,149800,31.149419
2015-12-11,31.309999,32.729,31.084999,31.32,198400,30.941952
2015-12-10,31.15,31.177999,30.73,31.049999,69400,30.675211
2015-12-09,31.889999,32.610001,31.889999,32.029999,167400,30.497382
2015-12-08,31.629999,31.860001,31.01,31.74,101700,30.221259
2015-12-07,31.879999,32.00,31.530001,31.85,76100,30.325996
2015-12-04,31.309999,32.310001,31.309999,31.959999,43600,30.430732
2015-12-03,32.16,32.50,30.92,31.389999,78200,29.888006
2015-12-02,31.90,32.41,31.540001,32.119999,64600,30.583076
2015-12-01,32.150002,32.57,31.73,31.91,111100,30.383125
2015-11-30,32.529999,32.59,31.99,32.099998,97400,30.564032
2015-11-27,32.490002,32.889999,32.328999,32.50,14300,30.944894
2015-11-25,32.099998,32.82,31.950001,32.52,64100,30.963937
2015-11-24,31.790001,32.560001,31.620001,32.00,149500,30.468819
2015-11-23,32.25,32.34,31.67,32.040001,171200,30.506906
2015-11-20,31.200001,31.559999,30.84,31.09,121200,29.602362
2015-11-19,31.40,31.42,30.889999,31.049999,52800,29.564275
2015-11-18,31.01,31.35,30.49,31.35,110500,29.849921
2015-11-17,31.379999,32.630001,30.09,30.860001,110500,29.383368
2015-11-16,29.799999,30.60,29.40,30.52,140200,29.059636
2015-11-13,29.860001,30.290001,29.610001,29.969999,118700,28.535952
2015-11-12,29.90,30.059999,29.620001,30.030001,59300,28.593083
2015-11-11,30.450001,30.50,30.00,30.00,60100,28.564517
2015-11-10,30.50,30.74,30.08,30.450001,85400,28.992986
2015-11-09,30.49,31.10,30.379999,30.66,174400,29.192937
2015-11-06,29.24,30.60,29.09,30.360001,148300,28.907292
2015-11-05,28.309999,29.540001,28.02,29.540001,135100,28.126529
2015-11-04,28.309999,28.60,27.799999,28.10,245800,26.755432
2015-11-03,28.50,28.60,27.93,28.25,122600,26.898254
2015-11-02,29.35,29.43,28.08,28.50,175900,27.136292
2015-10-30,29.549999,30.07,28.285,29.43,189100,28.021792
2015-10-29,30.01,30.290001,29.450001,29.52,428300,28.107486
2015-10-28,29.25,30.309999,28.969999,30.120001,108700,28.678776
2015-10-27,28.83,29.290001,28.639999,29.25,142800,27.850405
2015-10-26,28.90,29.08,28.65,29.040001,42000,27.650454
2015-10-23,28.02,29.00,27.51,28.91,161400,27.526673
2015-10-22,27.73,28.059999,27.67,27.85,132900,26.517394
2015-10-21,27.34,27.870001,27.26,27.66,106200,26.336485
2015-10-20,26.719999,27.790001,26.629999,27.34,231600,26.031797
2015-10-19,26.76,26.76,26.59,26.66,61100,25.384334
2015-10-16,26.950001,27.00,26.50,26.75,34700,25.470028
2015-10-15,26.67,26.92,26.50,26.889999,86000,25.603329
2015-10-14,26.67,26.73,26.42,26.51,61700,25.241512
2015-10-13,26.639999,26.917999,26.50,26.700001,47200,25.422421
2015-10-12,26.90,27.02,26.549999,26.73,76100,25.450985
2015-10-09,26.690001,27.07,26.50,26.940001,140200,25.650937
2015-10-08,26.559999,26.9
59999,26.27,26.719999,45800,25.441463
2015-10-07,26.67,27.00,26.24,26.50,57000,25.23199
2015-10-06,27.00,27.110001,26.23,26.58,130400,25.308162
2015-10-05,27.15,27.35,26.950001,27.00,96700,25.708066
2015-10-02,26.73,27.00,26.48,27.00,52100,25.708066
2015-10-01,26.82,26.99,26.309999,26.950001,158900,25.660459
2015-09-30,25.969999,27.00,25.92,26.889999,145500,25.603329
2015-09-29,27.309999,27.309999,25.91,25.969999,80800,24.72735
2015-09-28,27.25,27.74,27.049999,27.190001,166300,25.888975
2015-09-25,27.98,28.23,27.254999,27.35,104000,26.041319
2015-09-24,27.33,27.76,27.16,27.719999,135200,26.393614
2015-09-23,26.98,27.632,26.98,27.40,89000,26.088926
2015-09-22,27.65,27.77,26.709999,27.01,97100,25.717587
2015-09-21,28.01,28.09,27.57,27.76,121400,26.4317
2015-09-18,27.77,28.190001,27.448,27.75,506400,26.422179
2015-09-17,28.02,28.299999,28.00,28.049999,59100,26.707823
2015-09-16,28.219999,28.32,27.83,28.10,32500,26.755432
2015-09-15,28.08,28.559999,27.879999,28.10,117000,26.755432
2015-09-14,28.129999,28.129999,27.969999,28.059999,46100,26.717345
2015-09-11,27.76,28.049999,27.73,28.030001,82900,26.688782
2015-09-10,27.76,28.049999,27.690001,27.940001,28700,26.603088
2015-09-09,28.049999,28.190001,27.700001,27.90,38200,26.412658
2015-09-08,28.01,28.190001,27.90,28.00,44400,26.507327
2015-09-04,27.940001,28.139999,27.610001,27.690001,102200,26.213854
2015-09-03,27.309999,28.77,27.309999,27.959999,104300,26.469459
2015-09-02,27.309999,27.73,26.59,27.34,111400,25.882512
2015-09-01,27.200001,27.780001,25.57,27.08,66500,25.636372
2015-08-31,26.719999,27.84,26.719999,27.60,98500,26.128652
2015-08-28,26.48,26.870001,26.34,26.790001,49100,25.361833
2015-08-27,26.58,26.67,26.355,26.60,59300,25.181961
2015-08-26,26.58,26.700001,25.92,26.42,92800,25.011557
2015-08-25,26.860001,26.860001,25.82,26.110001,60300,24.718083
2015-08-24,25.40,26.549999,25.184999,26.17,93800,24.774884
2015-08-21,26.07,26.65,25.620001,26.32,74900,24.916887
2015-08-20,26.59,26.809999,26.35,26.41,31300,25.00209
2015-08-19,26.559999,27.059999,26.50,26.67,23800,25.248229
2015-08-18,27.040001,27.139999,24.893999,26.90,19800,25.465968
2015-08-17,26.709999,27.389999,26.67,27.190001,37700,25.740509
2015-08-14,27.200001,27.43,26.51,26.76,72800,25.333432
2015-08-13,27.57,27.780001,27.200001,27.35,43200,25.891979
2015-08-12,27.57,27.67,27.290001,27.48,99900,26.015048
2015-08-11,27.82,27.82,27.559999,27.639999,73400,26.166518
2015-08-10,27.959999,27.99,27.690001,27.76,85000,26.280122
2015-08-07,27.629999,27.99,27.51,27.75,164300,26.270655
2015-08-06,27.950001,28.33,27.530001,27.73,186100,26.251721
2015-08-05,27.98,28.139999,27.610001,27.799999,110200,26.317989
2015-08-04,27.549999,27.82,27.440001,27.65,35200,26.175985
2015-08-03,27.389999,27.84,27.280001,27.50,116500,26.033982
2015-07-31,27.209999,27.90,27.209999,27.450001,98100,25.986648
2015-07-30,27.27,27.549999,26.90,27.120001,46400,25.674241
2015-07-29,26.85,27.48,26.441999,27.23,45600,25.778375
2015-07-28,27.08,27.08,26.50,26.790001,48900,25.361833
2015-07-27,26.959999,27.764999,26.82,26.870001,57400,25.437568
2015-07-24,27.24,27.309999,26.92,27.00,52200,25.560637
2015-07-23,27.42,28.120001,27.09,27.32,64400,25.863578
2015-07-22,27.379999,27.58,27.26,27.370001,98800,25.910913
2015-07-21,27.52,27.74,27.290001,27.4
40001,80500,25.977181
2015-07-20,27.00,27.67,26.870001,27.459999,271100,25.996114
2015-07-17,26.799999,27.219999,26.639999,26.959999,270400,25.522769
2015-07-16,26.40,27.049999,25.950001,26.780001,5355800,25.352366
2015-07-15,26.450001,27.57,26.17,26.209999,103200,24.812751
2015-07-14,26.040001,26.389999,25.85,26.200001,72100,24.803286
2015-07-13,25.700001,26.290001,25.60,26.120001,108800,24.72755
2015-07-10,25.09,25.85,24.629999,25.52,57800,24.159536
2015-07-09,25.91,25.93,25.17,25.459999,37900,24.102733
2015-07-08,26.200001,26.200001,25.27,25.709999,63500,24.339406
2015-07-07,26.110001,26.40,25.75,26.299999,58400,24.897953
2015-07-06,25.85,26.299999,25.575001,26.18,21200,24.784351
2015-07-02,26.17,26.17,25.799999,25.860001,35300,24.481411
2015-07-01,25.950001,26.559999,25.950001,26.07,70900,24.680215
2015-06-30,25.60,26.08,25.565001,25.870001,26900,24.490878
2015-06-29,25.32,25.65,25.10,25.50,35800,24.140602
2015-06-26,25.049999,25.50,24.99,25.43,215400,24.074334
2015-06-25,25.23,25.27,25.00,25.01,50800,23.676724
2015-06-24,25.24,25.35,24.92,25.139999,37200,23.799793
2015-06-23,24.959999,25.27,24.65,25.190001,14100,23.847128
2015-06-22,24.959999,25.00,24.58,24.85,27800,23.525253
2015-06-19,24.530001,24.98,24.26,24.889999,103800,23.56312
2015-06-18,24.110001,24.82,24.110001,24.43,202400,23.127643
2015-06-17,24.030001,24.24,23.938,24.15,135400,22.862569
2015-06-16,23.99,24.16,23.90,24.00,30400,22.720566
2015-06-15,23.90,24.16,23.85,23.98,41300,22.701632
2015-06-12,24.08,24.26,23.90,24.040001,64600,22.758435
2015-06-11,23.700001,24.08,23.65,24.07,82600,22.786834
2015-06-10,23.52,23.950001,23.459999,23.85,125200,22.427092
2015-06-09,23.700001,23.700001,23.15,23.43,47200,22.032149
2015-06-08,23.110001,23.860001,23.08,23.76,65000,22.342461
2015-06-05,22.719999,23.219999,22.309999,23.219999,35800,21.834677
2015-06-04,22.610001,22.690001,21.91,22.639999,69200,21.28928
2015-06-03,23.18,23.360001,22.51,22.68,90900,21.326895
2015-06-02,23.58,23.67,23.07,23.110001,43900,21.731241
2015-06-01,23.530001,23.879999,23.379999,23.67,48300,22.257831
2015-05-29,23.34,23.559999,23.02,23.51,152700,22.107376
2015-05-28,23.389999,23.620001,23.25,23.299999,54700,21.909904
2015-05-27,23.440001,23.530001,23.030001,23.50,29500,22.097973
2015-05-26,23.389999,23.68,23.040001,23.23,43500,21.844081
2015-05-22,23.76,24.16,23.48,23.530001,18700,22.126184
2015-05-21,23.969999,24.014999,23.67,23.84,31200,22.417688
2015-05-20,24.00,24.15,23.790001,23.879999,19700,22.455301
2015-05-19,23.950001,24.10,23.67,24.059999,71500,22.624562
2015-05-18,24.00,24.139999,23.66,24.040001,80100,22.605757
2015-05-15,24.25,24.27,23.959999,24.030001,49600,22.596353
2015-05-14,24.43,24.620001,24.00,24.299999,54400,22.850243
2015-05-13,24.10,24.440001,24.049999,24.280001,69400,22.831438
2015-05-12,24.34,24.43,23.940001,24.02,26900,22.58695
2015-05-11,24.120001,24.50,23.85,24.41,64000,22.953681
2015-05-08,23.90,24.32,23.66,24.26,43500,22.812631
2015-05-07,24.459999,24.51,23.049999,23.790001,62600,22.370672
2015-05-06,24.25,24.469999,23.92,24.26,71000,22.812631
2015-05-05,23.709999,24.594999,23.459999,24.32,62500,22.869051
2015-05-04,23.60,23.893999,23.417
999,23.85,81700,22.427092
2015-05-01,23.66,24.575001,23.299999,23.76,52300,22.342461
2015-04-30,23.51,23.85,23.280001,23.639999,67300,22.22962
2015-04-29,23.719999,23.77,23.165001,23.57,72400,22.163796
2015-04-28,23.559999,23.98,23.245001,23.620001,123900,22.210814
2015-04-27,24.030001,24.07,22.629999,23.65,66400,22.239023
2015-04-24,23.98,23.98,23.165001,23.719999,161600,22.304847
2015-04-23,23.389999,24.040001,23.021999,24.00,198800,22.568142
2015-04-22,23.50,23.65,22.85,23.51,254700,22.107376
2015-04-21,24.059999,24.059999,23.58,23.639999,71500,22.22962
2015-04-20,23.719999,24.68,23.719999,24.059999,89900,22.624562
2015-04-17,24.10,24.219999,23.450001,23.620001,68500,22.210814
2015-04-16,24.049999,25.219999,23.90,24.10,298200,22.662177
2015-04-15,23.950001,24.200001,23.40,24.030001,404300,22.596353
2015-04-14,23.559999,24.00,23.00,23.98,176800,22.549335
2015-04-13,23.35,23.889999,23.17,23.85,43200,22.427092
2015-04-10,23.16,23.573999,22.52,23.35,187100,21.956922
2015-04-09,23.32,23.34,22.51,23.040001,217200,21.665418
2015-04-08,23.549999,23.971001,22.700001,23.18,195600,21.797065
2015-04-07,24.110001,24.24,23.58,23.639999,64900,22.22962
2015-04-06,23.82,24.360001,23.700001,24.049999,51200,22.615159
2015-04-02,23.719999,23.940001,23.43,23.83,69900,22.408285
2015-04-01,23.870001,24.059999,23.43,23.65,201300,22.239023
2015-03-31,23.02,24.120001,22.610001,23.530001,1198400,22.126184
2015-03-30,22.73,23.912001,22.67,23.190001,88100,21.806468
2015-03-27,22.27,22.780001,22.27,22.57,55800,21.223457
2015-03-26,23.540001,23.629999,22.00,22.389999,203500,21.054196
2015-03-25,24.26,24.67,23.50,23.530001,85500,22.126184
2015-03-24,24.59,24.690001,24.035,24.290001,106900,22.840842
2015-03-23,24.02,24.74,23.82,24.49,199600,23.028908
2015-03-20,23.129999,24.120001,22.690001,24.10,690400,22.662177
2015-03-19,23.01,23.190001,22.65,23.00,46300,21.627803
2015-03-18,23.110001,23.50,23.110001,23.129999,66600,21.750046
2015-03-17,22.879999,23.209999,22.76,23.209999,25800,21.825274
2015-03-16,22.889999,23.25,22.379999,23.00,111600,21.627803
2015-03-13,22.700001,23.00,22.280001,22.73,58000,21.373911
2015-03-12,22.00,22.91,22.00,22.76,87600,21.402122
2015-03-11,21.90,22.808001,21.809999,21.98,75700,20.518202
2015-03-10,21.93,22.309999,21.76,21.90,83400,20.443523
2015-03-09,22.299999,23.110001,21.969999,22.09,117000,20.620887
2015-03-06,22.882,22.882,21.83,22.040001,74800,20.574213
2015-03-05,22.997999,23.00,22.360001,22.719999,133900,21.208988
2015-03-04,22.139999,23.00,21.540001,23.00,110900,21.470367
2015-03-03,22.635,22.635,21.67,22.139999,47000,20.667561
2015-03-02,21.99,22.959999,21.629999,22.309999,98600,20.826255
2015-02-27,22.75,22.959999,21.76,21.969999,220300,20.508867
2015-02-26,21.870001,22.309999,21.870001,22.26,43900,20.779581
2015-02-25,22.615,22.709999,21.93,22.16,109400,20.686232
2015-02-24,21.959999,22.780001,21.959999,22.40,56700,20.91027
2015-02-23,22.48,22.48,21.27,22.120001,33400,20.648893
2015-02-20,21.90,22.58,21.280001,21.82,145500,20.368843
2015-02-19,21.709999,22.50,21.709999,21.83,115200,20.378179
2015-02-18,21.709999,22.25,21.639999,21.959999,44100,20.499532
2015-02-17,21.50,22.00,21.32,21.870001,54600,20.415519
2015-02-13,21.17,21.65,21.10,21.549999,37300,20.1168
2015-02-12,20.84,21.469999,20.84,21.26,91700,19.846087
2015-02-11,21.02,21.08,20.610001,2
1.00,79900,19.603378
2015-02-10,21.25,21.280001,20.75,21.209999,73800,19.799411
2015-02-09,21.459999,21.84,21.08,21.09,88000,19.687393
2015-02-06,21.50,21.780001,21.25,21.60,31900,20.163475
2015-02-05,22.129999,22.24,21.209999,21.59,27200,20.15414
2015-02-04,21.200001,22.00,21.059999,22.00,29900,20.536873
2015-02-03,21.60,21.780001,21.24,21.65,51700,20.210149
2015-02-02,21.610001,21.969999,20.860001,21.93,20100,20.471528
2015-01-30,21.32,21.68,20.955,21.40,75400,19.976776
2015-01-29,22.02,22.02,21.129999,21.51,23300,20.079461
2015-01-28,21.75,22.00,21.75,21.940001,45800,20.480863
2015-01-27,21.639999,21.775,21.10,21.639999,62400,20.200814
2015-01-26,21.99,22.58,21.059999,21.57,107000,20.13547
2015-01-23,21.83,22.24,20.93,21.59,130700,20.15414
2015-01-22,22.16,22.379999,21.719999,21.91,102000,20.452858
2015-01-21,22.23,22.50,22.15,22.290001,86800,20.807587
2015-01-20,22.27,22.50,21.545,22.370001,155000,20.882266
2015-01-16,23.379999,23.379999,22.15,22.15,126300,20.676896
2015-01-15,22.379999,22.969999,21.794001,22.389999,55400,20.900935
2015-01-14,22.059999,22.74,21.969999,22.49,107600,20.994285
2015-01-13,22.629999,23.00,21.74,22.379999,96500,20.8916
2015-01-12,23.120001,23.309999,22.60,22.959999,138200,21.433026
2015-01-09,22.879999,23.74,22.559999,23.139999,89400,21.601055
2015-01-08,22.610001,22.90,22.309999,22.879999,113900,21.358347
2015-01-07,22.68,22.90,22.049999,22.75,121800,21.236993
2015-01-06,22.799999,23.219999,22.299999,22.57,301500,21.068964
2015-01-05,22.15,23.235001,21.805,22.82,241900,21.302338
2015-01-02,22.879999,22.879999,21.68,22.280001,34000,20.798252
2014-12-31,22.629999,22.870001,22.15,22.76,151700,21.246328
2014-12-30,22.690001,23.02,22.200001,22.610001,151000,21.106305
2014-12-29,22.83,22.924999,22.26,22.799999,85600,21.283667
2014-12-26,22.530001,23.00,22.135,22.860001,121000,21.339678
2014-12-24,22.42,22.747999,22.42,22.620001,21300,21.11564
2014-12-23,22.85,23.00,22.139999,22.450001,51100,20.956946
2014-12-22,22.860001,23.379999,22.280001,22.91,143700,21.386352
2014-12-19,21.00,22.690001,21.00,22.190001,322300,20.714237
2014-12-18,21.42,21.43,21.01,21.110001,58000,19.706063
2014-12-17,21.120001,21.379999,21.01,21.17,225700,19.762073
2014-12-16,21.00,21.75,20.969999,21.15,456900,19.743402
2014-12-15,21.059999,21.290001,20.459999,20.52,736000,19.155302
2014-12-12,21.32,21.50,20.91,21.25,3419300,19.836752