Date,Open,High,Low,Close,Volume,Adj Close
2016-08-05,26.120001,26.200001,26.10,26.15,7800,26.15
2016-08-04,26.27,26.280001,26.110001,26.18,3100,26.18
2016-08-03,26.24,26.299999,26.24,26.299999,1500,26.299999
2016-08-02,26.389999,26.389999,26.34,26.35,1300,26.35
2016-08-01,26.299999,26.299999,26.26,26.26,3000,26.26
2016-07-29,26.27,26.290001,26.27,26.290001,1300,26.290001
2016-07-28,26.26,26.26,26.26,26.26,000,26.26
2016-07-27,26.110001,26.26,26.10,26.26,7600,26.26
2016-07-26,26.110001,26.379999,26.10,26.379999,1400,26.379999
2016-07-25,26.16,26.25,26.00,26.110001,5400,26.110001
2016-07-22,26.25,26.25,26.24,26.25,3000,26.25
2016-07-21,26.200001,26.24,26.16,26.17,7800,26.17
2016-07-20,26.15,26.15,26.139999,26.139999,1000,26.139999
2016-07-19,26.15,26.200001,26.129999,26.129999,700,26.129999
2016-07-18,26.299999,26.299999,26.120001,26.190001,4600,26.190001
2016-07-15,26.190001,26.190001,26.190001,26.190001,000,26.190001
2016-07-14,26.200001,26.25,26.190001,26.190001,400,26.190001
2016-07-13,26.09,26.09,25.950001,25.950001,2100,25.950001
2016-07-12,25.90,26.299999,25.879999,26.00,26700,26.00
2016-07-11,26.110001,26.110001,25.799999,25.85,13400,25.85
2016-07-08,26.08,26.299999,26.059999,26.299999,1400,26.299999
2016-07-07,26.209999,26.610001,25.75,26.25,20900,26.25
2016-07-06,25.77,25.799999,25.60,25.799999,2200,25.799999
2016-07-05,25.91,25.91,25.799999,25.84,2100,25.84
2016-07-01,25.67,26.540001,25.67,25.92,18300,25.92
2016-06-30,25.559999,25.65,25.50,25.639999,6500,25.639999
2016-06-29,25.52,25.59,25.50,25.50,1800,25.50
2016-06-28,25.60,25.780001,25.49,25.50,23600,25.50
2016-06-27,25.68,25.68,25.50,25.50,14500,25.50
2016-06-24,25.51,25.83,25.51,25.57,2200,25.57
2016-06-23,25.790001,25.790001,25.700001,25.700001,600,25.700001
2016-06-22,25.82,25.82,25.620001,25.77,1900,25.77
2016-06-21,25.75,25.75,25.75,25.75,200,25.75
2016-06-20,25.77,25.90,25.77,25.90,600,25.90
2016-06-17,25.77,26.26,25.76,25.77,1300,25.77
2016-06-16,25.790001,25.870001,25.76,25.76,1000,25.76
2016-06-15,25.90,25.90,25.90,25.90,1000,25.90
2016-06-14,25.77,25.84,25.77,25.84,1500,25.84
2016-06-13,25.90,25.90,25.709999,25.709999,2000,25.709999
2016-06-10,25.799999,25.83,25.799999,25.799999,700,25.799999
2016-06-09,25.870001,25.90,25.76,25.799999,2600,25.799999
2016-06-08,25.76,25.809999,25.76,25.809999,500,25.809999
2016-06-07,25.860001,25.860001,25.860001,25.860001,800,25.860001
2016-06-06,25.879999,25.879999,25.75,25.75,2400,25.75
2016-06-03,25.74,25.77,25.73,25.77,400,25.77
2016-06-02,25.75,25.879999,25.75,25.76,2900,25.76
2016-06-01,25.690001,25.860001,25.690001,25.76,4100,25.76
2016-05-31,25.799999,25.799999,25.68,25.719999,2300,25.719999
2016-05-27,25.90,25.90,25.90,25.90,400,25.90
2016-05-26,25.709999,25.709999,25.709999,25.709999,000,25.709999
2016-05-25,25.709999,25.709999,25.709999,25.709999,000,25.709999
2016-05-24,25.84,26.00,25.709999,25.709999,5500,25.709999
2016-05-23,25.84,25.84,25.84,25.84,1400,25.84
2016-05-20,25.959999,25.959999,25.559999,25.59,10800,25.59
2016-05-19,25.75,25.799999,25.75,25.76,3800,25.76
2016-05-18,25.76,25.889999,25.76,25.76,8400,25.76
2016-05-17,25.559999,25.90,25.559999,25.67,10300,25.67
2016-05-16,25.75,25.76,25.610001,25.610001,800,25.610001
2016-05-13,25.700001,25.709999,25.700001,25.700001,1300,25.700001
2016-05-12,25.559999,25.879999,25.559999,25.629999,2400,25.629999
2016-05-11,25.60,26.25,25.360001,25.91,19100,25.91
2016-05-10,26.299999,26.299999,26.299999,26.299999,3100,26.299999
2016-05-09,26.290001,26.299999,26.290001,26.299999,1800,26.299999
2016-05-06,26.200001,26.200001,26.15,26.200001,800,26.200001
2016-05-05,26.299999,26.35,26.00,26.110001,3600,26.110001
2016-05-04,26.440001,26.440001,25.92,26.40,4400,26.40
2016-05-03,26.40,26.40,26.200001,26.32,2400,26.32
2016-05-02,26.25,26.25,26.040001,26.040001,600,26.040001
2016-04-29,26.110001,26.200001,26.08,26.200001,1500,26.200001
2016-04-28,26.209999,26.209999,26.209999,26.209999,300,26.209999
2016-04-27,26.18,26.450001,26.18,26.299999,7300,26.299999
2016-04-26,25.950001,25.99,25.950001,25.99,900,25.99
2016-04-25,25.90,26.00,25.90,26.00,1500,26.00
2016-04-22,25.99,25.99,25.99,25.99,200,25.99
2016-04-21
,26.059999,26.129999,26.059999,26.129999,1400,26.129999
2016-04-20,26.01,26.25,26.01,26.25,600,26.25
2016-04-19,26.16,26.16,26.16,26.16,500,26.16
2016-04-18,26.00,26.10,25.940001,25.940001,1700,25.940001
2016-04-15,25.76,25.85,25.76,25.85,1100,25.85
2016-04-14,26.24,26.24,26.24,26.24,000,26.24
2016-04-13,26.00,26.24,26.00,26.24,1400,26.24
2016-04-12,25.799999,25.799999,25.799999,25.799999,200,25.799999
2016-04-11,25.65,25.799999,25.65,25.799999,1900,25.799999
2016-04-08,25.950001,25.950001,25.610001,25.700001,3400,25.700001
2016-04-07,26.00,26.00,26.00,26.00,000,26.00
2016-04-06,25.950001,26.00,25.76,26.00,4300,26.00
2016-04-05,25.90,25.90,25.90,25.90,400,25.90
2016-04-04,25.99,25.99,25.99,25.99,100,25.99
2016-04-01,25.389999,25.93,25.389999,25.93,3900,25.93
2016-03-31,25.73,25.93,25.73,25.93,1800,25.93
2016-03-30,25.629999,25.629999,25.629999,25.629999,000,25.629999
2016-03-29,25.629999,25.629999,25.629999,25.629999,300,25.629999
2016-03-28,25.75,25.90,25.700001,25.90,1500,25.90
2016-03-24,25.85,25.860001,25.85,25.85,5100,25.85
2016-03-23,25.700001,25.950001,25.700001,25.950001,1600,25.950001
2016-03-22,25.85,25.85,25.700001,25.700001,7000,25.700001
2016-03-21,25.51,25.77,25.48,25.719999,5400,25.719999
2016-03-18,25.90,25.90,25.90,25.90,000,25.90
2016-03-17,25.90,25.90,25.90,25.90,500,25.90
2016-03-16,26.09,26.10,26.00,26.059999,5800,26.059999
2016-03-15,26.35,26.35,26.00,26.00,9600,26.00
2016-03-14,26.50,26.50,26.15,26.35,7200,26.35
2016-03-11,26.379999,26.40,26.379999,26.379999,1500,26.379999
2016-03-10,26.32,26.65,26.32,26.65,600,26.65
2016-03-09,26.32,26.43,26.32,26.40,4500,26.40
2016-03-08,26.049999,26.459999,26.049999,26.42,5900,26.42
2016-03-07,26.16,26.50,26.16,26.50,2700,26.50
2016-03-04,26.370001,26.370001,26.15,26.15,2100,26.15
2016-03-03,26.309999,26.309999,26.309999,26.309999,1000,26.309999
2016-03-02,26.209999,26.549999,26.01,26.09,1700,26.09
2016-03-01,26.00,26.25,25.99,26.00,6000,26.00
2016-02-29,25.700001,26.25,25.700001,26.25,1400,26.25
2016-02-26,25.65,25.690001,25.540001,25.540001,8000,25.540001
2016-02-25,25.280001,25.66,25.280001,25.65,2700,25.65
2016-02-24,25.40,25.75,25.299999,25.43,3200,25.43
2016-02-23,25.24,25.42,25.24,25.42,1100,25.42
2016-02-22,25.110001,25.25,25.110001,25.23,4600,25.23
2016-02-19,25.129999,25.129999,25.129999,25.129999,100,25.129999
2016-02-18,25.09,25.09,25.09,25.09,000,25.09
2016-02-17,25.08,25.10,25.08,25.09,1400,25.09
2016-02-16,24.870001,25.00,24.870001,25.00,1600,25.00
2016-02-12,24.74,24.870001,24.74,24.870001,700,24.870001
2016-02-11,25.030001,25.030001,24.50,24.50,2100,24.50
2016-02-10,24.969999,25.00,24.91,24.91,600,24.91
2016-02-09,25.450001,25.450001,25.450001,25.450001,000,25.450001
2016-02-08,25.450001,25.450001,25.450001,25.450001,500,25.450001
2016-02-05,25.60,25.60,25.60,25.60,300,25.60
2016-02-04,25.75,25.75,25.67,25.75,1500,25.75
2016-02-03,25.40,25.40,25.40,25.40,100,25.40
2016-02-02,25.42,25.42,25.42,25.42,200,25.42
2016-02-01,25.48,25.52,25.450001,25.469999,400,25.469999
2016-01-29,25.66,25.66,25.66,25.66,100,25.66
2016-01-28,26.129999,26.129999,25.99,25.99,700,25.99
2016-01-27,25.60,25.85,25.25,25.50,23500,25.50
2016-01-26,25.459999,25.459999,25.459999,25.459999,000,25.459999
2016-01-25,25.77,26.00,25.459999,25.459999,2800,25.459999
2016-01-22,25.690001,25.719999,25.690001,25.719999,600,25.719999
2016-01-21,25.92,25.92,25.10,25.120001,1200,25.120001
2016-01-20,25.75,25.75,24.950001,24.969999,13700,24.969999
2016-01-19,25.93,26.27,25.91,26.27,1700,26.27
2016-01-15,25.65,26.10,25.620001,26.00,26500,26.00
2016-01-14,25.66,26.10,25.50,25.93,25300,25.93
2016-01-13,25.58,25.629999,25.58,25.629999,300,25.629999
2016-01-12,25.549999,25.549999,25.549999,25.549999,600,25.549999
2016-01-11,25.60,25.879999,25.60,25.879999,400,25.879999
2016-01-08,25.969999,25.969999,25.879999,25.879999,400,25.879999
2016-01-07,25.58,26.030001,25.58,25.92,4800,25.92
2016-01-06,25.58,25.90,25.58,25.90,2400,25.90
2016-01-05,25.58,25.58,25.58,25.58,100,25.58
2016-01-04,25.459999,25.540001,25.459999,25.530001,700,25.530001
2015-12-31,25.58,25.65,25.58,25.65,1800,25.65
2015-12-30,25.52,25.52,25.52,25.52,600,25.52
2015-12-29,25.50,25.59,25.50,25.59,1700,25.59
2015-12-28,25.440001,25.440001,25.440001,25.440001,200,25.440001
2015-12-24,25.450001,25.450001,25.450001,25.450001,500,25.450001
2015-12-23,25.43,25.440001,25.43,25.440001,200,25.440001
2015-12-22,25.799999,25.799999,25.299999,25.299999,5700,25.299999
2015-12-21,25.49,25.799999,25.389999,25.799999,6400,25.799999
2015-12-18,25.889999,25.90,25.50,25.50,5700,25.50
2015-12-17,25.90,25.90,25.90,25.90,000,25.90
2015-12-16,25.950001,25.950001,25.50,25.90,5000,25.90
2015-12-15,25.950001,25.950001,25.75,25.75,700,25.75
2015-12-14,25.709999,25.719999,25.610001,25.610001,3800,25.610001
2015-12-11,25.969999,25.969999,25.969999,25.969999,000,25.969999
2015-12-10,25.969999,25.969999,25.969999,25.969999,100,25.969999
2015-12-09,26.00,26.0
0,25.969999,25.969999,800,25.969999
2015-12-08,25.75,25.83,25.75,25.75,800,25.75
2015-12-07,25.959999,26.00,25.799999,25.799999,2300,25.799999
2015-12-04,26.18,26.18,26.18,26.18,000,26.18
2015-12-03,25.879999,26.41,25.879999,26.18,2100,26.18
2015-12-02,26.209999,26.209999,25.799999,25.799999,2400,25.799999
2015-12-01,26.00,26.00,25.969999,25.969999,2900,25.969999
2015-11-30,26.24,26.24,26.24,26.24,100,26.24
2015-11-27,26.299999,26.299999,26.299999,26.299999,900,26.299999
2015-11-25,26.48,26.48,26.48,26.48,000,26.48
2015-11-24,26.48,26.48,26.48,26.48,100,26.48
2015-11-23,26.370001,26.370001,26.299999,26.299999,2800,26.299999
2015-11-20,26.299999,26.299999,26.299999,26.299999,000,26.299999
2015-11-19,26.299999,26.440001,26.299999,26.299999,3900,26.299999
2015-11-18,25.809999,26.559999,25.809999,26.299999,1700,26.299999
2015-11-17,26.389999,26.40,26.389999,26.40,600,26.40
2015-11-16,26.40,26.40,26.40,26.40,000,26.40
2015-11-13,26.33,26.59,26.299999,26.40,2600,26.40
2015-11-12,26.299999,26.60,26.299999,26.60,9600,26.60
2015-11-11,26.120001,26.42,26.120001,26.370001,2300,26.370001
2015-11-10,25.85,26.25,25.85,26.16,1100,26.16
2015-11-09,26.200001,26.25,26.200001,26.25,200,26.25
2015-11-06,26.40,26.40,26.110001,26.139999,3700,26.139999
2015-11-05,26.35,26.43,26.10,26.10,4500,26.10
2015-11-04,26.10,26.299999,26.10,26.299999,4000,26.299999
2015-11-03,26.25,26.50,26.25,26.50,1300,26.50
2015-11-02,26.23,26.25,26.00,26.040001,1300,26.040001
2015-10-30,26.25,26.25,26.00,26.00,1200,26.00
2015-10-29,26.26,26.709999,26.17,26.17,5200,26.17
2015-10-28,26.01,26.40,26.01,26.40,4400,26.40
2015-10-27,26.25,26.27,26.190001,26.26,8300,26.26
2015-10-26,26.110001,26.15,26.110001,26.15,500,26.15
2015-10-23,26.25,26.25,26.25,26.25,600,26.25
2015-10-22,25.90,26.15,25.90,26.15,2400,26.15
2015-10-21,25.90,25.90,25.82,25.82,1300,25.82
2015-10-20,25.700001,25.700001,25.700001,25.700001,500,25.700001
2015-10-19,25.85,25.90,25.84,25.90,2600,25.90
2015-10-16,25.469999,25.90,25.469999,25.84,10000,25.84
2015-10-15,25.700001,25.700001,25.379999,25.469999,2000,25.469999
2015-10-14,25.309999,25.50,25.309999,25.50,1900,25.50
2015-10-13,25.50,25.50,25.50,25.50,300,25.50
2015-10-12,25.40,25.40,25.40,25.40,100,25.40
2015-10-09,25.50,25.50,25.35,25.389999,2300,25.389999
2015-10-08,25.65,25.65,25.35,25.35,2300,25.35
2015-10-07,25.549999,25.549999,25.549999,25.549999,000,25.549999
2015-10-06,25.50,25.549999,25.50,25.549999,900,25.549999
2015-10-05,25.48,25.50,25.48,25.50,500,25.50
2015-10-02,25.389999,25.389999,25.389999,25.389999,000,25.389999
2015-10-01,25.549999,25.549999,25.379999,25.389999,600,25.389999
2015-09-30,25.200001,25.200001,25.190001,25.200001,1700,25.200001
2015-09-29,25.26,25.43,25.200001,25.200001,9300,25.200001
2015-09-28,25.40,25.450001,25.40,25.450001,1500,25.450001
2015-09-25,25.49,25.49,25.49,25.49,000,25.49
2015-09-24,25.49,25.49,25.49,25.49,300,25.49
2015-09-23,25.43,25.43,25.43,25.43,500,25.43
2015-09-22,25.40,25.43,25.40,25.43,1000,25.43
2015-09-21,25.35,25.389999,25.35,25.389999,1200,25.389999
2015-09-18,25.32,25.32,25.309999,25.309999,300,25.309999
2015-09-17,25.33,25.33,25.33,25.33,100,25.33
2015-09-16,25.33,25.389999,25.309999,25.33,3000,25.33
2015-09-15,25.35,25.35,25.35,25.35,300,25.35
2015-09-14,25.280001,25.309999,25.280001,25.309999,400,25.309999
2015-09-11,25.549999,25.549999,25.25,25.26,15000,25.26
2015-09-10,25.59,25.59,25.549999,25.559999,2400,25.559999
2015-09-09,25.60,25.690001,25.60,25.690001,500,25.690001
2015-09-08,25.57,25.60,25.57,25.60,800,25.60
2015-09-04,25.799999,25.799999,25.549999,25.549999,3100,25.549999
2015-09-03,25.57,25.57,25.559999,25.559999,500,25.559999
2015-09-02,25.559999,25.559999,25.549999,25.549999,900,25.549999
2015-09-01,25.51,25.700001,25.51,25.549999,1100,25.549999
2015-08-31,25.77,25.77,25.77,25.77,300,25.77
2015-08-28,25.52,25.52,25.52,25.52,000,25.52
2015-08-27,25.51,25.75,25.51,25.52,600,25.52
2015-08-26,25.50,25.50,25.50,25.50,000,25.50
2015-08-25,25.50,25.50,25.50,25.50,100,25.50
2015-08-24,25.40,25.459999,25.40,25.459999,400,25.459999
2015-08-21,25.639999,25.639999,25.639999,25.639999,200,25.639999
2015-08-20,25.629999,25.629999,25.629999,25.629999,400,25.629999
2015-08-19,25.90,25.90,25.450001,25.50,2400,25.50
2015-08-18,25.50,25.82,25.50,25.620001,1400,25.620001
2015-08-17,25.530001,25.530001,25.530001,25.530001,000,25.530001
2015-08-14,25.58,25.799999,25.52,25.530001,3800,25.530001
2015-08-13,25.860001,25.860001,25.610001,25.709999,1100,25.709999
2015-08-12,25.52,25.57,25.51,25.57,2600,25.57
2015-08-11,25.84,25.879999,25.799999,25.799999,1600,25.799999
2015-08-10,25.84,25.90,25.75,25.870001,2900,25.870001
2015-08-07,25.959999,25.969999,25.82,25.82,300,25.82
2015-08-06,26.110001,26.18,25.799999,25.91,900,25.91
2015-08-05,25.950001,25.950001,25.76,25.790001,5300,25.790001
2015-08-04,26.15,26.15,26.00,26.00,700,26.00
2015-08-03,26.059999,26.059999,26.059999,26.059999,000,26.059999
2015-07-31,25.84,26.059999,25.84,26.059999,2100,26.059999
2015-07-30,25.91,25.91,25.91,25.91,200,25.91
2015-07-29,26.07,26.07,26.049999,26.049999,2000,26.049999
2015-07-28,26.10,26.219999,26.10,26.15,1700,26.15
2015-07-27,26.
200001,26.200001,26.200001,26.200001,200,26.200001
2015-07-24,26.209999,26.209999,26.00,26.190001,900,26.190001
2015-07-23,25.99,26.00,25.99,26.00,300,26.00
2015-07-22,25.969999,25.969999,25.90,25.950001,1600,25.950001
2015-07-21,25.780001,26.17,25.780001,26.00,900,26.00
2015-07-20,26.00,26.01,25.90,26.01,3100,26.01
2015-07-17,26.00,26.049999,26.00,26.049999,1100,26.049999
2015-07-16,25.889999,25.90,25.84,25.90,2800,25.90
2015-07-15,25.83,25.83,25.83,25.83,000,25.83
2015-07-14,25.83,25.83,25.83,25.83,500,25.83
2015-07-13,25.799999,25.82,25.799999,25.82,600,25.82
2015-07-10,25.799999,25.799999,25.690001,25.799999,2200,25.799999
2015-07-09,25.799999,25.83,25.77,25.77,3100,25.77
2015-07-08,25.85,25.85,25.780001,25.85,1000,25.85
2015-07-07,26.00,26.00,26.00,26.00,800,26.00
2015-07-06,25.74,26.10,25.74,25.91,1200,25.91
2015-07-02,25.84,25.84,25.799999,25.799999,1400,25.799999
2015-07-01,26.00,26.00,26.00,26.00,1500,26.00
2015-06-30,26.00,26.049999,26.00,26.049999,1700,26.049999
2015-06-29,25.90,25.90,25.90,25.90,000,25.90
2015-06-26,26.02,26.02,25.90,25.90,1500,25.90
2015-06-25,26.10,26.10,26.10,26.10,000,26.10
2015-06-24,26.00,26.10,26.00,26.10,1000,26.10
2015-06-23,25.90,26.01,25.90,26.01,1300,26.01
2015-06-22,25.719999,25.85,25.719999,25.84,1800,25.84
2015-06-19,25.959999,25.959999,25.959999,25.959999,000,25.959999
2015-06-18,25.959999,25.959999,25.959999,25.959999,300,25.959999
2015-06-17,25.93,25.93,25.93,25.93,000,25.93
2015-06-16,25.93,25.93,25.93,25.93,400,25.93
2015-06-15,25.709999,25.780001,25.700001,25.780001,3400,25.780001
2015-06-12,25.709999,25.709999,25.709999,25.709999,200,25.709999
2015-06-11,25.90,26.049999,25.709999,25.719999,1100,25.719999
2015-06-10,25.719999,25.719999,25.719999,25.719999,000,25.719999
2015-06-09,26.049999,26.10,25.719999,25.719999,1600,25.719999
2015-06-08,25.799999,25.799999,25.799999,25.799999,200,25.799999
2015-06-05,26.18,26.18,25.83,25.85,1600,25.85
2015-06-04,25.809999,26.049999,25.799999,25.799999,2100,25.799999
2015-06-03,25.809999,25.809999,25.809999,25.809999,200,25.809999
2015-06-02,25.799999,25.799999,25.799999,25.799999,000,25.799999
2015-06-01,25.90,25.90,25.799999,25.799999,700,25.799999
2015-05-29,25.799999,25.85,25.799999,25.799999,6100,25.799999
2015-05-28,25.870001,25.870001,25.870001,25.870001,000,25.870001
2015-05-27,25.84,25.870001,25.75,25.870001,3900,25.870001
2015-05-26,25.76,25.84,25.76,25.83,9800,25.83
2015-05-22,25.969999,25.98,25.969999,25.98,400,25.98
2015-05-21,26.00,26.00,25.809999,25.809999,4100,25.809999
2015-05-20,25.860001,25.870001,25.809999,25.809999,2700,25.809999
2015-05-19,25.85,25.90,25.85,25.90,300,25.90
2015-05-18,25.74,25.799999,25.74,25.799999,700,25.799999
2015-05-15,25.66,25.66,25.66,25.66,000,25.66
2015-05-14,25.60,25.68,25.60,25.66,1600,25.66
2015-05-13,26.00,26.00,25.75,25.75,3200,25.75
2015-05-12,26.049999,26.049999,26.00,26.049999,600,26.049999
2015-05-11,26.09,26.09,26.049999,26.049999,400,26.049999
2015-05-08,26.00,26.00,26.00,26.00,600,26.00
2015-05-07,26.00,26.040001,25.719999,25.85,2600,25.85
2015-05-06,26.00,26.00,26.00,26.00,200,26.00
2015-05-05,26.01,26.299999,26.01,26.01,4700,26.01
2015-05-04,26.00,26.10,25.950001,26.01,5400,26.01
2015-05-01,26.299999,26.299999,26.00,26.00,1600,26.00
2015-04-30,26.00,26.27,26.00,26.27,4100,26.27
2015-04-29,26.379999,26.40,26.00,26.40,3200,26.40
2015-04-28,26.40,26.450001,26.049999,26.35,3600,26.35
2015-04-27,26.040001,26.040001,26.040001,26.040001,800,26.040001
2015-04-24,26.25,26.25,26.040001,26.16,2400,26.16
2015-04-23,26.35,26.35,26.10,26.110001,3300,26.110001
2015-04-22,26.219999,26.530001,26.219999,26.35,6200,26.35
2015-04-21,25.91,26.33,25.91,26.299999,8700,26.299999
2015-04-20,26.200001,26.34,26.200001,26.290001,4200,26.290001
2015-04-17,25.950001,26.200001,25.950001,26.15,5300,26.15
2015-04-16,25.90,25.90,25.90,25.90,200,25.90
2015-04-15,25.99,25.99,25.99,25.99,000,25.99
2015-04-14,25.74,25.99,25.74,25.99,1800,25.99
2015-04-13,25.77,25.82,25.700001,25.700001,9500,25.700001
2015-04-10,25.99,25.99,25.99,25.99,500,25.99
2015-04-09,26.18,26.18,25.99,26.00,1700,26.00
2015-04-08,25.870001,26.049999,25.870001,26.00,1400,26.00
2015-04-07,26.02,26.10,25.860001,26.10,5100,26.10
2015-04-06,26.00,26.08,26.00,26.08,1900,26.08
2015-04-02,26.10,26.190001,26.10,26.18,1500,26.18
2015-04-01,26.08,26.10,26.08,26.10,300,26.10
2015-03-31,26.120001,26.120001,26.00,26.00,4400,26.00
2015-03-30,26.280001,26.280001,26.280001,26.280001,600,26.280001
2015-03-27,26.08,26.08,26.08,26.08,400,26.08
2015-03-26,26.08,26.08,26.08,26.08,000,26.08
2015-03-25,26.08,26.08,26.08,26.08,000,26.08
2015-03-24,26.08,26.08,26.08,26.08,500,26.08
2015-03-23,25.959999,26.360001,25.76,25.76,4600,25.76
2015-03-20,25.75,26.00,25.67,25.879999,1500,25.879999
2015-03-19,25.959999,25.959999,25.950001,25.950001,700,25.950001
2015-03-18,25.940001,25.940001,25.940001,25.940001,000,25.940001
2015-03-17,25.940001,25.940001,25.940001,25.940001,400,25.940001
2015-03-16,25.950001,25.950001,25.93,25.93,300,25.93
2015-03-13,25.719999,25.75,25.719999,25.75,1400,25.75
2015-03-12,25.799999,25.889999,25.629999,25.75,2500,25.75
2015-03-11,25.610001,25.610001,25.610001,25.610001,000,25.610001
2015-03-10,25.84,25.84,25.84,25.84,000,25.84
2015-03-09,25.719999,25.84,25.60,25.84,1900,25.84
2015-03-06,25.67,25.719999,25.629999,25.629999,4
200,25.629999
2015-03-05,25.950001,26.299999,25.75,25.799999,2700,25.799999
2015-03-04,25.709999,25.85,25.60,25.639999,3900,25.639999
2015-03-03,25.75,26.00,25.700001,25.700001,3200,25.700001
2015-03-02,25.75,25.82,25.75,25.75,5200,25.75
2015-02-27,25.75,25.75,25.65,25.75,2800,25.75
2015-02-26,25.66,25.75,25.65,25.65,24600,25.65
2015-02-25,25.74,25.74,25.74,25.74,300,25.74
2015-02-24,25.58,25.58,25.58,25.58,200,25.58
2015-02-23,25.940001,25.950001,25.940001,25.950001,600,25.950001
2015-02-20,25.299999,25.299999,25.299999,25.299999,000,25.299999
2015-02-19,25.26,25.26,25.26,25.26,000,25.26
2015-02-18,25.60,25.60,25.60,25.60,000,25.60
2015-02-17,25.65,25.65,25.60,25.60,400,25.60
2015-02-13,25.65,25.65,25.65,25.65,600,25.65
2015-02-12,25.59,25.60,25.59,25.60,600,25.60
2015-02-11,25.48,25.549999,25.440001,25.549999,7300,25.549999
2015-02-10,25.85,25.940001,25.85,25.940001,1700,25.940001
2015-02-09,25.85,25.85,25.85,25.85,500,25.85
2015-02-06,25.790001,25.790001,25.790001,25.790001,000,25.790001
2015-02-05,25.83,25.83,25.77,25.790001,2300,25.790001
2015-02-04,25.85,25.85,25.83,25.83,300,25.83
2015-02-03,25.77,25.82,25.77,25.82,1200,25.82
2015-02-02,25.82,25.860001,25.799999,25.84,1300,25.84
2015-01-30,25.82,25.82,25.82,25.82,000,25.82
2015-01-29,25.85,25.85,25.82,25.82,1700,25.82
2015-01-28,25.77,25.77,25.76,25.76,800,25.76
2015-01-27,25.780001,25.780001,25.77,25.780001,800,25.780001
2015-01-26,25.719999,25.719999,25.719999,25.719999,000,25.719999
2015-01-23,25.719999,25.719999,25.719999,25.719999,600,25.719999
2015-01-22,25.58,25.58,25.58,25.58,1700,25.58
2015-01-21,25.60,25.60,25.60,25.60,000,25.60
2015-01-20,25.530001,25.530001,25.530001,25.530001,000,25.530001
2015-01-16,25.57,25.719999,25.50,25.530001,4000,25.530001
2015-01-15,25.700001,25.950001,25.379999,25.42,17500,25.42
2015-01-14,25.66,25.75,25.65,25.700001,1600,25.700001
2015-01-13,25.719999,25.719999,25.700001,25.700001,1100,25.700001
2015-01-12,25.709999,25.75,25.700001,25.719999,2800,25.719999
2015-01-09,25.90,25.90,25.90,25.90,700,25.90
2015-01-08,25.889999,25.90,25.60,25.90,1600,25.90
2015-01-07,25.950001,25.950001,25.950001,25.950001,1200,25.950001
2015-01-06,25.76,25.76,25.75,25.75,4100,25.75
2015-01-05,25.77,25.77,25.77,25.77,000,25.77
2015-01-02,25.75,25.75,25.75,25.75,000,25.75
2014-12-31,25.75,25.75,25.75,25.75,1000,25.75
2014-12-30,25.75,25.75,25.75,25.75,000,25.75
2014-12-29,25.75,25.75,25.75,25.75,900,25.75
2014-12-26,25.75,25.75,25.75,25.75,500,25.75
2014-12-24,25.75,25.75,25.75,25.75,000,25.75
2014-12-23,25.75,25.75,25.75,25.75,000,25.75
2014-12-22,25.799999,25.799999,25.75,25.75,500,25.75
2014-12-19,25.809999,25.85,25.73,25.75,1200,25.75
2014-12-18,25.280001,25.280001,25.280001,25.280001,000,25.280001
2014-12-17,25.280001,25.280001,25.280001,25.280001,200,25.280001
2014-12-16,25.23,25.23,25.18,25.18,1300,25.18
2014-12-15,25.370001,25.51,25.129999,25.129999,1900,25.129999
2014-12-12,25.379999,25.379999,25.379999,25.379999,000,25.379999
2014-12-11,25.379999,25.379999,25.379999,25.379999,000,25.379999
2014-12-10,25.60,25.60,25.60,25.60,000,25.60
2014-12-09,25.59,25.700001,25.549999,25.60,3800,25.60
2014-12-08,25.41,25.75,25.309999,25.309999,5800,25.309999
2014-12-05,25.40,25.530001,25.40,25.530001,700,25.530001
2014-12-04,25.709999,25.709999,25.48,25.48,2100,25.48
2014-12-03,25.82,25.82,25.82,25.82,700,25.82
2014-12-02,25.60,25.60,25.309999,25.59,10300,25.59
2014-12-01,25.60,25.60,25.60,25.60,000,25.60
2014-11-28,25.60,25.60,25.60,25.60,000,25.60
2014-11-26,25.370001,25.74,25.370001,25.60,4300,25.60
2014-11-25,25.540001,25.540001,25.360001,25.370001,1200,25.370001
2014-11-24,25.27,25.360001,25.25,25.35,5500,25.35
2014-11-21,25.379999,25.42,25.219999,25.379999,3500,25.379999
2014-11-20,25.41,25.41,25.41,25.41,400,25.41
2014-11-19,25.26,25.440001,25.25,25.440001,4500,25.440001
2014-11-18,25.24,25.440001,25.23,25.43,1300,25.43
2014-11-17,25.17,25.17,25.17,25.17,000,25.17
2014-11-14,25.450001,25.450001,25.17,25.17,9700,25.17
2014-11-13,25.32,25.450001,25.32,25.379999,17400,25.379999
2014-11-12,25.75,25.75,25.75,25.75,000,25.75
2014-11-11,25.85,25.85,25.690001,25.75,5700,25.265999
2014-11-10,25.719999,25.85,25.719999,25.85,1200,25.36412
2014-11-07,25.68,25.799999,25.68,25.799999,400,25.315059
2014-11-06,25.700001,25.700001,25.700001,25.700001,000,25.21694
2014-11-05,25.700001,25.700001,25.700001,25.700001,000,25.21694
2014-11-04,25.85,25.879999,25.690001,25.700001,2600,25.21694
2014-11-03,25.84,25.85,25.65,25.65,1000,25.167878
2014-10-31,25.450001,25.85,25.450001,25.620001,10900,25.138444
2014-10-30,25.50,25.50,25.42,25.450001,1500,24.971639
2014-10-29,25.60,25.60,25.50,25.60,2300,25.118819
2014-10-28,25.59,25.60,25.59,25.60,700,25.118819
2014-10-27,25.60,25.60,25.57,25.59,4900,25.109007
2014-10-24,25.59,25.59,25.59,25.59,600,25.109007
2014-10-23,25.50,25.620001,25.50,25.620001,1900,25.138444
2014-10-22,25.59,25.620001,25.58,25.59,5300,25.109007
2014-10-21,25.379999,25.59,25.370001,25.59,1900,25.109007
2014-10-20,25.18,25.25,25.18,25.25,1000,24.775397
2014-10-17,25.25,25.309999,25.25,25.26,1700,24.78521
2014-10-16,25.08,25.25,25.049999,25.10,6800,24.628217
2014-10-15,25.08,25.209999,25.030001,25.209999,1100,24.736148
2014-10-14,25.190001,25.190001,25.09,25.10,3100,24.628217
2014-10-13,25.209999,25.209999,25.00,25.00,6200,24
.530096
2014-10-10,25.50,25.50,25.27,25.27,1100,24.795022
2014-10-09,25.440001,25.440001,25.440001,25.440001,000,24.961827
2014-10-08,25.299999,25.530001,25.299999,25.440001,6500,24.961827
2014-10-07,25.280001,25.57,25.219999,25.57,3300,25.089382
2014-10-06,25.17,25.389999,25.16,25.370001,2000,24.893143
2014-10-03,25.49,25.610001,25.34,25.40,4300,24.922578
2014-10-02,25.40,25.799999,25.360001,25.610001,8700,25.128631
2014-10-01,25.389999,25.389999,25.389999,25.389999,000,24.912765
2014-09-30,25.25,25.41,25.25,25.389999,1700,24.912765
2014-09-29,25.129999,25.129999,25.120001,25.120001,600,24.647842
2014-09-26,25.129999,25.27,25.129999,25.219999,2300,24.745961
2014-09-25,25.23,25.23,25.129999,25.129999,900,24.657652
2014-09-24,25.40,25.40,25.219999,25.219999,1600,24.745961
2014-09-23,25.17,25.17,25.17,25.17,400,24.696901
2014-09-22,25.25,25.280001,25.17,25.17,1200,24.696901
2014-09-19,25.190001,25.190001,25.190001,25.190001,000,24.716526
2014-09-18,25.190001,25.190001,25.190001,25.190001,400,24.716526
2014-09-17,25.129999,25.200001,25.10,25.129999,6700,24.657652
2014-09-16,25.40,25.40,24.49,25.23,5900,24.755773
2014-09-15,25.40,25.40,25.40,25.40,000,24.922578
2014-09-12,25.540001,25.540001,25.40,25.40,2900,24.922578
2014-09-11,25.639999,25.639999,25.40,25.40,1400,24.922578
2014-09-10,25.35,25.35,25.35,25.35,000,24.873518
2014-09-09,25.440001,25.49,25.299999,25.35,4300,24.873518
2014-09-08,25.440001,25.459999,25.440001,25.450001,2700,24.971639
2014-09-05,25.57,25.65,25.57,25.57,800,25.089382
2014-09-04,25.60,25.700001,25.60,25.60,6600,25.118819
2014-09-03,25.549999,25.549999,25.549999,25.549999,000,25.069758
2014-09-02,25.700001,25.700001,25.549999,25.549999,4100,25.069758
2014-08-29,25.68,25.799999,25.68,25.74,2800,25.256187
2014-08-28,25.59,25.73,25.50,25.67,3600,25.187503
2014-08-27,25.75,25.75,25.530001,25.530001,3900,25.050135
2014-08-26,25.549999,25.549999,25.50,25.50,1200,25.020698
2014-08-25,25.530001,25.540001,25.530001,25.540001,200,25.059947
2014-08-22,25.34,25.700001,25.34,25.68,6000,25.197315
2014-08-21,25.690001,25.700001,25.68,25.68,2100,25.197315
2014-08-20,25.60,25.60,25.299999,25.49,7100,25.010886
2014-08-19,25.799999,25.85,25.549999,25.60,1900,25.118819
2014-08-18,25.92,25.92,25.51,25.75,3700,25.265999
2014-08-15,25.50,25.540001,25.50,25.540001,800,25.059947
2014-08-14,25.620001,25.620001,25.620001,25.620001,000,25.138444
2014-08-13,25.530001,26.10,25.23,25.620001,6300,25.138444
2014-08-12,25.73,25.99,25.73,25.99,13500,25.026587
2014-08-11,25.73,25.969999,25.73,25.860001,3700,24.901406
2014-08-08,25.74,25.76,25.74,25.74,5100,24.785854
2014-08-07,25.540001,25.940001,25.540001,25.940001,1200,24.978441
2014-08-06,25.65,25.700001,25.65,25.700001,2700,24.747338
2014-08-05,25.68,25.68,25.66,25.68,1600,24.728079
2014-08-04,25.67,25.67,25.67,25.67,000,24.718449
2014-08-01,25.67,25.67,25.67,25.67,000,24.718449
2014-07-31,25.67,25.67,25.67,25.67,000,24.718449
2014-07-30,25.25,25.67,25.23,25.67,4400,24.718449
2014-07-29,25.66,25.66,25.65,25.65,1200,24.69919
2014-07-28,25.65,25.65,25.65,25.65,200,24.69919
2014-07-25,25.60,25.629999,25.60,25.60,1400,24.651044
2014-07-24,25.559999,25.60,25.559999,25.60,1300,24.651044
2014-07-23,25.59,25.59,25.559999,25.57,3500,24.622155
2014-07-22,25.639999,25.68,25.540001,25.65,2500,24.69919
2014-07-21,25.66,25.66,25.66,25.66,100,24.708819
2014-07-18,25.49,25.67,25.49,25.60,3600,24.651044
2014-07-17,25.549999,25.68,25.549999,25.58,1400,24.631785
2014-07-16,25.66,25.67,25.40,25.66,65900,24.708819
2014-07-15,25.440001,25.700001,25.42,25.60,14500,24.651044
2014-07-14,25.74,25.75,25.50,25.700001,2400,24.747338
2014-07-11,25.42,25.42,25.42,25.42,2300,24.477716
2014-07-10,25.610001,25.700001,25.610001,25.700001,2000,24.747338
2014-07-09,25.58,25.65,25.58,25.620001,3600,24.670303
2014-07-08,25.41,25.469999,25.41,25.469999,1800,24.525862
2014-07-07,25.59,25.60,25.42,25.43,10400,24.487346
2014-07-03,25.58,25.639999,25.58,25.639999,700,24.68956
2014-07-02,25.459999,25.459999,25.459999,25.459999,000,24.516232
2014-07-01,25.389999,25.709999,25.389999,25.459999,1200,24.516232
2014-06-30,25.48,25.48,25.34,25.459999,4900,24.516232
2014-06-27,25.379999,25.41,25.379999,25.40,8900,24.458457
2014-06-26,25.389999,25.42,25.370001,25.389999,3700,24.448828
2014-06-25,25.40,25.40,25.360001,25.389999,1200,24.448828
2014-06-24,25.450001,25.60,25.33,25.43,7000,24.487346
2014-06-23,25.32,25.34,25.299999,25.34,6600,24.400682
2014-06-20,25.139999,25.49,25.139999,25.49,1500,24.545121
2014-06-19,25.389999,25.49,25.379999,25.49,3000,24.545121
2014-06-18,25.379999,25.389999,25.379999,25.389999,1000,24.448828
2014-06-17,25.33,25.
42,25.33,25.389999,1100,24.448828
2014-06-16,25.27,25.299999,25.27,25.299999,600,24.362164
2014-06-13,25.25,25.290001,25.25,25.26,3800,24.323647
2014-06-12,25.299999,25.309999,25.24,25.24,3000,24.304388
2014-06-11,25.74,25.74,25.450001,25.450001,1400,24.506605
2014-06-10,25.57,25.57,25.299999,25.299999,2400,24.362164
2014-06-09,25.309999,25.309999,25.309999,25.309999,400,24.371793
2014-06-06,25.40,25.40,25.40,25.40,100,24.458457
2014-06-05,25.60,25.60,25.35,25.50,1400,24.554751
2014-06-04,25.32,25.35,25.299999,25.299999,5600,24.362164
2014-06-03,25.35,25.40,25.33,25.360001,4200,24.419941
2014-06-02,25.48,25.57,25.459999,25.459999,3000,24.516232
2014-05-30,25.620001,25.620001,25.620001,25.620001,000,24.670303
2014-05-29,25.35,25.620001,25.35,25.620001,2700,24.670303
2014-05-28,25.26,25.41,25.26,25.389999,3000,24.448828
2014-05-27,25.26,25.299999,25.23,25.26,2400,24.323647
2014-05-23,25.219999,25.35,25.219999,25.35,300,24.410311
2014-05-22,25.41,25.41,25.41,25.41,000,24.468087
2014-05-21,25.35,25.76,25.219999,25.41,12500,24.468087
2014-05-20,25.379999,25.379999,25.33,25.33,2000,24.391052
2014-05-19,25.35,25.370001,25.35,25.360001,1600,24.419941
2014-05-16,25.25,25.25,25.25,25.25,000,24.314018
2014-05-15,25.360001,25.370001,25.15,25.25,3500,24.314018
2014-05-14,25.10,25.370001,25.10,25.370001,5200,24.42957
2014-05-13,25.10,25.389999,25.10,25.389999,1500,24.448828
2014-05-12,25.700001,25.959999,25.65,25.73,4200,24.310164
2014-05-09,25.940001,26.00,25.90,26.00,7400,24.565265
2014-05-08,25.84,26.25,25.84,25.959999,6600,24.527472
2014-05-07,25.719999,25.85,25.719999,25.85,4900,24.423543
2014-05-06,25.58,25.780001,25.58,25.780001,2400,24.357406
2014-05-05,25.450001,25.52,25.450001,25.52,2900,24.111753
2014-05-02,25.40,25.43,25.389999,25.43,6000,24.02672
2014-05-01,25.219999,25.42,25.219999,25.42,7400,24.017271
2014-04-30,25.17,25.219999,25.17,25.219999,2200,23.828307
2014-04-29,25.10,25.209999,25.10,25.209999,1600,23.818858
2014-04-28,25.200001,25.200001,25.129999,25.129999,2400,23.743273
2014-04-25,25.10,25.200001,24.959999,25.16,19100,23.771618
2014-04-24,25.059999,25.08,25.049999,25.08,2200,23.696033
2014-04-23,25.16,25.16,25.07,25.07,3600,23.686584
2014-04-22,25.190001,25.23,24.73,25.01,9800,23.629896
2014-04-21,25.120001,25.25,25.110001,25.25,2700,23.856652
2014-04-17,25.120001,25.120001,25.120001,25.120001,700,23.733826
2014-04-16,25.129999,25.17,25.120001,25.17,1900,23.781067
2014-04-15,25.200001,25.200001,25.120001,25.139999,3100,23.752721
2014-04-14,25.32,25.32,25.32,25.32,100,23.922789
2014-04-11,25.219999,25.219999,25.219999,25.219999,200,23.828307
2014-04-10,25.26,25.41,25.25,25.379999,2200,23.979478
2014-04-09,25.15,25.370001,25.15,25.209999,1000,23.818858
2014-04-08,25.10,25.10,25.10,25.10,300,23.71493
2014-04-07,25.049999,25.35,25.049999,25.35,500,23.951134
2014-04-04,25.10,25.10,25.10,25.10,000,23.71493
2014-04-03,25.120001,25.15,25.10,25.10,2600,23.71493
2014-04-02,25.15,25.299999,25.120001,25.200001,9600,23.809412
2014-04-01,25.02,25.129999,25.02,25.07,1000,23.686584
2014-03-31,25.24,25.42,25.24,25.24,2300,23.847204
2014-03-28,25.389999,25.389999,25.389999,25.389999,400,23.988926
2014-03-27,25.389999,25.389999,25.389999,25.389999,000,23.988926
2014-03-26,25.389999,25.389999,25.389999,25.389999,000,23.988926
2014-03-25,25.25,25.389999,25.200001,25.389999,4400,23.988926
2014-03-24,25.35,25.35,25.34,25.35,1800,23.951134
2014-03-21,25.049999,25.299999,25.02,25.299999,1100,23.903892
2014-03-20,25.209999,25.209999,25.209999,25.209999,000,23.818858
2014-03-19,25.049999,25.370001,25.01,25.209999,33900,23.818858
2014-03-18,25.059999,25.290001,25.059999,25.25,1800,23.856652
2014-03-17,25.200001,25.209999,25.01,25.01,1500,23.629896
2014-03-14,25.110001,25.200001,25.10,25.200001,2800,23.809412
2014-03-13,25.200001,25.200001,25.120001,25.16,1000,23.771618
2014-03-12,24.99,25.15,24.870001,25.129999,6500,23.743273
2014-03-11,24.85,25.10,24.85,25.01,2700,23.629896
2014-03-10,24.969999,25.18,24.860001,25.18,2700,23.790515
2014-03-07,25.24,25.24,24.940001,25.00,800,23.620448
2014-03-06,24.98,25.00,24.98,25.00,4600,23.620448
2014-03-05,24.799999,25.00,24.799999,24.950001,1500,23.573207
2014-03-04,25.030001,25.030001,24.85,24.85,5300,23.478725
2014-03-03,24.99,24.99,24.99,24.99,600,23.610999
2014-02-28,24.99,25.00,24.90,24.950001,574300,23.573207
2014-02-27,25.00,25.00,24.98,24.98,700,23.601551
2014-02-26,24.65,24.99,24.65,24.99,6700,23.610999
2014-02-25,24.83,24.98,24.83,24.85,1100,23.478725
2014-02-24,24.959999,24.99,24.73
,24.799999,2600,23.431483
2014-02-21,24.92,24.92,24.92,24.92,300,23.544862
2014-02-20,25.10,25.10,24.799999,24.799999,900,23.431483
2014-02-19,24.780001,24.780001,24.76,24.780001,900,23.412588
2014-02-18,25.299999,25.299999,24.90,24.92,3400,23.544862
2014-02-14,24.67,24.90,24.629999,24.90,7300,23.525965
2014-02-13,24.66,24.67,24.66,24.67,1800,23.308658
2014-02-12,24.540001,24.65,24.530001,24.639999,9600,23.280312
2014-02-11,24.98,25.030001,24.950001,24.959999,4700,23.125362
2014-02-10,24.98,24.98,24.84,24.950001,5800,23.116099
2014-02-07,24.780001,25.049999,24.780001,24.950001,3900,23.116099
2014-02-06,25.110001,25.110001,24.60,24.790001,11400,22.96786
2014-02-05,24.98,25.15,24.74,24.84,4000,23.014184
2014-02-04,25.309999,25.34,24.85,24.98,3500,23.143893
2014-02-03,25.10,25.299999,24.90,25.299999,2600,23.440371
2014-01-31,25.200001,25.200001,25.200001,25.200001,2100,23.347723
2014-01-30,25.049999,25.200001,25.049999,25.200001,4400,23.347723
2014-01-29,25.219999,25.219999,24.84,25.00,4200,23.162423
2014-01-28,24.790001,24.84,24.790001,24.84,1000,23.014184
2014-01-27,24.610001,24.809999,24.610001,24.809999,1200,22.986388
2014-01-24,24.809999,24.809999,24.52,24.790001,2300,22.96786
2014-01-23,24.75,24.790001,24.75,24.790001,2800,22.96786
2014-01-22,24.74,24.790001,24.66,24.66,3100,22.847414
2014-01-21,24.620001,24.76,24.620001,24.76,1300,22.940064
2014-01-17,24.639999,24.76,24.639999,24.76,4600,22.940064
2014-01-16,24.709999,24.73,24.559999,24.60,2400,22.791825
2014-01-15,24.639999,24.709999,24.469999,24.700001,9100,22.884475
2014-01-14,24.43,24.60,24.43,24.60,6000,22.791825
2014-01-13,24.309999,24.309999,24.299999,24.309999,800,22.52314
2014-01-10,24.25,24.49,24.16,24.280001,5400,22.495346
2014-01-09,24.34,24.35,24.129999,24.23,2000,22.44902
2014-01-08,24.35,24.35,24.35,24.35,300,22.5602
2014-01-07,24.25,24.370001,24.209999,24.32,2100,22.532405
2014-01-06,24.00,24.290001,24.00,24.190001,3600,22.411961
2014-01-03,24.049999,24.32,23.82,24.24,10900,22.458285
2014-01-02,24.110001,24.139999,23.77,23.98,16800,22.217396
2013-12-31,24.10,24.40,24.10,24.40,2300,22.606525
2013-12-30,24.10,24.209999,24.059999,24.200001,1900,22.421226
2013-12-27,24.10,24.440001,24.10,24.120001,1400,22.347107
2013-12-26,24.02,24.40,24.02,24.360001,4700,22.569466
2013-12-24,24.450001,24.450001,24.00,24.00,8700,22.235926
2013-12-23,24.469999,24.469999,24.450001,24.450001,700,22.65285
2013-12-20,24.40,24.41,24.40,24.41,2400,22.61579
2013-12-19,24.209999,24.26,24.049999,24.049999,5300,22.28225
2013-12-18,24.309999,24.35,24.200001,24.209999,10300,22.43049
2013-12-17,24.43,24.43,24.35,24.35,1800,22.5602
2013-12-16,24.41,24.690001,24.35,24.35,7400,22.5602
2013-12-13,24.49,24.629999,24.49,24.629999,1700,22.819618
2013-12-12,24.110001,24.42,24.10,24.42,3000,22.625055
2013-12-11,24.08,24.42,23.780001,24.42,12100,22.625055
2013-12-10,24.40,24.450001,24.40,24.450001,700,22.65285
2013-12-09,24.290001,24.469999,24.290001,24.469999,700,22.671379
2013-12-06,24.48,24.49,24.17,24.469999,3000,22.671379
2013-12-05,24.450001,24.450001,24.280001,24.450001,1600,22.65285
2013-12-04,24.530001,24.530001,24.190001,24.450001,8500,22.65285
2013-12-03,24.73,24.73,24.469999,24.700001,2400,22.884475
2013-12-02,24.60,24.73,24.34,24.73,7600,22.912268
2013-11-29,24.68,24.690001,24.60,24.690001,1400,22.87521
2013-11-27,24.65,24.67,24.65,24.67,1500,22.856679
2013-11-26,24.48,24.67,24.450001,24.67,1300,22.856679
2013-11-25,24.52,24.540001,24.200001,24.360001,3700,22.569466
2013-11-22,24.549999,24.65,24.549999,24.65,1000,22.838149
2013-11-21,24.60,24.66,24.58,24.65,2600,22.838149
2013-11-20,24.52,24.58,24.459999,24.58,1900,22.773294
2013-11-19,24.719999,24.719999,24.49,24.51,7400,22.70844
2013-11-18,24.549999,24.74,24.549999,24.73,2500,22.912268
2013-11-15,24.51,24.74,24.50,24.74,1900,22.921534
2013-11-14,24.74,24.74,24.280001,24.700001,9000,22.884475
2013-11-13,24.790001,24.790001,24.219999,24.75,4500,22.930799
2013-11-12,25.110001,25.190001,25.10,25.190001,3900,22.890035
2013-11-11,25.07,25.07,25.07,25.07,000,22.78099
2013-11-08,25.139999,25.
200001,25.02,25.07,9400,22.78099
2013-11-07,25.120001,25.15,25.09,25.15,4800,22.853686
2013-11-06,25.09,25.10,24.82,24.82,3200,22.553817
2013-11-05,25.049999,25.110001,24.969999,24.99,2100,22.708295
2013-11-04,25.01,25.01,25.01,25.01,000,22.726469
2013-11-01,25.01,25.07,25.01,25.01,1000,22.726469
2013-10-31,25.01,25.08,25.00,25.08,1800,22.790078
2013-10-30,25.049999,25.07,25.00,25.07,4200,22.78099
2013-10-29,24.940001,25.07,24.940001,25.049999,2600,22.762816
2013-10-28,24.92,25.139999,24.709999,25.059999,8100,22.771903
2013-10-25,24.92,24.92,24.92,24.92,700,22.644686
2013-10-24,24.940001,24.940001,24.870001,24.870001,1100,22.599252
2013-10-23,24.83,24.92,24.83,24.91,5600,22.635599
2013-10-22,24.98,24.98,24.67,24.709999,12600,22.45386
2013-10-21,24.99,25.190001,24.99,25.190001,4200,22.890035
2013-10-18,24.90,24.99,24.90,24.99,3000,22.708295
2013-10-17,24.790001,24.959999,24.709999,24.950001,3600,22.671948
2013-10-16,24.610001,24.790001,24.610001,24.790001,2800,22.526557
2013-10-15,24.67,24.690001,24.67,24.68,1400,22.4266
2013-10-14,24.799999,24.799999,24.799999,24.799999,1000,22.535642
2013-10-11,24.75,24.82,24.75,24.799999,600,22.535642
2013-10-10,24.83,24.83,24.780001,24.799999,2800,22.535642
2013-10-09,24.639999,24.65,24.559999,24.620001,4300,22.372079
2013-10-08,24.85,24.85,24.85,24.85,700,22.581078
2013-10-07,24.700001,24.85,24.700001,24.85,2100,22.581078
2013-10-04,24.92,24.99,24.860001,24.860001,8100,22.590165
2013-10-03,24.950001,24.950001,24.950001,24.950001,400,22.671948
2013-10-02,24.92,24.959999,24.889999,24.90,5700,22.626512
2013-10-01,25.01,25.040001,25.01,25.040001,1000,22.753731
2013-09-30,25.00,25.01,24.940001,25.00,1200,22.717382
2013-09-27,25.040001,25.040001,24.77,25.00,7900,22.717382
2013-09-26,24.809999,24.809999,24.76,24.799999,1800,22.535642
2013-09-25,24.860001,24.860001,24.860001,24.860001,000,22.590165
2013-09-24,24.780001,24.860001,24.77,24.860001,400,22.590165
2013-09-23,24.90,25.040001,24.90,25.030001,5100,22.744643
2013-09-20,24.91,24.950001,24.91,24.92,1200,22.644686
2013-09-19,24.90,24.99,24.90,24.99,4400,22.708295
2013-09-18,25.00,25.01,24.889999,24.889999,1400,22.617425
2013-09-17,24.74,25.09,24.74,24.90,6200,22.626512
2013-09-16,24.65,24.84,24.65,24.73,3000,22.472034
2013-09-13,24.76,24.76,24.559999,24.74,9700,22.481121
2013-09-12,24.83,24.83,24.75,24.780001,2200,22.51747
2013-09-11,24.799999,24.799999,24.77,24.77,4100,22.508383
2013-09-10,24.85,24.98,24.60,24.799999,7000,22.535642
2013-09-09,24.950001,24.959999,24.780001,24.82,2700,22.553817
2013-09-06,24.559999,24.91,24.559999,24.91,2900,22.635599
2013-09-05,24.950001,24.950001,24.780001,24.879999,800,22.608338
2013-09-04,25.01,25.02,25.00,25.01,2200,22.726469
2013-09-03,24.99,24.99,24.99,24.99,000,22.708295
2013-08-30,24.99,24.99,24.99,24.99,000,22.708295
2013-08-29,24.799999,25.07,24.709999,24.99,5500,22.708295
2013-08-28,25.07,25.07,24.73,24.73,1400,22.472034
2013-08-27,25.01,25.01,25.01,25.01,400,22.726469
2013-08-26,25.00,25.00,24.870001,24.99,5900,22.708295
2013-08-23,24.959999,24.959999,24.91,24.92,800,22.644686
2013-08-22,24.610001,25.030001,24.610001,24.99,3400,22.708295
2013-08-21,24.91,24.91,24.65,24.780001,14500,22.51747
2013-08-20,25.00,25.07,24.90,24.91,4600,22.635599
2013-08-19,24.90,25.07,24.889999,25.00,4100,22.717382
2013-08-16,24.90,25.00,24.90,24.90,4000,22.626512
2013-08-15,24.90,24.90,24.85,24.85,6000,22.581078
2013-08-14,24.91,24.91,24.85,24.889999,11500,22.617425
2013-08-13,24.99,24.99,24.860001,24.950001,7700,22.671948
2013-08-12,25.440001,25.48,25.07,25.459999,8000,22.695572
2013-08-09,25.48,25.48,25.10,25.43,2900,22.668831
2013-08-08,25.200001,25.43,25.18,25.43,2000,22.668831
2013-08-07,25.24,25.24,25.15,25.200001,1200,22.463804
2013-08-06,25.07,25.370001,25.049999,25.190001,6600,22.45489
2013-08-05,25.200001,25.389999,25.07,25.07,4700,22.347919
2013-08-02,25.129999,25.129999,25.10,25.10,5700,22.374662
2013-08-01,25.219999,25.219999,25.10,25.10,3000,22.374662
2013-07-31,25.110001,25.48,25.110001,25.209999,4200,22.472717
2013-07-30,25.23,25.27,24.99,25.27,3800,22.526204
2013-07-29,25.27,25.27,25.27,25.27,600,22.526204
2013-07-26,25.32,25.33,25.26,25.299999,2800,22.552945
2013-07-25,25.51,25.629999,25.040001,25.25,16000,22.508375
2013-07-24,25.610001,25.700001,25.610001,25.700001,3400,22.909515
2013-07-23,25.57,25.68,25.41,25.68,2000,22.8
91686
2013-07-22,25.68,25.68,25.309999,25.309999,8200,22.56186
2013-07-19,25.59,25.639999,25.52,25.639999,3500,22.856028
2013-07-18,25.49,25.58,25.49,25.549999,17700,22.7758
2013-07-17,25.40,25.50,25.379999,25.469999,7700,22.704487
2013-07-16,25.40,25.40,25.299999,25.40,5100,22.642088
2013-07-15,25.49,25.50,25.40,25.41,5900,22.651002
2013-07-12,25.40,25.50,25.40,25.50,3700,22.73123
2013-07-11,25.40,25.57,25.40,25.50,11000,22.73123
2013-07-10,25.40,25.40,25.370001,25.389999,2100,22.633173
2013-07-09,25.389999,25.389999,25.379999,25.389999,400,22.633173
2013-07-08,25.309999,25.709999,25.309999,25.65,700,22.864943
2013-07-05,25.549999,25.549999,25.26,25.309999,2400,22.56186
2013-07-03,25.43,25.43,25.309999,25.309999,300,22.56186
2013-07-02,25.629999,25.65,25.620001,25.65,12400,22.864943
2013-07-01,25.450001,25.65,25.450001,25.629999,1900,22.847114
2013-06-28,25.58,25.620001,25.309999,25.33,28100,22.579688
2013-06-27,25.129999,25.299999,25.129999,25.280001,8800,22.535118
2013-06-26,25.02,25.16,24.950001,25.129999,2800,22.401403
2013-06-25,25.10,25.17,24.790001,24.85,16200,22.151807
2013-06-24,25.059999,25.10,24.76,25.00,18900,22.28552
2013-06-21,25.110001,25.110001,25.08,25.08,2400,22.356833
2013-06-20,25.67,25.67,25.02,25.48,7900,22.713401
2013-06-19,26.09,26.09,25.67,25.67,2000,22.882772
2013-06-18,25.98,26.23,25.530001,26.209999,6600,23.364138
2013-06-17,26.190001,26.23,25.969999,25.969999,4400,23.150197
2013-06-14,25.92,25.959999,25.92,25.92,1100,23.105627
2013-06-13,25.209999,25.98,25.209999,25.40,2200,22.642088
2013-06-12,25.65,25.700001,25.50,25.68,9900,22.891686
2013-06-11,25.860001,25.860001,25.219999,25.700001,13500,22.909515
2013-06-10,25.860001,26.25,25.860001,26.09,2200,23.257168
2013-06-07,25.91,25.91,25.85,25.91,3700,23.096712
2013-06-06,25.32,26.00,25.299999,26.00,6300,23.17694
2013-06-05,25.74,25.75,25.309999,25.32,20400,22.570774
2013-06-04,25.98,25.99,25.75,25.799999,4900,22.998655
2013-06-03,25.719999,26.059999,25.35,26.059999,8000,23.230425
2013-05-31,25.940001,25.969999,25.709999,25.709999,5000,22.918427
2013-05-30,25.799999,25.98,25.77,25.77,9500,22.971914
2013-05-29,25.50,25.85,25.450001,25.77,7300,22.971914
2013-05-28,25.870001,25.99,25.440001,25.719999,16100,22.927342
2013-05-24,26.139999,26.209999,25.790001,25.790001,6900,22.989743
2013-05-23,25.709999,26.00,25.709999,26.00,20200,23.17694
2013-05-22,26.07,26.23,25.98,25.98,3700,23.159111
2013-05-21,25.889999,26.129999,25.889999,26.129999,200,23.292824
2013-05-20,25.809999,26.02,25.77,25.77,3800,22.971914
2013-05-17,26.25,26.25,25.90,25.91,1600,23.096712
2013-05-16,26.00,27.58,26.00,26.129999,5200,23.292824
2013-05-15,25.84,26.25,25.84,26.25,5800,23.399796
2013-05-14,25.719999,25.719999,25.719999,25.719999,5200,22.927342
2013-05-13,25.809999,25.809999,25.610001,25.719999,2800,22.927342
2013-05-10,26.200001,26.219999,26.110001,26.219999,14400,22.941604
2013-05-09,26.200001,26.209999,26.10,26.209999,16700,22.932854
2013-05-08,26.26,26.26,26.190001,26.25,6400,22.967853
2013-05-07,26.15,26.26,26.10,26.26,8300,22.976603
2013-05-06,26.139999,26.26,26.139999,26.23,1300,22.950354
2013-05-03,26.25,26.450001,26.120001,26.120001,3900,22.854109
2013-05-02,26.10,26.49,26.049999,26.25,10100,22.967853
2013-05-01,26.049999,26.190001,26.040001,26.10,7000,22.836609
2013-04-30,25.98,26.09,25.98,26.049999,4800,22.79286
2013-04-29,26.00,26.26,25.92,26.049999,5100,22.79286
2013-04-26,25.870001,26.00,25.870001,26.00,2200,22.749112
2013-04-25,26.00,26.00,25.98,26.00,3000,22.749112
2013-04-24,25.860001,25.969999,25.83,25.969999,4000,22.722862
2013-04-23,25.889999,25.889999,25.66,25.860001,12200,22.626617
2013-04-22,25.85,25.90,25.85,25.90,1900,22.661615
2013-04-19,25.870001,25.950001,25.870001,25.950001,5400,22.705364
2013-04-18,25.889999,25.90,25.799999,25.860001,3700,22.626617
2013-04-17,25.799999,25.889999,25.719999,25.889999,11100,22.652865
2013-04-16,25.73,25.879999,25.719999,25.75,3000,22.530371
2013-04-15,25.75,25.780001,25.68,25.68,5100,22.469123
2013-04-12,25.639999,25.82,25.639999,25.82,1100,22.591618
2013-04-11,25.
68,25.790001,25.60,25.790001,10700,22.56537
2013-04-10,25.940001,25.99,25.90,25.91,1900,22.670365
2013-04-09,25.84,25.84,25.84,25.84,200,22.609118
2013-04-08,25.879999,25.889999,25.629999,25.76,1800,22.53912
2013-04-05,25.690001,25.85,25.67,25.67,7100,22.460373
2013-04-04,25.93,25.99,25.73,25.75,21400,22.530371
2013-04-03,25.940001,25.99,25.93,25.99,3100,22.740362
2013-04-02,26.00,26.00,25.629999,25.99,18700,22.740362
2013-04-01,26.280001,26.280001,25.610001,25.950001,4900,22.705364
2013-03-28,25.549999,25.940001,25.52,25.940001,12000,22.696615
2013-03-27,25.549999,25.75,25.540001,25.540001,7400,22.346629
2013-03-26,25.65,25.65,25.42,25.549999,9700,22.355377
2013-03-25,25.58,25.60,25.43,25.49,3100,22.302879
2013-03-22,25.49,25.50,25.49,25.49,1000,22.302879
2013-03-21,25.549999,25.610001,25.33,25.42,9900,22.241632
2013-03-20,25.41,25.610001,25.23,25.60,6300,22.399126
2013-03-19,25.49,25.59,25.42,25.50,6000,22.311629
2013-03-18,25.58,25.610001,25.33,25.370001,4900,22.197884
2013-03-15,25.40,25.530001,25.40,25.459999,3200,22.27663
2013-03-14,25.58,25.58,25.33,25.40,5600,22.224132
2013-03-13,25.50,25.50,25.370001,25.40,1600,22.224132
2013-03-12,25.530001,25.58,25.440001,25.450001,2100,22.267881
2013-03-11,25.559999,25.559999,25.25,25.25,4300,22.092888
2013-03-08,25.35,25.58,25.309999,25.309999,13000,22.145385
2013-03-07,25.709999,25.709999,25.379999,25.540001,2000,22.346629
2013-03-06,25.540001,25.60,25.280001,25.60,9600,22.399126
2013-03-05,25.299999,25.50,25.299999,25.40,4900,22.224132
2013-03-04,25.35,25.50,25.35,25.50,6300,22.311629
2013-03-01,25.389999,25.50,25.389999,25.50,4700,22.311629
2013-02-28,25.360001,25.389999,25.360001,25.389999,2500,22.215382
2013-02-27,25.299999,25.389999,25.24,25.32,12300,22.154135
2013-02-26,25.440001,25.440001,25.209999,25.24,5400,22.084138
2013-02-25,25.219999,25.459999,25.15,25.200001,8000,22.04914
2013-02-22,25.139999,25.27,25.139999,25.17,20500,22.02289
2013-02-21,25.18,25.26,25.15,25.26,16500,22.101637
2013-02-20,25.18,25.18,25.059999,25.15,15000,22.005391
2013-02-19,25.139999,25.200001,25.10,25.16,20200,22.014141
2013-02-15,25.18,25.200001,25.16,25.190001,11600,22.04039
2013-02-14,25.16,25.200001,25.139999,25.16,15800,22.014141
2013-02-13,25.049999,25.190001,25.00,25.139999,29700,21.996641
2013-02-12,25.23,25.389999,25.23,25.389999,17500,21.777025
2013-02-11,25.219999,25.280001,25.219999,25.26,9000,21.665525
2013-02-08,25.23,25.23,25.129999,25.15,9600,21.571177
2013-02-07,25.219999,25.24,25.200001,25.209999,6100,21.622639
2013-02-06,25.190001,25.299999,25.15,25.219999,19800,21.631216
2013-02-05,25.299999,25.309999,25.139999,25.24,14500,21.64837
2013-02-04,25.190001,25.34,25.190001,25.299999,15100,21.699832
2013-02-01,25.17,25.200001,25.17,25.190001,3500,21.605486
2013-01-31,25.18,25.25,25.049999,25.190001,12900,21.605486
2013-01-30,25.24,25.25,25.200001,25.200001,3700,21.614063
2013-01-29,25.299999,25.299999,25.18,25.190001,14500,21.605486
2013-01-28,25.299999,25.299999,25.17,25.17,12800,21.588331
2013-01-25,25.290001,25.40,25.290001,25.35,7200,21.742718
2013-01-24,25.280001,25.280001,25.129999,25.280001,16800,21.682679
2013-01-23,25.290001,25.290001,25.209999,25.209999,4000,21.622639
2013-01-22,25.280001,25.290001,25.120001,25.25,15200,21.656947
2013-01-18,25.25,25.290001,25.16,25.290001,7500,21.691256
2013-01-17,25.26,25.280001,25.200001,25.27,4700,21.674102
2013-01-16,25.290001,25.290001,25.15,25.25,6500,21.656947
2013-01-15,25.27,25.27,25.129999,25.219999,5100,21.631216
2013-01-14,25.40,25.40,25.18,25.26,12500,21.665525
2013-01-11,25.360001,25.49,25.299999,25.440001,17700,21.819911
2013-01-10,25.219999,25.40,25.10,25.280001,62100,21.682679
2013-01-09,25.23,25.299999,25.18,25.25,5200,21.656947
2013-01-08,25.07,25.299999,25.059999,25.24,26700,21.64837
2013-01-07,25.10,25.139999,25.01,25.139999,5300,21.5626
2013-01-04,25.129999,25.16,25.02,25.16,20400,21.579754
2013-01-03,25.049999,25.10,24.870001,25.01,25200,21.451099
2013-01-02,25.00,25.15,24.99,25.129999,32200,21.554023
2012-12-31,24.959999,25.00,24.92,24.969999,6200,21.41679
201
2-12-28,24.950001,24.950001,24.940001,24.950001,21700,21.399638
2012-12-27,24.99,25.00,24.90,25.00,9900,21.442522
2012-12-26,24.76,25.00,24.76,25.00,9000,21.442522
2012-12-24,24.950001,24.950001,24.940001,24.950001,1800,21.399638
2012-12-21,24.950001,24.950001,24.77,24.889999,4300,21.348174
2012-12-20,24.950001,24.950001,24.85,24.85,6100,21.313867
2012-12-19,24.90,24.950001,24.799999,24.950001,18000,21.399638
2012-12-18,24.85,24.90,24.809999,24.879999,14300,21.339597
2012-12-17,24.85,24.85,24.799999,24.84,8800,21.30529
2012-12-14,24.889999,24.90,24.799999,24.82,3400,21.288136
2012-12-13,25.00,25.00,24.84,24.879999,17100,21.339597
2012-12-12,25.00,25.00,24.860001,24.959999,22400,21.408213
2012-12-11,24.85,25.00,24.85,24.99,55700,21.433945
2012-12-10,25.00,25.00,24.25,24.969999,125900,21.41679