Date,Open,High,Low,Close,Volume,Adj Close
2016-08-05,25.198999,25.198999,25.198999,25.198999,000,25.198999
2016-08-04,25.198999,25.198999,25.198999,25.198999,000,25.198999
2016-08-03,25.166,25.198999,25.166,25.198999,300,25.198999
2016-08-02,25.24,25.24,25.24,25.24,000,25.24
2016-08-01,25.24,25.24,25.24,25.24,19100,25.24
2016-07-29,25.24,25.24,25.172001,25.172001,1900,25.172001
2016-07-28,25.225,25.299999,25.225,25.299999,700,25.299999
2016-07-27,25.190001,25.190001,25.190001,25.190001,600,25.190001
2016-07-26,25.219999,25.360001,25.15,25.25,2000,25.25
2016-07-25,25.245001,25.245001,25.245001,25.245001,000,25.245001
2016-07-22,25.245001,25.245001,25.245001,25.245001,000,25.245001
2016-07-21,25.26,25.27,25.183001,25.245001,4800,25.245001
2016-07-20,25.23,25.23,25.23,25.23,000,25.23
2016-07-19,25.219999,25.23,25.219999,25.23,1000,25.23
2016-07-18,25.177,25.177,25.177,25.177,000,25.177
2016-07-15,25.212999,25.212999,25.177,25.177,200,25.177
2016-07-14,25.530001,25.530001,25.530001,25.530001,000,25.491001
2016-07-13,25.530001,25.530001,25.530001,25.530001,100,25.491001
2016-07-12,25.530001,25.530001,25.52,25.530001,2000,25.491001
2016-07-11,25.41,25.41,25.40,25.40,2800,25.361198
2016-07-08,25.41,25.41,25.41,25.41,000,25.371183
2016-07-07,25.41,25.41,25.41,25.41,500,25.371183
2016-07-06,25.360001,25.360001,25.360001,25.360001,000,25.32126
2016-07-05,25.360001,25.360001,25.360001,25.360001,000,25.32126
2016-07-01,25.360001,25.360001,25.360001,25.360001,1600,25.32126
2016-06-30,25.200001,25.200001,25.200001,25.200001,1000,25.161505
2016-06-29,25.141001,25.141001,25.141001,25.141001,000,25.102595
2016-06-28,25.225,25.225,25.141001,25.141001,2000,25.102595
2016-06-27,25.146999,25.146999,25.146999,25.146999,000,25.108585
2016-06-24,25.049999,25.146999,25.030001,25.146999,2000,25.108585
2016-06-23,25.190001,25.190001,25.07,25.082001,10100,25.043685
2016-06-22,25.16,25.16,25.120001,25.15,1900,25.11158
2016-06-21,25.16,25.190001,25.16,25.167,1000,25.128555
2016-06-20,25.200001,25.200001,25.200001,25.200001,400,25.161505
2016-06-17,25.219999,25.34,25.184999,25.254999,3300,25.216419
2016-06-16,25.18,25.209999,25.17,25.209999,1900,25.171488
2016-06-15,25.134001,25.200001,25.134001,25.17,500,25.13155
2016-06-14,25.101,25.101,25.101,25.101,400,25.023715
2016-06-13,25.110001,25.110001,25.110001,25.110001,200,25.032688
2016-06-10,25.33,25.33,25.127001,25.127001,3700,25.049636
2016-06-09,25.35,25.35,25.299999,25.346001,2400,25.267962
2016-06-08,25.219999,25.219999,25.219999,25.219999,000,25.142349
2016-06-07,25.27,25.309,25.219999,25.219999,1000,25.142349
2016-06-06,25.33,25.33,25.33,25.33,000,25.25201
2016-06-03,25.33,25.33,25.33,25.33,600,25.25201
2016-06-02,25.280001,25.280001,25.194,25.26,2000,25.182226
2016-06-01,25.17,25.17,25.15,25.15,200,25.072564
2016-05-31,25.224001,25.224001,25.224001,25.224001,200,25.146338
2016-05-27,25.26,25.27,25.18,25.26,3000,25.182226
2016-05-26,25.24,25.266001,25.188,25.266001,700,25.188208
2016-05-25,25.26,25.26,25.26,25.26,100,25.182226
2016-05-24,25.25,25.25,25.25,25.25,000,25.172257
2016-05-23,25.23,25.25,25.23,25.25,500,25.172257
2016-05-20,25.219999,25.219999,25.219999,25.219999,000,25.142349
2016-05-19,25.16,25.219999,25.16,25.219999,5500,25.142349
2016-05-18,25.247999,25.247999,25.247999,25.247999,000,25.170262
2016-05-17,25.247999,25.247999,25.247999,25.247999,000,25.170262
2016-05-16,25.247999,25.247999,25.247999,25.247999,500,25.170262
2016-05-13,25.25,25.25,25.25,25.25,500,25.172257
2016-05-12,25.135,25.290001,25.135,25.280001,1100,25.163285
2016-05-11,25.349001,25.349001,25.349001,25.349001,000,25.231967
2016-05-10,25.349001,25.349001,25.349001,25.349001,200,25.231967
2016-05-09,25.389999,25.389999,25.33,25.33,600,25.213053
2016-05-06,25.27,25.32,25.27,25.32,1300,25.203099
2016-05-05,25.188999,25.188999,25.188999,25.188999,000,25.072704
2016-05-04,25.188999,25.188999,25.188999,25.188999,000,25.072704
2016-05-03,25.188999,25.188999,25.188999,25.188999,000,25.072704
2016-05-02,25.188999,25.188999,25.188999,25.188999,000,25.072704
2016-04-29,25.209999,25.209999,25.188999,25.188999,2000,25.072704
2016-04-28,25.040001,25.040001,25.040001,25.040001,000,24.924393
2016-04-27,25.040001,25.040001,25.040001,25.040001,000,24.924393
2016-04-26,25.040001,25.040001,25.040001,25.040001,000,24.924393
2016-04-25,25.040001,25.040001,25.040001,25.040001,000,24.924393
2016-04-22,25.25,25.25,25.040001,25.040001,1200,24.924393
2016-04-21,25.200001,25.25,25.200001,25.219999,1100,25.103561
2016-04-20,25.24,25.24,25.24,25.24,000,25.123469
2016-04-19,25.200001,25.24,25.200001,25.24,300,25.123469
2016-04-18,25.17,25.17,25.17,25.17,000,25.053792
2016-04-15,25.17,25.17,25.17,25.17,000,25.053792
2016-04-14,25.257999,25.257999,25.17,25.17,600,25.015967
2016-04-13,25.24,25.24,25.225,25.24,1600,25.085538
2016-04-12,25.209999,25.25,25.091999,25.091999,1700,24.938443
2016-04-11,25.23,25.24,25.219999,25.225,1900,25.07063
2016-04-08,25.889999,26.09,25.209999,25.209999,2300,25.055721
2016-04-07,25.17,25.17,25.17,25.17,400,25.015967
2016-04-06,25.18,25.18,25.18,25.18,000,25.025906
2016-04-05,25.18,25.18,25.17
7999,25.18,3000,25.025906
2016-04-04,25.040001,25.040001,25.040001,25.040001,000,24.886763
2016-04-01,25.040001,25.040001,25.040001,25.040001,1200,24.886763
2016-03-31,25.09,25.120001,25.09,25.120001,1000,24.966273
2016-03-30,25.10,25.10,25.10,25.10,000,24.946395
2016-03-29,24.98,25.145,24.98,25.10,1800,24.946395
2016-03-28,25.110001,25.110001,24.815001,25.035,3500,24.881792
2016-03-24,24.93,24.940001,24.93,24.940001,700,24.787375
2016-03-23,24.85,24.85,24.85,24.85,000,24.697925
2016-03-22,24.815001,24.85,24.805,24.85,700,24.697925
2016-03-21,24.85,25.00,24.85,25.00,600,24.847007
2016-03-18,25.00,25.00,25.00,25.00,000,24.847007
2016-03-17,24.99,25.00,24.99,25.00,1800,24.847007
2016-03-16,24.74,24.74,24.74,24.74,100,24.588598
2016-03-15,24.809999,24.809999,24.809999,24.809999,000,24.658169
2016-03-14,24.74,24.809999,24.74,24.809999,2300,24.621396
2016-03-11,24.858999,24.959999,24.858999,24.938999,6400,24.749415
2016-03-10,24.702,24.702,24.702,24.702,000,24.514217
2016-03-09,24.702,24.702,24.702,24.702,000,24.514217
2016-03-08,24.702,24.702,24.702,24.702,200,24.514217
2016-03-07,24.747999,24.747999,24.747999,24.747999,000,24.559867
2016-03-04,24.747999,24.747999,24.747999,24.747999,300,24.559867
2016-03-03,24.82,24.82,24.819,24.819,900,24.630328
2016-03-02,24.799999,24.809999,24.749001,24.749001,1100,24.560861
2016-03-01,24.82,24.82,24.82,24.82,100,24.63132
2016-02-29,24.82,24.83,24.809999,24.82,1300,24.63132
2016-02-26,24.76,24.76,24.76,24.76,000,24.571777
2016-02-25,24.76,24.76,24.76,24.76,000,24.571777
2016-02-24,24.76,24.76,24.76,24.76,600,24.571777
2016-02-23,24.83,24.83,24.83,24.83,000,24.641244
2016-02-22,24.860001,24.872,24.709999,24.83,5900,24.641244
2016-02-19,24.812,24.889999,24.812,24.889999,1800,24.700788
2016-02-18,24.74,24.74,24.74,24.74,403800,24.551928
2016-02-17,24.82,24.82,24.82,24.82,000,24.63132
2016-02-16,24.82,24.85,24.795,24.82,2000,24.63132
2016-02-12,24.860001,24.860001,24.709999,24.709999,300,24.522156
2016-02-11,24.879999,25.91,24.860001,25.91,2500,25.6783
2016-02-10,24.789,24.879999,24.789,24.818001,1100,24.596066
2016-02-09,24.75,24.75,24.75,24.75,000,24.528673
2016-02-08,24.75,24.75,24.75,24.75,000,24.528673
2016-02-05,24.75,24.75,24.75,24.75,000,24.528673
2016-02-04,24.75,24.75,24.75,24.75,000,24.528673
2016-02-03,24.75,24.75,24.75,24.75,000,24.528673
2016-02-02,24.75,24.75,24.75,24.75,000,24.528673
2016-02-01,24.76,24.780001,24.75,24.75,2200,24.528673
2016-01-29,24.58,24.84,24.58,24.84,1300,24.617869
2016-01-28,24.621,24.621,24.621,24.621,000,24.400827
2016-01-27,24.621,24.621,24.621,24.621,000,24.400827
2016-01-26,24.621,24.621,24.621,24.621,200,24.400827
2016-01-25,24.66,24.66,24.66,24.66,200,24.439478
2016-01-22,24.715,24.715,24.715,24.715,200,24.493987
2016-01-21,24.870001,24.870001,24.870001,24.870001,600,24.647601
2016-01-20,24.66,24.66,24.66,24.66,200,24.439478
2016-01-19,24.653,24.653,24.653,24.653,000,24.432541
2016-01-15,24.653,24.653,24.653,24.653,000,24.432541
2016-01-14,24.653,24.653,24.653,24.653,1200,24.397855
2016-01-13,24.98,24.98,24.952,24.962999,1500,24.704646
2016-01-12,24.747999,25.01,24.747999,25.01,2200,24.75116
2016-01-11,25.00,25.07,24.968,25.059999,5400,24.800642
2016-01-08,25.00,25.00,24.92,25.00,10900,24.741264
2016-01-07,24.948999,25.00,24.889999,25.00,3900,24.741264
2016-01-06,24.860001,24.860001,24.860001,24.860001,000,24.602713
2016-01-05,24.819,24.860001,24.819,24.860001,4800,24.602713
2016-01-04,24.719999,24.719999,24.719999,24.719999,000,24.464161
2015-12-31,24.719999,24.719999,24.719999,24.719999,000,24.464161
2015-12-30,24.719999,24.719999,24.719999,24.719999,000,24.464161
2015-12-29,24.719999,24.719999,24.719999,24.719999,000,24.464161
2015-12-28,24.719999,24.747999,24.718,24.719999,600,24.464161
2015-12-24,24.799999,24.799999,24.799999,24.799999,000,24.543333
2015-12-23,24.799999,24.799999,24.799999,24.799999,000,24.508694
2015-12-22,24.799999,24.799999,24.799999,24.799999,000,24.508694
2015-12-21,24.799999,24.809999,24.799999,24.799999,600,24.508694
2015-12-18,24.790001,24.809999,24.639999,24.690001,5300,24.399988
2015-12-17,24.811001,24.811001,24.74,24.796,2800,24.504742
2015-12-16,24.870001,24.870001,24.870001,24.870001,000,24.577874
2015-12-15,24.870001,24.870001,24.870001,24.870001,000,24.577874
2015-12-14,24.870001,24.870001,24.870001,24.870001,300,24.535379
2015-12-11,25.08,25.08,25.08,25.08,000,24.742552
2015-12-10,25.08,25.08,25.08,25.08,000,24.742552
2015-12-09,25.08,25.08,25.08,25.08,000,24.742552
2015-12-08,25.08,25.08,25.08,25.08,000,24.742552
2015-12-07,25.08,25.08,25.08,25.08,000,24.742552
2015-12-04,25.08,25.08,25.08,25.08,000,24.742552
2015-12-03,25.08,25.08,25.08,25.08,400,24.742552
2015-12-02,25.15,25.15,25.15,25.15,000,24.81161
2015-12-01,25.15,25.15,25.15,25.15,000,24.81161
2015-11-30,25.15,25.15,25.15,25.15,000,24.81161
2015-11-27,25.15,25.15,25.15,25.15,000,24.81161
2015-11-25,25.15,25.15,25.15,25.15,1200,24.81161
2015-11-24,24.92,24.92,24.92,24.92,000,24.584705
2015-11-23,24.92,24.92,24.92,24.92,000,24.584705
2015-11-20,24.910999,24.92,24.860001,24.92,2200,24.584705
2015-11-19,25.02,25.02,25.02,25.02,000,24.68336
2015-11-18,24.90,25.379999,24.49,25.02,23700,24.68336
2015-11-17,24.969999,24.969999,24.969999,24.969999,000,24.634032
2015-11-16,24.969999,24.969999,24.969999,24.969999,000,24.634032
2015-11-13,24.969999,24.969999,24.969999,24.969999,000,24.634032
2015-11-12,24.969999,24.969999,24.969999,24.969999,000,24.603449
2015-11-11,24.959999,24.969999,24.950001,24.969999,5400,24.603449
2015-11-10,24.927,24.98,23.790001,24.90,3000,24.534477
2015-11-09,25.00,25.00,25.00,25.00,800,24.63301
2015-11-06,25.00,25.00,25.00,25.00,000,24.63301
2015-11-05,25.00,25.00,25.00,25.00,000,24.63301
2015-11-04,25.00,25.00,25.00,25.00,700,24.63301
2015-11-03,25.049999,25.049999,25.00,25.00,4200,24.63301
2015-11-02,25.00,25.00,25.00,25.00,000,24.63301
2015-10-30,25.00,25.00,25.00,25.00,700,24.63301
2015-10-29,25.01,25.2
7,25.01,25.27,4400,24.899047
2015-10-28,25.110001,25.110001,25.110001,25.110001,000,24.741396
2015-10-27,25.10,25.129999,25.10,25.110001,4100,24.741396
2015-10-26,25.120001,25.15,24.98,25.15,13000,24.780807
2015-10-23,25.120001,25.120001,25.120001,25.120001,400,24.751249
2015-10-22,25.360001,25.360001,25.360001,25.360001,000,24.987726
2015-10-21,25.360001,25.360001,25.360001,25.360001,000,24.987726
2015-10-20,25.360001,25.360001,25.360001,25.360001,000,24.987726
2015-10-19,25.360001,25.360001,25.360001,25.360001,100,24.987726
2015-10-16,25.24,25.35,25.24,25.35,400,24.977872
2015-10-15,25.49,25.49,25.49,25.49,000,25.115816
2015-10-14,25.49,25.49,25.49,25.49,000,25.088227
2015-10-13,25.49,25.49,25.49,25.49,000,25.088227
2015-10-12,25.49,25.49,25.49,25.49,000,25.088227
2015-10-09,25.52,25.60,25.49,25.49,2100,25.088227
2015-10-08,25.111,25.111,25.111,25.111,000,24.715201
2015-10-07,25.111,25.111,25.111,25.111,000,24.715201
2015-10-06,25.200001,25.209999,25.111,25.111,2600,24.715201
2015-10-05,25.101999,25.101999,25.101999,25.101999,100,24.706342
2015-10-02,25.129999,25.129999,25.129999,25.129999,000,24.733901
2015-10-01,25.049,25.280001,25.049,25.129999,5100,24.733901
2015-09-30,25.190001,25.190001,25.190001,25.190001,000,24.792956
2015-09-29,25.268999,25.41,25.190001,25.190001,4500,24.792956
2015-09-28,25.27,25.27,25.209999,25.209999,700,24.81264
2015-09-25,25.26,25.360001,25.18,25.27,7700,24.871695
2015-09-24,25.41,25.41,25.209999,25.370001,9900,24.97012
2015-09-23,25.15,25.15,25.15,25.15,200,24.753586
2015-09-22,25.209999,25.23,25.049999,25.23,9400,24.832325
2015-09-21,25.17,25.18,25.09,25.18,8000,24.783114
2015-09-18,25.09,25.09,25.09,25.09,300,24.694532
2015-09-17,25.059999,25.059999,25.059999,25.059999,000,24.665004
2015-09-16,25.10,25.10,24.841,25.059999,1400,24.665004
2015-09-15,25.10,25.10,25.10,25.10,000,24.704375
2015-09-14,25.10,25.10,25.10,25.10,000,24.675831
2015-09-11,25.10,25.10,25.10,25.10,000,24.675831
2015-09-10,25.10,25.10,25.10,25.10,000,24.675831
2015-09-09,25.10,25.10,25.10,25.10,000,24.675831
2015-09-08,25.299999,25.32,25.09,25.10,1800,24.675831
2015-09-04,25.07,25.07,25.07,25.07,100,24.646338
2015-09-03,25.10,25.110001,25.10,25.10,8100,24.675831
2015-09-02,24.903,24.903,24.903,24.903,100,24.48216
2015-09-01,25.15,25.15,25.15,25.15,300,24.724986
2015-08-31,25.33,25.33,25.33,25.33,000,24.901944
2015-08-28,25.33,25.33,25.33,25.33,000,24.901944
2015-08-27,25.33,25.33,25.33,25.33,000,24.901944
2015-08-26,25.33,25.33,25.33,25.33,200,24.901944
2015-08-25,25.08,25.18,25.08,25.18,1200,24.754479
2015-08-24,26.10,26.10,25.08,25.08,1400,24.656169
2015-08-21,25.219999,25.219999,25.219999,25.219999,100,24.793802
2015-08-20,25.190001,25.190001,25.190001,25.190001,100,24.76431
2015-08-19,25.09,25.09,25.09,25.09,100,24.666
2015-08-18,25.004,25.120001,25.004,25.115999,600,24.69156
2015-08-17,25.120001,25.120001,25.00,25.00,800,24.577521
2015-08-14,25.07,25.10,25.07,25.10,6300,24.675831
2015-08-13,25.17,25.17,25.17,25.17,000,24.715156
2015-08-12,25.17,25.17,25.17,25.17,100,24.715156
2015-08-11,25.16,25.16,25.16,25.16,100,24.705337
2015-08-10,25.110001,25.110001,25.110001,25.110001,000,24.656241
2015-08-07,25.040001,25.110001,25.040001,25.110001,35600,24.656241
2015-08-06,25.10,25.10,25.10,25.10,000,24.646421
2015-08-05,25.10,25.10,25.10,25.10,700,24.646421
2015-08-04,25.063999,25.063999,25.063999,25.063999,100,24.611071
2015-08-03,25.10,25.10,25.10,25.10,000,24.646421
2015-07-31,25.10,25.10,25.10,25.10,000,24.646421
2015-07-30,25.10,25.10,25.10,25.10,300,24.646421
2015-07-29,25.09,25.110001,25.08,25.110001,2300,24.656241
2015-07-28,25.10,25.10,25.083,25.083,1500,24.629728
2015-07-27,25.059,25.059,25.059,25.059,000,24.606162
2015-07-24,25.059,25.059,25.059,25.059,400,24.606162
2015-07-23,25.01,25.01,25.01,25.01,100,24.558048
2015-07-22,25.02,25.02,25.02,25.02,000,24.567867
2015-07-21,25.01,25.02,25.01,25.02,800,24.567867
2015-07-20,24.93,24.93,24.93,24.93,000,24.479493
2015-07-17,24.93,24.93,24.93,24.93,000,24.479493
2015-07-16,24.93,24.93,24.93,24.93,000,24.479493
2015-07-15,24.93,24.93,24.93,24.93,000,24.479493
2015-07-14,24.93,24.93,24.93,24.93,000,24.453963
2015-07-13,24.93,24.93,24.93,24.93,000,24.453963
2015-07-10,25.17,25.17,24.93,24.93,1900,24.453963
2015-07-09,25.17,25.17,25.041,25.041,600,24.562844
2015-07-08,24.995001,24.995001,24.995001,24.995001,000,24.517723
2015-07-07,24.995001,24.995001,24.995001,24.995001,000,24.517723
2015-07-06,24.995001,24.995001,24.995001,24.995001,000,24.517723
2015-07-02,24.995001,24.995001,24.995001,24.995001,000,24.517723
2015-07-01,24.995001,24.995001,24.995001,24.995001,000,24.517723
2015-06-30,24.995001,24.995001,24.995001,24.995001,1800,24.517723
2015-06-29,25.01,25.059999,25.01,25.059999,1500,24.58148
2015-06-26,24.965,25.00,24.92,24.92,300,24.444154
2015-06-25,24.90,24.90,24.90,24.90,000,24.424536
2015-06-24,24.90,24.90,24.90,24.90,000,24.424536
2015-06-23,24.91,24.959999,24.90,24.90,1200,24.424536
2015-06-22,24.93,24.93,24.93,24.93,000,24.453963
2015-06-19,24.93,24.93,24.93,24.93,000,24.453963
2015-06-18,24.940001,24.99,24.91,24.93,3700,24.453963
2015-06-17,24.950001,24.950001,24.950001,24.950001,100,24.473582
2015-06-16,25.066,25.066,25.066,25.066,400,24.587366
2015-06-15,25.040001,25.040001,25.040001,25.040001,000,24.561864
2015-06-12,25.040001,25.040001,25.040001,25.040001,000,24.304865
2015-06-11,24.959999,25.049999,24.959999,25.040001,900,24.304865
2015-06-10,24.969999,24.969999,24.969999,24.969999,100,24.236919
2015-06-09,25.09,25.09,25.09,25.09,000,24.353397
2015-06-08,25.030001,25.09,24.92,25.09,500,24.353397
2015-06-05,24.82,25.02,24.82,25.02,600,24.285452
2015-06-04,25.049999,25.049999,25.049999,25.049999,000,24.31457
2015-06-03,25.049999,25.049999,25.049999,25.049999,300,24.31457
2015-06-02,25.108,25.108,25.108,25.108,300,24.370868
2015-06-01,25.07,25.07,25.07,25.07,100,24.333983
2015-05-29,25.10,25.10,25.10,25.10,000,24.36310
3
2015-05-28,25.10,25.10,25.10,25.10,300,24.363103
2015-05-27,24.90,24.90,24.90,24.90,000,24.168974
2015-05-26,24.98,24.98,24.90,24.90,500,24.168974
2015-05-22,24.950001,24.99,24.940001,24.959999,1900,24.227212
2015-05-21,25.15,25.16,24.950001,25.01,19400,24.275745
2015-05-20,25.07,25.07,25.07,25.07,400,24.333983
2015-05-19,25.049999,25.049999,25.049999,25.049999,200,24.31457
2015-05-18,24.940001,24.940001,24.940001,24.940001,000,24.207801
2015-05-15,24.940001,24.940001,24.940001,24.940001,200,24.207801
2015-05-14,25.00,25.00,25.00,25.00,000,24.239832
2015-05-13,25.164,25.164,25.00,25.00,700,24.239832
2015-05-12,25.120001,25.17,25.120001,25.169001,2400,24.403694
2015-05-11,25.120001,25.120001,25.120001,25.120001,000,24.356184
2015-05-08,25.120001,25.120001,25.120001,25.120001,100,24.356184
2015-05-07,25.09,25.09,25.09,25.09,000,24.327096
2015-05-06,25.09,25.09,25.09,25.09,200,24.327096
2015-05-05,24.92,24.92,24.92,24.92,000,24.162265
2015-05-04,24.976,25.00,24.90,24.92,15800,24.162265
2015-05-01,25.18,25.18,25.18,25.18,000,24.414359
2015-04-30,25.18,25.18,25.18,25.18,200,24.414359
2015-04-29,25.030001,25.030001,25.030001,25.030001,000,24.268921
2015-04-28,25.030001,25.030001,25.030001,25.030001,000,24.268921
2015-04-27,25.139999,25.139999,25.030001,25.030001,1200,24.268921
2015-04-24,24.972,24.972,24.972,24.972,000,24.212684
2015-04-23,24.972,24.972,24.972,24.972,300,24.212684
2015-04-22,25.040001,25.040001,25.040001,25.040001,000,24.278617
2015-04-21,25.049999,25.049999,25.030001,25.040001,700,24.278617
2015-04-20,25.15,25.15,25.091,25.091,200,24.328065
2015-04-17,25.10,25.10,25.09,25.09,200,24.327096
2015-04-16,25.030001,25.030001,25.030001,25.030001,000,24.268921
2015-04-15,25.00,25.218,24.99,25.030001,7400,24.268921
2015-04-14,25.030001,25.139999,25.02,25.139999,2800,24.349395
2015-04-13,25.00,25.08,25.00,25.01,5100,24.223484
2015-04-10,24.99,25.120001,24.969999,25.030001,35400,24.242856
2015-04-09,25.00,25.174,24.959999,25.174,15200,24.382326
2015-04-08,25.091999,25.091999,25.091999,25.091999,000,24.302904
2015-04-07,24.981001,25.091999,24.93,25.091999,6800,24.302904
2015-04-06,25.030001,25.177999,25.01,25.16,2900,24.368767
2015-04-02,25.079,25.079,25.079,25.079,000,24.290314
2015-04-01,25.08,25.09,25.079,25.079,4000,24.290314
2015-03-31,24.940001,24.940001,24.940001,24.940001,000,24.155686
2015-03-30,25.07,25.08,24.940001,24.940001,2100,24.155686
2015-03-27,25.077,25.077,25.077,25.077,000,24.288377
2015-03-26,25.08,25.09,25.055,25.077,800,24.288377
2015-03-25,25.08,25.08,25.08,25.08,2300,24.291282
2015-03-24,25.049999,25.049999,25.049999,25.049999,000,24.262225
2015-03-23,25.15,25.15,24.860001,25.049999,4100,24.262225
2015-03-20,25.044001,25.044001,25.044001,25.044001,000,24.256415
2015-03-19,25.044001,25.044001,25.044001,25.044001,500,24.256415
2015-03-18,25.059999,25.059999,25.059999,25.059999,1800,24.271911
2015-03-17,25.190001,25.190001,25.059999,25.059999,1300,24.271911
2015-03-16,25.07,25.07,25.049999,25.07,6500,24.281597
2015-03-13,25.139999,25.190001,25.120001,25.120001,5800,24.330025
2015-03-12,25.049999,25.049999,25.049999,25.049999,4100,24.238981
2015-03-11,25.059999,25.059999,25.049999,25.049999,3600,24.238981
2015-03-10,25.049999,25.049999,24.93,25.040001,3100,24.229306
2015-03-09,24.90,24.90,24.90,24.90,200,24.093837
2015-03-06,25.01,25.01,25.01,25.01,1000,24.200277
2015-03-05,25.07,25.07,25.059999,25.059999,1300,24.248657
2015-03-04,25.059,25.059,25.059,25.059,300,24.24769
2015-03-03,25.07,25.07,25.07,25.07,000,24.258334
2015-03-02,25.07,25.07,25.07,25.07,1200,24.258334
2015-02-27,25.07,25.07,25.07,25.07,000,24.258334
2015-02-26,25.059999,25.07,25.059,25.07,1000,24.258334
2015-02-25,25.00,25.00,25.00,25.00,800,24.1906
2015-02-24,25.07,25.07,25.011,25.011,2100,24.201244
2015-02-23,24.944,24.944,24.944,24.944,100,24.136414
2015-02-20,25.049999,25.049999,25.030001,25.030001,4500,24.21963
2015-02-19,25.00,25.00,25.00,25.00,000,24.1906
2015-02-18,25.00,25.00,25.00,25.00,400,24.1906
2015-02-17,25.006001,25.006001,25.006001,25.006001,000,24.196406
2015-02-13,25.030001,25.030001,25.006001,25.006001,800,24.196406
2015-02-12,25.02,25.02,25.02,25.02,300,24.184795
2015-02-11,24.92,24.92,24.92,24.92,200,24.088133
2015-02-10,25.07,25.07,25.07,25.07,000,24.233125
2015-02-09,25.059999,25.07,25.059999,25.07,600,24.233125
2015-02-06,25.00,25.00,25.00,25.00,4900,24.165462
2015-02-05,25.00,25.00,25.00,25.00,000,24.165462
2015-02-04,25.139999,25.139999,25.00,25.00,200,24.165462
2015-02-03,26.700001,26.700001,26.700001,26.700001,400,25.808714
2015-02-02,25.15,25.15,25.025,25.025,1800,24.189627
2015-01-30,25.10,25.10,25.10,25.10,000,24.262124
2015-01-29,25.10,25.10,25.10,25.10,400,24.262124
2015-01-28,25.080999,25.09,25.02,25.02,1300,24.184795
2015-01-27,25.00,25.139999,24.969999,24.969999,800,24.136463
2015-01-26,25.00,25.00,25.00,25.00,1400,24.165462
2015-01-23,25.08,25.08,25.08,25.08,000,24.242791
2015-01-22,25.110001,25.110001,25.08,25.08,800,24.242791
2015-01-21,25.089001,25.089001,25.024,25.024,700,24.188661
2015-01-20,25.120001,25.120001,25.028,25.087999,2900,24.250524
2015-01-16,25.056,25.056,25.056,25.056,000,24.219592
2015-01-15,25.056,25.056,25.056,25.056,000,24.219592
2015-01-14,25.056,25.056,25.056,25.056,000,24.193493
2015-01-13,25.056,25.056,25.056,25.056,200,24.193493
2015-01-12,25.120001,25.120001,25.120001,25.120001,200,24.255291
2015-01-09,25.17,25.17,25.17,25.17,000,24.303569
2015-01-08,25.17,25.17,25.17,25.17,000,24.303569
2015-01-07,25.17,25.17,25.17,25.17,100,24.303569
2015-01-06,25.15,25.17,25.15,25.17,700,24.303569
2015-01-0
5,25.129999,25.129999,25.129999,25.129999,000,24.264945
2015-01-02,24.73,25.129999,24.73,25.129999,2100,24.264945
2014-12-31,25.110001,25.110001,25.110001,25.110001,2800,24.245635
2014-12-30,25.16,25.33,25.16,25.33,2700,24.458061
2014-12-29,25.120001,25.120001,25.110001,25.120001,1800,24.255291
2014-12-26,25.16,25.18,25.16,25.18,2300,24.313225
2014-12-24,25.09,25.09,25.09,25.09,400,24.226323
2014-12-23,25.110001,25.110001,25.110001,25.110001,100,24.245635
2014-12-22,25.110001,25.110001,25.110001,25.110001,800,24.245635
2014-12-19,25.079,25.08,25.072001,25.072001,3500,24.208943
2014-12-18,25.00,25.049999,24.940001,25.049999,3400,24.187699
2014-12-17,25.040001,25.09,25.040001,25.09,3200,24.226323
2014-12-16,25.049999,25.059,25.040001,25.049999,2700,24.187699
2014-12-15,25.044001,25.044001,25.044001,25.044001,000,24.181907
2014-12-12,25.16,25.16,25.00,25.044001,4800,24.157768
2014-12-11,25.040001,25.040001,25.040001,25.040001,700,24.153909
2014-12-10,25.00,25.00,25.00,25.00,000,24.115324
2014-12-09,25.00,25.00,25.00,25.00,000,24.115324
2014-12-08,25.00,25.00,25.00,25.00,000,24.115324
2014-12-05,25.00,25.00,25.00,25.00,1000,24.115324
2014-12-04,25.049999,25.049999,25.049999,25.049999,700,24.163554
2014-12-03,25.09,25.09,25.09,25.09,000,24.202139
2014-12-02,25.09,25.09,25.09,25.09,000,24.202139
2014-12-01,25.09,25.09,25.09,25.09,100,24.202139
2014-11-28,25.09,25.09,25.09,25.09,000,24.202139
2014-11-26,25.09,25.09,25.09,25.09,000,24.202139
2014-11-25,25.09,25.09,25.09,25.09,000,24.202139
2014-11-24,25.09,25.09,25.09,25.09,000,24.202139
2014-11-21,25.09,25.09,25.09,25.09,000,24.202139
2014-11-20,25.09,25.09,25.09,25.09,000,24.202139
2014-11-19,25.09,25.09,25.09,25.09,000,24.202139
2014-11-18,25.09,25.09,25.09,25.09,200,24.202139
2014-11-17,25.09,25.09,25.09,25.09,000,24.202139
2014-11-14,25.09,25.09,25.09,25.09,000,24.202139
2014-11-13,25.09,25.09,25.09,25.09,000,24.179954
2014-11-12,25.09,25.09,25.09,25.09,1100,24.179954
2014-11-11,25.10,25.10,25.086,25.086,900,24.176099
2014-11-10,25.08,25.08,25.08,25.08,000,24.170316
2014-11-07,25.09,25.09,25.08,25.08,1500,24.170316
2014-11-06,25.069,25.069,25.069,25.069,000,24.159716
2014-11-05,25.10,25.10,25.069,25.069,300,24.159716
2014-11-04,25.08,25.110001,25.052999,25.10,1000,24.189591
2014-11-03,25.09,25.09,25.09,25.09,200,24.179954
2014-10-31,25.08,25.08,25.069,25.069,1100,24.159716
2014-10-30,25.10,25.10,25.10,25.10,2000,24.189591
2014-10-29,25.117001,25.129999,25.117001,25.129999,1500,24.218502
2014-10-28,25.076,25.076,25.076,25.076,000,24.166462
2014-10-27,25.076,25.076,25.076,25.076,000,24.166462
2014-10-24,25.076,25.076,25.076,25.076,000,24.166462
2014-10-23,25.076,25.076,25.076,25.076,000,24.166462
2014-10-22,25.136999,25.139999,25.076,25.076,1100,24.166462
2014-10-21,25.15,25.15,25.01,25.01,900,24.102856
2014-10-20,25.219999,25.219999,25.219999,25.219999,300,24.305238
2014-10-17,24.00,25.18,24.00,25.18,7800,24.26669
2014-10-16,25.200001,25.24,25.15,25.209999,3500,24.2956
2014-10-15,25.219999,25.219999,25.209999,25.209999,500,24.2956
2014-10-14,25.43,25.43,25.200001,25.200001,20500,24.26187
2014-10-13,25.25,25.40,25.25,25.389999,2500,24.444796
2014-10-10,25.23,25.23,25.139999,25.190001,10500,24.252243
2014-10-09,25.514999,25.514999,25.299999,25.299999,200,24.358146
2014-10-08,25.200001,25.209999,25.200001,25.209999,8200,24.271497
2014-10-07,25.190001,25.190001,25.190001,25.190001,000,24.252243
2014-10-06,25.190001,25.190001,25.190001,25.190001,2100,24.252243
2014-10-03,25.200001,25.200001,25.15,25.15,2100,24.213731
2014-10-02,25.209999,25.209999,25.10,25.10,2100,24.165593
2014-10-01,25.08,25.08,25.08,25.08,1700,24.146337
2014-09-30,25.049999,25.049999,25.049999,25.049999,300,24.117453
2014-09-29,25.16,25.16,25.08,25.08,8900,24.146337
2014-09-26,25.10,25.10,25.07,25.07,300,24.136709
2014-09-25,25.00,25.09,25.00,25.09,4100,24.155965
2014-09-24,25.299999,25.299999,25.059999,25.059999,9000,24.127081
2014-09-23,25.280001,25.280001,25.280001,25.280001,100,24.338892
2014-09-22,25.27,25.27,25.27,25.27,700,24.329264
2014-09-19,25.27,25.27,25.209999,25.26,2000,24.319636
2014-09-18,25.09,25.219999,25.02,25.219999,1800,24.281125
2014-09-17,25.10,25.10,25.10,25.10,1300,24.165593
2014-09-16,25.10,25.10,25.10,25.10,200,24.165593
2014-09-15,25.049999,25.049999,25.049999,25.049999,000,24.117453
2014-09-12,25.049999,25.049999,25.049999,25.049999,600,24.117453
2014-09-11,25.08,25.08,25.030001,25.030001,1100,24.098199
2014-09-10,24.98,25.030001,24.98,25.030001,500,24.098199