Date,Open,High,Low,Close,Volume,Adj Close
2016-08-05,18.65,18.799999,18.65,18.67,700,18.67
2016-08-04,18.50,18.549999,18.50,18.549999,2000,18.549999
2016-08-03,18.42,18.42,18.42,18.42,000,18.42
2016-08-02,18.42,18.42,18.42,18.42,300,18.42
2016-08-01,18.42,18.42,18.42,18.42,200,18.42
2016-07-29,18.42,18.42,18.42,18.42,000,18.42
2016-07-28,18.42,18.42,18.42,18.42,000,18.42
2016-07-27,18.42,18.42,18.42,18.42,100,18.42
2016-07-26,18.40,18.40,18.40,18.40,000,18.40
2016-07-25,18.41,18.50,18.40,18.40,11900,18.40
2016-07-22,18.549999,18.549999,18.549999,18.549999,100,18.549999
2016-07-21,18.549999,18.549999,18.549999,18.549999,000,18.549999
2016-07-20,18.549999,18.549999,18.549999,18.549999,000,18.549999
2016-07-19,18.549999,18.549999,18.549999,18.549999,000,18.549999
2016-07-18,18.549999,18.549999,18.549999,18.549999,000,18.549999
2016-07-15,18.530001,18.559999,18.530001,18.549999,800,18.549999
2016-07-14,18.41,18.49,18.41,18.49,300,18.49
2016-07-13,18.40,18.40,18.40,18.40,000,18.40
2016-07-12,18.40,18.40,18.40,18.40,500,18.40
2016-07-11,18.40,18.40,18.40,18.40,000,18.40
2016-07-08,18.40,18.40,18.40,18.40,000,18.40
2016-07-07,18.40,18.40,18.40,18.40,1000,18.40
2016-07-06,18.40,18.40,18.35,18.35,300,18.35
2016-07-05,18.370001,18.370001,18.370001,18.370001,000,18.370001
2016-07-01,18.549999,18.549999,18.370001,18.370001,800,18.370001
2016-06-30,18.40,18.40,18.40,18.40,000,18.40
2016-06-29,18.40,18.40,18.40,18.40,000,18.40
2016-06-28,18.40,18.40,18.40,18.40,100,18.40
2016-06-27,18.620001,18.620001,18.50,18.50,400,18.50
2016-06-24,18.65,18.65,18.620001,18.620001,500,18.620001
2016-06-23,18.620001,18.620001,18.620001,18.620001,000,18.620001
2016-06-22,18.620001,18.620001,18.620001,18.620001,000,18.620001
2016-06-21,18.620001,18.620001,18.620001,18.620001,200,18.620001
2016-06-20,18.65,18.65,18.65,18.65,000,18.65
2016-06-17,18.90,18.90,18.65,18.65,700,18.65
2016-06-16,18.90,18.90,18.90,18.90,100,18.90
2016-06-15,18.950001,18.950001,18.90,18.90,700,18.90
2016-06-14,18.65,18.75,18.65,18.75,1000,18.75
2016-06-13,18.65,18.75,18.639999,18.75,4300,18.75
2016-06-10,18.50,18.75,18.40,18.75,1500,18.75
2016-06-09,18.50,18.65,18.299999,18.299999,1800,18.299999
2016-06-08,19.200001,19.200001,18.25,18.299999,3100,18.299999
2016-06-07,19.110001,19.110001,19.110001,19.110001,000,19.110001
2016-06-06,19.110001,19.110001,19.110001,19.110001,000,19.110001
2016-06-03,19.27,19.299999,19.110001,19.110001,2700,19.110001
2016-06-02,19.60,19.60,19.50,19.50,1800,19.50
2016-06-01,19.85,19.85,19.700001,19.700001,2000,19.700001
2016-05-31,19.85,19.85,19.85,19.85,100,19.85
2016-05-27,19.90,19.950001,19.90,19.950001,5300,19.950001
2016-05-26,19.85,19.85,19.85,19.85,200,19.85
2016-05-25,19.85,19.85,19.85,19.85,300,19.85
2016-05-24,19.85,20.00,19.85,19.85,66900,19.85
2016-05-23,19.879999,19.99,19.75,19.99,5300,19.99
2016-05-20,19.700001,19.700001,19.700001,19.700001,200,19.700001
2016-05-19,19.50,19.50,19.50,19.50,300,19.50
2016-05-18,19.75,19.75,19.75,19.75,1500,19.75
2016-05-17,19.60,19.700001,19.50,19.700001,4100,19.700001
2016-05-16,19.60,19.60,19.50,19.50,2800,19.50
2016-05-13,19.549999,19.549999,19.549999,19.549999,1000,19.549999
2016-05-12,19.52,19.52,19.52,19.52,400,19.52
2016-05-11,19.60,19.60,19.60,19.60,200,19.60
2016-05-10,19.540001,19.540001,19.540001,19.540001,000,19.540001
2016-05-09,19.540001,19.540001,19.540001,19.540001,100,19.540001
2016-05-06,19.35,19.35,19.35,19.35,100,19.35
2016-05-05,19.26,19.26,19.26,19.26,200,19.26
2016-05-04,19.50,19.50,19.50,19.50,000,19.50
2016-05-03,19.50,19.50,19.50,19.50,000,19.50
2016-05-02,19.50,19.50,19.50,19.50,100,19.50
2016-04-29,19.50,19.50,19.50,19.50,500,19.50
2016-04-28,19.40,19.40,19.40,19.40,000,19.40
2016-04-27,19.40,19.40,19.40,19.40,000,19.40
2016-04-26,19.299999,19.40,19.299999,19.40,400,19.40
2016-04-25,19.299999,19.75,19.299999,19.51,1000,19.51
2016-04-22,18.99,19.00,18.959999,18.959999,1600,18.959999
2016-04-21,18.860001,18.860001,18.860001,18.860001,000,18.860001
2016-04-20,18.860001,18.860001,18.860001,18.860001,000,18.860001
2016-04-19,19.25,19.25,18.860001,18.860001,300,18.860001
2016-04-18,18.75,18.75,18.75,18.75,000,18.75
2016-04-15,18.75,18.75,18.75,18.75,000,18.75
2016-04-14,19.02,19.02,18.75,18.75,500,18.75
2016-04-13,19.00,19.00,19.00,19.00,000,19.00
2016-04-12,19.00,19.00,19.00,19.00,000,19.00
2016-04-11,19.00,19.00,19.00,19.00,900,19.00
2016-04-08,18.77,19.00,18.77,19.00,400,19.00
2016-04-07,19.60,19.60,19.10,19.10,6900,19.10
2016-04-06,19.60,19.60,19.60,19.60,600,19.60
2016-04-05,19.58,19.58,19.58,19.58,000,19.58
2016-04-04,19.58,19.58,19.58,19.58,200,19.58
2016-04-01,19.75,19.75,19.65,19.65,1500,19.65
2016-03-31,19.809999,19.809999,19.809999,19.809999,700,19.809999
2016-03-30,19.809999,19.809999,19.809999,19.809999,000,19.809999
2016-03-29,19.90,19.90,19.809999,19.809999,17000,19.809999
2016-03-28,19.799999,19.90,19.799999,19.90,600,19.90
2016-03-24,20.049999,20.049999,19.77,19.77,1000,19.77
2016-03-23,20.200001,20.200001,20.059999,20.059999,1200,20.059999
2016-03-22,20.200001,20.200001,20.200001,20.200001,000,20.200001
2016-03-21,20.200001,20.200001,20.200001,20.200001,600,20.200001
2016-03-18,20.360001,20.360001,20.360001,20.360001,1000,20.360001
2016-03-17,20.32,20.32,20.299999,20.309999,1200,20.309999
2016-03-16,20.40,20.40,20.379999,20.379999,18000,20.379999
2016-03-15,20.360001,20.360001,20.35,20.35,700,20.35
2016-03-14,20.35,20.40,20.35,20.35,7300,20.35
2016-03-11,20.35,20.35,20.35,20.35,2800,20.35
2016-03-10,20.35,20.35,20.35,20.35,000,20.35
2016-03-09,20.35,20.35,20.35,20.35,9
00,20.35
2016-03-08,20.35,20.35,20.35,20.35,100,20.35
2016-03-07,20.40,20.50,20.35,20.35,400,20.35
2016-03-04,20.40,20.40,20.40,20.40,700,20.40
2016-03-03,20.40,20.40,20.40,20.40,1300,20.40
2016-03-02,20.35,20.35,20.35,20.35,000,20.35
2016-03-01,20.50,20.50,20.35,20.35,3700,20.35
2016-02-29,20.450001,20.450001,20.450001,20.450001,000,20.450001
2016-02-26,20.450001,20.450001,20.450001,20.450001,7900,20.450001
2016-02-25,20.450001,20.450001,20.450001,20.450001,2500,20.450001
2016-02-24,20.450001,20.450001,20.450001,20.450001,600,20.450001
2016-02-23,20.450001,20.450001,20.450001,20.450001,200,20.450001
2016-02-22,20.450001,20.450001,20.450001,20.450001,1700,20.450001
2016-02-19,20.450001,20.450001,20.450001,20.450001,000,20.450001
2016-02-18,20.450001,20.450001,20.450001,20.450001,2600,20.450001
2016-02-17,20.450001,20.450001,20.450001,20.450001,000,20.450001
2016-02-16,20.450001,20.450001,20.450001,20.450001,000,20.450001
2016-02-12,20.549999,20.549999,20.450001,20.450001,38900,20.450001
2016-02-11,20.549999,20.549999,20.549999,20.549999,3500,20.549999
2016-02-10,20.549999,20.549999,20.549999,20.549999,600,20.549999
2016-02-09,20.549999,20.549999,20.549999,20.549999,16100,20.549999
2016-02-08,20.549999,20.549999,20.549999,20.549999,4000,20.549999
2016-02-05,20.549999,20.549999,20.549999,20.549999,000,20.549999
2016-02-04,20.549999,20.549999,20.549999,20.549999,300,20.549999
2016-02-03,20.549999,20.549999,20.549999,20.549999,100,20.549999
2016-02-02,20.799999,20.799999,20.799999,20.799999,000,20.799999
2016-02-01,20.799999,20.799999,20.799999,20.799999,000,20.799999
2016-01-29,20.940001,20.940001,20.799999,20.799999,3500,20.799999
2016-01-28,20.75,20.75,20.75,20.75,000,20.75
2016-01-27,20.75,20.75,20.75,20.75,1600,20.75
2016-01-26,21.549999,21.549999,21.549999,21.549999,000,21.549999
2016-01-25,20.75,21.549999,20.75,21.549999,1700,21.549999
2016-01-22,20.700001,21.549999,20.700001,20.75,19600,20.75
2016-01-21,20.60,20.60,20.60,20.60,000,20.60
2016-01-20,20.74,20.74,20.549999,20.60,5500,20.60
2016-01-19,20.75,20.75,20.75,20.75,3100,20.75
2016-01-15,20.75,20.75,20.75,20.75,5200,20.75
2016-01-14,21.00,21.00,21.00,21.00,3000,21.00
2016-01-13,21.120001,21.120001,21.120001,21.120001,27700,21.120001
2016-01-12,21.120001,21.120001,21.120001,21.120001,8100,21.120001
2016-01-11,21.200001,21.200001,21.10,21.120001,5000,21.120001
2016-01-08,21.00,21.200001,21.00,21.200001,300,21.200001
2016-01-07,21.25,21.25,21.25,21.25,35800,21.25
2016-01-06,21.25,21.25,21.25,21.25,10200,21.25
2016-01-05,21.25,21.25,21.25,21.25,7900,21.25
2016-01-04,21.25,21.25,21.25,21.25,400,21.25
2015-12-31,21.25,21.40,21.23,21.23,15400,21.23
2015-12-30,21.15,21.15,21.15,21.15,000,21.15
2015-12-29,21.299999,21.299999,21.15,21.15,2000,21.15
2015-12-28,21.00,21.00,20.889999,20.889999,400,20.889999
2015-12-24,21.200001,21.200001,21.200001,21.200001,000,21.200001
2015-12-23,21.200001,21.200001,21.200001,21.200001,000,21.200001
2015-12-22,21.200001,21.200001,21.200001,21.200001,000,21.200001
2015-12-21,20.91,21.99,20.889999,21.200001,6600,21.200001
2015-12-18,21.00,21.25,20.889999,20.889999,18700,20.889999
2015-12-17,20.75,20.75,20.75,20.75,000,20.75
2015-12-16,20.75,20.75,20.75,20.75,000,20.75
2015-12-15,20.75,20.75,20.75,20.75,8300,20.75
2015-12-14,21.200001,21.200001,21.200001,21.200001,000,21.200001
2015-12-11,21.200001,21.200001,21.200001,21.200001,000,21.200001
2015-12-10,20.75,21.200001,20.75,21.200001,6600,21.200001
2015-12-09,21.00,21.00,21.00,21.00,500,21.00
2015-12-08,21.00,21.00,21.00,21.00,2700,21.00
2015-12-07,21.030001,21.030001,21.030001,21.030001,1500,21.030001
2015-12-04,20.99,21.190001,20.99,21.00,1200,21.00
2015-12-03,20.75,20.75,20.75,20.75,000,20.75
2015-12-02,20.75,20.75,20.75,20.75,000,20.75
2015-12-01,21.049999,21.049999,20.75,20.75,1600,20.75
2015-11-30,21.00,21.10,21.00,21.049999,3900,21.049999
2015-11-27,21.00,21.00,21.00,21.00,000,21.00
2015-11-25,21.139999,21.200001,21.00,21.00,800,21.00
2015-11-24,21.00,21.00,21.00,21.00,500,21.00
2015-11-23,21.00,21.00,21.00,21.00,1300,21.00
2015-11-20,21.00,21.200001,21.00,21.200001,2600,21.200001
2015-11-19,20.77,21.00,20.52,21.00,3000,21.00
2015-11-18,20.50,20.940001,20.50,20.940001,1500,20.940001
2015-11-17,20.50,20.50,20.50,20.50,300,20.50
2015-11-16,20.90,20.90,20.809999,20.809999,2300,20.809999
2015-11-13,20.74,20.74,20.74,20.74,000,20.74
2015-11-12,20.74,20.74,20.74,20.74,000,20.74
2015-11-11,20.74,20.74,20.74,20.74,100,20.74
2015-11-10,20.50,20.50,20.50,20.50,1500,20.50
2015-11-09,20.450001,20.450001,20.450001,20.450001,1500,20.450001
2015-11-06,20.379999,20.379999,20.379999,20.379999,000,20.379999
2015-11-05,20.379999,20.379999,20.379999,20.379999,100,20.379999
2015-11-04,20.25,20.25,20.25,20.25,100,20.25
2015-11-03,20.299999,20.299999,20.25,20.25,200,20.25
2015-11-02,20.10,20.10,20.10,20.10,000,20.10
2015-10-30,20.040001,20.10,20.040001,20.10,600,20.10
2015-10-29,20.00,20.120001,20.00,20.120001,36100,20.120001
2015-10-28,20.50,21.35,20.50,20.540001,3300,20.540001
2015-10-27,20.530001,21.360001,20.50,21.360001,300,21.360001
2015-10-26,20.540001,20.57,20.51,20.57,700,20.57
2015-10-23,20.889999,20.889999,20.889999,20.889999,000,20.889999
2015-10-22,20.50,20.889999,20.50,20.889999,400,20.889999
2015-10-21,20.50,20.690001,20.50,20.530001,1300,20.530001
2015-10-20,20.50,20.549999,20.50,20.540001,26600,20.540001
2015-10-19,21.459999,21.459999,21.459999,21.459999,000,21.459999
2015-10-16,21.459999,21.459999,21.459999,21.459999,000,21.459999
2015-10-15,20.50,21.459999,20.50,21.459999,700,21.459999
2015-10-14,20.549999,20.549999,20.549999,20.549999,000,20.549999
2015-10-13,20.549999,20.549999,20.549999,20.549999,200,20.549999
2015-10-12,20.540001,20.540001,20.540001,20.540001,000,20.540001
2015-10-09,20.540001,20.540001,20.540001,20.540001,100,20.540001
2015-10-08,21.42,21.42,21.42,21.42,200,21.42
2015-10-07,20.50,20.549999,20.50,20.51,29700,20.51
2015-10-06,21.66,21.66,21.58,21.58,300,21.58
2015-10-05,20.50,20.50,20.50,20.50,1200,20.50
2015-10-02,20.50,20.50,20.25,20.25,2100,20.25
2015-10-01,20.610001,20.610001,20.610001,20.610001,000,20.610001
2015-09-30,21.75,21.75,20.610001,20.610001,300,20.610001
2015-09-29,21.879999,21.879999,21.879999,21.879999,100,21.879999
2015-09-28,20.25,20.66,20.25,20.66,300,20.66
2015-09-25,20.290001,20.290001,20.290001,20.290001,200,20.290001
2015-09-24,20.549999,20.549999,20.549999,20.549999,000,20.549999
2015-09-23,20.549999,20.549999,20.549999,20.549999,000,20.549999
2015-09-22,20.549999,20.549999,20.549999,20.549999,100,20.549999
2015-09-21,20.379999,20.379999,20.379999,20.379999,000,20.379999
2015-09-18,20.59,20.59,20.379999,20.379999,300,20.379999
2015-09-17,20.389999,20.389999,20.389999,20.389999,200,20.389999
2015-09-16,20.25,20.
25,20.25,20.25,000,20.25
2015-09-15,20.25,20.25,20.25,20.25,000,20.25
2015-09-14,20.25,20.25,20.25,20.25,000,20.25
2015-09-11,20.25,20.25,20.25,20.25,000,20.25
2015-09-10,20.25,20.25,20.25,20.25,000,20.25
2015-09-09,20.25,20.25,20.25,20.25,000,20.25
2015-09-08,20.25,20.25,20.25,20.25,600,20.25
2015-09-04,20.530001,20.530001,20.530001,20.530001,200,20.530001
2015-09-03,19.709999,20.299999,19.709999,20.25,5600,20.25
2015-09-02,20.25,20.25,19.66,19.77,300,19.77
2015-09-01,19.40,20.219999,19.40,20.219999,2600,20.219999
2015-08-31,19.40,19.40,19.40,19.40,300,19.40
2015-08-28,19.51,19.51,19.51,19.51,200,19.51
2015-08-27,19.49,19.49,19.49,19.49,000,19.49
2015-08-26,19.459999,19.49,19.459999,19.49,200,19.49
2015-08-25,19.950001,19.950001,19.75,19.75,200,19.75
2015-08-24,19.950001,19.950001,19.75,19.75,800,19.75
2015-08-21,19.780001,19.780001,19.549999,19.549999,1200,19.549999
2015-08-20,19.719999,19.719999,19.34,19.34,500,19.34
2015-08-19,19.57,19.57,19.57,19.57,100,19.57
2015-08-18,19.040001,19.040001,19.040001,19.040001,000,19.040001
2015-08-17,19.299999,19.299999,19.040001,19.040001,1500,19.040001
2015-08-14,19.530001,19.530001,19.530001,19.530001,000,19.530001
2015-08-13,19.530001,19.530001,19.530001,19.530001,000,19.530001
2015-08-12,19.530001,19.530001,19.530001,19.530001,000,19.530001
2015-08-11,19.530001,19.530001,19.530001,19.530001,000,19.530001
2015-08-10,19.530001,19.530001,19.530001,19.530001,000,19.530001
2015-08-07,19.530001,19.530001,19.530001,19.530001,000,19.530001
2015-08-06,19.530001,19.530001,19.530001,19.530001,000,19.530001
2015-08-05,19.60,19.60,19.530001,19.530001,300,19.530001
2015-08-04,19.40,19.40,19.40,19.40,000,19.40
2015-08-03,19.40,19.40,19.40,19.40,000,19.40
2015-07-31,19.76,19.799999,19.34,19.40,1800,19.40
2015-07-30,20.00,20.01,19.309999,19.549999,3200,19.549999
2015-07-29,20.00,20.00,20.00,20.00,100,20.00
2015-07-28,19.780001,19.780001,18.99,19.59,1800,19.59
2015-07-27,19.65,19.65,19.65,19.65,600,19.65
2015-07-24,20.25,20.50,19.52,19.52,3700,19.52
2015-07-23,19.610001,19.610001,19.110001,19.200001,5900,19.200001
2015-07-22,19.65,19.65,19.65,19.65,000,19.65
2015-07-21,19.65,19.65,19.65,19.65,600,19.65
2015-07-20,19.84,20.42,19.790001,19.790001,1300,19.790001
2015-07-17,20.40,20.40,19.690001,19.690001,200,19.690001
2015-07-16,19.690001,19.799999,19.690001,19.77,2700,19.77
2015-07-15,20.00,20.00,19.91,19.91,2300,19.91
2015-07-14,20.110001,20.139999,20.030001,20.040001,900,20.040001
2015-07-13,19.860001,20.57,19.809999,20.57,1600,20.57
2015-07-10,20.25,20.32,20.25,20.32,400,20.32
2015-07-09,19.90,20.35,19.77,20.16,8700,20.16
2015-07-08,20.799999,20.799999,20.00,20.200001,3700,20.200001
2015-07-07,21.66,21.66,21.66,21.66,000,21.66
2015-07-06,21.66,21.66,21.66,21.66,000,21.66
2015-07-02,21.66,21.66,21.66,21.66,200,21.66
2015-07-01,20.66,20.66,20.66,20.66,100,20.66
2015-06-30,21.049999,21.049999,21.01,21.01,400,21.01
2015-06-29,20.27,22.219999,20.27,21.09,800,21.09
2015-06-26,20.639999,20.639999,19.98,20.59,5300,20.59
2015-06-25,20.790001,20.790001,20.790001,20.790001,200,20.790001
2015-06-24,20.700001,21.32,20.50,21.00,2500,21.00
2015-06-23,21.110001,21.110001,20.799999,20.969999,3900,20.969999
2015-06-22,21.34,21.34,20.809999,21.00,2400,21.00
2015-06-19,22.389999,23.34,20.969999,21.280001,18100,21.280001
2015-06-18,22.27,23.15,21.879999,22.98,7600,22.98
2015-06-17,21.43,22.879999,21.43,22.25,4800,22.25
2015-06-16,21.34,22.200001,21.299999,22.200001,8500,22.200001
2015-06-15,21.74,23.49,21.74,22.200001,13600,22.200001
2015-06-12,22.030001,22.030001,21.16,21.23,8500,21.23
2015-06-11,21.940001,21.940001,21.940001,21.940001,000,21.940001
2015-06-10,22.10,22.10,21.889999,21.940001,2000,21.940001
2015-06-09,22.08,22.08,22.040001,22.040001,1000,22.040001
2015-06-08,22.129999,22.129999,22.129999,22.129999,000,22.129999
2015-06-05,22.129999,22.129999,22.129999,22.129999,000,22.129999
2015-06-04,21.90,22.190001,21.90,22.129999,500,22.129999
2015-06-03,21.48,21.77,21.10,21.77,700,21.77
2015-06-02,22.120001,22.120001,21.48,22.08,600,22.08
2015-06-01,21.530001,21.75,21.48,21.48,1200,21.48
2015-05-29,21.540001,21.540001,21.120001,21.120001,600,21.120001
2015-05-28,21.10,21.780001,21.00,21.00,2700,21.00
2015-05-27,21.309999,22.66,21.10,21.16,2000,21.16
2015-05-26,21.15,21.389999,21.00,21.26,2700,21.26
2015-05-22,21.200001,21.290001,21.00,21.15,6500,21.15
2015-05-21,21.76,21.76,21.360001,21.379999,1200,21.379999
2015-05-20,21.200001,21.200001,21.200001,21.200001,100,21.200001
2015-05-19,21.129999,21.43,21.02,21.059999,9700,21.059999
2015-05-18,21.01,21.049999,21.00,21.00,500,21.00
2015-05-15,21.18,21.18,21.18,21.18,000,21.18
2015-05-14,21.18,21.540001,21.18,21.18,700,21.18
2015-05-13,21.75,21.75,21.049999,21.059999,2800,21.059999
2015-05-12,22.959999,22.959999,21.700001,21.74,5600,21.74
2015-05-11,21.309999,21.309999,21.309999,21.309999,300,21.309999
2015-05-08,21.17,21.450001,21.08,21.280001,12800,21.280001
2015-05
-07,21.00,21.24,21.00,21.129999,600,21.129999
2015-05-06,21.68,21.68,20.690001,21.01,16200,21.01
2015-05-05,22.23,22.23,22.23,22.23,500,22.23
2015-05-04,21.67,21.67,21.67,21.67,000,21.67
2015-05-01,21.73,21.73,21.66,21.67,4100,21.67
2015-04-30,21.690001,22.76,20.799999,21.459999,8800,21.209998
2015-04-29,21.780001,21.90,21.68,21.700001,1500,21.447204
2015-04-28,21.780001,21.780001,21.780001,21.780001,200,21.526272
2015-04-27,21.799999,21.799999,20.98,21.629999,3600,21.378018
2015-04-24,21.799999,21.889999,21.65,21.860001,11000,21.60534
2015-04-23,22.00,22.15,21.799999,21.799999,2500,21.546038
2015-04-22,21.889999,22.049999,21.889999,22.049999,6800,21.793125
2015-04-21,21.799999,21.99,21.75,21.99,12400,21.733825
2015-04-20,21.860001,22.110001,21.25,21.809999,16000,21.555922
2015-04-17,21.799999,22.34,21.60,21.860001,19100,21.60534
2015-04-16,21.940001,22.219999,21.23,22.040001,35300,21.783244
2015-04-15,22.10,22.60,20.65,21.719999,23200,21.46697
2015-04-14,22.049999,22.559999,21.93,22.299999,49500,22.040213
2015-04-13,22.040001,22.83,22.040001,22.299999,93100,22.040213
2015-04-10,22.049999,22.709999,21.90,22.120001,54200,21.862311
2015-04-09,22.889999,22.889999,21.84,22.299999,24000,22.040213
2015-04-08,22.50,22.90,21.450001,22.27,109800,22.010564
2015-04-07,22.60,22.700001,22.40,22.43,29400,22.1687
2015-04-06,22.67,23.10,22.67,22.91,12700,22.643107
2015-04-02,22.60,23.42,22.52,22.969999,160600,22.702408
2015-04-01,22.50,23.40,22.50,22.799999,67200,22.534388
2015-03-31,22.40,22.90,22.40,22.75,35000,22.484971
2015-03-30,22.299999,22.790001,22.299999,22.559999,67200,22.297184
2015-03-27,21.75,22.76,21.75,22.549999,77000,22.287301
2015-03-26,20.690001,22.35,20.639999,21.950001,139700,21.694292
2015-03-25,20.549999,20.780001,20.43,20.73,33500,20.488503
2015-03-24,20.75,20.75,20.469999,20.65,31900,20.409435
2015-03-23,20.700001,20.83,20.309999,20.77,42600,20.528038
2015-03-20,21.639999,22.33,20.459999,20.50,17300,20.261183
2015-03-19,21.719999,22.15,21.629999,21.709999,6600,21.457086
2015-03-18,21.60,22.10,21.60,21.75,17100,21.496621
2015-03-17,21.08,22.00,21.08,22.00,16900,21.743709
2015-03-16,20.60,21.01,20.52,21.01,5300,20.765242
2015-03-13,20.85,20.90,20.51,20.66,3300,20.419319
2015-03-12,20.629999,20.799999,20.459999,20.67,3200,20.429203
2015-03-11,20.90,21.059999,20.440001,20.85,6300,20.607106
2015-03-10,20.540001,20.700001,20.40,20.700001,3100,20.458854
2015-03-09,20.549999,20.700001,20.26,20.58,6500,20.340251
2015-03-06,20.48,20.65,20.209999,20.23,4500,19.994328
2015-03-05,20.360001,20.75,20.360001,20.75,4000,20.508271
2015-03-04,20.35,20.65,20.33,20.65,4300,20.409435
2015-03-03,20.360001,21.00,20.309999,20.309999,1500,20.073396
2015-03-02,21.00,21.00,21.00,21.00,000,20.755358
2015-02-27,21.00,21.00,21.00,21.00,000,20.755358
2015-02-26,21.00,21.00,21.00,21.00,000,20.755358
2015-02-25,21.00,21.00,21.00,21.00,000,20.755358
2015-02-24,21.00,21.00,21.00,21.00,000,20.755358
2015-02-23,21.00,21.00,21.00,21.00,000,20.755358
2015-02-20,20.950001,21.00,20.950001,21.00,1600,20.755358
2015-02-19,21.00,21.00,20.10,20.60,3600,20.360018
2015-02-18,20.18,20.200001,20.18,20.200001,300,19.964679
2015-02-17,20.25,20.25,20.10,20.10,1400,19.865843
2015-02-13,20.10,20.10,20.10,20.10,000,19.865843
2015-02-12,20.10,20.10,20.10,20.10,000,19.865843
2015-02-11,20.10,20.10,20.10,20.10,000,19.865843
2015-02-10,20.00,20.10,20.00,20.10,4100,19.865843
2015-02-09,19.99,20.200001,19.99,20.00,1700,19.767008
2015-02-06,19.75,19.75,19.75,19.75,000,19.51992
2015-02-05,19.75,19.75,19.75,19.75,000,19.51992
2015-02-04,19.75,19.75,19.75,19.75,000,19.51992
2015-02-03,19.75,19.75,19.75,19.75,000,19.51992
2015-02-02,19.75,19.75,19.75,19.75,200,19.51992
2015-01-30,20.00,20.00,19.75,19.75,5300,19.51992
2015-01-29,19.75,19.889999,19.75,19.75,5500,19.51992
2015-01-28,19.90,19.90,19.90,19.90,000,19.668172
2015-01-27,19.90,19.90,19.90,19.90,300,19.668172
2015-01-26,19.780001,19.889999,19.77,19.77,400,19.539688
2015-01-23,19.799999,19.90,19.75,19.90,1100,19.668172
2015-01-22,20.10,20.10,20.10,20.10,000,19.865843
2015-01-21,20.10,20.10,20.10,20.10,000,19.865843
2015-01-20,20.10,20.10,20.10,20.10,000,19.865843
2015-01-16,20.10,20.10,20.10,20.10,000,19.865843
2015-01-15,20.10,20.10,20.10,20.10,000,19.865843
2015-01-14
,20.10,20.10,20.10,20.10,000,19.865843
2015-01-13,20.10,20.10,20.10,20.10,000,19.865843
2015-01-12,20.10,20.10,20.10,20.10,000,19.865843
2015-01-09,19.75,20.10,19.75,20.10,800,19.865843
2015-01-08,20.10,20.10,20.10,20.10,000,19.865843
2015-01-07,19.75,20.27,19.75,20.10,6400,19.865843
2015-01-06,19.780001,20.50,19.780001,20.15,10000,19.91526
2015-01-05,20.10,20.10,19.629999,20.040001,7500,19.806543
2015-01-02,19.92,19.92,19.92,19.92,4900,19.68794
2014-12-31,19.34,19.34,19.34,19.34,000,19.114697
2014-12-30,19.60,19.60,18.700001,19.34,2200,19.114697
2014-12-29,19.51,19.51,19.51,19.51,000,19.282716
2014-12-26,20.15,20.15,19.51,19.51,500,19.282716
2014-12-24,20.299999,20.299999,20.299999,20.299999,000,20.063512
2014-12-23,19.360001,21.00,19.360001,20.299999,1100,20.063512
2014-12-22,21.76,21.76,19.26,19.26,6200,19.035629
2014-12-19,18.99,23.00,18.99,22.40,15000,22.139048
2014-12-18,18.99,19.030001,18.99,19.02,34700,18.798425
2014-12-17,19.73,19.73,18.950001,18.99,3500,18.768774
2014-12-16,18.879999,19.00,18.879999,18.99,20200,18.768774
2014-12-15,19.08,19.08,18.129999,18.860001,10200,18.640289
2014-12-12,19.75,19.75,19.60,19.60,8500,19.371668
2014-12-11,19.65,19.65,19.60,19.60,6400,19.371668
2014-12-10,19.639999,19.65,19.549999,19.549999,700,19.322249
2014-12-09,19.66,19.75,19.639999,19.639999,800,19.411201
2014-12-08,19.51,19.75,19.51,19.530001,1400,19.302484
2014-12-05,19.50,19.50,19.50,19.50,000,19.272833
2014-12-04,19.50,19.50,19.50,19.50,100,19.272833
2014-12-03,19.68,19.68,19.68,19.68,400,19.450736
2014-12-02,19.68,19.68,19.68,19.68,000,19.450736
2014-12-01,19.68,19.68,19.68,19.68,000,19.450736
2014-11-28,19.68,19.68,19.68,19.68,300,19.450736
2014-11-26,19.450001,19.450001,19.450001,19.450001,200,19.223416
2014-11-25,19.450001,19.450001,19.450001,19.450001,19000,19.223416
2014-11-24,19.059999,19.50,19.059999,19.450001,14700,19.223416
2014-11-21,19.450001,19.50,19.450001,19.450001,2300,19.223416
2014-11-20,19.32,19.60,19.299999,19.459999,29800,19.233298
2014-11-19,19.049999,19.049999,19.02,19.02,1200,18.798425
2014-11-18,19.09,19.09,19.09,19.09,000,18.867609
2014-11-17,19.23,19.25,19.09,19.09,2600,18.867609
2014-11-14,19.02,19.02,19.02,19.02,000,18.798425
2014-11-13,19.02,19.02,19.02,19.02,1000,18.798425
2014-11-12,19.129999,19.129999,19.129999,19.129999,000,18.907142
2014-11-11,19.129999,19.129999,19.129999,19.129999,000,18.907142
2014-11-10,19.08,19.129999,19.07,19.129999,1100,18.907142
2014-11-07,19.139999,19.139999,19.139999,19.139999,400,18.917026
2014-11-06,19.059999,19.059999,19.059999,19.059999,600,18.837958
2014-11-05,19.25,19.25,19.049999,19.049999,1400,18.828074
2014-11-04,19.25,19.25,19.25,19.25,000,19.025745
2014-11-03,19.25,19.25,19.25,19.25,000,19.025745
2014-10-31,19.35,19.35,19.25,19.25,300,19.025745
2014-10-30,19.01,19.01,19.01,19.01,000,18.788541
2014-10-29,19.01,19.01,19.01,19.01,000,18.788541
2014-10-28,19.01,19.01,19.01,19.01,000,18.788541
2014-10-27,19.01,19.01,19.01,19.01,000,18.788541
2014-10-24,19.01,19.01,19.01,19.01,100,18.788541
2014-10-23,19.00,19.01,19.00,19.01,400,18.788541
2014-10-22,19.10,19.10,19.00,19.049999,1900,18.828074
2014-10-21,19.10,19.10,19.10,19.10,000,18.877493
2014-10-20,19.10,19.10,19.10,19.10,200,18.877493
2014-10-17,19.200001,19.200001,19.00,19.00,5100,18.778657
2014-10-16,19.00,19.00,19.00,19.00,000,18.778657
2014-10-15,19.00,19.00,19.00,19.00,5300,18.778657
2014-10-14,18.809999,18.809999,18.799999,18.799999,1400,18.580987
2014-10-13,19.25,19.25,19.25,19.25,000,19.025745
2014-10-10,19.25,19.25,19.25,19.25,000,19.025745
2014-10-09,19.25,19.25,19.25,19.25,000,19.025745
2014-10-08,19.25,19.25,19.25,19.25,000,19.025745
2014-10-07,19.25,19.25,19.25,19.25,000,19.025745
2014-10-06,19.25,19.25,19.25,19.25,000,19.025745
2014-10-03,19.25,19.25,19.25,19.25,000,19.025745
2014-10-02,19.25,19.25,19.25,19.25,000,19.025745
2014-10-01,19.25,19.25,19.25,19.25,000,19.025745
2014-09-30,19.25,19.25,19.25,19.25,000,19.025745
2014-09-29,19.26,19.290001,19.25,19.25,2000,19.025745
2014-09-26,19.10,19.10,19.10,19.10,600,18.877493
2014-09-25,19.15,19.15,19.15,19.15,100,18.92691
2014-09-24,19.00,19.00,19.00,19.00,000,18.778657
2014-09-23,19.57,19.57,19.00,19.00,10100,18.778657
2014-09-22,19.49,19.49,19.49,19.49,000,19.262949
2014-09-19,19.440001,19.49,19.440001,19.49,3500,19.262949
2014-09-18,19.00,19.00,19.00,19.00,000,18.778657
2014-09-17,18.98,19.00,18.950001,19.00,8800,18.778657
2014-09-16,18.959999,18.959999,18.950001,18.950001,1700,18.729241
2014-09-15,18.75,18.77,18.75,18.77,400,18.551337
2014-09-12,18.629999,18.75,18.629999,18.75,500,18.53157
2014-09-11,18.639999,18.99,18.639999,18.99,2400,18.768774
2014-09-10,18.76,18.99,18.60,18.60,3700,18.383318
2014-09-09,18.75,18.75,18.75,18.75,400,18.53157
2014-09-08,18.700001,18.719999,18.700001,18.700001,2500,18.482153
2014-09-05,18.690001,18.690001,18.690001,18.690001,100,18.472269
2014-09-04,18.709999,18.940001,18.709999,18.940001,4300,18.719357
2014-09-03,18.67,18.67,18.67,18.67,200,18.452502
2014-09-02,18.66,18.67,18.65,18.67,1000,18.452502
2014-08-29,18.99,18.99,18.99,18.99,000,18.768774
2014-08-28,18.99,18.99,18.99,18.99,000,18.768774
2014-08-27,18.99,18.99,18.99,18.99,000,18.768774
2014-08-26,18.99,18.99,18.99,18.99,200,18.768774
2014-08-25,18.91,18.91,18.91,18.91,000,18.689706
2014-08-22,18.84,18.91,18.84,18.91,500,18.689706
2014-08-21,18.65,18.65,18.65,18.65,000,18.432734
2014-08-20,18.65,18.65,18.65,18.65,1200,18.432734
2014-08-19,18.65,18.65,18.65,18.65,2000,18.432734
2014-08-18,18.68,18.68,18.68,18.68,000,18.462386
2014-08-15,18.549999,18.75,18.
50,18.68,7400,18.462386
2014-08-14,18.719999,18.719999,18.719999,18.719999,1700,18.501919
2014-08-13,18.50,18.50,18.50,18.50,600,18.284482
2014-08-12,18.200001,18.610001,18.200001,18.50,17800,18.284482
2014-08-11,18.52,18.52,18.52,18.52,000,18.30425
2014-08-08,18.52,18.52,18.52,18.52,000,18.30425
2014-08-07,18.52,18.52,18.52,18.52,000,18.30425
2014-08-06,18.52,18.52,18.52,18.52,000,18.30425
2014-08-05,18.52,18.52,18.52,18.52,000,18.30425
2014-08-04,18.52,18.52,18.52,18.52,000,18.30425
2014-08-01,18.50,18.52,18.50,18.52,2200,18.30425
2014-07-31,18.50,18.50,18.50,18.50,000,18.284482
2014-07-30,18.50,18.50,18.50,18.50,000,18.284482
2014-07-29,18.50,18.50,18.50,18.50,000,18.284482
2014-07-28,18.52,18.52,18.50,18.50,900,18.284482
2014-07-25,18.059999,18.059999,18.059999,18.059999,000,17.849608
2014-07-24,18.379999,18.379999,18.059999,18.059999,300,17.849608
2014-07-23,18.360001,18.360001,18.360001,18.360001,000,18.146114
2014-07-22,18.360001,18.58,18.059999,18.360001,1100,18.146114
2014-07-21,18.40,18.50,18.01,18.01,2600,17.800191
2014-07-18,18.58,18.58,18.58,18.58,000,18.36355
2014-07-17,18.65,18.65,18.200001,18.58,4200,18.36355
2014-07-16,18.700001,18.700001,18.40,18.60,2100,18.383318
2014-07-15,18.51,18.51,18.51,18.51,000,18.294366
2014-07-14,18.68,18.68,18.51,18.51,300,18.294366
2014-07-11,18.35,18.709999,18.35,18.52,4200,18.30425
2014-07-10,18.200001,18.370001,18.200001,18.360001,7700,18.146114
2014-07-09,18.110001,18.209999,18.00,18.209999,15600,17.99786
2014-07-08,18.00,18.00,18.00,18.00,3000,17.790307
2014-07-07,18.00,18.18,18.00,18.15,900,17.938559
2014-07-03,18.110001,18.360001,18.030001,18.110001,8200,17.899026
2014-07-02,18.15,18.16,18.030001,18.08,900,17.869375
2014-07-01,18.17,18.17,18.17,18.17,100,17.958327
2014-06-30,18.01,18.01,18.01,18.01,200,17.800191
2014-06-27,18.10,18.10,18.10,18.10,1100,17.889142
2014-06-26,18.129999,18.190001,18.129999,18.16,3100,17.948443
2014-06-25,18.200001,18.370001,18.18,18.18,2400,17.96821
2014-06-24,18.16,18.16,18.16,18.16,300,17.948443
2014-06-23,18.370001,18.370001,18.370001,18.370001,000,18.155998
2014-06-20,18.360001,18.370001,18.360001,18.370001,2100,18.155998
2014-06-19,18.360001,18.370001,18.25,18.25,9500,18.037395
2014-06-18,18.23,18.23,18.23,18.23,200,18.017627
2014-06-17,18.17,18.200001,18.17,18.190001,2400,17.978094
2014-06-16,18.10,18.10,18.10,18.10,500,17.889142
2014-06-13,18.10,18.10,18.10,18.10,200,17.889142
2014-06-12,18.120001,18.129999,18.10,18.10,3200,17.889142
2014-06-11,18.10,18.10,18.10,18.10,100,17.889142
2014-06-10,18.00,18.10,18.00,18.10,1400,17.889142
2014-06-09,18.00,18.00,18.00,18.00,400,17.790307
2014-06-06,18.10,18.10,18.10,18.10,000,17.889142
2014-06-05,18.10,18.10,18.10,18.10,000,17.889142
2014-06-04,18.15,18.15,18.09,18.10,3600,17.889142
2014-06-03,18.10,18.10,18.10,18.10,000,17.889142
2014-06-02,18.10,18.10,18.10,18.10,100,17.889142
2014-05-30,18.00,18.00,18.00,18.00,000,17.790307
2014-05-29,18.00,18.00,18.00,18.00,300,17.790307
2014-05-28,18.00,18.00,18.00,18.00,000,17.790307
2014-05-27,18.10,18.10,18.00,18.00,1700,17.790307
2014-05-23,18.10,18.10,18.10,18.10,1300,17.889142
2014-05-22,18.10,18.10,18.10,18.10,400,17.889142
2014-05-21,18.10,18.10,18.10,18.10,1200,17.889142
2014-05-20,18.200001,18.200001,18.15,18.15,2100,17.938559
2014-05-19,18.00,18.00,18.00,18.00,000,17.790307
2014-05-16,18.00,18.00,18.00,18.00,1600,17.790307
2014-05-15,18.01,18.01,18.01,18.01,000,17.800191
2014-05-14,18.00,18.049999,18.00,18.01,800,17.800191
2014-05-13,18.190001,18.190001,18.00,18.00,6400,17.790307
2014-05-12,18.299999,18.299999,18.299999,18.299999,200,18.086811
2014-05-09,17.98,18.030001,17.98,18.00,14100,17.790307
2014-05-08,18.00,18.15,18.00,18.15,4400,17.938559
2014-05-07,18.15,18.15,18.15,18.15,000,17.938559
2014-05-06,18.10,18.15,18.08,18.15,4200,17.938559
2014-05-05,18.00,18.00,18.00,18.00,200,17.790307
2014-05-02,18.35,18.35,18.35,18.35,000,18.13623
2014-05-01,18.35,18.35,18.35,18.35,000,18.13623
2014-04-30,18.35,18.35,18.35,18.35,000,17.899026
2014-04-29,18.35,18.35,18.35,18.35,100,17.899026
2014-04-28,18.219999,18.219999,18.219999,18.219999,000,17.77222
2014-04-25,18.049999,18.219999,18.049999,18.219999,200,17.77222
2014-04-24,18.370001,18.370001,18.370001,18.370001,1000,17.918535
2014-04-23,18.190001,18.190001,18.190001,18.190001,600,17.742959
2014-04-22,18.00,18.00,18.00,18.00,100,17.557628
2014-04-21,17.74,18.370001,17.74,18.360001,5300,17.908781
2014-04-17,18.200001,18.40,18.16,18.16,4800,17.713695
2014-04-16,18.10,18.200001,18.08,18.08,16900,17.635661
2014-04-15,18.10,18.10,18.10,18.10,1300,17.65517
2014-04-14,18.110001,18.110001,18.10,18.10,2100,17.65517
2014-04-11,18.00,18.00,18.00,18.00,5400,17.557628
2014-04-10,18.00,18.00,18.00,18.00,1000,17.557628
2014-04-09,18.00,18.10,18.00,18.00,2500,17.557628
2014-04-08,18.00,18.00,18.00,18.00,4200,17.557628
2014-04-07,18.040001,18.040001,18.040001,18.040001,100,17.596645
2014-04-04,18.01,18.01,18.00,18.00,11600,17.557628
2014-04-03,17.889999,17.889999,17.889999,17.889999,000,17.45033
2014-04-02,17.889999,17.889999,17.889999,17.889999,300,17.45033
2014-04-01,17.93,18.00,17.93,18.00,500,17.557628
2014-03-31,18.040001,18.040001,18.00,18.00,2400,17.557628
2014-03-28,18.00,18.00,18.00,18.00,000,17.557628
2014-03-27,18.290001,18.290001,18.00,18.00,14100,17.557628
2014-03-26,18.00,18.00,18.00,18.00,8000,17.557628
2014-03-25,17.99,17.99,17.950001,17.959999,6000,17.51861
2014-03-24,18.219999,18.26,18.219999,18.26,600,17.811238
2014-03-21,17.950001,18.25,17.91,18.25,4600,17.801483
2014-03-20,17.950001,17.950001,17.700001,17.700001,700,17.265001
2014-03-19,17.969999,17.98,17.950001,17.959999,500,17.51861
2014-03-18,18.00,18.
07,17.99,18.07,49000,17.625907
2014-03-17,18.00,18.02,18.00,18.00,1300,17.557628
2014-03-14,18.00,18.00,18.00,18.00,000,17.557628
2014-03-13,18.00,18.10,18.00,18.00,17100,17.557628
2014-03-12,17.98,17.98,17.98,17.98,300,17.538119
2014-03-11,17.98,17.98,17.98,17.98,1000,17.538119
2014-03-10,18.00,18.00,18.00,18.00,500,17.557628
2014-03-07,17.780001,18.00,17.780001,18.00,7600,17.557628
2014-03-06,17.49,17.90,17.469999,17.90,11300,17.460085
2014-03-05,17.389999,17.49,17.389999,17.49,1800,17.060161
2014-03-04,17.40,17.40,17.40,17.40,800,16.972373
2014-03-03,17.299999,17.49,17.299999,17.49,27400,17.060161
2014-02-28,17.08,17.08,17.08,17.08,700,16.660238
2014-02-27,17.049999,17.08,17.049999,17.049999,8100,16.630974
2014-02-26,17.00,17.00,17.00,17.00,000,16.582204
2014-02-25,17.00,17.00,17.00,17.00,000,16.582204
2014-02-24,17.00,17.00,17.00,17.00,4000,16.582204
2014-02-21,17.00,17.00,17.00,17.00,000,16.582204
2014-02-20,17.01,17.030001,17.00,17.00,8000,16.582204
2014-02-19,16.959999,17.00,16.959999,17.00,400,16.582204
2014-02-18,16.99,17.00,16.99,17.00,1500,16.582204
2014-02-14,17.10,17.10,17.10,17.10,000,16.679747
2014-02-13,16.75,17.10,16.74,17.10,2900,16.679747
2014-02-12,17.00,17.00,17.00,17.00,5700,16.582204
2014-02-11,17.120001,17.129999,16.84,17.00,21700,16.582204
2014-02-10,17.299999,17.299999,17.200001,17.200001,1800,16.777289
2014-02-07,17.200001,17.200001,17.200001,17.200001,000,16.777289
2014-02-06,17.200001,17.200001,17.200001,17.200001,000,16.777289
2014-02-05,17.219999,17.219999,17.200001,17.200001,1500,16.777289
2014-02-04,17.10,17.299999,17.10,17.299999,5400,16.87483
2014-02-03,17.200001,17.209999,17.200001,17.200001,1800,16.777289
2014-01-31,17.35,17.35,17.200001,17.200001,1900,16.777289
2014-01-30,17.33,17.33,17.16,17.16,600,16.738271
2014-01-29,17.40,17.40,17.33,17.33,1900,16.904094
2014-01-28,17.40,17.41,17.26,17.26,6100,16.835814
2014-01-27,17.450001,17.450001,17.440001,17.450001,500,17.021145
2014-01-24,17.59,17.59,17.559999,17.58,3200,17.14795
2014-01-23,17.48,17.82,17.450001,17.809999,6200,17.372297
2014-01-22,17.469999,17.469999,17.41,17.41,6400,16.982127
2014-01-21,17.389999,17.389999,17.389999,17.389999,000,16.962618
2014-01-17,17.60,17.60,17.389999,17.389999,8600,16.962618
2014-01-16,17.549999,17.780001,17.549999,17.549999,10000,17.118686
2014-01-15,17.68,17.68,17.65,17.65,6400,17.216229
2014-01-14,17.799999,17.809999,17.799999,17.799999,5100,17.362542
2014-01-13,18.00,18.00,18.00,18.00,000,17.557628
2014-01-10,18.00,18.00,18.00,18.00,000,17.557628
2014-01-09,18.00,18.00,18.00,18.00,000,17.557628
2014-01-08,18.00,18.00,18.00,18.00,000,17.557628
2014-01-07,17.799999,18.00,17.799999,18.00,1400,17.557628
2014-01-06,17.799999,17.90,17.799999,17.879999,5500,17.440576
2014-01-03,17.790001,17.799999,17.790001,17.799999,4300,17.362542
2014-01-02,18.00,18.00,18.00,18.00,000,17.557628
2013-12-31,17.940001,18.00,17.799999,18.00,3700,17.557628
2013-12-30,17.68,18.10,17.68,18.08,1600,17.635661
2013-12-27,17.65,17.65,17.65,17.65,3600,17.216229
2013-12-26,17.690001,17.690001,17.690001,17.690001,000,17.255247
2013-12-24,17.709999,17.709999,17.690001,17.690001,1400,17.255247
2013-12-23,17.58,17.709999,17.58,17.709999,1100,17.274754
2013-12-20,17.950001,17.950001,17.610001,17.74,1400,17.304017
2013-12-19,17.82,17.85,17.799999,17.85,1200,17.411314
2013-12-18,18.00,18.00,18.00,18.00,000,17.557628
2013-12-17,17.950001,18.00,17.90,18.00,1900,17.557628
2013-12-16,18.00,18.01,17.90,17.90,4700,17.460085
2013-12-13,17.75,17.75,17.75,17.75,000,17.313772
2013-12-12,17.75,17.75,17.75,17.75,600,17.313772
2013-12-11,17.940001,17.940001,17.940001,17.940001,000,17.499103
2013-12-10,17.940001,17.940001,17.940001,17.940001,400,17.499103
2013-12-09,17.75,17.75,17.75,17.75,000,17.313772
2013-12-06,17.940001,17.940001,17.75,17.75,1800,17.313772
2013-12-05,18.00,18.00,18.00,18.00,200,17.557628
2013-12-04,17.99,17.99,17.799999,17.799999,2300,17.362542
2013-12-03,17.99,17.99,17.99,17.99,300,17.547873
2013-12-02,17.540001,18.00,17.43,18.00,500,17.557628
2013-11-29,17.49,17.49,17.49,17.49,000,17.060161
2013-11-27,17.440001,17.49,17.389999,17.49,1100,17.060161
2013-11-26,17.799999,17.799999,17.799999,17.799999,000,17.362542
2013-11-25,17.799999,17.799999,17.799999,17.799999,1400,17.362542
2013-11-22,17.85,17.85,17.700001,17.85,1400,17.411314
2013-11-21,17.879999,17.879999,17.879999,17.879999,200,17.440576
2013-11-20,17.950001,17.950001,17.950001,17.950001,100,17.508857
2013-11-19,18.00,18.00,18.00,18.00,000,17.557628
2013-11-18,18.00,18.00,18.00,18.00,000,17.557628
2013-11-15,18.00,18.02,18.00,18.00,1800,17.557628
2013-11-14,17.98,18.15,17.73,18.00,2200,17.557628
2013-11-13,18.00,18.00,18.00,18.00,2000,17.557628
2013-11-12,18.00,18.01,17.940001,18.00,3500,17.557628
2013-11-11,17.73,18.01,17.73,18.00,2400,17.557628
2013-11-08,17.50,17.76,17.25,17.719999,3700,17.284508
2013-11-07,17.370001,17.879999,17.370001,17.58,19800,17.14795
2013-11-06,17.299999,17.299999,17.299999,17.299999,200,16.87483
2013-11-05,17.139999,17.139999,17.10,17.10,1200,16.679747
2013-11-04,17.00,17.049999,17.00,17.049999,1100,16.630974
2013-11-01,17.200001,17.389999,17.190001,17.
190001,2000,16.767535
2013-10-31,16.959999,17.280001,16.950001,17.280001,8800,16.855323
2013-10-30,17.049999,17.049999,17.049999,17.049999,700,16.630974
2013-10-29,17.00,17.030001,17.00,17.02,7200,16.601713
2013-10-28,17.00,17.10,16.969999,17.10,11300,16.679747
2013-10-25,17.01,17.01,16.700001,17.00,10100,16.582204
2013-10-24,17.049999,17.049999,17.049999,17.049999,200,16.630974
2013-10-23,17.16,17.16,17.16,17.16,100,16.738271
2013-10-22,17.18,17.24,17.139999,17.16,8300,16.738271
2013-10-21,17.23,17.23,17.209999,17.219999,700,16.796796
2013-10-18,17.290001,17.290001,17.290001,17.290001,1000,16.865078
2013-10-17,17.309999,17.309999,17.309999,17.309999,2200,16.884585
2013-10-16,17.200001,17.200001,17.200001,17.200001,000,16.777289
2013-10-15,17.27,17.40,17.200001,17.200001,40300,16.777289
2013-10-14,17.25,17.299999,17.25,17.280001,5000,16.855323
2013-10-11,17.35,17.35,17.219999,17.219999,1000,16.796796
2013-10-10,17.440001,17.440001,17.35,17.35,6600,16.923602
2013-10-09,17.40,17.48,17.40,17.48,1400,17.050407
2013-10-08,17.379999,17.450001,17.379999,17.379999,6000,16.952864
2013-10-07,17.40,17.40,17.360001,17.379999,97800,16.952864
2013-10-04,17.40,17.40,17.379999,17.40,3200,16.972373
2013-10-03,17.35,17.35,17.35,17.35,000,16.923602
2013-10-02,17.40,17.40,17.35,17.35,400,16.923602
2013-10-01,17.40,17.40,17.35,17.35,8700,16.923602
2013-09-30,17.40,17.40,17.40,17.40,8000,16.972373
2013-09-27,17.40,17.40,17.389999,17.40,2800,16.972373
2013-09-26,17.379999,17.379999,17.379999,17.379999,100,16.952864
2013-09-25,17.35,17.379999,17.35,17.379999,1500,16.952864
2013-09-24,17.389999,17.389999,17.389999,17.389999,500,16.962618
2013-09-23,17.40,17.40,17.40,17.40,000,16.972373
2013-09-20,17.370001,17.42,17.35,17.40,11300,16.972373
2013-09-19,17.450001,17.450001,17.370001,17.370001,4100,16.943111
2013-09-18,17.35,17.40,17.35,17.40,3300,16.972373
2013-09-17,17.15,17.32,17.15,17.32,1700,16.894339
2013-09-16,17.16,17.16,17.10,17.110001,1100,16.689501
2013-09-13,17.43,17.450001,17.25,17.25,3100,16.82606
2013-09-12,17.450001,17.450001,17.450001,17.450001,000,17.021145
2013-09-11,17.450001,17.450001,17.450001,17.450001,000,17.021145
2013-09-10,17.450001,17.450001,17.450001,17.450001,000,17.021145
2013-09-09,17.200001,17.450001,17.200001,17.450001,300,17.021145
2013-09-06,17.41,17.41,17.41,17.41,2900,16.982127
2013-09-05,17.40,17.49,17.40,17.469999,3100,17.040652
2013-09-04,17.370001,17.40,17.370001,17.370001,2100,16.943111
2013-09-03,17.33,17.389999,17.33,17.33,6600,16.904094
2013-08-30,17.40,17.40,17.40,17.40,000,16.972373
2013-08-29,17.40,17.40,17.40,17.40,100,16.972373
2013-08-28,17.219999,17.219999,17.219999,17.219999,100,16.796796
2013-08-27,17.49,17.49,17.49,17.49,100,17.060161
2013-08-26,17.49,17.49,17.49,17.49,000,17.060161
2013-08-23,17.49,17.49,17.49,17.49,2000,17.060161
2013-08-22,17.469999,17.49,17.469999,17.49,900,17.060161
2013-08-21,17.48,17.48,17.48,17.48,000,17.050407
2013-08-20,17.459999,17.48,17.459999,17.48,500,17.050407
2013-08-19,17.18,17.459999,17.18,17.299999,1900,16.87483
2013-08-16,16.91,16.91,16.91,16.91,000,16.494416
2013-08-15,16.91,16.91,16.91,16.91,100,16.494416
2013-08-14,17.35,17.49,17.35,17.49,300,17.060161
2013-08-13,17.35,17.35,17.35,17.35,000,16.923602
2013-08-12,17.50,17.530001,17.35,17.35,3000,16.923602
2013-08-09,17.700001,17.73,17.700001,17.700001,700,17.265001
2013-08-08,18.16,18.16,18.16,18.16,100,17.713695
2013-08-07,18.00,18.00,18.00,18.00,000,17.557628
2013-08-06,18.00,18.00,18.00,18.00,000,17.557628
2013-08-05,17.870001,18.290001,17.870001,18.00,3500,17.557628
2013-08-02,17.51,17.51,17.51,17.51,300,17.07967
2013-08-01,17.50,17.50,17.50,17.50,600,17.069916
2013-07-31,17.559999,18.32,17.40,18.32,4200,17.869763
2013-07-30,17.790001,17.790001,17.790001,17.790001,100,17.352789
2013-07-29,17.90,17.90,17.780001,17.780001,500,17.343035
2013-07-26,17.68,18.00,17.68,18.00,900,17.557628
2013-07-25,17.700001,17.950001,17.700001,17.700001,1300,17.265001
2013-07-24,18.35,18.35,18.35,18.35,200,17.899026
2013-07-23,18.290001,18.290001,18.139999,18.139999,200,17.694186
2013-07-22,17.700001,18.139999,17.700001,18.139999,300,17.694186
2013-07-19,18.34,18.34,18.34,18.34,000,17.889272
2013-07-18,18.34,18.34,18.34,18.34,000,17.889272
2013-07-17,18.049999,18.34,18.049999,18.34,200,17.889272
2013-07-16,18.08,18.08,17.75,17.75,1000,17.313772
2013-07-15,18.35,18.35,18.35,18.35,3400,17.899026
2013-07-12,18.40,18.40,18.40,18.40,000,17.947797
2013-07-11,18.40,18.40,18.40,18.40,100,17.947797
2013-07-10,18.290001,18.290001,18.290001,18.290001,000,17.840501
2013-07-09,18.16,18.299999,18.16,18.290001,600,17.840501
2013-07-08,18.190001,18.190001,18.190001,18.190001,000,17.742959
2013-07-05,18.190001,18.190001,18.190001,18.190001,000,17.742959
2013-07-03,18.190001,18.190001,18.190001,18.190001,000,17.742959
2013-07-02,18.190001,18.190001,18.190001,18.190001,200,17.742959
2013-07-01,17.65,17.65,17.65,17.65,100,17.216229
2013-06-28,17.67,17.67,17.67,17.67,000,17.235738
2013-06-27,17.67,17.67,17.67,17.67,100,17.235738
2013-06-26,17.83,17.889999,17.65,17.879999,2300,17.440576
2013-06-25,17.860001,17.860001,17.860001,17.860001,000,17.421069
2013-06-24,17.35,17.860001,17.35,17.860001,900,17.421069
2013-06-21,17.889999,17.98,17.85,17.940001,2100,17.499103
2013-06-20,18.08,18.08,17.360001,17.360001,300,16.933357
2013-06-19,17.75,18.459999,17.75,18.459999,1200,18.006322

2013-06-18,17.75,18.299999,17.75,17.76,2500,17.323526
2013-06-17,18.50,18.50,17.85,18.00,4100,17.557628
2013-06-14,17.25,17.25,17.25,17.25,000,16.82606
2013-06-13,17.25,17.25,17.25,17.25,000,16.82606
2013-06-12,17.129999,17.25,17.120001,17.25,1900,16.82606
2013-06-11,18.00,18.00,17.030001,17.26,3000,16.835814
2013-06-10,18.35,18.35,18.00,18.00,900,17.557628
2013-06-07,18.35,18.35,18.35,18.35,000,17.899026
2013-06-06,18.35,18.35,18.35,18.35,000,17.899026
2013-06-05,18.35,18.35,18.35,18.35,000,17.899026
2013-06-04,18.42,18.42,18.35,18.35,5700,17.899026
2013-06-03,18.84,19.190001,18.25,18.25,3300,17.801483
2013-05-31,18.50,18.50,18.50,18.50,500,18.045339
2013-05-30,18.24,18.84,18.24,18.52,5500,18.064848
2013-05-29,18.00,18.17,18.00,18.17,600,17.72345
2013-05-28,17.889999,17.91,17.709999,17.90,3300,17.460085
2013-05-24,16.620001,17.690001,16.620001,17.690001,8600,17.255247
2013-05-23,16.870001,17.00,16.870001,17.00,2100,16.582204
2013-05-22,17.200001,17.209999,16.83,16.860001,1400,16.445645
2013-05-21,17.290001,17.290001,17.27,17.27,300,16.845569
2013-05-20,17.01,17.15,16.92,16.92,2400,16.50417
2013-05-17,16.700001,16.889999,16.700001,16.889999,10100,16.474907
2013-05-16,16.76,16.76,16.549999,16.559999,3400,16.153017
2013-05-15,16.75,16.75,16.75,16.75,1200,16.338348
2013-05-14,16.700001,16.700001,16.700001,16.700001,1200,16.289577
2013-05-13,16.58,16.75,16.58,16.65,1600,16.240805
2013-05-10,16.559999,16.559999,16.559999,16.559999,000,16.153017
2013-05-09,16.559999,16.559999,16.559999,16.559999,000,16.153017
2013-05-08,16.559999,16.559999,16.559999,16.559999,100,16.153017
2013-05-07,16.58,16.60,16.50,16.60,1600,16.192035
2013-05-06,16.34,16.34,16.34,16.34,500,15.938424
2013-05-03,16.34,16.59,16.34,16.59,3100,16.18228
2013-05-02,16.40,16.40,16.33,16.33,1100,15.92867
2013-05-01,16.280001,16.32,16.280001,16.32,900,15.918915
2013-04-30,16.25,16.32,16.25,16.32,1200,15.918915
2013-04-29,16.139999,16.25,16.129999,16.25,600,15.850636
2013-04-26,16.25,16.25,16.25,16.25,100,15.850636
2013-04-25,16.15,16.24,16.049999,16.24,1500,15.567763
2013-04-24,16.02,16.040001,16.01,16.040001,600,15.376043
2013-04-23,16.01,16.01,16.01,16.01,000,15.347284
2013-04-22,16.01,16.01,16.01,16.01,000,15.347284
2013-04-19,16.280001,16.280001,16.00,16.01,3600,15.347284
2013-04-18,16.15,16.15,15.87,15.92,1500,15.26101
2013-04-17,16.040001,16.10,16.040001,16.10,3200,15.433559
2013-04-16,16.01,16.040001,15.81,15.81,1400,15.155563
2013-04-15,16.00,16.00,15.81,15.81,4100,15.155563
2013-04-12,16.040001,16.09,16.00,16.09,1300,15.423973
2013-04-11,16.09,16.09,16.09,16.09,100,15.423973
2013-04-10,16.00,16.09,16.00,16.07,1900,15.4048
2013-04-09,16.09,16.09,16.049999,16.09,1700,15.423973
2013-04-08,16.040001,16.049999,15.85,16.02,3300,15.356871
2013-04-05,15.97,16.18,15.85,15.85,7000,15.193907
2013-04-04,15.99,15.99,15.99,15.99,200,15.328112
2013-04-03,16.00,16.00,15.84,15.84,14200,15.184321
2013-04-02,16.040001,16.10,16.040001,16.10,900,15.433559
2013-04-01,16.07,16.10,16.049999,16.049999,2900,15.385628
2013-03-28,16.049999,16.049999,16.049999,16.049999,000,15.385628
2013-03-27,16.049999,16.049999,16.049999,16.049999,000,15.385628
2013-03-26,16.049999,16.049999,16.049999,16.049999,000,15.385628
2013-03-25,16.24,16.24,16.049999,16.049999,3100,15.385628
2013-03-22,16.059999,16.24,16.049999,16.24,3200,15.567763
2013-03-21,16.10,16.10,16.10,16.10,000,15.433559
2013-03-20,16.24,16.25,16.07,16.10,800,15.433559
2013-03-19,16.219999,16.219999,16.059999,16.059999,500,15.395214
2013-03-18,16.24,16.24,16.24,16.24,100,15.567763
2013-03-15,16.08,16.08,16.08,16.08,400,15.414386
2013-03-14,16.26,16.280001,16.26,16.26,1000,15.586936
2013-03-13,16.32,16.32,16.32,16.32,000,15.644452
2013-03-12,16.32,16.32,16.32,16.32,100,15.644452
2013-03-11,16.049999,16.120001,16.049999,16.120001,700,15.452732
2013-03-08,16.049999,16.049999,16.049999,16.049999,000,15.385628
2013-03-07,16.040001,16.08,16.040001,16.049999,700,15.385628
2013-03-06,16.26,16.26,16.26,16.26,700,15.586936
2013-03-05,16.280001,16.280001,16.280001,16.280001,1000,15.606108
2013-03-04,16.389999,16.389999,16.299999,16.299999,200,15.625279
2013-03-01,16.02,16.02,16.02,16.02,300,15.356871
2013-02-28,16.049999,16.049999,16.01,16.02,1500,15.356871
2013-02-27,16.23,16.23,16.00,16.10,4400,15.433559
2013-02-26,16.200001,16.23,16.200001,16.219999,700,15.548591
2013-02-25,16.26,16.26,16.25,16.25,1400,15.57735
2013-02-22,16.280001,16.280001,16.280001,16.280001,1000,15.606108
2013-02-21,16.299999,16.299999,16.299999,16.299999,100,15.625279
2013-02-20,16.26,16.26,16.26,16.26,100,15.586936
2013-02-19,16.370001,16.379999,16.26,16.35,1800,15.67321
2013-02-15,16.389999,16.389999,16.389999,16.389999,000,15.711554
2013-02-14,16.389999,16.389999,16.389999,16.389999,000,15.711554
2013-02-13,16.389999,16.389999,16.389999,16.389999,000,15.711554
2013-02-12,16.389999,16.389999,16.389999,16.389999,000,15.711554
2013-02-11,16.389999,16.389999,16.389999,16.389999,000,15.711554
2013-02-08,16.40,16.40,16.35,16.389999,2900,15.711554
2013-02-07,16.41,16.41,16.35,16.35,800,15.67321
2013-02-06,16.459999,16.49,16.459999,16.469999,1100,15.
788242
2013-02-05,16.469999,16.48,16.469999,16.48,500,15.797828
2013-02-04,16.200001,16.200001,16.200001,16.200001,1700,15.52942
2013-02-01,16.26,16.27,16.25,16.25,1300,15.57735
2013-01-31,16.27,16.27,16.27,16.27,900,15.596522
2013-01-30,16.299999,16.40,16.299999,16.40,300,15.72114
2013-01-29,16.299999,16.309999,16.299999,16.299999,1300,15.625279
2013-01-28,16.309999,16.309999,16.309999,16.309999,100,15.634865
2013-01-25,16.50,16.50,16.299999,16.50,1600,15.817001
2013-01-24,16.469999,16.50,16.309999,16.469999,2800,15.788242
2013-01-23,16.280001,16.459999,16.280001,16.459999,1100,15.778656
2013-01-22,16.309999,16.33,16.25,16.25,6200,15.57735
2013-01-18,16.48,16.50,16.309999,16.309999,1200,15.634865
2013-01-17,16.469999,16.48,16.469999,16.48,1000,15.797828
2013-01-16,16.469999,16.469999,16.200001,16.219999,400,15.548591
2013-01-15,16.24,16.49,16.24,16.43,1400,15.749899
2013-01-14,16.24,16.24,16.18,16.18,2200,15.510247
2013-01-11,16.200001,16.25,16.110001,16.25,3300,15.57735
2013-01-10,16.200001,16.200001,16.10,16.10,3200,15.433559
2013-01-09,16.139999,16.200001,16.139999,16.200001,1500,15.52942
2013-01-08,16.139999,16.139999,16.00,16.139999,3300,15.471902
2013-01-07,16.00,16.15,15.96,16.139999,6000,15.471902
2013-01-04,16.10,16.10,15.95,15.96,10200,15.299354
2013-01-03,16.24,16.24,16.10,16.10,2400,15.433559
2013-01-02,16.389999,16.389999,16.26,16.290001,4900,15.615695
2012-12-31,16.15,16.450001,15.76,16.40,2300,15.72114
2012-12-28,16.25,16.40,15.76,16.379999,16100,15.701968
2012-12-27,16.190001,16.25,15.95,16.25,5700,15.57735
2012-12-26,15.74,15.95,15.73,15.95,16400,15.289767
2012-12-24,15.73,15.74,15.65,15.68,9300,15.030944
2012-12-21,14.98,15.63,14.98,15.63,64100,14.983014
2012-12-20,14.86,14.87,14.74,14.74,1000,14.129854
2012-12-19,14.88,14.88,14.80,14.80,1700,14.187371
2012-12-18,15.00,15.00,14.90,14.99,800,14.369506
2012-12-17,15.05,15.14,14.84,15.00,3400,14.379092
2012-12-14,14.79,14.99,14.79,14.96,6600,14.340748
2012-12-13,14.68,14.75,14.68,14.72,13000,14.110682
2012-12-12,14.59,14.68,14.59,14.68,4000,14.072338
2012-12-11,14.50,14.58,14.50,14.58,5900,13.976477
2012-12-10,14.46,14.57,14.46,14.55,1500,13.947719
2012-12-07,14.53,14.62,14.53,14.60,2500,13.99565
2012-12-06,14.60,14.68,14.60,14.60,4300,13.99565
2012-12-05,14.55,14.55,14.55,14.55,000,13.947719
2012-12-04,14.55,14.55,14.55,14.55,500,13.947719
2012-12-03,14.60,14.60,14.60,14.60,3600,13.99565
2012-11-30,14.59,14.59,14.56,14.59,11000,13.986063
2012-11-29,14.58,14.58,14.50,14.58,1800,13.976477
2012-11-28,14.50,14.59,14.50,14.59,20000,13.986063
2012-11-27,14.50,14.54,14.36,14.51,9500,13.909375
2012-11-26,14.51,14.51,14.49,14.50,2400,13.899789
2012-11-23,14.31,14.31,14.31,14.31,000,13.717654
2012-11-21,14.56,14.56,14.31,14.31,2100,13.717654
2012-11-20,14.50,14.56,14.50,14.56,2400,13.957306
2012-11-19,14.50,14.50,14.50,14.50,3300,13.899789
2012-11-16,14.50,14.55,14.50,14.50,3100,13.899789
2012-11-15,14.50,14.51,14.25,14.50,5100,13.899789
2012-11-14,14.46,14.53,14.46,14.53,18300,13.928547
2012-11-13,14.60,14.60,14.40,14.50,6200,13.899789
2012-11-12,14.65,14.65,14.50,14.50,1200,13.899789
2012-11-09,14.50,14.51,14.50,14.50,8500,13.899789
2012-11-08,14.68,14.70,14.50,14.70,3200,14.09151
2012-11-07,14.50,14.74,14.50,14.70,25300,14.09151
2012-11-06,14.40,14.59,14.40,14.56,8200,13.957306
2012-11-05,14.24,14.36,14.24,14.36,2300,13.765584
2012-11-02,14.35,14.51,14.16,14.51,25500,13.909375
2012-11-01,14.18,14.30,14.16,14.20,24900,13.612207
2012-10-31,14.24,14.24,14.19,14.24,2000,13.650551
2012-10-26,14.15,14.33,14.15,14.26,7000,13.669724
2012-10-25,14.45,14.45,14.25,14.30,16200,13.708068
2012-10-24,14.44,14.61,14.44,14.50,19100,13.899789
2012-10-23,14.51,14.69,14.50,14.68,13600,14.072338
2012-10-22,14.60,14.65,14.60,14.60,2900,13.99565
2012-10-19,14.80,14.80,14.54,14.54,37100,13.938133
2012-10-18,14.60,14.80,14.56,14.79,6900,14.177785
2012-10-17,14.65,14.81,14.64,14.80,3200,14.187371
2012-10-16,14.85,14.85,14.50,14.65,10900,14.043579
2012-10-15,14.55,14.94,14.48,14.84,18600,14.2257
15
2012-10-12,14.55,14.74,14.45,14.55,32400,13.947719
2012-10-11,14.41,14.56,14.41,14.55,21300,13.947719
2012-10-10,14.81,14.81,14.61,14.61,19000,14.005235
2012-10-09,14.95,14.95,14.85,14.90,12000,14.283231