Date,Open,High,Low,Close,Volume,Adj Close
2016-08-05,7.67,7.76,7.63,7.68,489800,7.68
2016-08-04,7.69,7.85,7.61,7.63,730700,7.63
2016-08-03,7.50,7.85,7.34,7.66,2555500,7.66
2016-08-02,7.29,7.46,7.14,7.21,720200,7.21
2016-08-01,7.47,7.47,7.25,7.29,589300,7.29
2016-07-29,7.41,7.48,7.06,7.44,1688900,7.44
2016-07-28,7.51,7.52,7.37,7.42,740100,7.42
2016-07-27,7.60,7.65,7.36,7.49,706100,7.49
2016-07-26,7.57,7.65,7.48,7.54,813200,7.54
2016-07-25,7.61,7.78,7.55,7.57,561700,7.57
2016-07-22,7.53,7.64,7.46,7.62,359700,7.62
2016-07-21,7.67,7.78,7.55,7.55,335100,7.55
2016-07-20,7.51,7.74,7.42,7.67,649300,7.67
2016-07-19,7.69,7.75,7.49,7.50,433300,7.50
2016-07-18,7.60,7.74,7.50,7.69,491000,7.69
2016-07-15,7.60,7.68,7.45,7.59,609400,7.59
2016-07-14,7.90,7.96,7.51,7.57,926900,7.57
2016-07-13,7.79,7.93,7.68,7.83,1318500,7.83
2016-07-12,7.76,7.91,7.67,7.73,1714500,7.73
2016-07-11,7.63,7.85,7.56,7.64,774200,7.64
2016-07-08,7.50,7.60,7.44,7.55,1091100,7.55
2016-07-07,7.54,7.65,7.38,7.51,694400,7.51
2016-07-06,7.43,7.53,7.27,7.52,961500,7.52
2016-07-05,7.79,7.80,7.38,7.45,594100,7.45
2016-07-01,8.02,8.16,7.73,7.85,517900,7.85
2016-06-30,7.88,8.00,7.70,7.96,1003800,7.96
2016-06-29,7.61,7.92,7.56,7.86,1114300,7.86
2016-06-28,7.42,7.57,7.20,7.37,827000,7.37
2016-06-27,7.84,7.84,7.15,7.26,1486400,7.26
2016-06-24,7.98,8.11,7.84,7.99,2081600,7.99
2016-06-23,8.33,8.49,8.27,8.41,1468600,8.41
2016-06-22,8.50,8.53,8.19,8.20,546200,8.20
2016-06-21,8.60,8.71,8.32,8.53,745200,8.53
2016-06-20,8.41,8.70,8.30,8.55,1136100,8.55
2016-06-17,8.48,8.57,8.17,8.30,1422000,8.30
2016-06-16,8.38,8.49,8.23,8.46,584400,8.46
2016-06-15,8.45,8.68,8.41,8.45,604800,8.45
2016-06-14,8.41,8.73,8.28,8.44,653100,8.44
2016-06-13,8.43,8.67,8.20,8.41,991100,8.41
2016-06-10,8.65,8.74,8.49,8.52,763200,8.52
2016-06-09,8.96,9.00,8.73,8.78,691500,8.78
2016-06-08,9.07,9.17,8.90,9.02,1087800,9.02
2016-06-07,9.12,9.30,9.04,9.06,1184700,9.06
2016-06-06,9.00,9.24,9.00,9.11,1324000,9.11
2016-06-03,9.36,9.36,8.86,8.99,1478900,8.99
2016-06-02,9.00,9.39,8.94,9.34,2180900,9.34
2016-06-01,8.98,9.49,8.98,9.02,2352900,9.02
2016-05-31,8.84,9.07,8.82,8.93,1360900,8.93
2016-05-27,8.66,9.08,8.65,8.82,1287700,8.82
2016-05-26,8.56,8.84,8.38,8.76,1625900,8.76
2016-05-25,8.47,9.33,8.02,8.56,5683800,8.56
2016-05-24,7.28,7.51,7.08,7.35,1137100,7.35
2016-05-23,7.16,7.39,7.09,7.20,803200,7.20
2016-05-20,6.71,7.22,6.71,7.18,739600,7.18
2016-05-19,6.74,6.92,6.63,6.71,309200,6.71
2016-05-18,6.61,6.91,6.59,6.81,542900,6.81
2016-05-17,6.41,6.82,6.38,6.63,681000,6.63
2016-05-16,6.42,
6.52,6.31,6.41,402500,6.41
2016-05-13,6.23,6.55,6.23,6.37,428300,6.37
2016-05-12,6.42,6.49,6.19,6.26,645500,6.26
2016-05-11,6.54,6.65,6.38,6.40,550300,6.40
2016-05-10,6.37,6.72,6.28,6.56,494300,6.56
2016-05-09,6.44,6.55,6.29,6.35,424700,6.35
2016-05-06,6.38,6.46,6.18,6.44,733100,6.44
2016-05-05,6.77,6.79,6.44,6.46,785800,6.46
2016-05-04,6.83,6.93,6.46,6.76,819600,6.76
2016-05-03,7.17,7.24,6.80,6.86,900200,6.86
2016-05-02,7.36,7.44,7.12,7.24,760600,7.24
2016-04-29,7.78,7.91,7.33,7.38,1310100,7.38
2016-04-28,7.98,8.13,7.79,7.83,519700,7.83
2016-04-27,7.82,8.08,7.66,8.00,635600,8.00
2016-04-26,7.77,7.86,7.56,7.81,712600,7.81
2016-04-25,7.85,8.00,7.72,7.80,491200,7.80
2016-04-22,7.87,8.21,7.86,7.90,679600,7.90
2016-04-21,7.80,8.00,7.67,7.92,622000,7.92
2016-04-20,7.56,7.88,7.52,7.78,653600,7.78
2016-04-19,7.55,7.64,7.33,7.52,605400,7.52
2016-04-18,7.31,7.62,7.22,7.50,1140300,7.50
2016-04-15,7.62,7.64,7.22,7.34,892300,7.34
2016-04-14,7.70,7.88,7.62,7.67,784100,7.67
2016-04-13,7.57,7.86,7.43,7.83,738500,7.83
2016-04-12,7.68,7.76,7.37,7.51,544400,7.51
2016-04-11,7.72,7.98,7.67,7.70,525100,7.70
2016-04-08,8.20,8.23,7.58,7.64,626600,7.64
2016-04-07,8.18,8.36,8.02,8.08,1212500,8.08
2016-04-06,8.05,8.34,7.67,8.20,1023200,8.20
2016-04-05,7.95,8.20,7.82,8.05,836300,8.05
2016-04-04,7.77,8.13,7.69,7.95,886000,7.95
2016-04-01,7.70,7.80,7.47,7.77,754100,7.77
2016-03-31,7.50,8.00,7.48,7.84,972800,7.84
2016-03-30,7.44,7.50,7.10,7.34,682400,7.34
2016-03-29,7.15,7.49,6.91,7.41,938800,7.41
2016-03-28,7.28,7.30,6.94,7.18,680800,7.18
2016-03-24,7.05,7.20,6.88,7.16,810200,7.16
2016-03-23,7.72,7.79,7.05,7.11,903700,7.11
2016-03-22,7.65,7.87,7.62,7.77,657500,7.77
2016-03-21,7.75,7.92,7.51,7.74,522800,7.74
2016-03-18,7.51,7.79,7.45,7.78,884200,7.78
2016-03-17,7.10,7.58,7.04,7.45,543500,7.45
2016-03-16,7.00,7.13,6.80,7.10,530300,7.10
2016-03-15,7.60,7.60,6.96,7.05,995200,7.05
2016-03-14,7.60,7.77,7.44,7.66,705300,7.66
2016-03-11,7.40,7.60,7.20,7.59,1267800,7.59
2016-03-10,7.65,7.65,7.07,7.30,1233800,7.30
2016-03-09,7.46,7.79,7.46,7.66,975400,7.66
2016-03-08,8.02,8.10,7.38,7.44,1178600,7.44
2016-03-07,7.29,8.19,7.22,8.10,1828800,8.10
2016-03-04,6.90,7.67,6.63,7.36,4361200,7.36
2016-03-03,7.99,8.43,7.94,8.25,1817800,8.25
2016-03-02,7.69,7.91,7.59,7.90,713800,7.90
2016-03-01,7.30,7.74,7.30,7.69,829400,7.69
2016-02-29,7.59,7.75,7.23,7.24,1129000,7.24
2016-02-26,6.77,7.85,6.74,7.54,1447100,7.54
2016-02-25,7.11,7.22,6.56,6.76,1177200,6.76
2016-02-24,7.20,7.24,6.49,7.15,2447800,7.15
2016-02-23,6.60,7.36,6.53,7.20,1776700,7.20
2016-02-22,6.70,6.76,6.37,6.64,1295800,6.64
2016-02-19,6.47,6.72,6.39,6.72,919600,6.72
2016-02-18,6.19,6.58,6.13,6.48,1330800,6.48
2016-02-17,5.79,6.27,5.75,6.21,1204400,6.21
2016-02-16,5.88,5.96,5.64,5.73,1583100,5.73
2016-02-12,5.94,6.01,5.64,5.86,744700,5.86
2016-02-11,5.75,5.97,5.67,5.87,841300,5.87
2016-02-10,5.76,6.05,5.71,5.89,1085600,5.89
2016-02-09,6.02,6.28,5.75,5.76,1984100,5.76
2016-02-08
,6.81,6.84,6.05,6.06,1565000,6.06
2016-02-05,7.45,7.45,6.82,6.93,1266100,6.93
2016-02-04,6.82,7.54,6.78,7.47,1456100,7.47
2016-02-03,7.00,7.07,6.67,6.84,1653300,6.84
2016-02-02,6.41,7.08,6.35,6.96,1833900,6.96
2016-02-01,6.53,6.56,6.33,6.47,945800,6.47
2016-01-29,6.43,6.84,6.43,6.57,1487400,6.57
2016-01-28,6.85,6.85,6.37,6.43,1676600,6.43
2016-01-27,6.50,6.87,6.44,6.48,1478400,6.48
2016-01-26,6.31,6.59,6.09,6.53,1712000,6.53
2016-01-25,6.47,6.51,6.30,6.31,770100,6.31
2016-01-22,6.56,6.56,6.28,6.50,2132600,6.50
2016-01-21,6.59,6.88,6.41,6.43,1648100,6.43
2016-01-20,6.43,6.56,6.10,6.52,2559200,6.52
2016-01-19,7.03,7.13,6.57,6.62,1816300,6.62
2016-01-15,7.08,7.27,6.91,6.98,1597200,6.98
2016-01-14,7.31,7.44,7.06,7.31,2180300,7.31
2016-01-13,7.50,7.74,7.13,7.23,996400,7.23
2016-01-12,7.51,7.60,7.17,7.50,1363600,7.50
2016-01-11,7.68,7.79,7.21,7.41,1461700,7.41
2016-01-08,8.00,8.00,7.49,7.61,1081900,7.61
2016-01-07,8.11,8.19,7.77,7.95,1856800,7.95
2016-01-06,8.51,8.63,8.17,8.30,1015800,8.30
2016-01-05,8.76,8.92,8.57,8.67,1288500,8.67
2016-01-04,9.06,9.17,8.69,8.75,1652700,8.75
2015-12-31,9.43,9.44,9.14,9.20,1062100,9.20
2015-12-30,9.44,9.53,9.27,9.44,954800,9.44
2015-12-29,9.47,9.62,9.25,9.49,1278900,9.49
2015-12-28,9.80,9.86,9.38,9.48,1232500,9.48
2015-12-24,9.91,9.99,9.70,9.78,281200,9.78
2015-12-23,9.85,10.10,9.81,9.91,906200,9.91
2015-12-22,9.65,9.99,9.55,9.85,769500,9.85
2015-12-21,9.80,9.93,9.50,9.68,1203200,9.68
2015-12-18,9.75,9.99,9.62,9.69,1655200,9.69
2015-12-17,10.39,10.50,9.92,9.92,1570300,9.92
2015-12-16,10.32,10.61,10.17,10.37,1205800,10.37
2015-12-15,10.18,10.48,10.12,10.35,1031700,10.35
2015-12-14,10.48,10.60,10.05,10.23,1258200,10.23
2015-12-11,10.42,10.65,10.21,10.50,1355500,10.50
2015-12-10,10.55,10.80,10.51,10.78,953100,10.78
2015-12-09,10.72,11.15,10.47,10.54,1635200,10.54
2015-12-08,10.66,10.82,10.50,10.78,961800,10.78
2015-12-07,11.11,11.19,10.76,10.93,906800,10.93
2015-12-04,11.24,11.32,10.97,11.20,1780600,11.20
2015-12-03,11.04,11.33,10.70,11.00,2226300,11.00
2015-12-02,10.57,11.11,10.54,10.93,3086400,10.93
2015-12-01,10.48,10.62,10.23,10.59,1630600,10.59
2015-11-30,10.50,10.69,10.33,10.47,1588900,10.47
2015-11-27,10.50,10.65,10.26,10.51,1114200,10.51
2015-11-25,10.13,10.25,9.91,10.21,2563100,10.21
2015-11-24,10.39,10.48,9.96,10.13,2911800,10.13
2015-11-23,10.33,10.73,10.01,10.25,5102400,10.25
2015-11-20,10.99,11.62,9.97,10.05,16826300,10.05
2015-11-19,20.700001,20.700001,19.93,20.389999,1827800,20.389999
2015-11-18,20.200001,20.620001,19.780001,20.549999,1579400,20.549999
2015-11-17,20.940001,20.99,19.969999,20.209999,1076700,20.209999
2015-11-16,20.73,21.07,20.469999,20.959999,705600,20.959999
2015-11-13,21.43,21.50,20.76,20.870001,753600,20.870001
2015-11-12,21.65,22.030001,21.43,21.48,478800,21.48
2015-11-11,22.530001,22.530001,21.780001,21.82,520100,21.82
2015-11-10,22.84,22.889999,22.26,22.549999,555200,22.549999
2015-11-09,23.209999,23.32,22.809999,23.00,620300,
23.00
2015-11-06,22.959999,23.43,22.700001,23.309999,677100,23.309999
2015-11-05,22.559999,23.639999,22.52,23.040001,1809400,23.040001
2015-11-04,22.60,23.01,22.129999,22.549999,3593000,22.549999
2015-11-03,23.049999,23.48,22.459999,22.51,2112400,22.51
2015-11-02,22.629999,23.209999,22.60,23.17,544300,23.17
2015-10-30,22.67,22.99,22.32,22.60,603600,22.60
2015-10-29,22.84,23.42,22.540001,22.65,624300,22.65
2015-10-28,21.90,22.99,21.870001,22.959999,546800,22.959999
2015-10-27,21.700001,21.879999,21.440001,21.83,420500,21.83
2015-10-26,22.110001,22.200001,21.40,21.700001,588800,21.700001
2015-10-23,21.889999,22.25,21.50,22.23,631700,22.23
2015-10-22,21.950001,22.129999,21.41,21.76,834200,21.76
2015-10-21,22.98,23.110001,21.709999,21.879999,968000,21.879999
2015-10-20,22.77,23.43,22.559999,22.860001,497400,22.860001
2015-10-19,22.65,22.98,22.379999,22.709999,719000,22.709999
2015-10-16,23.66,23.66,22.549999,22.65,761200,22.65
2015-10-15,24.01,24.139999,23.35,23.67,585400,23.67
2015-10-14,23.66,24.120001,23.52,23.65,757000,23.65
2015-10-13,23.17,23.83,22.870001,23.57,1016000,23.57
2015-10-12,24.040001,24.120001,23.200001,23.27,859000,23.27
2015-10-09,24.040001,24.17,23.799999,24.040001,666700,24.040001
2015-10-08,24.07,24.110001,23.60,24.00,791500,24.00
2015-10-07,24.00,24.00,23.530001,23.969999,621300,23.969999
2015-10-06,23.799999,24.00,23.57,23.82,559700,23.82
2015-10-05,23.77,23.93,23.280001,23.84,694600,23.84
2015-10-02,22.40,23.889999,22.27,23.77,1748000,23.77
2015-10-01,23.59,23.59,21.60,22.530001,2838000,22.530001
2015-09-30,23.879999,24.209999,23.60,24.120001,568100,24.120001
2015-09-29,23.50,24.07,23.35,23.540001,744700,23.540001
2015-09-28,23.959999,24.08,23.290001,23.469999,841000,23.469999
2015-09-25,24.98,24.98,23.889999,24.110001,693800,24.110001
2015-09-24,23.98,24.75,23.549999,24.719999,730800,24.719999
2015-09-23,24.790001,24.860001,23.620001,23.639999,712800,23.639999
2015-09-22,25.18,25.18,24.27,24.700001,1118200,24.700001
2015-09-21,26.00,26.370001,25.709999,25.790001,315100,25.790001
2015-09-18,25.60,26.33,25.559999,25.93,1597200,25.93
2015-09-17,25.690001,26.52,25.690001,26.049999,756300,26.049999
2015-09-16,25.98,26.24,25.82,25.99,581700,25.99
2015-09-15,25.459999,26.00,25.32,25.91,624000,25.91
2015-09-14,25.52,25.620001,25.26,25.549999,443600,25.549999
2015-09-11,25.26,25.49,24.540001,25.459999,566500,25.459999
2015-09-10,25.280001,25.60,24.889999,25.43,445700,25.43
2015-09-09,25.75,25.92,25.200001,25.309999,496700,25.309999
2015-09-08,25.200001,25.85,25.00,25.540001,648800,25.540001
2015-09-04,24.25,24.780001,24.00,24.620001,644600,24.620001
2015-09-03,25.290001,25.639999,24.559999,24.58,869200,24.58
2015-09-02,26.01,26.139999,24.84,25.27,860500,25.27
2015-09-01,25.85,26.83,25.85,26.16,643800,26.16
2015-08-31,25.860001,27.32,25.799999,26.66,756300,26.66
2015-08-28,26.309999,26.870001,26.00,26.08,954600,26.08
2015-08-27,26.23,26.879999,25.620001,26.459999,1542500,26.459999
2015-08-26,24.84,27.129999,24.25,26.719999,2026600,26.719999
2015-08-25,24.16,24.959999,23.610001,23.83,879000,23.83
2015-08-24,22.99,25.00,22.68,23.530001,1003800,23.530001
2015-08-21,24.280001,25.389999,24.10,24.34,773200,24.34
2015-08-20,25.51,25.76,24.67,24.709999,676200,24.709999
2015-08-19,26.129999,26.17,25.42,25.629999,399000,25.629999
2015-08-18,26.790001,27.110001,26.120001,26.18,326200,26.18
2015-08-17,25.32,27.25,25.309999,27.16,48
2200,27.16
2015-08-14,25.26,25.60,24.85,25.290001,820800,25.290001
2015-08-13,26.290001,26.49,25.389999,25.41,583900,25.41
2015-08-12,26.48,26.68,25.65,26.60,444300,26.60
2015-08-11,26.99,27.40,26.639999,26.799999,340400,26.799999
2015-08-10,26.26,27.27,26.26,27.24,422000,27.24
2015-08-07,26.379999,26.99,25.75,26.059999,444200,26.059999
2015-08-06,27.120001,27.959999,26.379999,26.629999,420100,26.629999
2015-08-05,26.77,27.74,26.65,27.15,441300,27.15
2015-08-04,26.700001,27.09,26.200001,26.59,427100,26.59
2015-08-03,27.59,27.66,26.450001,26.60,405200,26.60
2015-07-31,27.08,28.01,27.030001,27.620001,437100,27.620001
2015-07-30,26.73,27.139999,26.610001,27.059999,470200,27.059999
2015-07-29,27.370001,27.41,26.639999,26.75,532400,26.75
2015-07-28,27.01,27.379999,26.40,27.280001,643400,27.280001
2015-07-27,27.26,27.629999,26.469999,27.42,419000,27.42
2015-07-24,28.26,28.60,27.379999,27.67,433500,27.67
2015-07-23,28.26,29.15,28.10,28.32,491500,28.32
2015-07-22,27.379999,28.07,27.27,28.030001,318700,28.030001
2015-07-21,27.16,27.860001,27.16,27.559999,438600,27.559999
2015-07-20,27.49,28.860001,27.16,27.25,738400,27.25
2015-07-17,27.17,27.540001,26.889999,27.49,781000,27.49
2015-07-16,26.43,27.370001,26.120001,27.219999,906400,27.219999
2015-07-15,26.700001,27.030001,26.17,26.25,608700,26.25
2015-07-14,26.50,26.629999,26.049999,26.41,478000,26.41
2015-07-13,26.25,26.459999,25.90,26.370001,557500,26.370001
2015-07-10,26.889999,26.889999,25.91,26.049999,576500,26.049999
2015-07-09,26.690001,26.98,26.41,26.58,714200,26.58
2015-07-08,26.959999,27.290001,26.18,26.389999,680500,26.389999
2015-07-07,27.16,27.42,26.440001,27.290001,880400,27.290001
2015-07-06,27.379999,27.58,27.08,27.280001,701000,27.280001
2015-07-02,27.860001,27.860001,27.23,27.60,494300,27.60
2015-07-01,28.25,28.42,27.59,27.690001,653900,27.690001
2015-06-30,28.32,28.48,27.99,28.059999,574000,28.059999
2015-06-29,29.09,29.09,27.92,27.99,1059200,27.99
2015-06-26,30.26,30.50,29.129999,29.59,4217300,29.59
2015-06-25,30.17,30.43,29.90,30.33,817300,30.33
2015-06-24,30.65,30.780001,29.809999,30.059999,900000,30.059999
2015-06-23,30.75,30.93,30.290001,30.780001,1019100,30.780001
2015-06-22,30.84,31.00,30.42,30.85,1171100,30.85
2015-06-19,30.290001,30.98,30.059999,30.57,2113600,30.57
2015-06-18,30.90,31.24,29.68,30.34,2212800,30.34
2015-06-17,31.309999,32.16,30.91,31.60,1489800,31.60
2015-06-16,30.540001,31.34,30.17,31.24,1910700,31.24
2015-06-15,28.52,30.84,28.01,30.629999,2714900,30.629999
2015-06-12,28.77,29.25,28.60,28.65,854000,28.65
2015-06-11,29.50,29.65,28.66,28.83,1586600,28.83
2015-06-10,29.00,29.90,28.950001,29.35,2306300,29.35
2015-06-09,27.719999,29.00,27.709999,29.00,1729800,29.00
2015-06-08,27.02,27.700001,26.940001,27.59,1141200,27.59
2015-06-05,26.77,27.50,26.77,27.10,957200,27.10
2015-06-04,26.459999,27.07,26.35,26.66,782800,26.66
2015-06-03,25.639999,26.67,25.639999,26.620001,1162000,26.620001
2015-06-02,25.459999,26.190001,25.41,25.889999,871400,25.889999
2015-06-01,25.879999,26.34,25.24,25.82,696100,25.82
2015-05-29,26.26,26.40,25.639999,25.879999,793700,25.879999
2015-05-28,25.91,26.620001,25.719999,26.35,1466600,26.35
2015-05-27,26.26,27.00,24.809999,25.870001,2348300,25.870001
2015-05-26,26.08,26.219999,25.35,25.40,1265300,25.40
2015-05-22,25.99,26.379999,25.879999,26.25,86
9900,26.25
2015-05-21,26.360001,26.440001,25.74,25.950001,809500,25.950001
2015-05-20,25.90,26.389999,25.809999,26.34,643900,26.34
2015-05-19,25.60,26.02,25.40,25.91,1028400,25.91
2015-05-18,25.040001,25.690001,24.83,25.540001,903200,25.540001
2015-05-15,25.34,25.370001,24.860001,25.059999,803400,25.059999
2015-05-14,25.139999,25.389999,24.690001,25.299999,684800,25.299999
2015-05-13,24.48,24.959999,24.209999,24.940001,543300,24.940001
2015-05-12,24.299999,24.780001,24.15,24.559999,422900,24.559999
2015-05-11,24.17,24.610001,24.16,24.389999,391100,24.389999
2015-05-08,23.93,24.59,23.92,24.18,553500,24.18
2015-05-07,23.799999,24.030001,23.59,23.809999,297600,23.809999
2015-05-06,23.92,24.129999,23.32,23.83,514800,23.83
2015-05-05,24.700001,24.84,23.860001,23.92,570100,23.92
2015-05-04,24.25,24.83,24.18,24.67,502000,24.67
2015-05-01,24.41,24.66,23.950001,24.34,673100,24.34
2015-04-30,24.51,24.85,24.18,24.459999,468400,24.459999
2015-04-29,24.57,24.959999,24.51,24.629999,381000,24.629999
2015-04-28,24.440001,24.780001,24.190001,24.66,444800,24.66
2015-04-27,24.459999,24.940001,24.139999,24.40,464200,24.40
2015-04-24,24.719999,24.790001,24.209999,24.379999,394500,24.379999
2015-04-23,24.58,24.799999,24.35,24.66,415200,24.66
2015-04-22,24.83,24.91,24.48,24.610001,351300,24.610001
2015-04-21,24.85,25.02,24.43,24.74,442400,24.74
2015-04-20,24.65,25.02,24.540001,24.83,359800,24.83
2015-04-17,24.799999,24.959999,24.00,24.59,971300,24.59
2015-04-16,24.790001,25.049999,24.639999,24.799999,572000,24.799999
2015-04-15,24.00,24.90,23.959999,24.860001,1291100,24.860001
2015-04-14,24.209999,24.50,23.799999,24.34,1071500,24.34
2015-04-13,23.290001,24.33,23.120001,24.24,908000,24.24
2015-04-10,23.459999,23.48,22.84,23.17,632600,23.17
2015-04-09,23.299999,23.50,23.18,23.42,635800,23.42
2015-04-08,22.620001,23.620001,22.620001,23.24,561200,23.24
2015-04-07,22.620001,23.049999,22.51,22.75,726700,22.75
2015-04-06,22.01,22.610001,21.940001,22.530001,865900,22.530001
2015-04-02,22.26,22.35,21.620001,22.209999,608500,22.209999
2015-04-01,21.99,22.68,21.870001,22.43,1093700,22.43
2015-03-31,21.459999,22.42,20.98,22.309999,1202200,22.309999
2015-03-30,21.639999,21.93,21.15,21.370001,1252700,21.370001
2015-03-27,21.75,21.85,20.82,21.51,1819500,21.51
2015-03-26,22.299999,22.639999,21.68,21.77,1037800,21.77
2015-03-25,22.85,23.16,22.59,22.620001,926600,22.620001
2015-03-24,23.27,23.35,22.610001,22.73,785800,22.73
2015-03-23,23.530001,23.530001,23.02,23.27,737700,23.27
2015-03-20,23.52,23.74,23.09,23.57,1486000,23.57
2015-03-19,24.610001,24.610001,23.65,23.809999,1770200,23.809999
2015-03-18,24.360001,24.93,24.26,24.690001,1216300,24.690001
2015-03-17,24.35,24.969999,24.17,24.530001,661900,24.530001
2015-03-16,24.059999,24.370001,23.74,24.35,643600,24.35
2015-03-13,24.34,24.780001,23.620001,24.01,506500,24.01
2015-03-12,23.620001,24.34,22.959999,24.27,1550300,24.27
2015-03-11,24.40,24.40,23.379999,23.66,1203200,23.66
2015-03-10,24.709999,24.99,24.32,24.51,726400,24.51
2015-03-09,25.00,25.219999,24.83,25.059999,1299200,25.059999
2015-03-06,25.030001,25.26,24.82,25.00,1732900,25.00
2015-03-05,25.469999,26.00,25.190001,25.65,999500,25.65
2015-03-04,25.57,26.02,25.370001,25.49,1419500,25.49
2015-03-03,25.48,25.82,25.379999,25.719999,718100,25.719999
2015-03-02,25.190001,25.639999,25.00,25.35,1116800,25.35
2015-02-27,26.450001,26.450001,24.66,25.26,4695000,25.26
2015-02-26,26.77,27.610001,26.629999,27.42,26
37100,27.42
2015-02-25,26.610001,26.77,26.16,26.73,1169900,26.73
2015-02-24,26.50,26.59,26.09,26.549999,1146700,26.549999
2015-02-23,26.17,26.75,25.82,26.469999,970700,26.469999
2015-02-20,25.15,26.190001,25.00,26.17,1439300,26.17
2015-02-19,23.799999,25.40,23.450001,25.309999,1615200,25.309999
2015-02-18,23.58,24.049999,23.530001,23.59,387500,23.59
2015-02-17,23.27,24.129999,22.98,23.610001,849500,23.610001
2015-02-13,22.379999,23.280001,22.26,23.190001,611300,23.190001
2015-02-12,22.02,22.50,21.91,22.379999,829700,22.379999
2015-02-11,22.16,22.389999,21.90,21.969999,522200,21.969999
2015-02-10,22.75,22.92,22.030001,22.10,638200,22.10
2015-02-09,23.00,23.450001,22.629999,22.700001,385000,22.700001
2015-02-06,23.41,23.790001,23.07,23.15,357300,23.15
2015-02-05,23.65,24.040001,23.200001,23.440001,377200,23.440001
2015-02-04,23.82,24.18,23.360001,23.620001,708100,23.620001
2015-02-03,23.280001,24.049999,23.190001,23.950001,935000,23.950001
2015-02-02,22.360001,23.25,22.25,23.219999,1079600,23.219999
2015-01-30,22.01,22.52,21.889999,22.43,1070500,22.43
2015-01-29,22.17,22.379999,21.709999,22.09,1126000,22.09
2015-01-28,22.51,22.889999,21.98,22.200001,1239300,22.200001
2015-01-27,22.60,22.790001,21.75,22.48,1396100,22.48
2015-01-26,22.360001,23.440001,22.360001,22.889999,847700,22.889999
2015-01-23,22.84,23.110001,21.709999,22.290001,1172600,22.290001
2015-01-22,23.66,24.00,22.74,22.879999,1357600,22.879999
2015-01-21,24.209999,24.700001,23.629999,23.709999,833000,23.709999
2015-01-20,25.129999,25.50,23.91,24.40,1119900,24.40
2015-01-16,25.690001,25.690001,23.540001,25.02,1759000,25.02
2015-01-15,25.440001,25.950001,25.25,25.91,979300,25.91
2015-01-14,25.35,25.51,24.52,25.360001,817600,25.360001
2015-01-13,27.120001,27.57,25.27,25.459999,1048400,25.459999
2015-01-12,28.49,28.549999,26.93,27.10,907300,27.10
2015-01-09,27.16,29.00,26.950001,28.940001,963200,28.940001
2015-01-08,26.50,27.370001,26.440001,27.16,473400,27.16
2015-01-07,26.77,27.040001,25.549999,26.139999,538200,26.139999
2015-01-06,27.639999,27.690001,26.01,26.700001,348000,26.700001
2015-01-05,27.790001,28.76,26.73,27.48,572800,27.48
2015-01-02,27.629999,28.01,27.219999,27.969999,272500,27.969999
2014-12-31,28.08,28.139999,27.40,27.50,554400,27.50
2014-12-30,28.58,28.75,27.67,28.01,425400,28.01
2014-12-29,29.379999,29.58,28.620001,28.690001,285100,28.690001
2014-12-26,29.10,30.00,29.01,29.41,608200,29.41
2014-12-24,28.99,29.209999,28.52,29.030001,309700,29.030001
2014-12-23,28.50,29.059999,28.450001,28.969999,1038100,28.969999
2014-12-22,28.59,28.620001,28.129999,28.43,479900,28.43
2014-12-19,28.33,28.700001,27.799999,28.690001,773500,28.690001
2014-12-18,28.50,28.93,28.299999,28.34,720300,28.34
2014-12-17,26.809999,28.379999,26.809999,28.360001,909900,28.360001
2014-12-16,27.530001,28.23,26.889999,26.92,658800,26.92
2014-12-15,27.780001,28.09,27.370001,27.559999,440800,27.559999
2014-12-12,27.33,27.74,27.01,27.530001,471800,27.530001
2014-12-11,28.200001,28.209999,27.42,27.469999,507800,27.469999
2014-12-10,27.51,28.60,27.34,27.91,803000,27.91
2014-12-09,26.780001,27.75,26.58,27.68,451700,27.68
2014-12-08,27.799999,28.24,26.940001,27.209999,653100,27.209999
2014-12-05,26.91,28.00,26.540001,27.860001,1184700,27.860001
2014-12-04,26.41,26.940001,26.209999,26.799999,740000,26.799999
2014-12-03,26.10,26.65,25.90,26.469999,638
700,26.469999
2014-12-02,26.129999,26.40,25.790001,26.209999,645300,26.209999
2014-12-01,26.450001,26.60,25.52,25.959999,677100,25.959999
2014-11-28,25.51,26.82,24.889999,26.370001,778500,26.370001
2014-11-26,26.90,26.90,24.77,25.52,1762400,25.52
2014-11-25,26.16,26.58,25.85,26.52,945400,26.52
2014-11-24,25.90,26.139999,25.26,26.01,728300,26.01
2014-11-21,27.00,27.030001,25.360001,25.940001,938900,25.940001
2014-11-20,26.52,27.15,26.17,27.110001,361300,27.110001
2014-11-19,28.40,28.40,26.52,26.59,542600,26.59
2014-11-18,27.450001,28.200001,27.40,27.98,488500,27.98
2014-11-17,27.60,27.969999,27.299999,27.450001,305600,27.450001
2014-11-14,27.50,27.879999,27.42,27.629999,358700,27.629999
2014-11-13,27.98,28.290001,27.48,27.610001,317700,27.610001
2014-11-12,28.030001,28.200001,27.75,28.09,346200,28.09
2014-11-11,28.43,28.75,27.92,28.34,525800,28.34
2014-11-10,27.879999,28.700001,27.879999,28.620001,424400,28.620001
2014-11-07,27.360001,28.43,27.24,27.969999,645100,27.969999
2014-11-06,26.940001,27.65,26.790001,27.040001,277500,27.040001
2014-11-05,27.41,27.889999,26.959999,27.09,344900,27.09
2014-11-04,28.10,28.120001,27.10,27.25,494900,27.25
2014-11-03,27.24,28.27,27.24,28.08,840200,28.08
2014-10-31,26.77,27.52,26.75,27.360001,634400,27.360001
2014-10-30,25.959999,26.52,25.959999,26.469999,367800,26.469999
2014-10-29,26.459999,26.629999,25.959999,26.200001,1148200,26.200001
2014-10-28,26.40,26.790001,26.00,26.719999,523000,26.719999
2014-10-27,25.91,26.639999,25.90,26.34,424200,26.34
2014-10-24,26.049999,26.209999,25.719999,26.040001,336100,26.040001
2014-10-23,25.24,26.41,25.120001,26.040001,461100,26.040001
2014-10-22,25.030001,25.280001,24.75,25.030001,558400,25.030001
2014-10-21,24.799999,25.01,24.58,24.969999,636000,24.969999
2014-10-20,25.99,26.35,24.559999,24.690001,980400,24.690001
2014-10-17,25.879999,26.65,25.74,26.00,777300,26.00
2014-10-16,24.42,26.09,24.01,25.42,1146100,25.42
2014-10-15,23.32,24.84,23.09,24.60,857000,24.60
2014-10-14,22.85,23.76,22.700001,23.67,630400,23.67
2014-10-13,22.309999,23.32,22.25,22.549999,1280900,22.549999
2014-10-10,23.49,23.629999,22.450001,22.50,692800,22.50
2014-10-09,23.07,24.360001,22.700001,23.299999,1042800,23.299999
2014-10-08,22.620001,23.09,21.790001,23.00,1363700,23.00
2014-10-07,23.52,23.76,22.76,22.82,645400,22.82
2014-10-06,25.049999,25.24,23.73,23.75,771100,23.75
2014-10-03,25.549999,25.799999,24.969999,25.01,425900,25.01
2014-10-02,25.10,25.42,24.370001,25.32,492700,25.32
2014-10-01,25.85,25.85,24.700001,25.139999,821600,25.139999
2014-09-30,26.17,26.309999,25.629999,25.969999,588700,25.969999
2014-09-29,25.15,26.41,24.98,26.24,541100,26.24
2014-09-26,25.02,25.58,24.60,25.530001,686400,25.530001
2014-09-25,25.75,25.799999,24.41,24.870001,1099300,24.870001
2014-09-24,26.09,26.440001,25.469999,25.889999,732100,25.889999
2014-09-23,26.18,26.690001,26.02,26.16,555900,26.16
2014-09-22,26.85,26.85,25.83,26.48,976400,26.48
2014-09-19,27.68,27.90,27.110001,27.120001,1835900,27.120001
2014-09-18,26.92,27.85,26.700001,27.67,1119300,27.67
2014-09-17,26.92,27.299999,26.629999,26.690001,592600,26.690001
2014-09-16,26.40,27.139999,25.82,27.02,991500,27.02
2014-09-15,28.48,28.610001,26.34,26.469999,842000,26.469999
2014-09-12,27.370001,28.50,27.26,28.50,1492000,28.50
2014-09-11,27.280001,27.92,27.190001,27.48,852600,27.48
2014-09-10,27.52,27.700001,27.059999,27.48,535400,27.48
2014-09-09,27.84,28.08,27.58,27.690001,565200,27.690001
2014-09-08,27.48,28.23,27.299999,27.959999,1193900,27.
959999
2014-09-05,26.68,27.66,26.66,26.83,629500,26.83
2014-09-04,26.959999,27.42,26.690001,26.809999,466800,26.809999
2014-09-03,27.57,27.82,26.83,26.860001,618700,26.860001
2014-09-02,26.799999,27.610001,26.639999,27.530001,1096700,27.530001
2014-08-29,27.040001,27.57,26.66,27.040001,787700,27.040001
2014-08-28,28.42,28.42,26.379999,27.59,2012100,27.59
2014-08-27,30.059999,31.43,28.75,28.790001,2836500,28.790001
2014-08-26,29.26,29.870001,28.549999,29.58,1150300,29.58
2014-08-25,29.32,29.82,28.690001,29.48,705200,29.48
2014-08-22,28.92,29.120001,28.50,29.02,541200,29.02
2014-08-21,29.35,29.379999,28.50,28.83,529400,28.83
2014-08-20,28.469999,29.10,28.17,29.09,610600,29.09
2014-08-19,28.549999,29.09,28.25,28.860001,948700,28.860001
2014-08-18,27.040001,28.950001,26.75,28.34,804900,28.34
2014-08-15,28.07,28.16,26.559999,26.90,642200,26.90
2014-08-14,27.18,27.959999,27.15,27.85,444600,27.85
2014-08-13,26.379999,27.190001,25.700001,27.139999,680000,27.139999
2014-08-12,27.99,28.02,26.27,26.389999,589400,26.389999
2014-08-11,26.57,28.16,26.42,28.049999,833500,28.049999
2014-08-08,26.620001,26.780001,26.15,26.370001,483800,26.370001
2014-08-07,25.83,26.209999,25.530001,26.190001,463300,26.190001
2014-08-06,25.68,25.83,25.290001,25.639999,553300,25.639999
2014-08-05,25.98,26.549999,25.60,25.809999,534300,25.809999
2014-08-04,25.610001,26.34,25.49,26.139999,766200,26.139999
2014-08-01,25.76,26.09,24.77,25.43,507600,25.43
2014-07-31,26.15,26.23,25.52,25.879999,594900,25.879999
2014-07-30,26.280001,26.84,26.15,26.65,356600,26.65
2014-07-29,26.98,26.98,26.08,26.15,676400,26.15
2014-07-28,27.77,27.99,27.200001,27.379999,411400,27.379999
2014-07-25,28.08,28.48,27.59,28.040001,715800,28.040001
2014-07-24,28.17,28.809999,27.780001,28.709999,517500,28.709999
2014-07-23,28.559999,28.60,27.709999,28.280001,661000,28.280001
2014-07-22,26.379999,28.60,26.33,28.33,1222900,28.33
2014-07-21,24.870001,26.48,24.290001,26.17,852300,26.17
2014-07-18,25.290001,25.299999,24.059999,24.48,1250700,24.48
2014-07-17,25.59,25.59,24.030001,24.59,971500,24.59
2014-07-16,26.52,26.52,25.360001,25.719999,525200,25.719999
2014-07-15,26.40,26.629999,25.940001,26.219999,607300,26.219999
2014-07-14,26.17,26.77,26.02,26.639999,445100,26.639999
2014-07-11,26.35,26.74,25.620001,25.809999,402900,25.809999
2014-07-10,25.43,26.48,25.07,26.290001,624500,26.290001
2014-07-09,26.90,27.18,26.219999,26.690001,884700,26.690001
2014-07-08,28.190001,28.190001,26.450001,26.93,1353900,26.93
2014-07-07,29.59,29.639999,28.26,28.780001,747500,28.780001
2014-07-03,29.950001,30.24,29.219999,29.610001,404400,29.610001
2014-07-02,30.309999,30.58,29.360001,29.629999,884200,29.629999
2014-07-01,30.780001,30.889999,29.74,30.43,1111800,30.43
2014-06-30,30.200001,31.49,30.049999,30.719999,1446100,30.719999
2014-06-27,29.50,30.25,29.50,30.030001,1314200,30.030001
2014-06-26,30.700001,30.700001,29.50,29.77,1287700,29.77
2014-06-25,29.889999,30.389999,29.58,30.219999,837200,30.219999
2014-06-24,30.040001,30.90,29.690001,30.17,1134100,30.17
2014-06-23,30.190001,30.530001,29.66,30.209999,601500,30.209999
2014-06-20,29.85,30.68,29.26,30.15,994100,30.15
2014-06-19,30.33,30.440001,28.66,29.84,2158600,29.84
2014-06-18,29.690001,31.66,29.42,30.700001,3625800,30.700001
2014-06-17,27.67,28.24,27.370001,27.879999,796700,27.879999
2014-06-16,27.49,28.469999,27.00,27.559999,1657300,27.559999
2014-06-13,27.42,27.42,26.0
7,26.50,1211100,26.50
2014-06-12,25.469999,27.25,24.91,26.809999,1352500,26.809999
2014-06-11,23.280001,25.25,22.40,25.059999,2114100,25.059999
2014-06-10,24.790001,25.049999,24.01,24.610001,536700,24.610001
2014-06-09,23.99,25.450001,23.99,25.24,528000,25.24
2014-06-06,24.879999,25.50,24.030001,24.08,341700,24.08
2014-06-05,23.74,25.02,23.74,24.879999,434000,24.879999
2014-06-04,23.85,24.41,23.58,23.77,356900,23.77
2014-06-03,23.639999,25.129999,23.129999,24.280001,621800,24.280001
2014-06-02,25.02,25.200001,23.870001,23.91,748200,23.91
2014-05-30,28.309999,29.129999,23.549999,25.370001,3150600,25.370001
2014-05-29,28.299999,28.440001,26.73,26.879999,956100,26.879999
2014-05-28,28.01,29.799999,28.01,28.120001,638000,28.120001
2014-05-27,29.99,30.129999,28.10,28.709999,750400,28.709999
2014-05-23,26.40,29.530001,26.280001,29.280001,1281200,29.280001
2014-05-22,25.60,26.52,25.00,26.379999,638500,26.379999
2014-05-21,26.450001,27.40,25.24,25.52,543000,25.52
2014-05-20,27.360001,27.40,25.40,25.60,1040800,25.60
2014-05-19,26.200001,27.969999,25.889999,27.700001,882700,27.700001
2014-05-16,24.91,26.799999,24.65,26.450001,951400,26.450001
2014-05-15,24.00,25.059999,23.25,24.90,843700,24.90
2014-05-14,23.27,23.360001,22.700001,22.82,304500,22.82
2014-05-13,23.15,23.209999,22.40,23.09,645700,23.09
2014-05-12,22.40,24.18,21.77,22.98,1374200,22.98
2014-05-09,20.370001,20.77,19.17,20.59,681800,20.59
2014-05-08,20.42,22.65,20.379999,20.549999,704600,20.549999
2014-05-07,22.23,22.360001,20.15,20.60,765000,20.60
2014-05-06,23.40,23.58,22.299999,22.389999,530800,22.389999
2014-05-05,24.049999,24.24,23.219999,23.48,478700,23.48
2014-05-02,24.10,24.799999,23.82,24.34,613300,24.34
2014-05-01,24.91,26.16,23.690001,23.809999,1195100,23.809999
2014-04-30,24.91,25.15,23.559999,24.65,764300,24.65
2014-04-29,27.120001,27.120001,25.16,25.370001,929300,25.370001
2014-04-28,28.85,29.200001,25.33,26.969999,1134600,26.969999
2014-04-25,30.07,30.530001,27.92,28.41,645800,28.41
2014-04-24,31.85,31.98,30.08,30.129999,492000,30.129999
2014-04-23,33.549999,34.029999,31.049999,31.42,399000,31.42
2014-04-22,33.950001,34.98,33.119999,33.549999,376100,33.549999
2014-04-21,36.23,37.189999,34.82,35.00,420500,35.00
2014-04-17,33.610001,36.400002,33.490002,35.91,434400,35.91
2014-04-16,32.490002,34.279999,32.369999,33.98,650500,33.98
2014-04-15,30.42,31.50,29.75,31.059999,303500,31.059999
2014-04-14,31.530001,31.57,30.200001,30.42,213600,30.42
2014-04-11,31.51,31.969999,30.389999,30.59,374100,30.59
2014-04-10,34.630001,34.91,31.77,32.139999,757300,32.139999
2014-04-09,33.189999,34.52,31.35,34.439999,741900,34.439999
2014-04-08,30.75,32.389999,29.709999,32.32,435200,32.32
2014-04-07,32.150002,32.48,29.85,30.440001,621200,30.440001
2014-04-04,35.439999,35.650002,31.620001,32.150002,850900,32.150002
2014-04-03,38.009998,38.110001,33.380001,33.759998,872700,33.759998
2014-04-02,40.889999,41.099998,37.650002,38.040001,347300,38.040001
2014-04-01,38.360001,40.799999,38.02,40.470001,428700,40.470001
2014-03-31,36.349998,38.439999,35.82,37.889999,909600,37.889999
2014-03-28,36.75,36.98,35.110001,35.639999,231500,35.639999
2014-03-27,34.310001,37.869999,33.77,36.150002,864400,36.150002
2014-03-26,36.48,36.939999,34.009998,34
.200001,500200,34.200001
2014-03-25,36.529999,37.150002,34.66,35.889999,418800,35.889999
2014-03-24,39.040001,39.060001,35.439999,35.740002,692600,35.740002
2014-03-21,43.049999,43.049999,37.98,37.98,1002600,37.98
2014-03-20,45.380001,45.380001,43.209999,43.540001,248600,43.540001
2014-03-19,46.02,46.470001,45.040001,45.509998,175800,45.509998
2014-03-18,47.029999,47.799999,45.549999,45.959999,325700,45.959999
2014-03-17,44.50,47.720001,44.029999,47.360001,359600,47.360001
2014-03-14,42.57,43.84,42.41,43.779999,285200,43.779999
2014-03-13,45.27,46.439999,42.130001,42.50,749400,42.50
2014-03-12,46.200001,47.279999,45.619999,45.799999,268000,45.799999
2014-03-11,48.00,48.57,46.189999,46.290001,141700,46.290001
2014-03-10,48.73,48.73,46.810001,47.970001,166600,47.970001
2014-03-07,49.00,49.16,47.709999,48.959999,333900,48.959999
2014-03-06,49.139999,49.799999,47.650002,49.00,244500,49.00
2014-03-05,48.50,49.720001,48.099998,48.470001,218300,48.470001
2014-03-04,46.98,50.919998,46.98,48.279999,658500,48.279999
2014-03-03,47.450001,47.73,46.009998,46.150002,254800,46.150002
2014-02-28,57.00,58.00,47.259998,48.009998,1298700,48.009998
2014-02-27,51.50,54.98,50.75,53.00,284700,53.00
2014-02-26,53.689999,54.490002,49.50,50.540001,246400,50.540001
2014-02-25,56.25,57.939999,53.25,53.369999,166300,53.369999
2014-02-24,53.00,57.290001,53.00,56.23,242100,56.23
2014-02-21,51.700001,53.299999,51.540001,52.740002,269800,52.740002
2014-02-20,51.099998,52.82,50.91,51.560001,178000,51.560001
2014-02-19,49.900002,53.470001,49.290001,51.139999,267200,51.139999
2014-02-18,46.790001,50.00,46.790001,49.990002,179100,49.990002
2014-02-14,47.75,47.990002,47.00,47.549999,81100,47.549999
2014-02-13,47.849998,48.75,45.84,47.77,196800,47.77
2014-02-12,46.00,47.93,45.560001,47.810001,198700,47.810001
2014-02-11,44.34,45.650002,42.990002,45.560001,96100,45.560001
2014-02-10,44.970001,45.00,43.790001,44.389999,59000,44.389999
2014-02-07,41.50,44.799999,41.50,44.32,130700,44.32
2014-02-06,40.880001,42.299999,40.880001,41.669998,97200,41.669998
2014-02-05,39.779999,40.529999,39.75,40.349998,180300,40.349998
2014-02-04,40.299999,40.98,39.25,39.779999,134500,39.779999
2014-02-03,43.00,43.119999,39.380001,39.57,252300,39.57
2014-01-31,44.00,44.720001,43.02,43.23,80900,43.23
2014-01-30,44.209999,45.209999,43.02,44.900002,88500,44.900002
2014-01-29,47.50,47.73,43.990002,43.990002,160400,43.990002
2014-01-28,45.189999,48.490002,44.77,47.939999,155000,47.939999
2014-01-27,43.189999,45.040001,42.75,44.43,83500,44.43
2014-01-24,44.75,46.00,41.509998,42.209999,169900,42.209999
2014-01-23,46.00,46.00,44.52,44.880001,87300,44.880001
2014-01-22,48.650002,48.790001,46.189999,46.200001,52600,46.200001
2014-01-21,47.560001,48.650002,47.509998,47.919998,132300,47.919998
2014-01-17,47.549999,49.41,47.009998,48.669998,262000,48.669998
2014-01-16,47.099998,49.41,46.02,47.66,244900,47.66
2014-01-15,41.450001,48.169998,41.450001,47.700001,403500,47.700001
2014-01-14,41.790001,41.790001,39.119999,40.970001,157100,40.970001
2014-01-13,39.549999,42.700001,38.59,41.73,279100,41.73
2014-01-10,39.740002,39.740002,37.52,38.16,193400,38.16
2014-01-09,40.84,41.189999,38.279999,38.529999,517200,38.529999
2014-01-08,44.099998,44.299999,40.43,41.040001,273
100,41.040001
2014-01-07,43.259998,44.369999,43.00,43.330002,208000,43.330002
2014-01-06,45.369999,45.369999,42.689999,42.950001,164100,42.950001
2014-01-03,46.25,46.25,42.00,42.959999,360800,42.959999
2014-01-02,45.540001,47.849998,45.169998,45.450001,658400,45.450001
2013-12-31,44.650002,47.25,44.360001,45.299999,327100,45.299999
2013-12-30,41.119999,44.720001,40.790001,43.880001,203600,43.880001
2013-12-27,39.25,41.50,38.599998,41.119999,255500,41.119999
2013-12-26,38.25,38.849998,37.720001,38.740002,136700,38.740002
2013-12-24,37.970001,38.25,37.259998,38.00,90400,38.00
2013-12-23,38.27,38.389999,37.50,37.84,229000,37.84
2013-12-20,36.400002,39.490002,36.07,37.50,349800,37.50
2013-12-19,35.029999,35.490002,34.57,35.450001,156100,35.450001
2013-12-18,34.200001,35.169998,33.860001,34.549999,172400,34.549999
2013-12-17,35.75,35.75,33.139999,33.860001,325600,33.860001
2013-12-16,34.900002,37.619999,34.849998,35.50,1233500,35.50
2013-12-13,31.10,35.130001,29.51,33.93,8849900,33.93