Date,Open,High,Low,Close,Volume,Adj Close
2016-08-05,17.059999,17.059999,16.66,16.66,400,16.66
2016-08-04,17.040001,17.040001,17.040001,17.040001,600,17.040001
2016-08-03,16.90,17.15,16.90,17.07,800,17.07
2016-08-02,16.870001,17.25,16.870001,17.15,2400,17.15
2016-08-01,16.75,16.889999,16.719999,16.76,4300,16.76
2016-07-29,16.940001,16.940001,16.73,16.73,1500,16.73
2016-07-28,17.07,17.10,16.709999,16.99,3700,16.99
2016-07-27,16.719999,17.10,16.719999,17.10,2300,17.10
2016-07-26,17.040001,17.040001,16.67,16.67,1600,16.67
2016-07-25,17.23,17.23,17.23,17.23,000,17.23
2016-07-22,16.780001,17.23,16.77,17.23,2600,17.23
2016-07-21,17.379999,17.440001,17.17,17.440001,1500,17.440001
2016-07-20,17.389999,17.389999,17.23,17.299999,1200,17.299999
2016-07-19,17.25,17.25,17.200001,17.25,1000,17.25
2016-07-18,17.01,17.01,17.01,17.01,000,17.01
2016-07-15,17.00,17.040001,16.879999,17.01,700,17.01
2016-07-14,16.809999,17.33,16.639999,17.25,5800,17.25
2016-07-13,16.74,16.809999,16.74,16.809999,1200,16.809999
2016-07-12,17.200001,17.24,17.00,17.24,2200,17.188
2016-07-11,17.25,17.25,16.90,17.25,2500,17.19797
2016-07-08,16.90,16.90,16.629999,16.629999,300,16.579839
2016-07-07,16.68,16.68,16.68,16.68,000,16.62969
2016-07-06,16.68,16.68,16.68,16.68,000,16.62969
2016-07-05,16.68,16.68,16.68,16.68,200,16.62969
2016-07-01,16.790001,17.23,16.42,16.700001,1200,16.64963
2016-06-30,16.74,16.74,16.610001,16.610001,2300,16.559901
2016-06-29,16.950001,16.950001,16.25,16.540001,2300,16.490112
2016-06-28,16.540001,16.620001,16.540001,16.620001,200,16.569871
2016-06-27,16.450001,16.450001,16.440001,16.440001,3100,16.390414
2016-06-24,16.469999,16.48,16.370001,16.370001,700,16.320625
2016-06-23,16.120001,16.360001,16.120001,16.360001,1500,16.310655
2016-06-22,16.450001,16.450001,16.450001,16.450001,000,16.400384
2016-06-21,16.32,16.60,16.32,16.450001,2200,16.400384
2016-06-20,16.059999,16.059999,16.059999,16.059999,100,16.011559
2016-06-17,16.360001,16.65,16.360001,16.65,1700,16.599779
2016-06-16,16.469999,16.469999,16.469999,16.469999,400,16.420322
2016-06-15,16.35,16.35,16.209999,16.209999,1000,16.161106
2016-06-14,16.35,16.35,16.35,16.35,000,16.300685
2016-06-13,16.35,16.35,16.35,16.35,000,16.300685
2016-06-10,16.35,16.35,16.35,16.35,000,16.248842
2016-06-09,16.35,16.48,16.32,16.35,11800,16.248842
2016-06-08,16.299999,16.469999,16.299999,16.40,3300,16.298531
2016-06-07,16.24,16.440001,16.24,16.25,8200,16.14946
2016-06-06,16.950001,16.950001,16.129999,16.129999,1600,16.030202
2016-06-03,16.26,16.290001,16.26,16.290001,400,16.189213
2016-06-02,16.50,16.50,16.49,16.49,300,16.387975
2016-06-01,16.16,16.700001,16.16,16.700001,3800,16.596676
2016-05-31,16.309999,16.309999,16.190001,16.200001,1300,16.09977
2016-05-27,16.299999,16.299999,16.18,16.209999,2100,16.109707
2016-05-26,16.43,16.75,16.379999,16.389999,10800,16.288593
2016-05-25,16.76,16.76,16.76,16.76,000,16.656305
2016-05-24,16.40,16.76,15.95,16.76,5100,16.656305
2016-05-23,16.34,16.42,16.00,16.309999,1800,16.209088
2016-05-20,16.42,16.42,16.42,16.42,000,16.318408
2016-05-19,16.42,16.42,16.42,16.42,500,16.318408
2016-05-18,16.790001,17.00,16.42,17.00,6000,16.89482
2016-05-17,17.25,17.25,17.25,17.25,000,17.143273
2016-05-16,17.25,17.25,17.25,17.25,000,17.143273
2016-05-13,17.25,17.25,17.25,17.25,4400,17.143273
2016-05-12,17.15,17.67,17.00,17.00,10800,16.89482
2016-05-11,17.10,17.10,17.09,17.10,2000,16.994201
2016-05-10,16.73,16.799999,16.65,16.799999,10300,16.644378
2016-05-09,16.73,16.73,16.73,16.73,600,16.575027
2016-05-06,16.219999,16.219999,16.219999,16.219999,2400,16.069751
2016-05-05,16.379999,16.73,16.209999,16.73,8500,16.575027
2016-05-04,16.48,16.48,16.48,16.48,000,16.327343
2016-05-03,16.48,16.48,16.48,16.48,700,16.327343
2016-05-02,16.450001,16.450001,16.450001,16.450001,000,16.297622
2016-04-29,16.450001,16.450001,16.450001,16.450001,500,16.297622
2016-04-28,16.49,16.50,16.49,16.50,1500,16.3471
58
2016-04-27,16.58,16.58,16.16,16.49,1400,16.33725
2016-04-26,16.139999,16.15,16.139999,16.139999,1800,15.990492
2016-04-25,16.209999,16.209999,16.209999,16.209999,000,16.059843
2016-04-22,16.42,16.49,16.209999,16.209999,6300,16.059843
2016-04-21,16.43,16.43,16.43,16.43,300,16.277807
2016-04-20,16.42,16.42,16.42,16.42,900,16.267899
2016-04-19,16.440001,16.440001,15.95,16.389999,1500,16.238176
2016-04-18,16.440001,16.49,16.440001,16.49,1100,16.33725
2016-04-15,16.67,16.67,16.67,16.67,000,16.515583
2016-04-14,16.67,16.67,16.67,16.67,000,16.515583
2016-04-13,16.67,16.67,16.67,16.67,000,16.515583
2016-04-12,16.67,16.67,16.50,16.67,2400,16.464065
2016-04-11,16.77,16.77,16.700001,16.700001,1700,16.493695
2016-04-08,16.790001,16.790001,16.790001,16.790001,000,16.582583
2016-04-07,16.790001,16.790001,16.790001,16.790001,000,16.582583
2016-04-06,16.51,16.799999,16.50,16.790001,7400,16.582583
2016-04-05,16.549999,16.549999,16.450001,16.549999,4300,16.345546
2016-04-04,16.10,16.50,16.10,16.50,9100,16.296165
2016-04-01,16.10,16.10,16.10,16.10,400,15.901106
2016-03-31,15.74,16.10,15.74,15.99,1800,15.792465
2016-03-30,15.98,15.98,15.94,15.97,6100,15.772712
2016-03-29,16.10,16.10,16.09,16.10,1400,15.901106
2016-03-28,16.17,16.18,16.17,16.18,2300,15.980118
2016-03-24,15.90,15.98,15.90,15.98,2300,15.782588
2016-03-23,15.80,15.90,15.80,15.90,2300,15.703576
2016-03-22,15.82,15.82,15.82,15.82,500,15.624565
2016-03-21,15.82,15.82,15.82,15.82,100,15.624565
2016-03-18,15.60,15.70,15.60,15.69,2000,15.496171
2016-03-17,15.39,15.50,15.39,15.48,1500,15.288765
2016-03-16,15.39,15.45,15.39,15.43,2500,15.239383
2016-03-15,15.84,15.84,15.82,15.82,2200,15.624565
2016-03-14,15.80,15.84,15.57,15.73,1400,15.535676
2016-03-11,15.79,15.84,15.59,15.73,7600,15.535676
2016-03-10,15.83,15.83,15.76,15.79,1800,15.543579
2016-03-09,15.84,15.84,15.60,15.60,800,15.356544
2016-03-08,15.50,15.61,15.40,15.56,12000,15.317168
2016-03-07,15.48,15.48,15.48,15.48,000,15.238416
2016-03-04,15.49,15.50,15.48,15.48,2600,15.238416
2016-03-03,15.38,15.38,15.37,15.37,1700,15.130133
2016-03-02,15.36,15.36,15.36,15.36,000,15.120289
2016-03-01,15.42,15.50,15.36,15.36,3700,15.120289
2016-02-29,15.52,15.52,15.52,15.52,200,15.277793
2016-02-26,15.39,15.39,15.39,15.39,000,15.149821
2016-02-25,15.95,15.95,15.36,15.39,3800,15.149821
2016-02-24,15.55,15.55,15.45,15.54,2800,15.29748
2016-02-23,15.53,15.56,15.53,15.55,1400,15.307324
2016-02-22,15.70,15.70,15.44,15.51,3600,15.267949
2016-02-19,15.84,15.85,15.50,15.83,3600,15.582954
2016-02-18,15.56,15.72,15.53,15.59,4600,15.3467
2016-02-17,15.53,15.54,15.52,15.52,2400,15.277793
2016-02-16,15.58,15.58,15.43,15.48,5000,15.238416
2016-02-12,15.38,15.38,15.38,15.38,000,15.139977
2016-02-11,15.54,15.69,15.36,15.38,2200,15.139977
2016-02-10,15.44,15.44,15.44,15.44,500,15.19904
2016-02-09,15.35,15.48,15.30,15.43,3600,15.138009
2016-02-08,15.45,15.45,15.45,15.45,000,15.15763
2016-02-05,15.65,15.65,15.33,15.45,1900,15.15763
2016-02-04,15.31,15.60,15.31,15.35,4300,15.059522
2016-02-03,15.58,15.58,15.55,15.58,5600,15.28517
2016-02-02,15.61,15.67,15.39,15.57,6900,15.275359
2016-02-01,15.19,15.58,15.19,15.56,8700,15.265549
2016-01-29,15.34,15.35,15.33,15.35,800,15.059522
2016-01-28,15.27,15.27,15.27,15.27,000,14.981036
2016-01-27,15.32,15.32,15.22,15.27,1700,14.981036
2016-01-26,15.20,15.23,15.20,15.21,3200,14.922171
2016-01-25,15.20,15.20,15.20,15.20,1000,14.91236
2016-01-22,15.23,15.24,15.14,15.18,5900,14.892739
2016-01-21,15.22,15.23,15.15,15.15,600,14.863306
2016-01-20,15.24,15.24,15.00,15.22,1800,14.931982
2016-01-19,15.20,15.21,15.15,15.15,4200,14.863306
2016-01-15,15.10,15.10,15.10,15.10,000,14.814253
2016-01-14,15.10,15.10,15.10,15.10,000,14.814253
2016-01-13,15.09,15.10,15.09,15.10,1500,14.814253
2016-01-12,15.24,15.24,15.18,15.18,2600,14.841723
2016-01-11,15.25,15.25,15.25,15.25,100,14.910163
2016-01-08,15.22,15.30,15.15,15.22,4800,14.880832
2016-01-07,15.23,15.23,15.10,15.12,1400,14.78306
2016-01-06,15.16,15.28,15.01,15.04,10600,14.704843
2016-01-05,15.15,15.15,14.98,15.10,4900,14.763506
2016-01-04,15.18,15.18,14.94,15.04,4200,14.704843
2015-12-31,15.17,15.18,15.01,15.03,11400,14.695065
2015-12-30,15.10,15.24,15.01,15.24,9000,14.90038
6
2015-12-29,15.15,15.15,15.10,15.11,3700,14.773283
2015-12-28,15.24,15.24,15.09,15.10,6500,14.763506
2015-12-24,15.09,15.10,15.09,15.10,400,14.763506
2015-12-23,15.16,15.24,15.16,15.21,10800,14.871054
2015-12-22,15.20,15.20,15.19,15.19,3200,14.8515
2015-12-21,15.04,15.04,15.04,15.04,000,14.704843
2015-12-18,15.04,15.04,15.04,15.04,200,14.704843
2015-12-17,15.13,15.13,15.13,15.13,200,14.792837
2015-12-16,14.95,14.99,14.95,14.99,3000,14.655957
2015-12-15,14.94,15.02,14.94,15.02,800,14.685289
2015-12-14,15.02,15.02,14.99,14.99,400,14.655957
2015-12-11,15.18,15.18,15.02,15.17,6600,14.831946
2015-12-10,15.16,15.16,15.16,15.16,100,14.764483
2015-12-09,15.10,15.10,15.10,15.10,000,14.706049
2015-12-08,15.10,15.10,15.10,15.10,000,14.706049
2015-12-07,15.20,15.20,15.01,15.10,6200,14.706049
2015-12-04,14.72,15.00,14.72,15.00,6200,14.608658
2015-12-03,14.92,14.93,14.82,14.91,3900,14.521006
2015-12-02,15.01,15.01,14.89,14.95,1900,14.559962
2015-12-01,14.89,14.98,14.88,14.98,4700,14.589179
2015-11-30,14.86,14.87,14.81,14.84,2300,14.452832
2015-11-27,14.95,14.95,14.88,14.89,2100,14.501528
2015-11-25,14.83,14.84,14.82,14.82,3600,14.433353
2015-11-24,14.77,14.77,14.76,14.76,3000,14.374919
2015-11-23,14.70,14.76,14.70,14.75,1600,14.36518
2015-11-20,14.67,14.77,14.67,14.76,4400,14.374919
2015-11-19,14.66,14.66,14.63,14.63,700,14.248311
2015-11-18,14.76,14.83,14.52,14.52,16700,14.141181
2015-11-17,14.71,14.76,14.69,14.76,1300,14.374919
2015-11-16,14.86,14.86,14.86,14.86,300,14.47231
2015-11-13,14.88,14.88,14.88,14.88,700,14.491789
2015-11-12,14.82,14.82,14.72,14.72,700,14.335963
2015-11-11,14.73,14.77,14.72,14.72,2200,14.335963
2015-11-10,14.69,14.85,14.69,14.85,400,14.462571
2015-11-09,14.88,14.93,14.77,14.80,5400,14.363232
2015-11-06,14.97,15.15,14.97,15.15,300,14.702903
2015-11-05,14.85,15.21,14.80,15.20,15300,14.751428
2015-11-04,14.82,14.84,14.74,14.83,12800,14.392347
2015-11-03,14.94,15.03,14.83,14.89,4900,14.450577
2015-11-02,14.76,15.04,14.76,14.99,10700,14.547625
2015-10-30,14.98,15.01,14.85,14.88,5400,14.440871
2015-10-29,14.95,14.98,14.93,14.98,7200,14.53792
2015-10-28,14.92,14.94,14.75,14.94,1100,14.4991
2015-10-27,14.89,14.89,14.89,14.89,5400,14.450577
2015-10-26,14.95,14.95,14.74,14.80,5100,14.363232
2015-10-23,14.78,14.89,14.78,14.87,3300,14.431166
2015-10-22,14.87,14.87,14.87,14.87,000,14.431166
2015-10-21,14.74,14.94,14.74,14.87,2200,14.431166
2015-10-20,14.76,14.87,14.76,14.87,800,14.431166
2015-10-19,14.82,14.82,14.76,14.76,4600,14.324413
2015-10-16,14.81,14.86,14.74,14.74,2200,14.305003
2015-10-15,14.81,14.81,14.81,14.81,2000,14.372938
2015-10-14,15.06,15.06,15.06,15.06,700,14.61556
2015-10-13,14.80,15.03,14.80,15.03,3800,14.586444
2015-10-12,14.86,14.92,14.80,14.80,2600,14.312767
2015-10-09,14.80,14.80,14.80,14.80,000,14.312767
2015-10-08,14.80,14.80,14.80,14.80,000,14.312767
2015-10-07,14.80,14.80,14.80,14.80,700,14.312767
2015-10-06,14.80,14.80,14.80,14.80,200,14.312767
2015-10-05,14.80,14.80,14.75,14.75,2200,14.264413
2015-10-02,14.90,14.90,14.90,14.90,100,14.409475
2015-10-01,14.85,14.85,14.85,14.85,200,14.361122
2015-09-30,14.95,14.99,14.75,14.81,3300,14.322438
2015-09-29,14.78,14.78,14.75,14.75,2500,14.264413
2015-09-28,14.98,14.98,14.76,14.83,1600,14.341779
2015-09-25,14.89,14.89,14.89,14.89,1100,14.399805
2015-09-24,14.77,14.88,14.77,14.87,2900,14.380463
2015-09-23,14.88,14.88,14.79,14.79,1000,14.303096
2015-09-22,14.88,14.88,14.77,14.77,800,14.283755
2015-09-21,14.75,14.75,14.75,14.75,300,14.264413
2015-09-18,14.78,14.78,14.60,14.60,1800,14.119352
2015-09-17,14.51,14.58,14.51,14.58,7500,14.10001
2015-09-16,14.55,14.55,14.54,14.55,1500,14.070998
2015-09-15,14.70,14.71,14.55,14.55,6300,14.070998
2015-09-14,14.95,14.95,14.95,14.95,000,14.457829
2015-09-11,14.95,14.95,14.95,14.95,700,14.457829
2015-09-10,14.94,14.94,14.94,14.94,500,14.39787
2015-09-09,14.91,14.91,14.80,14.85,2600,14.311137
2015-09-08,14.91,14.91,14.89,14.89,4900,14.349685
2015-09-04,14.76,14.77,14.74,14.76,3100,14.224402
2015-09-03,15.05,15.06,14.70,14.84,2900,14.301499
2015-09-02,15.04,15.04,14.95,15.00,700,14.455693
2015-09-01,14.90,14.99,14.86,14.98,800,14.436418
2015-08-31,14.85,14.85,14.85,14.85,000,14.311137
2015-08-28,14.71,15.09,14.61,14.85,5200,14.311137
2015-08-27,14.84,14.93,14.75,14.93,1800,14.388233
2015-08-26,14.68,14.94,14.68,14.68,1600,14.1473
05
2015-08-25,14.62,14.93,14.62,14.93,1500,14.388233
2015-08-24,14.98,14.98,14.59,14.59,3700,14.060571
2015-08-21,14.98,14.98,14.81,14.81,900,14.272588
2015-08-20,14.90,15.02,14.90,15.02,3400,14.474968
2015-08-19,15.08,15.08,15.03,15.05,3400,14.503879
2015-08-18,15.06,15.06,15.06,15.06,000,14.513516
2015-08-17,15.06,15.06,15.06,15.06,700,14.513516
2015-08-14,15.06,15.06,15.06,15.06,000,14.513516
2015-08-13,15.06,15.06,15.06,15.06,000,14.513516
2015-08-12,14.93,15.06,14.91,15.06,900,14.513516
2015-08-11,14.96,15.16,14.90,15.07,2500,14.473039
2015-08-10,14.96,14.97,14.96,14.96,2000,14.367397
2015-08-07,15.29,15.29,15.29,15.29,2000,14.684324
2015-08-06,14.93,15.10,14.93,14.97,4000,14.377001
2015-08-05,15.12,15.12,14.93,14.94,1900,14.348188
2015-08-04,15.01,15.19,14.95,15.11,4000,14.511454
2015-08-03,15.04,15.19,15.02,15.15,2400,14.54987
2015-07-31,15.14,15.14,15.08,15.10,4700,14.501851
2015-07-30,15.14,15.15,15.12,15.15,1700,14.54987
2015-07-29,15.41,15.41,14.95,15.12,5800,14.521058
2015-07-28,15.26,15.29,15.16,15.21,15900,14.607493
2015-07-27,15.34,15.35,15.20,15.35,6100,14.741948
2015-07-24,15.32,15.66,15.32,15.65,1900,15.030064
2015-07-23,15.37,15.37,15.28,15.36,900,14.751551
2015-07-22,15.37,15.40,15.37,15.37,1400,14.761155
2015-07-21,15.44,15.92,15.44,15.59,2200,14.972441
2015-07-20,15.16,15.46,15.16,15.16,3100,14.559474
2015-07-17,15.12,16.809999,15.12,15.28,12000,14.67472
2015-07-16,15.15,15.15,15.15,15.15,500,14.54987
2015-07-15,15.05,15.05,15.05,15.05,000,14.453832
2015-07-14,15.26,15.30,15.05,15.05,3200,14.453832
2015-07-13,15.27,15.27,15.27,15.27,000,14.665117
2015-07-10,15.27,15.27,15.27,15.27,100,14.615177
2015-07-09,15.24,15.36,15.24,15.29,1500,14.634319
2015-07-08,15.05,15.05,15.05,15.05,300,14.404611
2015-07-07,15.25,15.25,15.04,15.24,1400,14.586463
2015-07-06,15.13,15.13,15.13,15.13,000,14.481181
2015-07-02,15.15,15.15,15.11,15.13,3000,14.481181
2015-07-01,14.94,15.11,14.94,15.06,600,14.414183
2015-06-30,14.94,14.97,14.94,14.94,2200,14.299328
2015-06-29,15.10,15.10,15.07,15.07,1100,14.423753
2015-06-26,15.11,15.14,15.00,15.00,3700,14.356755
2015-06-25,15.08,15.08,15.03,15.03,300,14.385469
2015-06-24,15.10,15.20,15.01,15.01,1400,14.366327
2015-06-23,15.01,15.14,15.00,15.00,600,14.356755
2015-06-22,15.02,15.02,15.00,15.00,1600,14.356755
2015-06-19,15.05,15.05,15.05,15.05,100,14.404611
2015-06-18,15.03,15.33,15.03,15.33,1200,14.672604
2015-06-17,15.14,15.14,15.02,15.03,1100,14.385469
2015-06-16,15.14,15.14,15.03,15.14,2000,14.490752
2015-06-15,15.03,15.03,15.03,15.03,100,14.385469
2015-06-12,15.02,15.02,15.02,15.02,100,14.375898
2015-06-11,15.01,15.02,15.01,15.02,200,14.375898
2015-06-10,15.16,15.16,15.00,15.00,5000,14.306985
2015-06-09,15.04,15.34,15.00,15.18,17600,14.478669
2015-06-08,15.21,15.21,15.03,15.06,5700,14.364213
2015-06-05,15.19,15.19,15.19,15.19,100,14.488207
2015-06-04,15.24,15.24,15.20,15.20,1300,14.497745
2015-06-03,15.25,15.25,15.25,15.25,2000,14.545435
2015-06-02,15.27,15.27,15.27,15.27,100,14.564511
2015-06-01,15.15,15.25,15.13,15.25,4800,14.545435
2015-05-29,15.15,15.15,15.15,15.15,000,14.450055
2015-05-28,14.99,15.17,14.99,15.15,5000,14.450055
2015-05-27,15.07,15.20,15.00,15.20,8100,14.497745
2015-05-26,14.96,15.03,14.96,15.00,2200,14.306985
2015-05-22,15.16,15.16,14.96,14.96,1000,14.268833
2015-05-21,15.04,15.04,15.04,15.04,1100,14.345137
2015-05-20,15.10,15.11,15.10,15.10,800,14.402365
2015-05-19,14.95,15.09,14.95,15.08,3500,14.383289
2015-05-18,14.99,15.10,14.98,15.10,3200,14.402365
2015-05-15,15.22,15.23,14.96,15.11,10100,14.411903
2015-05-14,15.02,15.19,15.00,15.19,1700,14.488207
2015-05-13,14.97,15.18,14.94,15.00,3800,14.306985
2015-05-12,15.00,15.10,14.95,14.99,15100,14.247849
2015-05-11,15.00,15.03,15.00,15.03,1100,14.285869
2015-05-08,15.02,15.02,15.02,15.02,300,14.276365
2015-05-07,15.10,15.15,14.94,14.94,4500,14.200325
2015-05-06,15.24,15.24,14.94,15.04,6900,14.295374
2015-05-05,15.24,15.45,15.05,15.26,18400,14.504482
2015-05-04,15.59,15.59,15.25,15.35,12800,14.590026
2015-05-01,15.49,15.49,15.49,15.49,200,14.723094
2015-04-30,15.34,15.57,15.33,15.57,3300,14.799134
2015-04-29,15.52,15.58,15.31,15.50,3300,14.7326
2015-04-28,15.52,15.59,15.52,15.59,300,14.818144
2015-04-27,15.45,15.69,15.36,15.38,9
200,14.618541
2015-04-24,15.93,15.93,15.43,15.47,15600,14.704085
2015-04-23,15.84,15.94,15.56,15.65,12500,14.875173
2015-04-22,15.72,15.82,15.53,15.81,4000,15.027252
2015-04-21,15.89,15.90,15.46,15.46,12900,14.69458
2015-04-20,15.85,15.87,15.77,15.80,9500,15.017747
2015-04-17,15.63,15.72,15.58,15.72,5200,14.941708
2015-04-16,15.63,15.66,15.36,15.66,10000,14.884678
2015-04-15,15.40,15.40,15.40,15.40,400,14.63755
2015-04-14,15.30,15.30,15.30,15.30,1600,14.542502
2015-04-13,15.37,15.37,15.35,15.35,300,14.590026
2015-04-10,15.32,15.53,15.32,15.39,1200,14.57862
2015-04-09,15.30,15.33,15.30,15.33,200,14.521783
2015-04-08,15.47,15.47,15.47,15.47,000,14.654402
2015-04-07,15.45,15.47,15.45,15.47,3400,14.654402
2015-04-06,15.34,15.49,15.34,15.49,2700,14.673347
2015-04-02,15.29,15.35,15.29,15.33,1900,14.521783
2015-04-01,15.31,15.42,15.17,15.21,4100,14.40811
2015-03-31,15.33,15.35,15.18,15.34,7600,14.531256
2015-03-30,15.60,15.60,15.50,15.50,2000,14.68282
2015-03-27,15.37,15.58,15.31,15.39,2900,14.57862
2015-03-26,15.31,15.31,15.26,15.26,400,14.455474
2015-03-25,15.30,15.40,15.15,15.38,4900,14.569147
2015-03-24,15.35,15.35,15.35,15.35,000,14.540729
2015-03-23,15.40,15.40,15.35,15.35,1600,14.540729
2015-03-20,15.50,15.59,15.25,15.36,4500,14.550201
2015-03-19,15.20,15.42,15.20,15.42,2900,14.607038
2015-03-18,15.15,15.16,15.14,15.16,900,14.360746
2015-03-17,15.43,15.45,15.14,15.18,10600,14.379692
2015-03-16,15.56,15.84,15.37,15.39,5800,14.57862
2015-03-13,15.73,15.90,15.42,15.89,900,15.052259
2015-03-12,15.56,15.56,15.56,15.56,000,14.739658
2015-03-11,15.47,15.56,15.47,15.56,3500,14.739658
2015-03-10,15.39,15.54,15.38,15.49,5600,14.62409
2015-03-09,15.30,15.50,15.24,15.28,7300,14.425829
2015-03-06,15.28,15.30,15.20,15.25,5300,14.397506
2015-03-05,15.35,15.35,15.35,15.35,000,14.491916
2015-03-04,15.32,15.35,15.32,15.35,1400,14.491916
2015-03-03,15.08,15.38,15.02,15.21,19500,14.359742
2015-03-02,15.30,15.30,15.01,15.01,11800,14.170923
2015-02-27,15.27,15.29,15.27,15.28,1600,14.425829
2015-02-26,15.24,15.25,15.24,15.25,1600,14.397506
2015-02-25,15.37,15.37,15.28,15.28,400,14.425829
2015-02-24,15.29,15.29,15.29,15.29,000,14.43527
2015-02-23,15.28,15.29,15.28,15.29,600,14.43527
2015-02-20,15.13,15.17,15.10,15.14,2500,14.293656
2015-02-19,15.09,15.18,15.03,15.03,4900,14.189804
2015-02-18,14.95,15.23,14.95,15.02,8900,14.180364
2015-02-17,14.97,15.38,14.81,14.85,5000,14.019867
2015-02-13,15.19,15.19,15.19,15.19,300,14.34086
2015-02-12,15.28,15.28,15.05,15.05,700,14.208687
2015-02-11,15.16,15.24,15.02,15.05,3500,14.208687
2015-02-10,15.18,15.26,15.11,15.13,2100,14.235121
2015-02-09,15.24,15.26,15.22,15.26,2500,14.357432
2015-02-06,15.40,15.40,15.34,15.39,3000,14.479744
2015-02-05,15.50,15.50,15.50,15.50,400,14.583237
2015-02-04,15.51,15.51,15.49,15.49,1100,14.573828
2015-02-03,15.71,15.71,15.65,15.65,400,14.724365
2015-02-02,15.52,15.56,15.48,15.50,5600,14.583237
2015-01-30,15.70,15.70,15.69,15.69,700,14.761999
2015-01-29,15.62,15.62,15.62,15.62,100,14.69614
2015-01-28,15.34,15.60,15.34,15.60,1400,14.677323
2015-01-27,15.40,15.80,15.26,15.26,5500,14.357432
2015-01-26,15.34,15.34,15.34,15.34,000,14.432701
2015-01-23,15.40,15.40,15.34,15.34,900,14.432701
2015-01-22,15.24,15.24,15.24,15.24,400,14.338615
2015-01-21,15.40,15.40,15.40,15.40,300,14.489151
2015-01-20,15.61,15.61,15.50,15.61,3400,14.686731
2015-01-16,15.30,15.50,15.30,15.50,1800,14.583237
2015-01-15,15.15,15.52,15.15,15.30,3400,14.395067
2015-01-14,15.30,15.30,15.27,15.27,1200,14.366841
2015-01-13,15.06,15.46,15.06,15.30,1600,14.395067
2015-01-12,15.22,15.37,15.22,15.37,800,14.412001
2015-01-09,15.36,15.40,15.31,15.40,2000,14.440131
2015-01-08,15.19,15.41,15.10,15.41,7200,14.449508
2015-01-07,15.32,15.32,15.25,15.29,700,14.336988
2015-01-06,15.23,15.36,15.15,15.33,5800,14.374495
2015-01-05,15.29,15.35,15.05,15.23,13600,14.280727
2015-01-02,15.00,15.26,14.98,15.22,3300,14.271351
2014-12-31,15.16,15.16,15.07,15.08,4400,14.140077
2014
-12-30,15.01,15.09,15.00,15.09,900,14.149454
2014-12-29,15.03,15.12,15.03,15.12,1600,14.177584
2014-12-26,15.19,15.19,15.01,15.01,600,14.07444
2014-12-24,15.10,15.10,15.10,15.10,000,14.158831
2014-12-23,15.10,15.10,15.10,15.10,500,14.158831
2014-12-22,15.00,15.05,15.00,15.05,800,14.111947
2014-12-19,15.19,15.19,15.19,15.19,100,14.24322
2014-12-18,15.18,15.19,15.15,15.19,2000,14.24322
2014-12-17,14.88,15.19,14.86,15.19,1900,14.24322
2014-12-16,15.04,15.04,15.04,15.04,1000,14.10257
2014-12-15,15.19,15.19,15.19,15.19,000,14.24322
2014-12-12,15.19,15.19,15.19,15.19,100,14.24322
2014-12-11,15.22,15.22,15.22,15.22,000,14.271351
2014-12-10,15.05,15.22,15.05,15.22,2300,14.222592
2014-12-09,15.22,15.22,15.01,15.01,3300,14.026354
2014-12-08,14.73,14.73,14.73,14.73,000,13.764702
2014-12-05,15.15,15.15,15.15,15.15,000,14.157179
2014-12-04,15.24,15.25,15.03,15.15,7600,14.157179
2014-12-03,15.11,15.11,15.06,15.11,2200,14.1198
2014-12-02,15.09,15.09,15.09,15.09,000,14.101111
2014-12-01,15.02,15.09,15.02,15.09,600,14.101111
2014-11-28,15.08,15.09,15.07,15.09,400,14.101111
2014-11-26,15.01,15.05,15.01,15.05,7000,14.063732
2014-11-25,14.95,14.95,14.87,14.87,1100,13.895528
2014-11-24,14.80,14.80,14.80,14.80,400,13.830116
2014-11-21,14.89,15.04,14.86,15.04,6700,14.054387
2014-11-20,15.01,15.01,15.00,15.00,1500,14.017009
2014-11-19,14.86,15.07,14.86,15.07,6500,14.082421
2014-11-18,15.04,15.04,15.04,15.04,500,14.054387
2014-11-17,14.88,15.08,14.88,14.95,3400,13.970285
2014-11-14,14.95,15.10,14.87,15.06,6100,14.073077
2014-11-13,14.92,15.07,14.82,15.07,4000,14.082421
2014-11-12,15.01,15.01,15.01,15.01,300,14.026354
2014-11-11,14.93,15.01,14.93,14.95,900,13.920759
2014-11-10,15.01,15.01,14.86,14.86,600,13.836955
2014-11-07,14.92,14.92,14.92,14.92,100,13.892824
2014-11-06,14.91,15.00,14.87,14.87,2900,13.846266
2014-11-05,15.05,15.07,14.96,15.07,2100,14.032497
2014-11-04,15.13,15.13,15.13,15.13,000,14.088367
2014-11-03,14.98,15.15,14.94,15.13,4800,14.088367
2014-10-31,15.19,15.19,15.15,15.15,2300,14.106989
2014-10-30,15.38,15.38,15.38,15.38,700,14.321155
2014-10-29,15.19,15.19,15.19,15.19,300,14.144235
2014-10-28,15.18,15.18,15.18,15.18,000,14.134925
2014-10-27,15.02,15.19,14.89,15.18,7200,14.134925
2014-10-24,15.04,15.04,15.02,15.02,1300,13.98594
2014-10-23,14.85,15.05,14.85,15.05,3500,14.013874
2014-10-22,15.05,15.07,15.05,15.07,1500,14.032497
2014-10-21,15.02,15.05,14.85,15.05,3000,14.013874
2014-10-20,14.99,15.03,14.91,14.96,3100,13.93007
2014-10-17,15.04,15.04,14.84,14.91,5400,13.883512
2014-10-16,14.88,14.96,14.88,14.96,1600,13.93007
2014-10-15,15.02,15.02,14.92,14.92,11500,13.892824
2014-10-14,15.09,15.10,14.85,14.98,4900,13.948693
2014-10-13,15.14,15.40,15.05,15.06,8900,14.023186
2014-10-10,15.30,15.30,15.10,15.10,2200,14.060432
2014-10-09,15.14,15.49,15.14,15.47,5600,14.355608
2014-10-08,15.15,15.30,15.10,15.10,9400,14.012262
2014-10-07,15.39,15.39,15.27,15.32,4000,14.216413
2014-10-06,15.13,15.23,15.13,15.20,1800,14.105058
2014-10-03,15.10,15.10,15.01,15.01,1200,13.928745
2014-10-02,15.15,15.15,15.03,15.04,800,13.956583
2014-10-01,15.05,15.05,15.05,15.05,000,13.965863
2014-09-30,14.94,15.12,14.80,15.05,3600,13.965863
2014-09-29,14.91,15.13,14.85,14.91,1800,13.835948
2014-09-26,15.01,15.01,14.90,14.91,3900,13.835948
2014-09-25,15.18,15.18,14.88,14.97,5300,13.891626
2014-09-24,14.94,15.13,14.94,15.13,900,14.0401
2014-09-23,14.94,15.05,14.84,15.05,8600,13.965863
2014-09-22,14.80,15.07,14.80,14.85,4000,13.780271
2014-09-19,15.01,15.25,14.86,14.90,6700,13.826668
2014-09-18,15.15,15.25,14.89,14.95,16100,13.873067
2014-09-17,15.15,15.15,15.15,15.15,3000,14.058659
2014-09-16,15.21,15.30,14.86,14.94,14500,13.863787
2014-09-15,15.30,15.39,15.05,15.39,1300,14.281371
2014-09-12,14.87,15.35,14.87,15.35,4600,14.244253
2014-09-11,15.00,15.22,14.99,15.21,4200,14.114337
2014-09-10,14.98,15.15,14.80,15.00,13100,13.870283
2014-09-09,15.13,15.13,15.02,15.08,2500,13.944258
2014-09-08,15.21,15.21,15.02,15.10,6500,13.962752
2014-09-05,14.95,15.24,14.88,15.19,7200,14.045973
2014-09-04,15.15,15.15,14.72,14.72,6300,13.611371
2014-09-03,15.14,15.14,14.98,14.98,11500,13.851789
2014-09-02,14.86,15.14,14.86,14.97,6400,13.8425
43
2014-08-29,15.08,15.08,14.97,15.08,3900,13.944258
2014-08-28,15.31,15.37,15.00,15.00,18400,13.870283
2014-08-27,16.049999,16.049999,15.30,15.31,18300,14.156936
2014-08-26,15.67,17.469999,15.67,16.00,14400,14.794969
2014-08-25,15.50,15.70,15.15,15.70,9100,14.517563
2014-08-22,15.15,15.25,15.15,15.18,4900,14.036727
2014-08-21,15.05,15.05,15.05,15.05,400,13.916518
2014-08-20,15.04,15.04,15.04,15.04,1000,13.90727
2014-08-19,15.08,15.27,15.08,15.24,2300,14.092207
2014-08-18,14.95,15.31,14.80,15.29,26400,14.138442
2014-08-15,14.98,15.00,14.85,14.95,2200,13.824049
2014-08-14,15.04,15.13,14.87,14.87,9800,13.750074
2014-08-13,15.04,15.22,15.04,15.04,3300,13.90727
2014-08-12,15.15,15.31,15.10,15.10,10100,13.913744
2014-08-11,15.42,15.42,15.00,15.20,2500,14.005887
2014-08-08,15.36,15.63,15.36,15.50,4900,14.282319
2014-08-07,15.28,15.49,15.28,15.44,2200,14.227032
2014-08-06,14.91,15.45,14.91,15.45,1600,14.236247
2014-08-05,14.72,15.40,14.72,15.19,10500,13.996672
2014-08-04,15.17,15.17,14.71,14.99,3500,13.812385
2014-08-01,15.00,15.22,14.70,15.00,10400,13.821599
2014-07-31,15.07,15.07,15.00,15.00,1400,13.821599
2014-07-30,14.95,15.01,14.95,15.01,1200,13.830814
2014-07-29,15.08,15.15,15.00,15.00,4000,13.821599
2014-07-28,15.13,15.13,15.00,15.00,1100,13.821599
2014-07-25,14.92,15.11,14.92,15.11,1200,13.922957
2014-07-24,14.85,15.15,14.85,15.05,6100,13.867671
2014-07-23,15.29,15.29,14.90,15.18,4100,13.987459
2014-07-22,14.83,15.21,14.83,15.19,1300,13.996672
2014-07-21,15.05,15.24,14.82,15.02,4600,13.840028
2014-07-18,15.30,15.34,14.91,15.13,2200,13.941386
2014-07-17,14.82,15.28,14.82,15.13,2100,13.941386
2014-07-16,15.15,15.29,14.82,15.07,24800,13.8861
2014-07-15,15.08,15.35,15.08,15.35,4700,14.144104
2014-07-14,15.50,15.85,15.11,15.85,7500,14.604823
2014-07-11,15.61,15.80,15.50,15.78,3900,14.540322
2014-07-10,15.55,15.55,15.54,15.55,2000,14.279555
2014-07-09,15.60,15.60,15.60,15.60,1800,14.32547
2014-07-08,15.49,15.84,15.47,15.55,11400,14.279555
2014-07-07,15.19,15.50,15.19,15.49,1500,14.224456
2014-07-03,15.11,15.11,14.69,15.11,1500,13.875502
2014-07-02,15.26,15.26,15.12,15.13,2800,13.893869
2014-07-01,15.16,15.34,15.09,15.09,3400,13.857137
2014-06-30,15.27,15.27,15.23,15.25,4100,14.004065
2014-06-27,15.15,15.15,15.10,15.10,700,13.86632
2014-06-26,15.03,15.09,15.00,15.00,2900,13.77449
2014-06-25,15.22,15.22,14.72,14.92,6000,13.701026
2014-06-24,14.81,15.01,14.80,15.01,2600,13.783673
2014-06-23,15.02,15.04,14.85,14.90,6700,13.682659
2014-06-20,14.72,14.93,14.72,14.77,4800,13.563281
2014-06-19,14.80,14.85,14.80,14.85,1100,13.636745
2014-06-18,15.02,15.06,14.72,14.80,7900,13.59083
2014-06-17,15.02,15.56,15.02,15.21,7900,13.967333
2014-06-16,15.10,15.10,15.06,15.07,1000,13.83877
2014-06-13,16.01,16.01,15.07,15.20,10900,13.958149
2014-06-12,15.18,15.18,15.18,15.18,000,13.939784
2014-06-11,15.18,15.18,14.98,15.18,3900,13.939784
2014-06-10,15.22,15.38,15.11,15.11,4200,13.826833
2014-06-09,15.14,15.20,15.10,15.20,8200,13.90919
2014-06-06,15.16,15.19,15.02,15.13,9600,13.845135
2014-06-05,14.92,14.93,14.92,14.93,200,13.662119
2014-06-04,14.90,16.809999,14.86,15.00,11600,13.726174
2014-06-03,14.87,15.02,14.80,14.86,10000,13.598063
2014-06-02,14.79,14.83,14.79,14.79,9800,13.534008
2014-05-30,14.61,14.86,14.61,14.86,6400,13.598063
2014-05-29,14.86,14.86,14.63,14.69,2100,13.4425
2014-05-28,14.71,14.71,14.69,14.70,1800,13.451651
2014-05-27,14.55,14.61,14.55,14.61,900,13.369293
2014-05-23,14.62,14.62,14.62,14.62,000,13.378444
2014-05-22,14.47,14.62,14.47,14.62,8500,13.378444
2014-05-21,14.49,14.52,14.44,14.48,4400,13.250333
2014-05-20,14.46,14.50,14.46,14.50,700,13.268635
2014-05-19,14.50,14.56,14.50,14.56,1700,13.32354
2014-05-16,14.43,14.51,14.36,14.51,5600,13.277786
2014-05-15,14.4
6,14.63,14.39,14.63,2000,13.387595
2014-05-14,14.66,14.66,14.34,14.36,5100,13.140524
2014-05-13,14.67,14.67,14.53,14.53,1700,13.296087
2014-05-12,14.88,14.88,14.31,14.68,6600,13.38485
2014-05-09,14.60,14.88,14.53,14.81,9000,13.503381
2014-05-08,14.62,14.62,14.62,14.62,000,13.330143
2014-05-07,14.62,14.62,14.62,14.62,000,13.330143
2014-05-06,14.51,14.81,14.51,14.62,10100,13.330143
2014-05-05,14.59,14.59,14.31,14.41,2300,13.138671
2014-05-02,14.50,14.59,14.37,14.54,5600,13.257201
2014-05-01,14.39,14.49,14.39,14.49,3200,13.211613
2014-04-30,14.39,14.45,14.39,14.45,1100,13.175142
2014-04-29,14.29,14.42,14.29,14.42,4200,13.147789
2014-04-28,14.49,14.49,14.40,14.42,1100,13.147789
2014-04-25,14.46,14.46,14.30,14.45,6400,13.175142
2014-04-24,14.35,14.35,14.35,14.35,100,13.083965
2014-04-23,14.35,14.35,14.31,14.31,2400,13.047494
2014-04-22,14.15,14.23,14.15,14.23,1300,12.974551
2014-04-21,14.24,14.24,14.14,14.21,2100,12.956316
2014-04-17,14.19,14.19,14.19,14.19,800,12.93808
2014-04-16,14.07,14.19,14.05,14.19,3500,12.93808
2014-04-15,14.16,14.19,14.12,14.19,1700,12.93808
2014-04-14,14.35,14.37,13.98,14.20,7900,12.947198
2014-04-11,14.33,14.33,14.33,14.33,600,13.065729
2014-04-10,14.53,14.53,14.29,14.29,600,12.980934
2014-04-09,14.29,14.36,14.29,14.36,600,13.044521
2014-04-08,14.36,14.36,14.36,14.36,700,13.044521
2014-04-07,14.44,14.44,14.44,14.44,1000,13.117192
2014-04-04,14.25,14.25,14.25,14.25,000,12.944598
2014-04-03,14.27,14.27,14.25,14.25,1000,12.944598
2014-04-02,14.49,14.49,14.30,14.37,2000,13.053605
2014-04-01,14.41,14.41,14.41,14.41,000,13.089941
2014-03-31,14.41,14.41,14.41,14.41,200,13.089941
2014-03-28,14.60,14.60,14.35,14.37,3600,13.053605
2014-03-27,14.63,14.63,14.49,14.49,1200,13.162612
2014-03-26,14.58,14.58,14.58,14.58,200,13.244368
2014-03-25,14.48,14.48,14.48,14.48,000,13.153528
2014-03-24,14.49,14.49,14.48,14.48,1300,13.153528
2014-03-21,14.34,14.34,14.34,14.34,700,13.026354
2014-03-20,14.24,14.30,14.24,14.30,2200,12.990018
2014-03-19,14.26,14.40,14.26,14.40,800,13.080857
2014-03-18,14.39,14.41,14.16,14.26,7200,12.953682
2014-03-17,14.32,14.32,14.16,14.16,5400,12.862843
2014-03-14,14.29,14.29,14.21,14.21,1200,12.908262
2014-03-13,14.17,14.22,14.17,14.22,4700,12.917347
2014-03-12,14.15,14.24,14.09,14.24,3900,12.935514
2014-03-11,14.35,14.35,14.22,14.22,900,12.869202
2014-03-10,14.26,14.26,14.25,14.25,2000,12.896352
2014-03-07,14.39,14.39,14.19,14.19,3800,12.842052
2014-03-06,14.25,14.58,14.25,14.58,1600,13.195005
2014-03-05,14.24,14.28,14.24,14.28,1100,12.923502
2014-03-04,14.39,14.39,14.21,14.24,4300,12.887302
2014-03-03,14.27,14.32,14.25,14.29,8000,12.932553
2014-02-28,14.26,14.26,14.22,14.24,1000,12.887302
2014-02-27,14.31,14.31,14.31,14.31,000,12.950653
2014-02-26,14.31,14.31,14.27,14.31,800,12.950653
2014-02-25,14.20,14.27,14.18,14.21,10000,12.860152
2014-02-24,14.25,14.27,14.18,14.26,6800,12.905403
2014-02-21,14.17,14.17,14.17,14.17,600,12.823952
2014-02-20,14.18,14.18,14.18,14.18,1000,12.833002
2014-02-19,14.32,14.33,14.25,14.33,4200,12.968753
2014-02-18,14.12,14.12,14.11,14.11,1000,12.769651
2014-02-14,14.24,14.24,14.24,14.24,000,12.887302
2014-02-13,14.24,14.24,14.24,14.24,000,12.887302
2014-02-12,14.24,14.24,14.24,14.24,000,12.887302
2014-02-11,14.24,14.24,14.19,14.24,5300,12.839336
2014-02-10,14.13,14.23,14.13,14.20,4400,12.803271
2014-02-07,14.14,14.14,14.11,14.14,3700,12.749173
2014-02-06,14.09,14.24,14.08,14.09,2500,12.704091
2014-02-05,14.01,14.01,14.01,14.01,000,12.63196
2014-02-04,14.12,14.13,14.01,14.01,2300,12.63196
2014-02-03,14.14,14.14,14.02,14.02,500,12.640976
2014-01-31,14.09,14.14,14.01,14.06,4600,12.677042
2014-01-30,13.91,13.93,13.90,13.91,1000,12.541796
2014-01-29,14.11,14.11,14.03,14.03,700,12.649992
2014-01-28,13.97,14.18,13.95,14.01,8200,12.63196
2014-01-27,13.90,13.90,13.88,13.88,500,12.514747
2014-01-24,13.93,13.93,13.93,13.93,700,12.559829
2014-01-23,13.91,13.91,13.91,13.91,500,12.541796
2014-01-22,13.80,13.86,13.80,13.86,2500,12.496714
2014-01-21,14.00,14.02,13.68,13.74,5700,12.388517
2014-01-17
,13.72,13.72,13.72,13.72,000,12.370485
2014-01-16,13.70,13.77,13.64,13.72,5300,12.370485
2014-01-15,13.78,13.82,13.69,13.80,6300,12.442616
2014-01-14,13.84,13.99,13.76,13.98,3300,12.60491
2014-01-13,14.12,14.12,13.84,13.98,7000,12.60491
2014-01-10,13.80,13.92,13.74,13.92,3600,12.503025
2014-01-09,13.85,13.85,13.75,13.80,600,12.39524
2014-01-08,13.68,13.68,13.68,13.68,000,12.287456
2014-01-07,13.70,13.70,13.62,13.68,3700,12.287456
2014-01-06,13.63,13.63,13.63,13.63,1300,12.242545
2014-01-03,13.64,13.64,13.59,13.59,1200,12.206617
2014-01-02,13.66,13.69,13.50,13.60,3600,12.215599
2013-12-31,13.61,13.62,13.34,13.62,6900,12.233563
2013-12-30,13.69,13.69,13.40,13.66,6400,12.269491
2013-12-27,13.51,13.61,13.50,13.61,17800,12.224581
2013-12-26,13.67,13.67,13.48,13.59,7400,12.206617
2013-12-24,13.68,13.68,13.55,13.61,7000,12.224581
2013-12-23,13.47,13.70,13.47,13.63,19600,12.242545
2013-12-20,13.37,13.51,13.35,13.47,15400,12.098833
2013-12-19,13.32,13.47,13.28,13.47,5400,12.098833
2013-12-18,13.33,13.33,13.25,13.27,21600,11.919192
2013-12-17,13.15,13.26,13.15,13.25,1700,11.901227
2013-12-16,13.33,13.33,13.01,13.05,11800,11.721586
2013-12-13,13.09,13.29,13.06,13.23,13200,11.883263
2013-12-12,13.28,13.34,13.06,13.19,10800,11.847334
2013-12-11,13.04,13.20,13.04,13.18,12700,11.838353
2013-12-10,13.29,13.29,13.12,13.19,13500,11.767394
2013-12-09,13.07,13.12,13.07,13.11,5300,11.696023
2013-12-06,13.26,13.26,13.05,13.11,8100,11.696023
2013-12-05,13.16,13.17,13.05,13.09,22400,11.67818
2013-12-04,13.11,13.28,13.11,13.17,21000,11.749552
2013-12-03,13.19,13.30,13.14,13.28,5600,11.847687
2013-12-02,13.15,13.18,13.12,13.15,10900,11.731708
2013-11-29,13.22,13.24,13.22,13.24,1500,11.812002
2013-11-27,13.19,13.23,13.17,13.23,4500,11.80308
2013-11-26,13.23,13.26,13.20,13.26,3500,11.829845
2013-11-25,13.23,13.40,13.15,13.15,16700,11.731708
2013-11-22,13.42,13.42,13.42,13.42,200,11.972588
2013-11-21,13.39,13.39,13.27,13.39,6600,11.945824
2013-11-20,13.35,13.35,13.15,13.35,10600,11.910138
2013-11-19,13.35,13.35,13.30,13.30,3100,11.865531
2013-11-18,13.30,13.31,13.30,13.31,8900,11.874452
2013-11-15,13.31,13.31,13.31,13.31,800,11.874452
2013-11-14,13.37,13.37,13.25,13.31,2600,11.874452
2013-11-13,13.32,13.43,13.28,13.35,3300,11.910138
2013-11-12,13.34,13.35,13.33,13.34,4800,11.853933
2013-11-11,13.47,13.47,13.28,13.28,1700,11.800616
2013-11-08,13.44,13.44,13.36,13.36,2200,11.871704
2013-11-07,13.41,13.47,13.41,13.47,5100,11.969451
2013-11-06,13.37,13.49,13.37,13.49,1500,11.987223
2013-11-05,13.36,13.44,13.36,13.44,1500,11.942792
2013-11-04,13.54,13.54,13.36,13.49,2300,11.987223
2013-11-01,13.53,13.54,13.48,13.52,1100,12.013881
2013-10-31,13.60,13.63,13.57,13.63,1900,12.111627
2013-10-30,13.67,13.67,13.64,13.64,5300,12.120513
2013-10-29,13.70,13.70,13.57,13.61,4400,12.093855
2013-10-28,13.60,13.60,13.60,13.60,500,12.084969
2013-10-25,13.60,13.60,13.50,13.50,1200,11.996109
2013-10-24,13.57,13.57,13.56,13.56,800,12.049425
2013-10-23,13.65,13.72,13.46,13.55,35200,12.040539
2013-10-22,13.56,13.59,13.56,13.57,1700,12.058311
2013-10-21,13.59,13.61,13.40,13.48,4900,11.978336
2013-10-18,13.55,13.55,13.51,13.54,2800,12.031653
2013-10-17,13.39,13.54,13.37,13.54,1300,12.031653
2013-10-16,13.32,13.33,13.32,13.33,500,11.845047
2013-10-15,13.26,13.27,13.26,13.27,1000,11.791731
2013-10-14,13.22,13.22,13.21,13.21,3500,11.738415
2013-10-11,13.26,13.30,13.24,13.25,6000,11.773959
2013-10-10,13.32,13.34,13.30,13.30,800,11.818389
2013-10-09,13.54,13.54,13.39,13.39,1900,11.851268
2013-10-08,13.56,13.56,13.37,13.37,5500,11.833565
2013-10-07,13.34,13.38,13.34,13.36,1000,11.824714
2013-10-04,13.46,13.46,13.30,13.34,3800,11.807013
2013-10-03,13.45,13.50,13.45,13.
48,1400,11.930924
2013-10-02,13.42,13.51,13.40,13.51,700,11.957477
2013-10-01,13.51,13.58,13.11,13.42,2200,11.87782
2013-09-30,13.62,13.64,13.61,13.61,800,12.045985
2013-09-27,13.61,13.75,13.50,13.59,3600,12.028284
2013-09-26,13.80,13.80,13.69,13.70,1500,12.125643
2013-09-25,13.66,13.71,13.65,13.70,3900,12.125643
2013-09-24,13.71,13.71,13.71,13.71,000,12.134494
2013-09-23,13.71,13.71,13.70,13.71,800,12.134494
2013-09-20,13.66,13.70,13.65,13.65,2400,12.081389
2013-09-19,13.60,13.60,13.53,13.53,2600,11.975179
2013-09-18,13.38,13.57,13.32,13.57,4000,12.010582
2013-09-17,13.33,13.40,13.32,13.40,3000,11.860118
2013-09-16,13.40,13.40,13.30,13.30,7500,11.77161
2013-09-13,13.25,13.35,13.11,13.35,4800,11.815864
2013-09-12,13.23,13.24,13.15,13.15,6300,11.638847
2013-09-11,13.25,13.30,13.19,13.20,3600,11.683101
2013-09-10,13.33,13.33,13.33,13.33,000,11.751252
2013-09-09,13.40,13.46,13.33,13.33,5600,11.751252
2013-09-06,13.36,13.40,13.32,13.38,3200,11.795331
2013-09-05,13.31,13.31,13.31,13.31,000,11.733621
2013-09-04,13.54,13.54,13.30,13.31,3300,11.733621
2013-09-03,13.43,13.48,13.40,13.42,2700,11.830593
2013-08-30,13.31,13.53,13.29,13.53,5400,11.927565
2013-08-29,13.44,13.45,13.20,13.31,7700,11.733621
2013-08-28,13.64,13.64,13.53,13.53,1600,11.927565
2013-08-27,13.59,13.60,13.59,13.59,800,11.980459
2013-08-26,13.85,13.85,13.37,13.68,3000,12.0598
2013-08-23,13.65,13.76,13.65,13.74,1700,12.112694
2013-08-22,13.53,13.64,13.53,13.62,5500,12.006906
2013-08-21,13.45,13.45,13.43,13.43,800,11.839409
2013-08-20,13.21,13.56,13.21,13.49,10700,11.892302
2013-08-19,13.16,13.28,13.04,13.21,10500,11.645465
2013-08-16,13.30,13.31,13.24,13.25,2300,11.680727
2013-08-15,13.54,13.54,13.36,13.40,5200,11.812962
2013-08-14,13.77,13.82,13.55,13.55,5700,11.945197
2013-08-13,13.72,13.72,13.72,13.72,000,12.095063
2013-08-12,13.64,13.88,13.62,13.72,1700,12.04834
2013-08-09,13.61,13.77,13.61,13.68,12900,12.013214
2013-08-08,13.61,13.80,13.60,13.64,2600,11.978087
2013-08-07,13.61,13.84,13.61,13.80,4800,12.118593
2013-08-06,13.77,13.77,13.64,13.69,7700,12.021995
2013-08-05,13.74,13.97,13.74,13.97,1900,12.26788
2013-08-02,14.14,14.14,13.98,13.98,700,12.276661
2013-08-01,13.90,14.04,13.90,14.01,1100,12.303006
2013-07-31,13.82,14.00,13.79,14.00,1800,12.294224
2013-07-30,14.00,14.00,13.83,13.85,2000,12.162501
2013-07-29,13.78,13.99,13.78,13.99,16800,12.285442
2013-07-26,13.97,14.12,13.83,14.08,5400,12.364477
2013-07-25,14.40,14.40,13.96,14.05,3500,12.338132
2013-07-24,14.56,14.56,14.35,14.35,2400,12.60158
2013-07-23,14.60,14.66,14.56,14.64,3500,12.856246
2013-07-22,14.56,14.56,14.52,14.52,700,12.750867
2013-07-19,14.63,14.63,14.63,14.63,000,12.847464
2013-07-18,14.63,14.63,14.63,14.63,300,12.847464
2013-07-17,14.60,14.60,14.60,14.60,200,12.82112
2013-07-16,14.60,14.60,14.52,14.60,2400,12.82112
2013-07-15,14.65,14.75,14.64,14.64,2000,12.856246
2013-07-12,14.65,14.65,14.65,14.65,000,12.865027
2013-07-11,14.70,14.75,14.65,14.65,500,12.865027
2013-07-10,14.80,14.80,14.65,14.65,1900,12.818485
2013-07-09,14.66,14.66,14.59,14.65,1100,12.818485
2013-07-08,14.73,14.74,14.73,14.74,1900,12.897234
2013-07-05,14.80,14.80,14.68,14.74,3200,12.897234
2013-07-03,14.85,14.85,14.85,14.85,1800,12.993482
2013-07-02,14.85,14.85,14.85,14.85,200,12.993482
2013-07-01,15.20,15.24,14.75,14.75,7600,12.905984
2013-06-28,15.15,15.15,15.15,15.15,800,13.255976
2013-06-27,14.70,15.20,14.70,15.15,5900,13.255976
2013-06-26,14.50,14.79,14.45,14.70,8700,12.862234
2013-06-25,14.58,14.58,14.37,14.38,1400,12.58224
2013-06-24,14.72,14.72,14.60,14.63,4200,12.800986
2013-06-21,14.85,14.85,14.71,14.72,1500,12.879734
2013-06-20,14.72,14.81,14.72,14.81,2900,12.958483
2013-06-19,14.78,14.86,14.78,14.79,1100,12.940983
2013-06-18,14.77,14.78,14.77,14.78,1500,12.932233
2013-06-17,14.86,14.86,14.78,14.80,7900,12.949733
2013-06-14,14.85,14.93,14.85,14.93,1100,13.06
3481
2013-06-13,14.89,14.90,14.89,14.90,700,13.037231
2013-06-12,15.09,15.13,14.79,14.89,8400,13.028481
2013-06-11,15.30,15.30,15.20,15.24,3500,13.28835
2013-06-10,15.45,15.45,15.33,15.33,2000,13.366825
2013-06-07,15.45,15.45,15.40,15.41,2300,13.43658
2013-06-06,15.40,15.47,15.39,15.39,2100,13.419142
2013-06-05,15.35,15.35,15.25,15.35,3000,13.384264
2013-06-04,15.32,15.48,15.32,15.33,12600,13.366825
2013-06-03,15.40,15.40,15.20,15.22,1000,13.270912
2013-05-31,15.57,15.57,15.43,15.43,3000,13.454019
2013-05-30,15.63,15.65,15.41,15.60,4400,13.602249
2013-05-29,15.83,15.83,15.63,15.67,2500,13.663284
2013-05-28,15.90,15.90,15.74,15.74,5800,13.72432
2013-05-24,15.79,15.79,15.78,15.78,200,13.759197
2013-05-23,15.79,15.82,15.68,15.72,2700,13.706881
2013-05-22,15.75,15.78,15.73,15.77,2100,13.750478
2013-05-21,15.74,15.74,15.74,15.74,100,13.72432
2013-05-20,15.71,15.71,15.71,15.71,400,13.698162
2013-05-17,15.89,15.91,15.72,15.72,4500,13.706881
2013-05-16,15.74,15.90,15.74,15.90,1200,13.86383
2013-05-15,15.74,15.74,15.66,15.66,900,13.654565
2013-05-14,15.83,15.86,15.78,15.82,2300,13.794075
2013-05-13,16.07,16.08,15.80,15.86,13700,13.828952
2013-05-10,16.07,16.110001,16.030001,16.08,1000,13.974566
2013-05-09,15.92,16.040001,15.92,16.040001,3400,13.939804
2013-05-08,15.90,15.97,15.90,15.96,2100,13.870278
2013-05-07,15.83,15.87,15.69,15.86,10000,13.783371
2013-05-06,15.90,15.90,15.75,15.75,4600,13.687774
2013-05-03,15.75,15.87,15.75,15.85,7100,13.774681
2013-05-02,15.75,15.79,15.72,15.72,3200,13.661703
2013-05-01,15.87,15.90,15.63,15.69,20300,13.63563
2013-04-30,15.93,16.040001,15.86,15.86,5600,13.783371
2013-04-29,15.92,15.96,15.88,15.88,1900,13.800753
2013-04-26,16.139999,16.139999,15.94,15.95,2400,13.861587
2013-04-25,15.85,16.030001,15.85,16.030001,2300,13.931113
2013-04-24,15.90,15.90,15.90,15.90,100,13.818134
2013-04-23,16.059999,16.059999,15.82,15.89,6000,13.809444
2013-04-22,16.030001,16.040001,15.99,16.030001,1600,13.931113
2013-04-19,15.84,16.110001,15.83,16.110001,6300,14.000638
2013-04-18,15.82,15.85,15.80,15.84,4700,13.76599
2013-04-17,15.82,15.82,15.82,15.82,300,13.748609
2013-04-16,15.78,15.78,15.78,15.78,000,13.713846
2013-04-15,15.90,15.94,15.78,15.78,4900,13.713846
2013-04-12,15.91,15.95,15.91,15.94,5100,13.852896
2013-04-11,15.83,15.91,15.83,15.86,2400,13.783371
2013-04-10,16.120001,16.120001,15.37,15.96,4900,13.824219
2013-04-09,16.370001,16.379999,16.110001,16.120001,7400,13.962808
2013-04-08,16.299999,16.42,16.00,16.42,16600,14.222661
2013-04-05,16.34,16.34,16.26,16.26,900,14.084073
2013-04-04,16.24,16.33,16.23,16.299999,3700,14.118719
2013-04-03,16.25,16.25,16.25,16.25,200,14.075411
2013-04-02,16.34,16.34,16.15,16.23,15900,14.058087
2013-04-01,16.17,16.24,15.98,16.24,13600,14.066749
2013-03-28,16.00,16.08,16.00,16.08,5100,13.92816
2013-03-27,15.83,15.93,15.83,15.92,5900,13.789571
2013-03-26,15.74,15.78,15.74,15.78,2700,13.668306
2013-03-25,15.60,15.70,15.60,15.70,4800,13.599012
2013-03-22,15.74,15.90,15.66,15.66,14700,13.564365
2013-03-21,15.99,15.99,15.52,15.64,9400,13.547042
2013-03-20,15.88,16.049999,15.88,16.00,4300,13.858866
2013-03-19,16.00,16.23,15.96,15.96,8100,13.824219
2013-03-18,15.68,16.00,15.64,16.00,15500,13.858866
2013-03-15,15.74,15.98,15.68,15.70,14800,13.599012
2013-03-14,15.74,15.83,15.74,15.79,5400,13.676968
2013-03-13,15.86,15.86,15.82,15.82,1500,13.702953
2013-03-12,15.80,15.88,15.80,15.84,2300,13.674369
2013-03-11,15.79,15.82,15.79,15.81,6200,13.648471
2013-03-08,15.98,15.98,15.75,15.83,10200,13.665736
2013-03-07,16.10,16.10,16.02,16.02,300,13.82976
2013-03-06,16.10,16.139999,16.10,16.139999,700,13.933353
2013-03-
05,16.02,16.02,16.02,16.02,000,13.82976
2013-03-04,16.139999,16.139999,16.02,16.02,3700,13.82976
2013-03-01,16.24,16.24,15.96,16.10,5000,13.898823
2013-02-28,16.440001,16.469999,15.98,16.10,11200,13.898823
2013-02-27,16.190001,16.309999,16.190001,16.309999,1600,14.080111
2013-02-26,15.95,16.07,15.95,16.07,600,13.872924
2013-02-25,15.90,16.01,15.88,15.89,4800,13.717534
2013-02-22,16.10,16.10,15.98,16.00,2700,13.812494
2013-02-21,16.280001,16.280001,16.02,16.040001,5700,13.847026
2013-02-20,15.85,16.219999,15.67,16.18,13700,13.967885
2013-02-19,16.040001,16.040001,15.80,15.88,14400,13.708901
2013-02-15,16.10,16.10,16.02,16.02,2200,13.82976
2013-02-14,16.059999,16.08,15.91,15.95,4200,13.76933
2013-02-13,16.15,16.15,16.15,16.15,2600,13.941986
2013-02-12,15.87,16.139999,15.86,16.10,5300,13.853068
2013-02-11,15.96,16.059999,15.94,15.99,7600,13.758419
2013-02-08,16.049999,16.059999,15.91,15.92,3200,13.698189
2013-02-07,15.97,15.97,15.97,15.97,000,13.741211
2013-02-06,15.94,16.18,15.94,15.97,10300,13.741211
2013-02-05,15.85,15.89,15.85,15.89,1000,13.672376
2013-02-04,15.94,15.95,15.93,15.93,3000,13.706794
2013-02-01,15.90,15.95,15.86,15.94,1900,13.715397
2013-01-31,15.82,15.90,15.82,15.90,2300,13.68098
2013-01-30,15.85,15.93,15.85,15.93,700,13.706794
2013-01-29,16.110001,16.110001,15.77,15.85,2000,13.637959
2013-01-28,16.26,16.26,16.00,16.00,10500,13.767024
2013-01-25,16.07,16.309999,16.07,16.309999,1300,14.03376
2013-01-24,16.08,16.08,16.030001,16.030001,500,13.792838
2013-01-23,16.299999,16.34,16.01,16.120001,4500,13.870277
2013-01-22,16.17,16.209999,16.129999,16.209999,5300,13.947715
2013-01-18,15.98,16.08,15.98,16.030001,2700,13.792838
2013-01-17,16.10,16.10,16.059999,16.10,1100,13.853068
2013-01-16,16.18,16.18,16.040001,16.17,8100,13.913299
2013-01-15,16.27,16.309999,15.99,15.99,8900,13.758419
2013-01-14,16.139999,16.34,16.139999,16.15,6600,13.89609
2013-01-11,16.299999,16.34,16.290001,16.32,2100,14.042364
2013-01-10,16.41,16.42,16.23,16.23,5700,13.919322
2013-01-09,16.530001,16.530001,16.379999,16.450001,7000,14.108002
2013-01-08,16.299999,16.50,16.299999,16.40,4200,14.065119
2013-01-07,16.10,16.280001,16.10,16.219999,4200,13.910746
2013-01-04,16.24,16.24,16.120001,16.120001,5200,13.824984
2013-01-03,16.24,16.24,16.16,16.23,2000,13.919322
2013-01-02,15.88,16.110001,15.87,16.110001,2700,13.816408
2012-12-31,15.81,15.81,15.65,15.75,4800,13.507661
2012-12-28,15.63,15.67,15.62,15.67,2500,13.43905
2012-12-27,15.72,15.72,15.50,15.61,7200,13.387592
2012-12-26,15.86,15.90,15.78,15.80,2900,13.550542
2012-12-24,15.97,15.97,15.97,15.97,100,13.696339
2012-12-21,16.17,16.200001,15.87,15.93,2000,13.662034
2012-12-20,16.07,16.07,16.07,16.07,000,13.782102
2012-12-19,16.290001,16.34,16.07,16.07,2800,13.782102
2012-12-18,15.81,16.00,15.78,16.00,5100,13.722068
2012-12-17,15.90,15.90,15.85,15.85,5300,13.593424
2012-12-14,16.15,16.15,16.01,16.01,1500,13.730644
2012-12-13,15.88,16.24,15.88,16.139999,7400,13.842135
2012-12-12,15.99,15.99,15.88,15.88,1400,13.619152
2012-12-11,16.110001,16.27,16.110001,16.27,5200,13.908173
2012-12-10,16.09,16.17,16.09,16.17,3800,13.822689
2012-12-07,16.389999,16.389999,16.18,16.209999,7000,13.856882
2012-12-06,16.290001,16.290001,16.219999,16.219999,2400,13.86543
2012-12-05,16.190001,16.290001,16.190001,16.290001,900,13.92527
2012-12-04,16.190001,16.33,16.17,16.190001,19200,13.839786
2012-12-03,16.15,16.190001,16.10,16.190001,4000,13.839786
2012-11-30,16.120001,16.120001,16.120001,16.120001,2200,13.779948
2012-11-29,16.120001,16.120001,16.120001,16.120001,900,13.779948
2012-11-28,16.09,16.129999,16.09,16.129999,1300,13.788495
2012-11-27,16.129999,16.139999,16.00,16.059999,3600,13.728657
2012-11-26,16.25,16.25,16.110001,16.110001,1000,13.7714
2012-11-23,16.299999,16.299999,16.299999,16.299999,000,13.933817
2012-11-21,16.26,16.299999,16.26,16.299999,1300,13.933817
2012-11-20,16.110001,16.23,16.110001,16.23,3200,13.873979
2012-11-19,16.09,16.110001,16.09,16.110001,2800,13.7714
2012-11-16,16.030001,16.10,16.030001,16.08,4600,13.745754
2012-11-1
5,15.96,16.00,15.80,15.99,2000,13.668819
2012-11-14,16.040001,16.040001,15.96,15.96,2300,13.643174
2012-11-13,16.110001,16.27,15.90,16.08,8800,13.745754
2012-11-12,16.120001,16.129999,16.110001,16.120001,1800,13.734642
2012-11-09,16.129999,16.129999,16.110001,16.110001,900,13.726122
2012-11-08,16.07,16.07,16.07,16.07,000,13.69204
2012-11-07,16.040001,16.120001,16.040001,16.07,2800,13.69204
2012-11-06,16.059999,16.059999,15.98,16.02,1500,13.649439
2012-11-05,16.07,16.10,16.02,16.059999,1800,13.68352
2012-11-02,16.00,16.00,16.00,16.00,500,13.632399
2012-11-01,15.99,15.99,15.90,15.98,2100,13.615358
2012-10-31,16.139999,16.18,15.90,16.02,9600,13.649439
2012-10-26,16.030001,16.08,16.030001,16.059999,300,13.68352
2012-10-25,16.049999,16.049999,16.030001,16.030001,900,13.65796
2012-10-24,16.040001,16.049999,16.040001,16.049999,800,13.674999
2012-10-23,15.94,16.01,15.94,16.01,2600,13.640919
2012-10-22,15.93,16.01,15.93,16.00,1100,13.632399
2012-10-19,15.95,15.99,15.95,15.95,500,13.589797
2012-10-18,16.00,16.00,16.00,16.00,000,13.632399
2012-10-17,16.00,16.00,16.00,16.00,1000,13.632399
2012-10-16,15.98,15.98,15.98,15.98,000,13.615358
2012-10-15,15.97,15.98,15.96,15.98,800,13.615358
2012-10-12,15.93,15.93,15.93,15.93,100,13.572757
2012-10-11,15.89,15.89,15.89,15.89,300,13.538676
2012-10-10,15.90,16.00,15.86,15.99,6200,13.57872
2012-10-09,16.00,16.00,15.86,15.86,3400,13.468324
2012-10-08,16.00,16.00,15.99,15.99,600,13.57872
2012-10-05,16.00,16.00,16.00,16.00,800,13.587213
2012-10-04,16.030001,16.059999,15.90,16.02,3200,13.604197
2012-10-03,15.92,16.02,15.92,16.02,1200,13.604197
2012-10-02,15.99,16.00,15.95,15.95,1100,13.544752
2012-10-01,15.99,15.99,15.98,15.98,800,13.570228
2012-09-28,16.040001,16.040001,16.030001,16.030001,400,13.612689
2012-09-27,16.10,16.10,15.91,16.00,4600,13.587213
2012-09-26,15.94,16.120001,15.94,16.09,2200,13.663641
2012-09-25,15.94,15.94,15.92,15.92,2000,13.519277
2012-09-24,16.030001,16.030001,15.94,15.94,2900,13.53626
2012-09-21,15.92,16.049999,15.92,16.049999,3700,13.629672
2012-09-20,15.89,15.91,15.89,15.89,400,13.493801
2012-09-19,15.74,15.91,15.74,15.90,6300,13.502292
2012-09-18,15.71,15.73,15.71,15.73,400,13.357928
2012-09-17,15.72,15.79,15.71,15.74,10400,13.36642
2012-09-14,15.96,15.96,15.88,15.89,1600,13.493801
2012-09-13,15.89,15.94,15.85,15.93,4200,13.527769
2012-09-12,15.89,15.89,15.89,15.89,300,13.493801
2012-09-11,15.96,15.96,15.96,15.96,1700,13.508237
2012-09-10,15.90,15.93,15.86,15.93,4700,13.482846
2012-09-07,15.90,15.91,15.90,15.91,1000,13.465918
2012-09-06,15.82,15.86,15.82,15.85,2700,13.415136
2012-09-05,15.75,15.80,15.75,15.80,3200,13.372816
2012-09-04,15.70,15.82,15.70,15.72,4100,13.305106
2012-08-31,15.65,15.69,15.65,15.69,1000,13.279714
2012-08-30,15.68,15.68,15.68,15.68,300,13.271251
2012-08-29,15.65,15.69,15.65,15.69,300,13.279714
2012-08-28,15.59,15.78,15.59,15.60,5000,13.20354
2012-08-27,15.53,15.55,15.53,15.55,1000,13.161221
2012-08-24,15.48,15.52,15.48,15.50,6000,13.118902
2012-08-23,15.52,15.60,15.40,15.49,9900,13.110438
2012-08-22,15.69,15.72,15.48,15.56,4700,13.169685
2012-08-21,15.68,15.72,15.60,15.65,5800,13.245859
2012-08-20,15.72,15.73,15.72,15.73,2700,13.313569
2012-08-17,15.73,15.73,15.73,15.73,000,13.313569
2012-08-16,15.68,15.73,15.68,15.73,400,13.313569
2012-08-15,15.64,15.68,15.64,15.68,1100,13.271251
2012-08-14,15.74,15.75,15.64,15.64,10600,13.237396
2012-08-13,15.84,15.84,15.71,15.75,3200,13.330497
2012-08-10,15.80,15.84,15.73,15.83,2400,13.35335
2012-08-09,15.92,15.92,15.76,15.76,5900,13.294302
2012-08-08,15.85,15.93,15.85,15.92,700,13.429269
2012-08-07,16.00,16.00,15.85,15.93,3200,13.437705
2012-08-06,15.95,16.01,15.87,15.96,2400,13.463011
2012-08-03,15.93,15.99,15.93,15.99,3200,13.488317
2012-08-02,15.87,15.92,15.82,15.92,6300,13.429269
2012-08-01,15.84,15.87,15.84,15.87,1000,13.387092
2012-07-31,15.78,15.81,15.78,15.81,1000,13.336479
2012-07-30,15.73,15.78,15.73,15.78,1200,13.311172
2012-07-27,15.75,15.78,15.75,15.78,3300,13.311172
2012-07-26,15.85,15.95,15.69,15.71,9900,13.252124
2012-07-25,15.85,15.85,15.85,15.85,000,13.370221
2012-07-24,15.85,15.85,15.85,15.85,000,13.370221
2012-07-23,15.79,15.85,15.79,15.85,1300,13.370221
2012-07-20,15.70,15.79,15.70,15.79,3700,13.319608
2012-07-19,15.80,15.87,15.80,15.85,3200,13.370221
2012-07-18,15.73,15.82,15.73,15.82,1300,13.344914
2012-07-17,15.75,15.75,15.75,15.75,100,13.285866
2012
-07-16,15.80,15.81,15.66,15.73,6700,13.268995
2012-07-13,15.76,15.85,15.76,15.79,3200,13.319608
2012-07-12,15.76,15.76,15.76,15.76,000,13.294302
2012-07-11,15.70,15.81,15.70,15.76,4100,13.294302
2012-07-10,15.66,15.76,15.66,15.76,3100,13.249593
2012-07-09,15.67,15.67,15.59,15.63,5800,13.140301
2012-07-06,15.72,15.77,15.69,15.71,2800,13.207558
2012-07-05,15.67,15.70,15.67,15.70,700,13.19915
2012-07-03,15.61,15.70,15.61,15.70,1400,13.19915
2012-07-02,15.57,15.60,15.42,15.60,3000,13.11508
2012-06-29,15.55,15.55,15.47,15.47,5800,13.005787
2012-06-28,15.47,15.56,15.47,15.56,1100,13.081451
2012-06-27,15.34,15.45,15.34,15.44,8200,12.980565
2012-06-26,15.34,15.35,15.26,15.35,4100,12.904902
2012-06-25,15.35,15.35,15.32,15.34,4100,12.896495
2012-06-22,15.36,15.39,15.36,15.36,1100,12.913309
2012-06-21,15.37,15.37,15.29,15.34,2500,12.896495
2012-06-20,15.40,15.40,15.40,15.40,1300,12.946937
2012-06-19,15.35,15.35,15.35,15.35,600,12.904902
2012-06-18,15.35,15.37,15.23,15.34,1800,12.896495
2012-06-15,15.39,15.47,15.33,15.40,13800,12.946937
2012-06-14,15.48,15.50,15.35,15.35,7700,12.904902
2012-06-13,15.42,15.45,15.40,15.42,9100,12.963752
2012-06-12,15.51,15.51,15.45,15.45,300,12.944415
2012-06-11,15.50,15.50,15.50,15.50,200,12.986307
2012-06-08,15.41,15.53,15.41,15.53,4900,13.011441
2012-06-07,15.50,15.52,15.35,15.38,6900,12.885768
2012-06-06,15.53,15.54,15.50,15.54,4000,13.01982
2012-06-05,15.46,15.54,15.46,15.54,2100,13.01982
2012-06-04,15.46,15.49,15.46,15.49,1200,12.977928
2012-06-01,15.46,15.49,15.46,15.49,600,12.977928
2012-05-31,15.42,15.46,15.39,15.46,8700,12.952794
2012-05-30,15.33,15.33,15.33,15.33,200,12.843876
2012-05-29,15.34,15.38,15.34,15.38,5300,12.885768
2012-05-25,15.36,15.36,15.31,15.34,2300,12.852255
2012-05-24,15.33,15.33,15.33,15.33,100,12.843876
2012-05-23,15.33,15.40,15.33,15.33,1400,12.843876
2012-05-22,15.48,15.48,15.18,15.30,12900,12.818742
2012-05-21,15.36,15.44,15.36,15.40,2700,12.902524
2012-05-18,15.36,15.36,15.36,15.36,000,12.869011
2012-05-17,15.31,15.37,15.31,15.36,3700,12.869011
2012-05-16,15.36,15.40,15.30,15.33,6500,12.843876
2012-05-15,15.33,15.36,15.33,15.36,300,12.869011
2012-05-14,15.33,15.36,15.30,15.32,5200,12.835498
2012-05-11,15.48,15.48,15.42,15.43,8900,12.927659
2012-05-10,15.45,15.49,15.45,15.48,6700,12.925145
2012-05-09,15.45,15.45,15.42,15.45,2600,12.900097
2012-05-08,15.45,15.47,15.43,15.43,8400,12.883398
2012-05-07,15.42,15.47,15.42,15.47,4100,12.916796
2012-05-04,15.37,15.43,15.37,15.42,2600,12.875048
2012-05-03,15.35,15.40,15.34,15.40,3500,12.858349
2012-05-02,15.42,15.42,15.28,15.35,8700,12.816601
2012-05-01,15.40,15.47,15.34,15.40,6700,12.858349
2012-04-30,15.38,15.38,15.29,15.38,6600,12.84165
2012-04-27,15.27,15.33,15.23,15.33,6200,12.799902
2012-04-26,15.24,15.30,15.24,15.30,1000,12.774853
2012-04-25,15.23,15.25,15.21,15.24,3400,12.724755
2012-04-24,15.24,15.24,15.14,15.23,12100,12.716406
2012-04-23,15.19,15.21,15.10,15.21,12000,12.699707
2012-04-20,15.22,15.22,15.10,15.18,7400,12.674658
2012-04-19,15.11,15.24,15.11,15.24,2600,12.724755
2012-04-18,14.99,15.17,14.99,15.10,5200,12.607862
2012-04-17,15.07,15.12,14.95,15.07,8800,12.582813
2012-04-16,15.06,15.07,15.04,15.06,11700,12.574464
2012-04-13,15.03,15.03,14.91,15.02,3200,12.541065
2012-04-12,15.02,15.05,14.85,15.02,12200,12.541065
2012-04-11,15.00,15.05,15.00,15.04,3100,12.557764
2012-04-10,15.15,15.18,15.03,15.03,6800,12.505162
2012-04-09,15.07,15.14,15.03,15.13,10400,12.588363
2012-04-05,15.01,15.10,15.00,15.06,5200,12.530123
2012-04-04,14.96,15.01,14.96,15.01,400,12.488522
2012-04-03,15.06,15.06,15.00,15.00,4300,12.480201
2012-04-02,14.94,15.10,14.94,15.04,8100,12.513482
2012-03-30,14.95,14.96,14.94,14.95,7400,12.438601
2012-03-29,14.99,15.00,14.96,14.96,3100,12.446921
2012-03-28,14.96,14.99,14.95,14.96,9000,12.446921
2012-03-27,14.96,15.04,14.90,14.95,6000,12.438601
2012-03-26,14.99,15.04,14.94,14.94,1900,12.43028

2012-03-23,15.04,15.14,14.97,15.11,3300,12.571723
2012-03-22,15.12,15.23,14.95,15.07,6100,12.538442
2012-03-21,15.15,15.16,15.01,15.07,1900,12.538442
2012-03-20,15.01,15.16,15.00,15.07,2200,12.538442
2012-03-19,15.00,15.05,14.99,14.99,3800,12.471881
2012-03-16,15.03,15.03,14.88,15.00,3100,12.480201
2012-03-15,15.21,15.21,14.91,15.07,11500,12.538442
2012-03-14,15.59,15.59,15.21,15.24,10700,12.679884
2012-03-13,15.72,15.72,15.40,15.54,12700,12.929489
2012-03-12,15.80,15.80,15.80,15.80,000,13.101716
2012-03-09,15.80,15.80,15.80,15.80,1000,13.101716
2012-03-08,15.81,15.81,15.79,15.79,1800,13.093423
2012-03-07,15.71,15.80,15.70,15.71,7100,13.027086
2012-03-06,15.85,15.85,15.85,15.85,200,13.143177
2012-03-05,15.73,15.83,15.68,15.83,1900,13.126592
2012-03-02,15.78,15.81,15.70,15.70,4600,13.018793
2012-03-01,15.76,15.76,15.76,15.76,100,13.068547
2012-02-29,15.87,15.87,15.82,15.82,1200,13.1183
2012-02-28,15.78,15.87,15.78,15.87,1400,13.159761
2012-02-27,15.84,15.85,15.79,15.79,5100,13.093423
2012-02-24,15.84,15.90,15.82,15.82,4400,13.1183
2012-02-23,15.86,15.86,15.85,15.85,200,13.143177
2012-02-22,16.00,16.00,15.95,15.98,6000,13.250975
2012-02-21,15.97,16.110001,15.90,16.00,1900,13.26756
2012-02-17,15.90,15.90,15.79,15.88,2300,13.168053
2012-02-16,15.82,15.91,15.82,15.90,2100,13.184637
2012-02-15,15.96,15.96,15.96,15.96,000,13.234391
2012-02-14,16.280001,16.280001,15.89,15.96,2600,13.234391
2012-02-13,16.459999,16.68,16.219999,16.219999,3200,13.449988
2012-02-10,16.209999,16.530001,16.209999,16.530001,5500,13.659782
2012-02-09,16.17,16.200001,16.049999,16.200001,3500,13.387083
2012-02-08,16.26,16.26,16.200001,16.200001,300,13.387083
2012-02-07,15.84,16.290001,15.84,16.290001,2600,13.461455
2012-02-06,15.94,15.94,15.84,15.84,2600,13.089591
2012-02-03,15.85,15.85,15.82,15.85,3900,13.097855
2012-02-02,15.89,15.89,15.79,15.83,3600,13.081328
2012-02-01,15.91,15.91,15.86,15.89,1900,13.13091
2012-01-31,16.030001,16.030001,15.94,15.94,1700,13.172227
2012-01-30,16.10,16.10,15.94,16.049999,900,13.263127
2012-01-27,15.80,16.10,15.80,16.10,1800,13.304446
2012-01-26,15.85,15.85,15.78,15.78,1000,13.040009
2012-01-25,15.67,15.90,15.62,15.90,3100,13.139173
2012-01-24,15.71,15.72,15.62,15.72,1600,12.990428
2012-01-23,15.73,15.73,15.69,15.69,400,12.965636
2012-01-20,15.77,15.77,15.73,15.77,1200,13.031746
2012-01-19,15.46,15.86,15.46,15.80,12200,13.056537
2012-01-18,15.51,15.74,15.36,15.42,3100,12.742519
2012-01-17,15.51,15.51,15.51,15.51,300,12.816892
2012-01-13,15.61,15.62,15.50,15.62,2300,12.907791
2012-01-12,15.34,16.639999,15.31,15.57,40700,12.866473
2012-01-11,15.21,15.31,15.21,15.31,4300,12.651619
2012-01-10,15.34,15.34,15.28,15.28,3300,12.579725
2012-01-09,15.28,15.34,15.28,15.34,1100,12.629122
2012-01-06,15.17,15.27,15.17,15.25,800,12.555027
2012-01-05,15.17,15.18,15.16,15.16,2700,12.480932
2012-01-04,15.34,15.34,15.18,15.18,4000,12.497398
2012-01-03,15.27,15.27,15.26,15.26,1500,12.56326
2011-12-30,15.32,15.33,15.26,15.26,2600,12.56326
2011-12-29,15.13,15.24,15.13,15.22,1800,12.530329
2011-12-28,15.08,15.22,15.08,15.12,2400,12.448
2011-12-27,15.19,15.19,15.03,15.03,10300,12.373905
2011-12-23,15.15,15.15,15.15,15.15,000,12.472699
2011-12-22,15.15,15.15,15.15,15.15,000,12.472699
2011-12-21,15.15,15.15,15.15,15.15,200,12.472699
2011-12-20,15.21,15.21,15.15,15.15,2400,12.472699
2011-12-19,15.18,15.28,15.14,15.28,2900,12.579725
2011-12-16,15.29,15.29,15.22,15.25,1200,12.555027
2011-12-15,15.20,15.30,15.17,15.26,3000,12.56326
2011-12-14,15.32,15.32,15.22,15.22,1400,12.530329
2011-12-13,15.08,15.28,15.08,15.27,7900,12.571493
2011-12-12,15.11,15.17,15.10,15.17,4000,12.424125
2011-12-09,15.07,15.12,15.07,15.12,1400,12.383175
2011-12-08,15.06,15.06,15.06,15.06,1000,12.334036
2011-12-07,15.01,15.01,14.99,15.01,2100,12.293086
2011-12-06,14.96,15.04,14.96,15.03,3800,12.309466
2011-12-05,14.88,14.95,14.88,14.95,600,12.243947
2011-12-02,15.00,15.00,14.86,14.88,7700,12.186617
2011-12-01,15.05,15.05,14.86,15.00,
9000,12.284896
2011-11-30,15.06,15.06,15.00,15.06,1400,12.334036
2011-11-29,15.07,15.07,15.07,15.07,300,12.342226
2011-11-28,15.12,15.12,15.11,15.11,800,12.374985
2011-11-25,15.22,15.36,15.09,15.09,1000,12.358606
2011-11-23,14.99,15.85,14.99,15.15,13300,12.407745
2011-11-22,14.97,14.97,14.97,14.97,100,12.260327
2011-11-21,14.93,14.93,14.85,14.92,4400,12.219377
2011-11-18,14.89,14.93,14.89,14.93,600,12.227567
2011-11-17,14.85,14.87,14.84,14.87,3900,12.178427
2011-11-16,14.79,14.85,14.79,14.85,1000,12.162048
2011-11-15,14.77,14.77,14.71,14.71,1500,12.047388
2011-11-14,14.71,14.77,14.64,14.77,1400,12.096528
2011-11-11,14.73,14.75,14.73,14.75,500,12.080148
2011-11-10,14.87,14.87,14.68,14.68,3000,12.022819
2011-11-09,14.90,14.90,14.90,14.90,200,12.152219
2011-11-08,15.02,15.02,14.90,14.90,1800,12.152219
2011-11-07,14.97,14.97,14.97,14.97,100,12.209311
2011-11-04,14.86,14.95,14.86,14.93,3300,12.176687
2011-11-03,14.81,14.81,14.81,14.81,000,12.078817
2011-11-02,14.80,14.81,14.80,14.81,300,12.078817
2011-11-01,14.79,14.79,14.79,14.79,100,12.062505
2011-10-31,14.67,14.77,14.67,14.77,700,12.046194
2011-10-28,14.69,14.74,14.60,14.74,2500,12.021726
2011-10-27,14.78,14.78,14.76,14.76,1100,12.038038
2011-10-26,14.70,14.73,14.63,14.73,2300,12.01357
2011-10-25,14.74,14.77,14.63,14.77,3400,12.046194
2011-10-24,14.57,14.77,14.57,14.77,2000,12.046194
2011-10-21,14.56,14.63,14.56,14.63,1400,11.932012
2011-10-20,14.66,14.66,14.56,14.56,1200,11.874921
2011-10-19,14.51,14.62,14.51,14.59,5200,11.899388
2011-10-18,14.56,14.56,14.51,14.51,1500,11.834141
2011-10-17,14.58,14.59,14.53,14.56,900,11.874921
2011-10-14,14.53,14.71,14.50,14.57,1700,11.883076
2011-10-13,14.77,14.77,14.40,14.67,3900,11.964635
2011-10-12,14.98,15.05,14.70,14.70,2800,11.989102
2011-10-11,15.10,15.10,15.00,15.00,2400,12.183212
2011-10-10,15.21,15.21,15.08,15.10,500,12.264434
2011-10-07,15.04,15.04,15.02,15.02,300,12.199457
2011-10-06,15.02,15.02,15.02,15.02,700,12.199457
2011-10-05,15.00,15.00,15.00,15.00,100,12.183212
2011-10-04,14.95,14.95,14.73,14.93,3000,12.126357
2011-10-03,14.99,14.99,14.99,14.99,300,12.17509
2011-09-30,14.99,14.99,14.99,14.99,400,12.17509
2011-09-29,15.00,15.00,15.00,15.00,300,12.183212
2011-09-28,14.88,15.05,14.88,15.05,1500,12.223823
2011-09-27,14.78,14.86,14.65,14.86,2200,12.069502
2011-09-26,14.78,14.78,14.70,14.76,1300,11.988281
2011-09-23,14.65,14.78,14.65,14.78,1100,12.004525
2011-09-22,14.76,14.76,14.63,14.69,2600,11.931425
2011-09-21,14.69,14.75,14.63,14.75,2100,11.980159
2011-09-20,14.94,14.95,14.64,14.67,4200,11.915181
2011-09-19,14.87,14.87,14.86,14.86,900,12.069502
2011-09-16,14.86,14.87,14.86,14.87,1300,12.077624
2011-09-15,14.85,14.85,14.85,14.85,200,12.06138
2011-09-14,14.86,14.86,14.72,14.85,1400,12.06138
2011-09-13,14.87,14.87,14.87,14.87,000,12.077624
2011-09-12,14.95,14.95,14.76,14.87,2800,12.027267
2011-09-09,14.91,15.05,14.90,15.05,1700,12.172856
2011-09-08,15.11,15.11,14.81,14.88,5200,12.035355
2011-09-07,15.11,15.11,15.11,15.11,800,12.221385
2011-09-06,15.04,15.10,15.04,15.10,800,12.213298
2011-09-02,15.02,15.11,15.02,15.11,1400,12.221385
2011-09-01,15.11,15.17,15.03,15.10,900,12.213298
2011-08-31,15.01,15.10,15.01,15.10,2500,12.213298
2011-08-30,14.91,15.04,14.91,15.04,500,12.164768
2011-08-29,14.83,14.90,14.83,14.90,800,12.051532
2011-08-26,14.80,14.81,14.80,14.81,600,11.978738
2011-08-25,14.82,14.91,14.52,14.91,4000,12.05962
2011-08-24,14.76,14.82,14.76,14.82,500,11.986825
2011-08-23,14.82,14.85,14.75,14.83,1600,11.994914
2011-08-22,14.77,14.86,14.75,14.86,2000,12.019178
2011-08-19,14.70,14.70,14.70,14.70,000,11.889766
2011-08-18,14.70,14.70,14.70,14.70,100,11.889766
2011-08-17,14.74,14.84,14.67,14.77,2900,11.946385
2011-08-16,14.68,14.68,14.68,14.68,000,11.87359
2011-08-15,14.77,14.77,14.58,14.68,1500,11.87359
2011-08-12,14.40,14.77,14.38,14.72,1300,11.905943
2011-08-11,14.53,15.30,14.47,14.70,6100,11.889766
2011-08-10,14.48,14.48,14.48,14.48,400,11.660868
2011-08-09,14.34,14.34,14.33,14.33,400,11.540072
2011-08-08,14.50,14.50,14.35,14.35,600,11.556178
2011-08-05,14.70,14.70,14.65,14.65,200,11.79777
2011-08-04
,14.40,14.67,14.39,14.55,3000,11.71724
2011-08-03,14.34,14.34,14.34,14.34,100,11.548125
2011-08-02,14.33,14.33,14.33,14.33,1500,11.540072
2011-08-01,14.53,14.53,14.45,14.48,2100,11.660868
2011-07-29,14.58,14.85,14.54,14.54,1400,11.709187
2011-07-28,14.42,14.53,14.41,14.53,1900,11.701133
2011-07-27,14.37,14.37,14.37,14.37,500,11.572284
2011-07-26,14.50,14.57,14.34,14.34,5700,11.548125
2011-07-25,14.44,14.44,14.44,14.44,200,11.628656
2011-07-22,14.51,14.61,14.51,14.61,3500,11.765558
2011-07-21,14.45,14.54,14.39,14.54,3600,11.709187
2011-07-20,14.35,14.45,14.35,14.36,2300,11.564231
2011-07-19,14.37,14.37,14.37,14.37,000,11.572284
2011-07-18,14.33,14.37,14.33,14.37,3500,11.572284
2011-07-15,14.34,14.35,13.85,14.35,77800,11.556178
2011-07-14,14.35,14.41,14.35,14.41,1000,11.604497
2011-07-13,14.37,14.41,14.37,14.41,800,11.604497
2011-07-12,14.37,14.39,14.37,14.39,500,11.537656
2011-07-11,14.33,14.37,14.31,14.35,900,11.505585
2011-07-08,14.44,14.44,14.17,14.33,9400,11.489549
2011-07-07,14.42,14.53,14.42,14.46,1200,11.593781
2011-07-06,14.44,14.44,14.40,14.40,1300,11.545674
2011-07-05,14.37,14.51,14.37,14.42,2200,11.56171
2011-07-01,14.28,14.28,14.28,14.28,000,11.44946
2011-06-30,14.41,14.41,14.22,14.28,4200,11.44946
2011-06-29,14.30,14.30,14.27,14.30,8700,11.465496
2011-06-28,14.41,14.41,14.29,14.30,1400,11.465496
2011-06-27,14.39,14.39,14.34,14.34,1600,11.497567
2011-06-24,14.39,14.47,14.39,14.47,400,11.601799
2011-06-23,14.39,14.39,14.39,14.39,400,11.537656
2011-06-22,14.53,14.53,14.42,14.44,1600,11.577745
2011-06-21,14.34,14.51,14.34,14.51,5900,11.63387
2011-06-20,14.41,14.53,14.29,14.32,6800,11.481531
2011-06-17,14.46,14.46,14.28,14.28,1400,11.44946
2011-06-16,14.38,14.44,14.23,14.43,5100,11.569728
2011-06-15,14.22,14.22,14.22,14.22,000,11.401353
2011-06-14,14.37,14.37,14.22,14.22,1900,11.401353
2011-06-13,14.36,14.36,14.26,14.26,600,11.433424
2011-06-10,14.35,14.36,14.35,14.36,2900,11.46309
2011-06-09,14.36,14.36,14.36,14.36,000,11.46309
2011-06-08,14.32,14.36,14.30,14.36,2000,11.46309
2011-06-07,14.30,14.30,14.30,14.30,000,11.415194
2011-06-06,14.38,14.38,14.30,14.30,900,11.415194
2011-06-03,14.28,14.36,14.28,14.29,4500,11.407212
2011-06-02,14.27,14.41,14.27,14.28,1500,11.399229
2011-06-01,14.24,14.24,14.24,14.24,000,11.367298
2011-05-31,14.24,14.24,14.24,14.24,1000,11.367298
2011-05-27,14.20,14.20,14.20,14.20,1000,11.335368
2011-05-26,14.20,14.20,14.20,14.20,1000,11.335368
2011-05-25,14.36,14.36,14.22,14.22,900,11.351333
2011-05-24,14.26,14.26,14.26,14.26,100,11.383264
2011-05-23,14.23,14.23,14.20,14.20,1500,11.335368
2011-05-20,14.51,14.51,14.05,14.28,3800,11.399229
2011-05-19,14.37,14.45,14.37,14.44,2200,11.526951
2011-05-18,14.28,14.28,14.28,14.28,000,11.399229
2011-05-17,14.31,14.35,14.28,14.28,1600,11.399229
2011-05-16,14.33,14.33,14.28,14.28,900,11.399229
2011-05-13,14.27,14.42,14.26,14.42,1700,11.510986
2011-05-12,14.30,14.55,14.25,14.32,3000,11.431159
2011-05-11,14.40,14.40,14.29,14.29,300,11.407212
2011-05-10,14.20,14.50,13.90,14.45,9600,11.484643
2011-05-09,14.10,14.20,14.10,14.20,4600,11.285946
2011-05-06,14.10,14.10,14.04,14.07,1900,11.182624
2011-05-05,14.06,14.09,14.05,14.05,500,11.166729
2011-05-04,14.06,14.06,14.06,14.06,300,11.174677
2011-05-03,13.97,14.06,13.97,14.06,2200,11.174677
2011-05-02,13.97,13.97,13.97,13.97,200,11.103146
2011-04-29,13.92,14.08,13.91,13.96,5000,11.095198
2011-04-28,13.83,13.89,13.82,13.89,5400,11.039563
2011-04-27,13.90,13.90,13.84,13.84,4900,10.999824
2011-04-26,13.82,14.05,13.80,13.90,6100,11.047511
2011-04-25,14.07,14.10,13.88,13.96,4800,11.095198
2011-04-21,13.98,14.01,13.97,14.01,3600,11.134938
2011-04-20,13.84,13.98,13.84,13.98,4700,11.111093
2011-04-19,14.00,14.00,13.66,13.81,26700,10.975981
2011-04-18,13.95,14.00,13.95,14.00,1000,11.126989
2011-04-15,13.95,13.95,13.95,13.95,000,11.08725
2011-04-14,13.95,13.95,13.93,13.95,2100,11.08725
2011-04-13,13.88,13.98,13.80,13.87,3400,11.023667
2011-04-12,13.99,13.99,13.84,13.98,1400,11.061022
2011-04-11,14.10,14.10,14.10,14.10,100,11.155967
2011-04-
08,14.07,14.08,14.07,14.08,2000,11.140143
2011-04-07,13.96,14.00,13.96,13.99,1100,11.068934
2011-04-06,13.91,13.91,13.91,13.91,3900,11.005638
2011-04-05,13.80,13.98,13.70,13.81,5400,10.926518
2011-04-04,13.91,13.97,13.90,13.90,3000,10.997726
2011-04-01,13.89,13.89,13.88,13.88,300,10.981902
2011-03-31,13.81,13.84,13.81,13.84,600,10.950254
2011-03-30,13.73,13.78,13.73,13.78,1100,10.902782
2011-03-29,13.70,13.77,13.70,13.77,900,10.89487
2011-03-28,13.85,13.85,13.70,13.70,10100,10.839485
2011-03-25,13.85,13.88,13.85,13.88,1900,10.981902
2011-03-24,13.94,13.94,13.94,13.94,000,11.029374
2011-03-23,13.84,13.94,13.84,13.94,1000,11.029374
2011-03-22,13.93,14.00,13.76,13.79,3400,10.910694
2011-03-21,13.90,13.94,13.67,13.91,4100,11.005638
2011-03-18,13.81,13.94,13.80,13.82,2300,10.93443
2011-03-17,13.67,13.73,13.67,13.73,500,10.863221
2011-03-16,13.76,13.80,13.54,13.64,3000,10.792014
2011-03-15,13.89,13.89,13.43,13.75,13200,10.879046
2011-03-14,13.90,13.90,13.68,13.89,1900,10.989814
2011-03-11,13.91,14.00,13.87,14.00,4700,11.076846
2011-03-10,14.00,14.00,14.00,14.00,000,11.027001
2011-03-09,13.94,14.00,13.94,14.00,3400,11.027001
2011-03-08,13.83,13.87,13.83,13.87,300,10.924607
2011-03-07,13.82,13.82,13.80,13.80,4000,10.869472
2011-03-04,14.00,14.00,13.91,13.91,600,10.956113
2011-03-03,14.07,14.23,13.98,14.06,5200,11.074259
2011-03-02,13.98,14.07,13.91,13.91,1900,10.956113
2011-03-01,13.98,14.04,13.94,13.98,2300,11.011247
2011-02-28,13.82,13.98,13.60,13.96,8700,10.995495
2011-02-25,13.75,13.75,13.75,13.75,000,10.83009
2011-02-24,13.88,14.00,13.71,13.75,2500,10.83009
2011-02-23,13.87,13.90,13.61,13.74,2900,10.822213
2011-02-22,13.90,13.99,13.79,13.79,5000,10.861596
2011-02-18,13.89,13.97,13.88,13.90,4400,10.948236
2011-02-17,13.76,14.07,13.67,13.87,4500,10.924607
2011-02-16,13.90,13.90,13.70,13.76,5500,10.837966
2011-02-15,14.13,14.14,13.76,13.91,2300,10.956113
2011-02-14,14.27,14.27,14.13,14.13,3000,11.129394
2011-02-11,14.40,14.50,14.33,14.33,7900,11.286923
2011-02-10,14.58,15.00,14.41,14.41,4900,11.300313
2011-02-09,14.40,14.54,14.40,14.54,1900,11.402259
2011-02-08,14.30,14.87,14.18,14.42,9900,11.308155
2011-02-07,14.20,14.20,14.20,14.20,100,11.135631
2011-02-04,14.09,14.10,14.05,14.05,6400,11.018001
2011-02-03,14.10,14.20,14.09,14.09,300,11.049369
2011-02-02,13.95,14.11,13.95,14.10,3000,11.057211
2011-02-01,13.79,13.95,13.69,13.95,500,10.939581
2011-01-31,13.92,13.96,13.65,13.96,2900,10.947423
2011-01-28,13.90,13.94,13.77,13.90,3300,10.900371
2011-01-27,14.13,14.17,14.05,14.05,1700,11.018001
2011-01-26,14.10,14.24,14.10,14.15,2000,11.096421
2011-01-25,13.68,14.16,13.65,14.08,11900,11.041527
2011-01-24,13.56,13.66,13.42,13.65,2800,10.704321
2011-01-21,13.53,13.61,13.53,13.56,2700,10.633744
2011-01-20,13.33,13.41,13.14,13.41,3900,10.516113
2011-01-19,13.30,13.41,13.12,13.33,10200,10.453377
2011-01-18,13.50,13.50,13.18,13.40,14800,10.508271
2011-01-14,13.50,13.54,13.50,13.50,2300,10.586691
2011-01-13,13.54,13.54,13.40,13.52,2800,10.602376
2011-01-12,13.84,13.88,13.54,13.55,2800,10.625901
2011-01-11,13.88,13.88,13.88,13.88,900,10.835283
2011-01-10,14.07,14.15,13.80,13.96,4000,10.897734
2011-01-07,14.25,14.25,14.25,14.25,000,11.124119
2011-01-06,14.33,14.33,14.25,14.25,400,11.124119
2011-01-05,14.37,14.47,14.28,14.35,1400,11.202184
2011-01-04,14.15,14.27,14.15,14.27,1200,11.139732
2011-01-03,14.20,14.20,14.20,14.20,000,11.085087
2010-12-31,14.10,14.20,14.01,14.20,9300,11.085087
2010-12-30,14.01,14.05,13.95,13.98,3000,10.913346
2010-12-29,14.00,14.05,14.00,14.00,5400,10.928959
2010-12-28,13.99,14.00,13.91,13.99,1600,10.921153
2010-12-27,13.73,13.99,13.71,13.99,1600,10.921153
2010-12-23,14.00,14.00,13.74,13.90,8000,10.850895
2010-12-22,14.05,14.07,13.73,14.00,10100,10.928959
2010-12-21,13.88,14.19,13.88,13.99,6400,10.921153
2010-12-20,14.21
,14.21,13.61,13.94,17400,10.882121
2010-12-17,14.13,14.60,13.80,14.21,5900,11.092894
2010-12-16,13.62,14.03,13.60,14.03,9800,10.952378
2010-12-15,13.53,13.60,13.35,13.60,8100,10.616704
2010-12-14,13.40,13.58,13.33,13.57,13900,10.593284
2010-12-13,13.73,13.75,13.35,13.59,15200,10.608897
2010-12-10,14.22,14.46,13.65,14.00,28100,10.879779
2010-12-09,14.25,14.25,14.10,14.10,1700,10.957492
2010-12-08,14.25,14.41,14.14,14.35,3800,11.151774
2010-12-07,14.31,14.46,14.12,14.40,6400,11.19063
2010-12-06,14.35,14.54,14.25,14.50,3000,11.268343
2010-12-03,14.55,14.55,14.52,14.55,1200,11.307199
2010-12-02,14.91,14.91,14.33,14.49,5100,11.260571
2010-12-01,15.12,15.13,14.66,14.88,3100,11.563651
2010-11-30,15.01,15.14,15.01,15.06,2400,11.703534
2010-11-29,14.85,15.00,14.85,15.00,400,11.656906
2010-11-26,14.86,14.97,14.75,14.97,1000,11.633593
2010-11-24,14.73,14.85,14.65,14.85,1000,11.540338
2010-11-23,14.85,14.94,14.81,14.90,2500,11.579193
2010-11-22,14.75,14.82,14.75,14.82,400,11.517023
2010-11-19,14.54,14.75,14.18,14.75,3600,11.462625
2010-11-18,14.80,15.00,14.41,14.56,10300,11.314971
2010-11-17,14.20,14.95,14.20,14.80,8700,11.501481
2010-11-16,14.62,14.75,14.30,14.40,17800,11.19063
2010-11-15,15.11,15.11,14.82,14.88,2200,11.563651
2010-11-12,15.11,15.31,15.11,15.31,9500,11.897816
2010-11-11,15.25,15.29,15.11,15.29,1400,11.882273
2010-11-10,15.31,15.31,15.12,15.22,4400,11.827874
2010-11-09,15.55,15.64,15.34,15.54,4900,12.027596
2010-11-08,15.56,15.57,15.41,15.57,1800,12.050815
2010-11-05,15.65,15.65,15.65,15.65,600,12.112733
2010-11-04,15.62,15.64,15.62,15.64,800,12.104994
2010-11-03,15.64,15.68,15.35,15.63,5200,12.097254
2010-11-02,15.58,15.66,15.56,15.66,2900,12.120473
2010-11-01,15.61,15.61,15.42,15.58,2900,12.058555
2010-10-29,15.63,15.64,15.60,15.61,1100,12.081774
2010-10-28,15.49,15.58,15.49,15.58,800,12.058555
2010-10-27,15.43,15.50,15.33,15.45,4900,11.957938
2010-10-26,15.61,15.61,15.61,15.61,100,12.081774
2010-10-25,15.53,15.53,15.53,15.53,100,12.019856
2010-10-22,15.52,15.52,15.52,15.52,200,12.012117
2010-10-21,15.45,15.49,15.33,15.49,3700,11.988897
2010-10-20,15.55,15.55,15.55,15.55,000,12.035336
2010-10-19,15.53,15.55,15.53,15.55,900,12.035336
2010-10-18,15.52,15.58,15.35,15.53,7400,12.019856
2010-10-15,15.61,15.62,15.61,15.61,400,12.081774
2010-10-14,15.62,15.62,15.62,15.62,000,12.089514
2010-10-13,15.75,15.75,15.52,15.62,2100,12.089514
2010-10-12,15.76,15.76,15.70,15.74,3800,12.13363
2010-10-11,15.62,15.73,15.62,15.73,2600,12.125921
2010-10-08,15.72,15.72,15.72,15.72,000,12.118213
2010-10-07,15.73,15.76,15.52,15.72,4100,12.118213
2010-10-06,15.67,15.68,15.67,15.68,1000,12.087378
2010-10-05,15.68,15.68,15.50,15.67,10900,12.079669
2010-10-04,15.81,15.82,15.69,15.69,3300,12.095086
2010-10-01,15.80,15.84,15.78,15.78,1100,12.164465
2010-09-30,15.75,15.75,15.74,15.74,200,12.13363
2010-09-29,15.87,15.87,15.60,15.74,4100,12.13363
2010-09-28,15.85,15.88,15.80,15.81,1100,12.187592
2010-09-27,15.81,15.86,15.56,15.86,5000,12.226135
2010-09-24,15.79,15.80,15.70,15.80,6800,12.179883
2010-09-23,15.69,15.70,15.69,15.70,600,12.102795
2010-09-22,15.70,15.82,15.49,15.69,6200,12.095086
2010-09-21,15.82,15.82,15.82,15.82,300,12.1953
2010-09-20,15.62,15.83,15.62,15.83,1100,12.203009
2010-09-17,15.77,15.77,15.60,15.76,3000,12.149048
2010-09-16,15.66,15.79,15.53,15.75,6100,12.141339
2010-09-15,15.67,15.69,15.53,15.66,1800,12.07196
2010-09-14,15.63,15.68,15.23,15.67,7100,12.079669
2010-09-13,15.68,15.75,15.55,15.70,3100,12.102795
2010-09-10,15.91,15.91,15.70,15.75,8300,12.092774
2010-09-09,15.86,15.92,15.79,15.80,3600,12.131164
2010-09-08,15.70,15.88,15.70,15.86,7200,12.177232
2010-09-07,15.83,15.90,15.83,15.90,600,12.207943
2010-09-03,15.86,15.8
9,15.84,15.87,5900,12.18491
2010-09-02,15.78,15.96,15.71,15.83,9200,12.154198
2010-09-01,16.40,16.40,15.80,15.96,14500,12.254012
2010-08-31,16.27,16.65,16.02,16.200001,5000,12.438283
2010-08-30,16.42,16.42,15.97,16.18,10000,12.422927
2010-08-27,16.27,16.27,16.27,16.27,100,12.492028
2010-08-26,15.96,16.57,15.69,16.27,13400,12.492028
2010-08-25,16.049999,16.049999,15.96,16.040001,1000,12.315436
2010-08-24,16.040001,16.24,16.00,16.139999,2100,12.392214
2010-08-23,15.86,16.35,15.86,15.90,6400,12.207943
2010-08-20,16.01,16.01,15.85,15.85,1500,12.169554
2010-08-19,16.02,16.02,16.02,16.02,200,12.30008
2010-08-18,15.75,16.469999,15.75,16.00,9300,12.284723
2010-08-17,15.80,15.80,15.80,15.80,000,12.131164
2010-08-16,16.200001,16.200001,15.77,15.80,9300,12.131164
2010-08-13,16.15,16.209999,16.139999,16.209999,2300,12.44596
2010-08-12,16.709999,16.709999,15.76,16.139999,10100,12.392214
2010-08-11,15.86,15.86,15.86,15.86,000,12.177232
2010-08-10,15.86,15.86,15.75,15.86,1100,12.127325
2010-08-09,15.90,15.90,15.90,15.90,200,12.157911
2010-08-06,15.78,15.84,15.78,15.84,1400,12.112032
2010-08-05,15.59,15.79,15.52,15.74,2300,12.035567
2010-08-04,15.61,15.74,15.61,15.73,3400,12.027921
2010-08-03,15.77,15.77,15.77,15.77,100,12.058507
2010-08-02,15.87,15.87,15.64,15.74,1000,12.035567
2010-07-30,15.78,15.78,15.78,15.78,100,12.066153
2010-07-29,15.79,15.80,15.53,15.74,3500,12.035567
2010-07-28,15.74,15.74,15.62,15.74,1700,12.035567
2010-07-27,15.61,15.70,15.61,15.70,500,12.004981
2010-07-26,15.63,15.74,15.23,15.74,2300,12.035567
2010-07-23,15.75,15.75,15.60,15.73,7400,12.027921
2010-07-22,15.75,15.75,15.66,15.72,8000,12.020275
2010-07-21,15.90,15.90,15.66,15.80,1700,12.081446
2010-07-20,15.86,16.299999,15.74,15.81,4400,12.089093
2010-07-19,15.79,15.79,15.79,15.79,000,12.0738
2010-07-16,15.79,15.79,15.79,15.79,000,12.0738
2010-07-15,15.75,16.370001,15.75,15.79,8400,12.0738
2010-07-14,15.75,15.75,15.70,15.70,1200,12.004981
2010-07-13,15.77,15.77,15.74,15.75,1400,12.043214
2010-07-12,15.91,15.95,15.82,15.94,1400,12.138794
2010-07-09,16.00,16.00,15.91,15.91,300,12.115949
2010-07-08,16.08,16.08,15.96,16.00,1000,12.184486
2010-07-07,15.75,16.18,15.75,16.129999,9100,12.283485
2010-07-06,15.75,15.75,15.67,15.71,5100,11.963643
2010-07-02,16.00,16.00,16.00,16.00,100,12.184486
2010-07-01,16.049999,16.049999,15.50,16.00,5400,12.184486
2010-06-30,15.80,15.88,15.72,15.75,1700,11.994104
2010-06-29,15.73,15.73,15.73,15.73,100,11.978873
2010-06-28,15.73,15.75,15.73,15.75,1000,11.994104
2010-06-25,15.78,15.78,15.78,15.78,000,12.016949
2010-06-24,15.75,15.78,15.75,15.78,1700,12.016949
2010-06-23,15.49,15.74,15.40,15.74,8600,11.986488
2010-06-22,15.33,15.49,15.33,15.49,9800,11.796106
2010-06-21,15.34,15.34,15.25,15.31,2400,11.659031
2010-06-18,15.18,15.28,15.18,15.28,5000,11.636184
2010-06-17,15.18,15.18,15.18,15.18,100,11.560032
2010-06-16,15.09,15.11,15.09,15.11,2300,11.506724
2010-06-15,15.00,15.08,14.99,15.08,5700,11.483878
2010-06-14,14.96,14.98,14.96,14.98,500,11.407725
2010-06-11,14.80,14.94,14.80,14.94,1000,11.377264
2010-06-10,14.91,15.04,14.86,14.99,3800,11.365841
2010-06-09,14.95,15.00,14.93,14.95,3500,11.335512
2010-06-08,15.01,15.05,14.91,14.97,8600,11.350677
2010-06-07,15.14,15.14,14.91,14.97,15300,11.350677
2010-06-04,15.27,15.32,15.15,15.15,2300,11.487158
2010-06-03,15.22,15.30,15.06,15.27,9100,11.578146
2010-06-02,15.40,15.40,15.00,15.26,15800,11.570563
2010-06-01,15.35,15.39,15.35,15.38,1200,11.66155
2010-05-28,15.15,15.37,15.15,15.37,5300,11.653968
2010-05-27,15.30,15.38,15.29,15.38,3500,11.66155
2010-05-26,15.32,15.39,15.10,15.30,3300,11.600892
2010-05-25,15.38,15.38,15.38,15.38,000,11.66155
2010-05-24,15.20,15.38,15.01,15.38,2400,11.66155
2010-05-21,15.23,15.37,15.23,15.37,800,11.653968
2010-05-20,15.45,15.75,14.96,15.24,15500,11.555398
2010-05-19,15.40,15.40,15.40,15.40,100,11.676715
2010-05-18,15.50,15.50,15.47,15.47,2100,11.729791
2010-05-17,15.43,15.55,15.43,15.55,500,11.790449
2010-05-14,15.47,15.55,15.47,15.55,3600,11.790449
2010-05-13,15.40,15.50,15.29,15.50,2500,11.7
52538
2010-05-12,15.45,15.48,15.44,15.48,2200,11.737373
2010-05-11,15.42,15.47,15.42,15.47,1000,11.680507
2010-05-10,15.35,15.44,15.35,15.44,1400,11.657855
2010-05-07,14.96,15.15,14.95,15.15,900,11.438893
2010-05-06,15.35,15.35,14.86,15.16,6000,11.446443
2010-05-05,15.50,15.50,15.50,15.50,2200,11.703158
2010-05-04,15.54,15.57,15.50,15.50,2700,11.703158
2010-05-03,15.45,15.53,15.45,15.52,2200,11.718259
2010-04-30,15.44,15.52,15.33,15.43,12000,11.650305
2010-04-29,15.43,15.60,15.33,15.43,9200,11.650305
2010-04-28,15.64,15.65,15.41,15.43,8400,11.650305
2010-04-27,15.53,15.56,15.53,15.56,1200,11.748461
2010-04-26,15.49,15.58,15.47,15.48,4500,11.688057
2010-04-23,15.78,15.78,15.39,15.50,10100,11.703158
2010-04-22,15.77,15.78,15.40,15.78,7900,11.914569
2010-04-21,15.57,15.75,15.36,15.75,10400,11.891918
2010-04-20,15.47,15.57,15.47,15.56,10400,11.748461
2010-04-19,15.49,15.49,15.26,15.47,7000,11.680507
2010-04-16,15.45,15.49,15.45,15.49,4900,11.695607
2010-04-15,15.42,15.44,15.40,15.44,1800,11.657855
2010-04-14,15.28,15.42,15.28,15.39,2800,11.620103
2010-04-13,15.26,15.41,15.25,15.40,3500,11.627653
2010-04-12,15.45,15.50,15.37,15.48,1100,11.638978
2010-04-09,15.50,15.50,15.50,15.50,100,11.654016
2010-04-08,15.49,15.54,15.43,15.54,3700,11.684091
2010-04-07,15.57,15.57,15.35,15.48,2800,11.638978
2010-04-06,15.78,15.78,15.50,15.50,9100,11.654016
2010-04-05,15.54,15.78,15.54,15.77,13500,11.857022
2010-04-01,15.56,15.57,15.51,15.57,1800,11.706647
2010-03-31,15.50,15.51,15.49,15.51,2200,11.661535
2010-03-30,15.48,15.50,15.33,15.50,4100,11.654016
2010-03-29,15.49,15.49,15.25,15.44,5500,11.608903
2010-03-26,15.44,15.44,15.39,15.44,2100,11.608903
2010-03-25,15.33,15.50,15.30,15.39,7100,11.57131
2010-03-24,15.45,15.45,15.24,15.32,1600,11.518679
2010-03-23,15.49,15.50,15.31,15.41,6300,11.586347
2010-03-22,15.53,15.57,15.45,15.45,4300,11.616422
2010-03-19,15.50,15.50,15.45,15.50,4400,11.654016
2010-03-18,15.34,15.46,15.23,15.46,2600,11.623941
2010-03-17,15.46,15.46,15.46,15.46,200,11.623941
2010-03-16,15.42,15.49,15.42,15.46,1000,11.623941
2010-03-15,15.30,15.45,15.26,15.42,1100,11.593866
2010-03-12,15.36,15.44,15.15,15.40,11900,11.578829
2010-03-11,15.36,15.36,15.35,15.36,1800,11.548754
2010-03-10,15.49,15.49,15.21,15.36,2400,11.499882
2010-03-09,15.48,15.48,15.31,15.46,2900,11.574751
2010-03-08,15.36,15.49,15.25,15.49,11200,11.597212
2010-03-05,15.36,15.42,15.30,15.40,9300,11.52983
2010-03-04,15.29,15.30,15.24,15.29,4000,11.447474
2010-03-03,15.43,15.43,15.43,15.43,100,11.552291
2010-03-02,15.44,15.44,15.21,15.43,1100,11.552291
2010-03-01,15.30,15.43,15.30,15.43,3100,11.552291
2010-02-26,15.20,15.20,15.11,15.20,2200,11.380092
2010-02-25,15.17,15.29,15.08,15.22,6300,11.395066
2010-02-24,15.28,15.28,15.28,15.28,800,11.439987
2010-02-23,15.14,15.38,15.14,15.30,2600,11.454961
2010-02-22,15.19,15.25,15.05,15.07,7600,11.282762
2010-02-19,15.25,15.25,15.10,15.15,1900,11.342657
2010-02-18,15.26,15.30,15.25,15.30,4100,11.454961
2010-02-17,15.38,15.44,15.31,15.40,4300,11.52983
2010-02-16,15.50,15.50,15.05,15.34,13600,11.484909
2010-02-12,15.52,15.52,15.50,15.50,1400,11.604699
2010-02-11,15.47,15.50,15.47,15.50,800,11.604699
2010-02-10,15.44,15.49,15.32,15.47,4200,11.582238
2010-02-09,15.49,15.49,15.46,15.46,1200,11.526087
2010-02-08,15.40,15.48,15.40,15.48,1000,11.540997
2010-02-05,15.37,15.50,15.37,15.49,7800,11.548453
2010-02-04,15.38,15.38,15.10,15.38,6700,11.466443
2010-02-03,15.42,15.46,15.41,15.46,1300,11.526087
2010-02-02,15.45,15.45,15.45,15.45,000,11.518631
2010-02-01,15.50,15.51,15.31,15.45,3500,11.518631
2010-01-29,15.49,15.50,15.48,15.49,600,11.548453
2010-01-28,15.44,15.50,15.25,15.46,5500,11.526087
2010-01-27,15.41,15.54,15.35,15.52,5200,11.570819
2010-01-26,15.49,15.49,15.16,15.44,6400,11.511175
2010-01-25,15.54,15.59,15.26,15.27,4100,11.384434
2010-01-22,15.74,15.74,15.39,15.49,2100,11.548453
2010-01-21,15.51,15.63,15.30,15.38,11300,11.466443
2010-01-20,15.51,15.63,15.44,15.63,3000,11.652829
2010-01-19,15.73,15.73,15.43,15.50,
4800,11.555908
2010-01-15,15.67,15.72,15.67,15.72,1300,11.719928
2010-01-14,15.76,15.76,15.76,15.76,000,11.749749
2010-01-13,15.78,15.78,15.39,15.76,13600,11.749749
2010-01-12,15.78,15.78,15.52,15.76,5600,11.701289
2010-01-11,15.78,15.78,15.68,15.78,1500,11.716138
2010-01-08,15.80,15.80,15.66,15.73,2500,11.679015
2010-01-07,15.70,15.80,15.46,15.80,8700,11.730988
2010-01-06,15.57,15.85,15.48,15.85,1000,11.768111
2010-01-05,15.80,15.80,15.41,15.75,2500,11.693864
2010-01-04,15.50,15.80,15.50,15.80,2400,11.730988
2009-12-31,15.42,15.42,15.41,15.42,600,11.44885
2009-12-30,15.33,15.54,15.24,15.34,3000,11.389453
2009-12-29,15.61,15.80,15.25,15.25,11200,11.322631
2009-12-28,15.77,15.77,15.31,15.77,27200,11.708714
2009-12-24,15.79,15.79,15.77,15.77,200,11.708714
2009-12-23,15.61,15.80,15.60,15.80,2100,11.730988
2009-12-22,15.75,16.24,15.34,15.54,10400,11.537946
2009-12-21,15.83,15.83,15.35,15.74,3000,11.68644
2009-12-18,15.59,15.88,15.59,15.88,400,11.790385
2009-12-17,15.65,15.80,15.25,15.80,4100,11.730988
2009-12-16,15.70,15.70,15.47,15.70,6100,11.656741
2009-12-15,15.45,15.50,15.45,15.50,3800,11.508248
2009-12-14,15.40,15.45,15.40,15.45,2300,11.471124
2009-12-11,15.45,15.45,15.45,15.45,000,11.471124
2009-12-10,15.45,15.45,15.45,15.45,600,11.422864
2009-12-09,15.45,15.45,15.45,15.45,300,11.422864
2009-12-08,15.44,15.45,15.43,15.44,4500,11.41547
2009-12-07,15.67,15.67,15.43,15.45,13700,11.422864
2009-12-04,15.81,15.84,15.78,15.78,2900,11.666847
2009-12-03,16.00,16.00,15.90,15.95,1100,11.792536
2009-12-02,15.70,16.190001,15.55,15.95,8400,11.792536
2009-12-01,15.50,15.55,15.50,15.55,1400,11.496798
2009-11-30,15.25,15.55,15.25,15.55,6000,11.496798
2009-11-27,15.33,15.33,15.33,15.33,000,11.334143
2009-11-25,15.35,15.35,15.33,15.33,400,11.334143
2009-11-24,15.24,15.55,15.24,15.35,7600,11.34893
2009-11-23,14.70,15.30,14.70,15.15,10500,11.20106
2009-11-20,14.84,14.84,14.35,14.68,7000,10.853569
2009-11-19,14.37,14.56,14.37,14.56,2700,10.764848
2009-11-18,14.37,14.74,14.30,14.32,6600,10.587405
2009-11-17,14.30,14.78,14.29,14.30,10900,10.572619
2009-11-16,14.15,14.41,14.15,14.41,3100,10.653946
2009-11-13,14.58,14.73,14.00,14.14,6900,10.454324
2009-11-12,14.86,15.27,14.50,14.50,4700,10.720487
2009-11-11,14.85,14.86,14.83,14.86,600,10.986651
2009-11-10,14.93,15.01,14.76,14.76,2900,10.912717
2009-11-09,14.81,15.05,14.80,15.03,2200,11.064282
2009-11-06,15.14,15.14,15.00,15.10,9100,11.115813
2009-11-05,15.41,15.41,15.26,15.30,2400,11.263042
2009-11-04,15.52,15.55,15.02,15.40,8900,11.336656
2009-11-03,15.54,15.54,15.54,15.54,000,11.439717
2009-11-02,15.54,15.54,15.54,15.54,200,11.439717
2009-10-30,15.24,15.69,15.24,15.55,5300,11.447078
2009-10-29,15.45,15.60,15.25,15.44,6600,11.366102
2009-10-28,15.65,15.65,15.65,15.65,000,11.520693
2009-10-27,15.65,15.65,15.65,15.65,400,11.520693
2009-10-26,15.38,15.64,15.07,15.61,5000,11.491247
2009-10-23,15.10,15.50,15.10,15.50,8100,11.410271
2009-10-22,15.70,15.70,15.05,15.32,2200,11.277764
2009-10-21,14.73,16.049999,14.73,15.60,12600,11.483886
2009-10-20,16.33,16.33,15.75,15.76,9000,11.601669
2009-10-19,15.38,15.81,15.15,15.52,4800,11.424994
2009-10-16,14.95,15.05,14.90,14.90,600,10.968583
2009-10-15,15.06,15.10,14.82,15.10,2700,11.115813
2009-10-14,15.17,15.20,15.17,15.20,7200,11.189427
2009-10-13,14.92,15.20,14.92,15.20,5700,11.189427
2009-10-12,14.92,14.97,14.53,14.87,5500,10.898649
2009-10-09,15.35,15.35,14.83,15.04,3700,11.023247
2009-10-08,15.10,15.21,15.10,15.21,3300,11.147845
2009-10-07,14.83,15.10,14.83,15.10,3500,11.067223
2009-10-06,15.10,15.33,14.90,14.90,8300,10.920636
2009-10-05,14.99,15.09,14.99,15.09,8300,11.059893
2009-10-02,14.80,14.99,14.80,14.99,10800,10.9866
2009-10-01,14.86,15.00,14.75,14.80,9700,10.847344
2009-09-30,14.92,14.92,14.81,14.81,2000,10.854673
2009-09-29,14.80,14.94,14.62,14.69,6000,10.766721
2009-09-28,14.78,14.99,14.62,14.99,1600,10.9866
2009-
09-25,14.69,15.00,14.69,15.00,4200,10.99393
2009-09-24,14.49,14.61,14.37,14.61,1700,10.708087
2009-09-23,14.64,14.75,14.34,14.49,8300,10.620136
2009-09-22,14.94,14.94,14.34,14.52,10700,10.642124
2009-09-21,14.87,14.99,14.74,14.84,1700,10.876661
2009-09-18,14.84,14.84,14.48,14.75,3100,10.810697
2009-09-17,14.85,15.40,14.61,14.95,9500,10.957283
2009-09-16,14.57,14.74,14.57,14.74,1200,10.803368
2009-09-15,14.54,14.55,14.54,14.55,1500,10.664112
2009-09-14,14.40,14.42,14.40,14.42,2500,10.568831
2009-09-11,14.48,14.50,14.35,14.35,3300,10.517526
2009-09-10,14.45,14.52,14.45,14.52,2900,10.594484
2009-09-09,14.59,14.59,14.43,14.50,4900,10.579891
2009-09-08,14.38,14.55,14.38,14.55,1100,10.616373
2009-09-04,14.50,14.50,14.48,14.50,2000,10.579891
2009-09-03,14.44,14.49,14.44,14.49,3400,10.572594
2009-09-02,14.45,14.45,14.45,14.45,500,10.543408
2009-09-01,14.29,14.40,14.29,14.40,1900,10.506926
2009-08-31,14.00,14.19,13.85,14.17,2300,10.339107
2009-08-28,14.16,14.42,14.02,14.02,16700,10.22966
2009-08-27,14.41,14.41,14.28,14.28,4600,10.419368
2009-08-26,14.48,14.49,14.48,14.48,1500,10.565297
2009-08-25,14.59,14.60,14.30,14.42,10100,10.521519
2009-08-24,14.15,14.49,14.15,14.49,5800,10.572594
2009-08-21,14.48,14.48,14.48,14.48,100,10.565297
2009-08-20,14.40,14.45,14.35,14.45,2600,10.543408
2009-08-19,14.43,14.47,14.41,14.47,1500,10.558001
2009-08-18,14.34,14.40,14.08,14.40,1900,10.506926
2009-08-17,14.37,14.37,14.01,14.34,4400,10.463147
2009-08-14,14.45,14.45,14.24,14.45,1600,10.543408
2009-08-13,14.48,14.53,14.25,14.53,900,10.60178
2009-08-12,14.37,14.61,14.15,14.53,8600,10.60178
2009-08-11,14.49,14.50,14.12,14.42,5900,10.474092
2009-08-10,14.64,14.80,14.05,14.42,18100,10.474092
2009-08-07,14.64,14.64,14.64,14.64,100,10.633891
2009-08-06,14.64,14.73,14.56,14.60,1300,10.604837
2009-08-05,14.37,14.37,14.37,14.37,200,10.437774
2009-08-04,14.49,14.50,14.47,14.50,5300,10.5322
2009-08-03,14.50,14.50,14.01,14.50,7500,10.5322
2009-07-31,14.85,15.05,14.57,14.57,1400,10.583045
2009-07-30,14.40,14.85,14.40,14.69,9200,10.670208
2009-07-29,14.30,14.35,14.30,14.35,1500,10.423247
2009-07-28,14.19,14.19,14.19,14.19,1600,10.307029
2009-07-27,13.99,14.20,13.84,14.10,3300,10.241657
2009-07-24,14.15,14.15,14.15,14.15,000,10.277975
2009-07-23,14.33,14.33,13.94,14.15,7900,10.277975
2009-07-22,14.49,14.49,14.49,14.49,100,10.524937
2009-07-21,14.49,14.49,14.49,14.49,700,10.524937
2009-07-20,14.49,14.49,14.49,14.49,1000,10.524937
2009-07-17,14.52,14.68,14.30,14.49,800,10.524937
2009-07-16,14.58,14.66,14.21,14.66,2700,10.648418
2009-07-15,13.52,14.70,13.52,14.52,2500,10.546728
2009-07-14,14.49,14.49,14.49,14.49,100,10.524937
2009-07-13,14.43,14.55,14.43,14.43,1100,10.481356
2009-07-10,14.51,14.51,14.51,14.51,300,10.49225
2009-07-09,14.51,14.52,14.51,14.52,300,10.499482
2009-07-08,14.50,14.50,14.50,14.50,100,10.485019
2009-07-07,14.59,14.60,14.13,14.60,3900,10.55733
2009-07-06,14.98,14.98,14.59,14.74,2500,10.658564
2009-07-02,14.23,15.23,14.23,15.23,2300,11.012885
2009-07-01,14.73,14.75,14.40,14.40,1200,10.412708
2009-06-30,14.25,14.49,14.25,14.45,2000,10.448864
2009-06-29,14.50,14.50,13.75,14.46,5400,10.456095
2009-06-26,14.50,14.50,14.25,14.25,1000,10.304243
2009-06-25,14.50,14.50,14.00,14.27,700,10.318705
2009-06-24,14.75,14.75,14.75,14.75,000,10.665795
2009-06-23,14.75,14.75,14.75,14.75,900,10.665795
2009-06-22,14.97,14.99,14.97,14.99,700,10.83934
2009-06-19,15.00,15.00,14.99,15.00,1500,10.846572
2009-06-18,14.75,15.00,14.75,15.00,2300,10.846572
2009-06-17,15.00,15.00,14.30,14.50,1300,10.485019
2009-06-16,15.00,15.00,15.00,15.00,000,10.846572
2009-06-15,14.95,15.00,14.95,15.00,200,10.846572
2009-06-12,15.01,15.24,13.51,15.20,2300,10.991192
2009-06-11,15.01,15.49,15.01,15.49,1300,11.200893
2009-06-10,15.00,15.49,14.99,15.00,9400,10.79957
2009-06-09,15.10,15.10,15.08,15.10,1300,10.871568
2009-06-08,14.90,14.90,14.89,14.89,700,10.720374
2009-06-05,15.02,15.10,14.90,15.10,1000,10.871568
2009-06-04,15.10,15.10,15.00,15.00,500,10.79957
2009-06-03,14.89,14.89,14.89,14.89,100,10.720374
2009-06-02,14.95,14.95,14.86,14.86,600,10.698774
2009-06-01,14.85,14.8
5,14.85,14.85,6000,10.691575
2009-05-29,15.09,15.09,14.85,14.85,4100,10.691575
2009-05-28,15.08,15.08,14.85,14.88,5200,10.713174
2009-05-27,14.30,15.00,13.44,14.85,5700,10.691575
2009-05-26,15.00,15.00,15.00,15.00,700,10.79957
2009-05-22,15.00,15.00,15.00,15.00,6000,10.79957
2009-05-21,15.10,15.10,15.10,15.10,1000,10.871568
2009-05-20,15.05,15.05,15.05,15.05,100,10.835569
2009-05-19,14.95,14.95,14.95,14.95,4600,10.763572
2009-05-18,14.98,14.98,14.98,14.98,000,10.785171
2009-05-15,14.97,14.98,14.95,14.98,2800,10.785171
2009-05-14,14.95,14.98,14.90,14.98,2000,10.785171
2009-05-13,15.00,15.00,15.00,15.00,1000,10.79957
2009-05-12,14.95,15.00,14.95,14.95,1700,10.763572
2009-05-11,15.05,15.05,15.05,15.05,000,10.835569
2009-05-08,15.05,15.05,15.05,15.05,000,10.835569
2009-05-07,14.90,15.09,14.45,15.05,1800,10.835569
2009-05-06,14.90,15.09,14.90,14.91,16300,10.734773
2009-05-05,15.00,15.00,15.00,15.00,000,10.79957
2009-05-04,14.97,15.00,14.90,15.00,20300,10.79957
2009-05-01,15.05,15.09,15.03,15.09,3800,10.864368
2009-04-30,15.09,15.09,15.05,15.05,1500,10.835569
2009-04-29,15.01,15.01,15.01,15.01,000,10.80677
2009-04-28,15.00,15.01,14.49,15.01,64200,10.80677