Date,Open,High,Low,Close,Volume,Adj Close
2016-08-11,18.91,19.049999,18.75,18.969999,172500,18.969999
2016-08-10,19.129999,19.219999,18.75,18.809999,123600,18.809999
2016-08-09,19.139999,19.370001,18.959999,19.17,69100,19.17
2016-08-08,19.01,19.18,18.950001,19.040001,74800,19.040001
2016-08-05,18.91,19.040001,18.82,18.85,100500,18.85
2016-08-04,18.84,18.959999,18.690001,18.90,103400,18.90
2016-08-03,18.129999,18.780001,18.129999,18.780001,97900,18.780001
2016-08-02,18.440001,18.610001,18.030001,18.10,195000,18.10
2016-08-01,18.85,18.85,18.32,18.450001,129400,18.450001
2016-07-29,18.709999,18.870001,18.68,18.83,94200,18.83
2016-07-28,19.00,19.07,18.719999,18.77,78200,18.77
2016-07-27,19.299999,19.450001,18.93,18.98,103700,18.98
2016-07-26,19.00,19.27,19.00,19.09,73600,19.09
2016-07-25,19.48,19.49,19.15,19.17,97500,19.17
2016-07-22,19.16,19.58,19.15,19.50,138500,19.50
2016-07-21,19.280001,19.459999,19.09,19.17,112600,19.17
2016-07-20,18.870001,19.18,18.76,19.16,85600,19.16
2016-07-19,18.82,18.889999,18.530001,18.860001,118500,18.860001
2016-07-18,18.57,18.75,18.43,18.75,106400,18.75
2016-07-15,18.530001,18.559999,18.26,18.549999,136400,18.549999
2016-07-14,18.60,18.60,18.290001,18.440001,170200,18.440001
2016-07-13,19.030001,19.10,18.379999,18.42,163000,18.42
2016-07-12,18.59,19.23,18.59,19.01,162400,19.01
2016-07-11,18.959999,19.01,18.35,18.450001,157300,18.450001
2016-07-08,18.540001,18.76,18.190001,18.75,175400,18.75
2016-07-07,18.34,18.58,18.209999,18.290001,105000,18.290001
2016-07-06,18.18,18.290001,18.01,18.209999,90100,18.209999
2016-07-05,18.35,18.360001,18.07,18.34,132900,18.34
2016-07-01,18.52,18.639999,18.469999,18.559999,148500,18.559999
2016-06-30,18.280001,18.49,18.120001,18.450001,113800,18.450001
2016-06-29,17.90,18.42,17.65,18.26,191500,18.26
2016-06-28,17.65,18.15,17.65,17.77,229600,17.77
2016-06-27,17.76,17.860001,17.280001,17.52,143300,17.52
2016-06-24,18.139999,18.48,17.91,17.98,183300,17.98
2016-06-23,18.57,18.709999,18.440001,18.639999,113200,18.639999
2016-06-22,18.219999,18.48,18.120001,18.290001,101000,18.290001
2016-06-21,17.99,18.24,17.799999,18.23,94000,18.23
2016-06-20,18.17,18.200001,17.860001,17.940001,150500,17.940001
2016-06-17,17.90,17.959999,17.700001,17.84,113900,17.84
2016-06-16,17.57,17.780001,17.25,17.76,144600,17.76
2016-06-15,17.42,17.68,17.25,17.639999,243800,17.639999
2016-06-14,18.059999,18.16,17.48,17.50,604500,17.50
2016-06-13,18.27,18.49,18.059999,18.059999,134400,18.059999
2016-06-10,18.620001,18.73,18.200001,18.33,144000,18.33
2016-06-09,18.879999,18.99,18.790001,18.84,88700,18.84
2016-06-08,19.059999,19.190001,18.93,19.059999,109700,19.059999
2016-06-07,18.969999,19.200001,18.84,18.950001,138200,18.950001
2016-06-06,18.889999,19.08,18.73,18.76,162100,18.76
2016-06-03,18.709999,18.85,18.620001,18.75,210100,18.75
2016-06-02,18.40,18.879999,18.389999,18.85,142800,18.85
2016-06-01,17.790001,18.639999,17.629999,18.50,318900,18.50
2016-05-31,18.43,19.07,17.66,17.82,349200,17.82
2016-05-27,18.280001,18.530001,18.09,18.32,235700,18.32
2016-05-26,18.440001,18.440001,18.059999,18.26,225400,18.26
2016-05-25,18.08,18.40,18.059999,18.2
5,305200,18.25
2016-05-24,18.23,18.299999,17.85,17.93,119600,17.93
2016-05-23,18.049999,18.219999,17.950001,18.120001,121400,18.120001
2016-05-20,18.219999,18.24,18.030001,18.10,118400,18.10
2016-05-19,18.290001,18.50,17.950001,18.50,199700,18.077
2016-05-18,19.059999,19.059999,18.34,18.440001,102400,18.018372
2016-05-17,18.629999,19.049999,18.48,18.90,192200,18.467853
2016-05-16,18.51,18.83,18.34,18.73,197700,18.30174
2016-05-13,18.09,18.23,17.92,18.10,136800,17.686146
2016-05-12,17.950001,18.25,17.50,18.25,126800,17.832716
2016-05-11,17.60,17.709999,17.049999,17.709999,136400,17.305062
2016-05-10,17.57,17.74,17.33,17.530001,173900,17.129179
2016-05-09,17.43,17.85,16.950001,17.35,176800,16.953295
2016-05-06,17.51,17.790001,17.41,17.559999,161000,17.158492
2016-05-05,17.629999,18.00,17.370001,17.51,139400,17.109636
2016-05-04,17.33,17.49,17.059999,17.24,171700,16.845809
2016-05-03,17.67,17.67,17.07,17.32,184700,16.92398
2016-05-02,18.709999,18.719999,17.790001,17.82,180100,17.412548
2016-04-29,18.48,18.74,18.27,18.67,120900,18.243113
2016-04-28,18.559999,18.719999,18.450001,18.51,232700,18.086771
2016-04-27,18.23,18.75,18.15,18.709999,274700,18.282197
2016-04-26,17.620001,18.200001,17.620001,18.139999,439900,17.725231
2016-04-25,17.91,18.02,17.34,17.559999,241100,17.158492
2016-04-22,18.15,18.18,17.77,17.959999,419100,17.549346
2016-04-21,17.75,18.26,17.68,18.02,271900,17.607975
2016-04-20,17.040001,17.700001,17.040001,17.60,350100,17.197579
2016-04-19,16.43,17.139999,16.41,17.049999,303700,16.660153
2016-04-18,15.93,16.459999,15.64,16.379999,293900,16.005472
2016-04-15,16.10,16.32,15.97,16.07,171500,15.702561
2016-04-14,16.190001,16.290001,16.059999,16.200001,348000,15.82959
2016-04-13,15.99,16.299999,15.87,16.16,272500,15.790503
2016-04-12,16.08,16.26,15.96,16.00,730300,15.634162
2016-04-11,16.309999,16.379999,15.95,15.96,334800,15.595077
2016-04-08,16.33,16.379999,15.99,16.040001,309400,15.673248
2016-04-07,15.85,16.129999,15.77,15.94,259100,15.575533
2016-04-06,15.83,16.09,15.74,16.01,158100,15.643934
2016-04-05,15.70,15.96,15.53,15.59,193600,15.233537
2016-04-04,16.280001,16.360001,15.79,15.88,124800,15.516906
2016-04-01,16.139999,16.370001,15.80,16.25,268100,15.878446
2016-03-31,16.07,16.52,15.99,16.34,335800,15.966388
2016-03-30,16.15,16.32,15.90,16.01,96000,15.643934
2016-03-29,15.68,15.90,15.33,15.88,137200,15.516906
2016-03-28,16.190001,16.190001,15.72,15.77,166000,15.409421
2016-03-24,16.00,16.24,15.77,15.97,202700,15.604848
2016-03-23,16.17,16.41,16.07,16.10,201400,15.731876
2016-03-22,16.24,16.440001,16.129999,16.41,378100,16.034787
2016-03-21,16.67,16.68,16.15,16.15,110000,15.780732
2016-03-18,16.85,17.030001,16.209999,16.52,387100,16.142273
2016-03-17,17.24,17.25,16.75,16.75,448200,16.367013
2016-03-16,16.290001,16.940001,16.290001,16.790001,250600,16.4061
2016-03-15,16.110001,16.27,15.64,16.200001,182200,15.82959
2016-03-14,16.469999,16.75,16.110001,16.299999,282500,15.927302
2016-03-11,16.01,16.51,15.98,16.50,324700,16.12273
2016-03-10,15.99,16.17,15.53,15.80,312600,15.438735
2016-03-09,15.89,16.08,15.75,15.86,104600,15.497363
2016-03-08,16.74,16.82,15.59,15.60,240600,15.243308
2016-03-07,16.73,17.040001,16
.709999,16.84,206000,16.454956
2016-03-04,17.030001,17.08,16.60,16.82,141000,16.435412
2016-03-03,16.540001,16.99,16.51,16.74,209200,16.357242
2016-03-02,16.129999,16.719999,15.99,16.450001,245000,16.073873
2016-03-01,16.00,16.389999,15.72,16.209999,311300,15.839359
2016-02-29,15.44,16.00,15.35,15.64,325800,15.282394
2016-02-26,15.29,15.63,15.07,15.20,213100,14.852454
2016-02-25,15.01,15.27,14.86,15.00,168100,14.657027
2016-02-24,14.68,15.21,14.44,15.15,241200,14.803597
2016-02-23,15.30,15.30,14.88,14.93,223600,14.588628
2016-02-22,14.78,15.40,14.78,15.35,231700,14.999024
2016-02-19,14.34,14.64,14.16,14.38,139800,14.051203
2016-02-18,14.50,14.76,14.17,14.53,201100,14.197773
2016-02-17,14.12,14.85,14.12,14.75,237500,13.999415
2016-02-16,13.46,14.34,13.46,13.76,210100,13.059794
2016-02-12,12.60,13.52,12.50,13.30,210400,12.623202
2016-02-11,12.50,13.08,12.17,12.40,391400,11.769
2016-02-10,12.98,13.40,12.79,13.13,442300,12.461852
2016-02-09,13.00,13.27,12.35,12.89,372700,12.234066
2016-02-08,14.61,14.61,13.22,13.55,461600,12.86048
2016-02-05,15.46,15.62,14.79,14.86,113000,14.103817
2016-02-04,15.13,15.70,14.90,15.50,284700,14.71125
2016-02-03,14.83,15.22,14.24,15.00,351800,14.236693
2016-02-02,14.44,14.58,14.17,14.54,190700,13.800101
2016-02-01,14.75,14.93,14.42,14.70,208000,13.951959
2016-01-29,14.82,15.36,14.70,15.07,335500,14.303131
2016-01-28,14.56,14.99,14.40,14.58,280800,13.838066
2016-01-27,14.24,14.44,13.76,14.17,356400,13.44893
2016-01-26,14.05,14.43,13.53,14.43,373400,13.695699
2016-01-25,13.53,14.33,13.31,13.84,267300,13.135723
2016-01-22,13.18,13.94,13.18,13.88,296800,13.173687
2016-01-21,12.40,12.94,12.24,12.79,443800,12.139154
2016-01-20,12.79,12.79,11.60,12.24,601200,11.617142
2016-01-19,13.83,13.83,12.61,13.26,474400,12.585237
2016-01-15,13.59,13.78,13.21,13.59,257600,12.898444
2016-01-14,13.65,14.26,13.32,14.20,426300,13.477403
2016-01-13,14.66,14.92,13.50,13.62,353600,12.926917
2016-01-12,15.13,15.51,13.70,14.52,484500,13.78112
2016-01-11,15.80,15.80,14.65,14.91,344700,14.151273
2016-01-08,15.61,15.98,15.22,15.41,187500,14.62583
2016-01-07,15.97,16.49,15.34,15.41,244100,14.62583
2016-01-06,16.809999,17.129999,16.120001,16.360001,316600,15.527487
2016-01-05,17.41,17.459999,16.790001,17.299999,286900,16.419652
2016-01-04,17.110001,17.68,16.709999,17.309999,338300,16.429144
2015-12-31,16.110001,17.52,15.95,17.360001,687300,16.4766
2015-12-30,15.57,16.200001,15.57,16.07,933400,15.252244
2015-12-29,16.209999,16.27,15.50,15.94,1089800,15.128859
2015-12-28,16.639999,16.67,15.81,15.83,849100,15.024457
2015-12-24,16.950001,17.190001,16.799999,16.969999,336200,16.106445
2015-12-23,15.78,17.110001,15.70,16.90,1203100,16.040008
2015-12-22,14.62,15.62,14.52,15.43,875700,14.644812
2015-12-21,13.94,14.50,13.79,14.40,938100,13.667225
2015-12-18,13.83,14.21,13.67,13.78,824800,13.078775
2015-12-17,14.07,14.13,13.84,13.91,733800,13.20216
2015-12-16,13.93,14.53,13.8
5,14.05,1072200,13.335036
2015-12-15,13.61,14.01,13.53,13.93,708300,13.221143
2015-12-14,13.59,13.83,13.34,13.47,590000,12.784551
2015-12-11,14.62,14.77,13.57,13.76,827300,13.059794
2015-12-10,14.78,15.43,14.73,14.93,681900,14.170256
2015-12-09,14.48,15.33,14.31,14.94,1021100,14.179746
2015-12-08,13.33,14.73,13.33,14.39,801700,13.657735
2015-12-07,15.09,15.09,13.22,14.03,944400,13.316054
2015-12-04,15.80,15.85,15.33,15.36,1171300,14.578374
2015-12-03,16.059999,16.290001,15.68,15.90,824300,15.090895
2015-12-02,16.200001,16.24,15.88,16.049999,815200,15.233261
2015-12-01,16.190001,16.42,16.15,16.26,586000,15.432576
2015-11-30,16.200001,16.43,16.059999,16.18,548100,15.356647
2015-11-27,15.74,16.110001,15.66,16.030001,100400,15.21428
2015-11-25,15.62,15.89,15.50,15.76,289400,14.958019
2015-11-24,15.65,15.93,15.53,15.72,442300,14.920055
2015-11-23,15.85,16.10,15.37,15.46,598800,14.673285
2015-11-20,16.27,16.360001,15.81,15.82,376400,15.014966
2015-11-19,16.48,16.51,16.16,16.25,362100,15.423084
2015-11-18,16.889999,17.110001,16.60,16.870001,344100,15.61006
2015-11-17,17.07,17.15,16.51,16.73,378900,15.480515
2015-11-16,16.549999,17.290001,16.549999,17.15,314500,15.869147
2015-11-13,16.209999,16.690001,16.030001,16.549999,481000,15.313958
2015-11-12,16.60,16.75,16.200001,16.290001,397300,15.073378
2015-11-11,17.299999,17.34,16.700001,16.82,395900,15.563793
2015-11-10,17.42,17.76,17.17,17.280001,422700,15.989439
2015-11-09,17.74,17.950001,17.40,17.52,345500,16.211514
2015-11-06,18.120001,18.16,17.719999,17.76,615300,16.43359
2015-11-05,18.610001,18.889999,18.129999,18.219999,287300,16.859234
2015-11-04,19.139999,19.17,18.540001,18.68,320400,17.284879
2015-11-03,18.68,19.200001,18.68,19.00,516000,17.58098
2015-11-02,18.32,18.91,18.32,18.68,235600,17.284879
2015-10-30,18.209999,18.450001,17.85,18.40,309700,17.025791
2015-10-29,17.33,18.09,17.33,17.969999,438300,16.627905
2015-10-28,16.700001,17.50,16.60,17.41,308000,16.109729
2015-10-27,16.91,16.91,16.469999,16.60,275800,15.360225
2015-10-26,17.639999,17.75,17.02,17.040001,361500,15.767364
2015-10-23,17.889999,18.040001,17.700001,17.76,178600,16.43359
2015-10-22,18.43,18.469999,17.84,17.889999,172800,16.55388
2015-10-21,18.690001,18.690001,18.290001,18.43,280400,17.053551
2015-10-20,18.60,18.75,18.450001,18.620001,222200,17.229361
2015-10-19,19.00,19.00,18.450001,18.620001,259900,17.229361
2015-10-16,18.879999,19.15,18.790001,19.10,204200,17.673512
2015-10-15,18.379999,18.860001,18.34,18.780001,259400,17.377411
2015-10-14,18.290001,18.60,18.129999,18.43,454800,17.053551
2015-10-13,18.52,18.860001,18.370001,18.389999,219500,17.016537
2015-10-12,19.110001,19.24,18.43,18.66,281700,17.266373
2015-10-09,19.01,19.34,18.870001,19.120001,378500,17.692018
2015-10-08,18.450001,19.01,18.309999,18.92,237400,17.506955
2015-10-07,18.450001,18.57,18.139999,18.43,521100,17.053551
2015-10-06,18.35,18.60,18.25,18.280001,696400,16.914754
2015-10-05,18.129999,18.360001,18.110001,18.200001,345000,16.840729
2015-10-02,17.73,18.190001,17.57,17.969999,340300,16.627905
2015-10-01,18.35,18.620001,17.91,17.91,298600,16.572387
2015-09-30,17.85,18.60,17.709999,18.32,365700,16.951765
2015-09-29,17.93,18.110001,17.530001,17.85,626200,16.516868

2015-09-28,18.73,18.74,17.889999,17.93,471300,16.590893
2015-09-25,19.139999,19.18,18.559999,18.969999,180800,17.55322
2015-09-24,19.129999,19.129999,18.66,19.01,266000,17.590233
2015-09-23,19.790001,19.879999,19.139999,19.23,265400,17.793802
2015-09-22,19.85,20.01,19.610001,19.77,245500,18.293473
2015-09-21,20.33,20.35,19.83,20.10,176300,18.598826
2015-09-18,20.219999,20.639999,20.02,20.299999,203100,18.783888
2015-09-17,20.09,20.690001,20.02,20.51,212800,18.978205
2015-09-16,19.65,20.110001,19.65,20.10,214900,18.598826
2015-09-15,19.32,19.719999,19.26,19.49,216800,18.034384
2015-09-14,19.799999,19.870001,19.32,19.32,244200,17.87708
2015-09-11,19.870001,20.10,19.67,19.91,375200,18.423016
2015-09-10,20.200001,20.27,19.98,20.040001,220600,18.543308
2015-09-09,20.290001,20.290001,19.969999,20.200001,265500,18.691358
2015-09-08,20.33,20.40,20.15,20.32,184500,18.802395
2015-09-04,19.60,20.23,19.60,20.18,114700,18.672851
2015-09-03,19.639999,19.99,19.559999,19.780001,158600,18.302726
2015-09-02,19.99,20.030001,19.530001,19.559999,176100,18.099156
2015-09-01,19.620001,19.790001,19.43,19.719999,193800,18.247206
2015-08-31,19.809999,20.209999,19.559999,19.85,446400,18.367498
2015-08-28,19.73,20.41,19.73,19.90,279400,18.413763
2015-08-27,18.75,19.76,18.75,19.74,349400,18.265712
2015-08-26,18.42,18.629999,18.02,18.559999,615400,17.173841
2015-08-25,18.66,18.92,18.25,18.25,256500,16.886994
2015-08-24,18.030001,18.82,17.82,18.450001,406300,17.072057
2015-08-21,19.110001,19.52,18.860001,18.940001,242600,17.525461
2015-08-20,19.84,19.90,19.379999,19.389999,176100,17.941852
2015-08-19,20.309999,20.530001,20.049999,20.32,176200,18.410987
2015-08-18,20.540001,20.58,20.34,20.440001,176700,18.519714
2015-08-17,20.540001,20.719999,20.440001,20.52,199500,18.592198
2015-08-14,20.110001,20.74,20.02,20.629999,227600,18.691863
2015-08-13,20.40,20.530001,19.940001,20.07,286100,18.184474
2015-08-12,19.85,20.67,19.719999,20.549999,225700,18.619379
2015-08-11,19.40,19.879999,19.23,19.85,296800,17.985143
2015-08-10,18.950001,19.719999,18.90,19.629999,389900,17.78581
2015-08-07,19.10,19.309999,19.01,19.01,211000,17.224059
2015-08-06,19.129999,19.389999,18.58,19.24,231800,17.43245
2015-08-05,20.32,20.67,19.24,19.34,329900,17.523056
2015-08-04,20.15,20.40,20.049999,20.26,150600,18.356624
2015-08-03,20.559999,20.66,20.16,20.360001,272400,18.44723
2015-07-31,20.74,20.870001,20.440001,20.809999,348500,18.854953
2015-07-30,21.120001,21.16,20.67,20.879999,467800,18.918376
2015-07-29,20.58,21.34,20.43,21.34,258500,19.335161
2015-07-28,20.059999,20.77,19.780001,20.709999,329900,18.764347
2015-07-27,19.50,20.030001,19.389999,20.030001,278500,18.148233
2015-07-24,19.48,20.01,19.48,19.83,307300,17.967022
2015-07-23,19.309999,19.74,19.309999,19.540001,222800,17.704267
2015-07-22,19.98,19.98,19.290001,19.370001,373400,17.550238
2015-07-21,19.959999,20.290001,19.799999,20.01,275300,18.130111
2015-07-20,20.68,20.76,20.030001,20.059999,178800,18.175413
2015-07-17,20.73,20.799999,20.42,20.690001,247800,18.746227
2015-07-16,21.129999,21.139999,20.790001,20.879999,178100,18.918376
2015-07-15,21.57,21.639999,21.040001,21.10,215600,19.117709
2015-07-14,21.450001,21.860001,21.450001,21.65,251300,19.616037
2015-07-13,21.629999,21.
719999,21.51,21.549999,160400,19.525431
2015-07-10,21.27,21.610001,21.219999,21.52,121500,19.498251
2015-07-09,21.24,21.389999,21.16,21.190001,157000,19.199254
2015-07-08,21.26,21.48,21.030001,21.059999,128200,19.081466
2015-07-07,20.90,21.52,20.690001,21.52,284000,19.498251
2015-07-06,20.879999,21.049999,20.76,20.940001,93800,18.97274
2015-07-02,20.74,21.10,20.74,21.049999,140600,19.072405
2015-07-01,21.290001,21.370001,20.75,20.870001,184100,18.909317
2015-06-30,21.23,21.299999,21.00,21.24,194000,19.244556
2015-06-29,21.50,21.57,21.07,21.139999,285900,19.15395
2015-06-26,22.139999,22.15,21.719999,21.73,162300,19.688521
2015-06-25,22.360001,22.40,22.15,22.15,211600,20.069063
2015-06-24,22.33,22.48,22.280001,22.35,106400,20.250274
2015-06-23,22.379999,22.540001,22.33,22.41,212000,20.304637
2015-06-22,22.309999,22.51,22.299999,22.32,243600,20.223092
2015-06-19,22.459999,22.459999,21.99,22.26,287800,20.16873
2015-06-18,22.98,22.99,22.41,22.540001,364800,20.422425
2015-06-17,23.030001,23.120001,22.799999,22.93,138700,20.775785
2015-06-16,22.870001,23.00,22.870001,23.00,75800,20.839208
2015-06-15,22.790001,23.040001,22.75,22.940001,135000,20.784846
2015-06-12,22.98,22.98,22.809999,22.85,83000,20.703301
2015-06-11,23.139999,23.190001,23.030001,23.059999,90500,20.893571
2015-06-10,23.27,23.43,23.15,23.15,76200,20.975116
2015-06-09,23.24,23.32,23.16,23.25,109400,21.065721
2015-06-08,23.309999,23.469999,23.040001,23.23,83500,21.0476
2015-06-05,23.200001,23.52,23.07,23.35,169100,21.156327
2015-06-04,23.940001,23.940001,23.280001,23.379999,191400,21.183507
2015-06-03,24.26,24.26,23.860001,23.889999,120200,21.645594
2015-06-02,24.110001,24.26,24.08,24.209999,76800,21.935531
2015-06-01,24.23,24.48,24.110001,24.120001,127100,21.853988
2015-05-29,24.309999,24.360001,24.129999,24.26,123100,21.980835
2015-05-28,24.35,24.35,24.110001,24.23,81900,21.953652
2015-05-27,24.32,24.43,24.200001,24.389999,60200,22.098621
2015-05-26,24.50,24.559999,24.209999,24.32,136100,22.035197
2015-05-22,24.549999,24.709999,24.459999,24.690001,96800,22.370437
2015-05-21,24.709999,24.709999,24.52,24.60,83100,22.288893
2015-05-20,24.690001,24.709999,24.52,24.59,96300,22.279832
2015-05-19,25.10,25.139999,24.969999,25.059999,106100,22.322415
2015-05-18,25.059999,25.25,25.02,25.200001,118400,22.447123
2015-05-15,25.33,25.389999,25.01,25.09,199000,22.349139
2015-05-14,25.190001,25.540001,25.190001,25.290001,78400,22.527291
2015-05-13,24.709999,25.200001,24.709999,25.120001,177900,22.375862
2015-05-12,24.40,24.68,24.299999,24.629999,102300,21.939389
2015-05-11,24.65,24.73,24.379999,24.540001,117200,21.859222
2015-05-08,24.860001,24.98,24.76,24.82,107600,22.108633
2015-05-07,25.129999,25.139999,24.610001,24.809999,74300,22.099726
2015-05-06,25.450001,25.49,25.08,25.17,106500,22.420399
2015-05-05,25.440001,25.559999,25.280001,25.450001,99600,22.669812
2015-05-04,25.559999,25.60,25.41,25.43,143900,22.651997
2015-05-01,25.57,25.690001,25.35,25.59,118300,22.794518
2015-04-30,25.43,25.709999,25.42,25.58,107800,22.78561
2015-04-29,24.950001,25.549999,24.950001,25.530001,141100,22.741073
2015-04-28,25.27,
25.33,25.08,25.209999,112000,22.456029
2015-04-27,25.379999,25.440001,25.23,25.299999,108400,22.536197
2015-04-24,25.219999,25.440001,25.129999,25.40,96200,22.625273
2015-04-23,25.00,25.27,24.940001,25.15,88500,22.402584
2015-04-22,24.940001,25.049999,24.83,25.02,96400,22.286786
2015-04-21,24.90,25.00,24.77,24.870001,115100,22.153172
2015-04-20,24.870001,25.10,24.799999,24.889999,120000,22.170986
2015-04-17,25.02,25.02,24.780001,24.85,111000,22.135357
2015-04-16,25.33,25.389999,25.00,25.139999,145100,22.393676
2015-04-15,24.690001,25.290001,24.690001,25.290001,104300,22.527291
2015-04-14,24.299999,24.719999,24.15,24.67,74600,21.97502
2015-04-13,24.74,24.790001,24.280001,24.299999,114700,21.645438
2015-04-10,24.950001,25.00,24.709999,24.74,107800,22.037373
2015-04-09,24.66,25.030001,24.559999,24.950001,77100,22.224433
2015-04-08,24.76,24.83,24.59,24.68,80600,21.983928
2015-04-07,24.57,24.92,24.52,24.82,139900,22.108633
2015-04-06,24.219999,24.65,24.219999,24.60,192300,21.912667
2015-04-02,24.049999,24.25,24.049999,24.23,61500,21.583086
2015-04-01,24.10,24.26,24.049999,24.059999,63100,21.431657
2015-03-31,24.10,24.309999,24.02,24.059999,64400,21.431657
2015-03-30,24.049999,24.219999,24.00,24.209999,76600,21.56527
2015-03-27,23.969999,24.129999,23.889999,23.950001,140000,21.333674
2015-03-26,23.93,24.059999,23.74,23.969999,313200,21.351488
2015-03-25,23.969999,23.969999,23.59,23.799999,153300,21.200059
2015-03-24,24.190001,24.219999,23.809999,23.85,134100,21.244598
2015-03-23,23.85,24.17,23.799999,24.139999,154700,21.502917
2015-03-20,23.83,23.969999,23.82,23.84,109100,21.23569
2015-03-19,23.809999,23.809999,23.440001,23.709999,172700,21.119891
2015-03-18,23.33,24.01,23.18,23.860001,186700,21.253506
2015-03-17,23.57,23.66,23.299999,23.51,257600,20.94174
2015-03-16,23.91,24.00,23.57,23.639999,198100,21.057538
2015-03-13,24.25,24.299999,23.809999,23.959999,191600,21.34258
2015-03-12,24.57,24.66,24.32,24.389999,125700,21.725607
2015-03-11,25.00,25.00,24.559999,24.57,114800,21.885944
2015-03-10,25.049999,25.049999,24.74,24.959999,157300,22.233339
2015-03-09,25.450001,25.52,25.110001,25.209999,79900,22.456029
2015-03-06,25.690001,25.700001,25.33,25.450001,89600,22.669812
2015-03-05,25.74,25.92,25.73,25.74,72100,22.928132
2015-03-04,25.690001,25.77,25.559999,25.75,87300,22.937039
2015-03-03,25.60,25.74,25.50,25.690001,113800,22.883594
2015-03-02,26.00,26.129999,25.690001,25.73,132800,22.919224
2015-02-27,25.98,26.219999,25.860001,26.16,164800,23.30225
2015-02-26,26.23,26.23,25.719999,25.889999,76800,23.061745
2015-02-25,25.969999,26.280001,25.969999,26.23,87500,23.364603
2015-02-24,26.030001,26.049999,25.889999,26.00,109000,23.159729
2015-02-23,25.959999,26.040001,25.82,25.969999,154400,23.133006
2015-02-20,25.549999,26.120001,25.549999,26.10,242500,23.248805
2015-02-19,25.379999,25.60,25.32,25.58,91900,22.78561
2015-02-18,25.67,25.690001,25.549999,25.620001,150100,22.821242
2015-02-17,26.120001,26.209999,25.889999,26.059999,145900,22.837275
2015-02-13,26.129999,26.299999,26.10,26.129999,108000,22.898618
2015-02-12,25.91,26.059999,25.85,26.00,111900,22.784695
2015-02-11,26.01,26.01,25.75,25.76,108100,22.574375
2015-02-10,26.32,26.35,25.90,26.110001,117100,22.881092
2015-02-09,26.51,26.690001,26.33,26.33,78100,23.073885
2015-02-06,26.58,26.690001,26.360001,26.620001,69400,23.328023
2015-02-05,26.379999,26.639999,26.379999,26.559999,124200,23.275442
2015-02-04,26.25,26.41,2
6.110001,26.209999,148600,22.968725
2015-02-03,26.35,26.67,26.25,26.530001,146900,23.249153
2015-02-02,26.09,26.360001,25.790001,26.299999,256700,23.047595
2015-01-30,25.879999,26.42,25.67,26.059999,120800,22.837275
2015-01-29,25.98,26.059999,25.459999,26.049999,79100,22.828511
2015-01-28,26.60,26.60,25.860001,25.950001,151100,22.740879
2015-01-27,26.51,26.52,26.07,26.42,85400,23.152756
2015-01-26,26.33,26.620001,26.15,26.610001,120300,23.31926
2015-01-23,26.23,26.50,26.15,26.32,98400,23.065122
2015-01-22,26.49,26.559999,26.209999,26.33,89100,23.073885
2015-01-21,26.129999,26.40,26.110001,26.32,172700,23.065122
2015-01-20,26.23,26.34,25.879999,26.17,183000,22.933672
2015-01-16,25.60,26.200001,25.60,26.129999,255500,22.898618
2015-01-15,25.790001,25.889999,25.59,25.799999,82900,22.609428
2015-01-14,24.870001,25.629999,24.84,25.629999,155500,22.460451
2015-01-13,25.52,25.700001,25.129999,25.32,158000,22.188787
2015-01-12,26.58,26.58,25.25,25.57,155200,22.407871
2015-01-09,26.75,26.91,26.43,26.799999,101100,23.485762
2015-01-08,26.90,26.959999,26.559999,26.790001,120000,23.477
2015-01-07,26.959999,27.23,26.51,26.52,76800,23.240389
2015-01-06,27.25,27.50,26.549999,26.799999,88500,23.485762
2015-01-05,27.73,27.73,27.01,27.23,92300,23.862586
2015-01-02,27.93,28.08,27.65,27.98,60100,24.519837
2014-12-31,27.24,28.030001,27.139999,27.93,93000,24.476021
2014-12-30,27.25,27.59,27.17,27.360001,116900,23.976511
2014-12-29,27.360001,27.48,27.059999,27.43,69600,24.037854
2014-12-26,27.299999,27.639999,27.24,27.33,54900,23.95022
2014-12-24,27.08,27.440001,27.08,27.34,39300,23.958983
2014-12-23,26.940001,27.32,26.540001,27.15,101400,23.792479
2014-12-22,27.33,27.33,26.33,26.65,98400,23.354312
2014-12-19,26.959999,27.26,26.889999,27.25,76900,23.880113
2014-12-18,27.49,27.49,26.709999,26.93,101300,23.599686
2014-12-17,25.16,26.98,25.16,26.969999,155100,23.634739
2014-12-16,25.59,26.040001,25.139999,25.35,248300,22.215078
2014-12-15,25.84,26.24,25.450001,25.889999,273800,22.688298
2014-12-12,25.700001,25.83,25.25,25.780001,196300,22.591902
2014-12-11,26.030001,26.83,25.799999,25.940001,136700,22.732116
2014-12-10,26.059999,26.35,25.84,25.969999,259500,22.758405
2014-12-09,25.530001,26.40,25.41,26.32,142900,23.065122
2014-12-08,26.90,26.90,25.540001,25.959999,229700,22.749641
2014-12-05,27.549999,27.549999,27.00,27.08,104100,23.731136
2014-12-04,27.82,27.950001,27.459999,27.559999,179200,24.151776
2014-12-03,27.85,28.459999,27.85,28.030001,82400,24.563655
2014-12-02,28.10,28.219999,27.809999,27.940001,65300,24.484784
2014-12-01,27.83,28.530001,27.50,27.99,301800,24.5286
2014-11-28,29.200001,29.200001,27.969999,27.969999,120700,24.511073
2014-11-26,29.379999,29.50,29.26,29.50,62200,25.851866
2014-11-25,29.440001,29.68,29.309999,29.469999,68500,25.825575
2014-11-24,29.860001,29.879999,29.309999,29.440001,95100,25.799286
2014-11-21,29.809999,29.860001,29.51,29.67,114100,26.000843
2014-11-20,29.57,29.60,29.469999,29.549999,60600,25.895682
2014-11-19,28.75,29.83,28.75,29.57,129300,25.913209
2014-11-18,28.780001,29.200001,28.75,29.200001,67600,25.220029
2014-11-17,28.65,28.92,28.35,28.809999,72100,24.883185
2014-11-14,29.01,29.01,28.51,28.620001,71600,24.719084
2014-11-13,29.00,29.049999,28.459999,29.00,
70700,25.047289
2014-11-12,28.76,29.00,28.67,28.90,47000,24.960919
2014-11-11,28.360001,28.790001,28.27,28.790001,54400,24.865913
2014-11-10,28.33,28.50,28.16,28.49,77800,24.606802
2014-11-07,27.84,28.360001,27.84,28.299999,45600,24.442698
2014-11-06,27.93,28.049999,27.58,27.99,81700,24.174952
2014-11-05,27.51,28.10,27.33,28.02,104000,24.200864
2014-11-04,28.01,28.01,27.32,27.52,81400,23.769014
2014-11-03,28.51,28.51,28.25,28.290001,66400,24.434063
2014-10-31,28.559999,28.60,28.219999,28.389999,56600,24.520432
2014-10-30,28.639999,28.76,28.450001,28.450001,32400,24.572255
2014-10-29,28.889999,28.92,28.49,28.719999,56500,24.805452
2014-10-28,28.540001,28.879999,28.42,28.780001,70400,24.857276
2014-10-27,28.559999,28.67,28.280001,28.59,53100,24.693172
2014-10-24,28.370001,28.700001,28.360001,28.629999,49600,24.727719
2014-10-23,28.50,28.82,28.23,28.24,81200,24.390877
2014-10-22,28.41,28.709999,27.959999,28.01,102000,24.192226
2014-10-21,28.049999,28.809999,28.049999,28.360001,115100,24.494522
2014-10-20,28.139999,28.16,27.440001,27.950001,92800,24.140405
2014-10-17,28.379999,28.58,27.75,28.049999,127900,24.226774
2014-10-16,26.969999,28.77,26.73,27.92,196500,24.114493
2014-10-15,25.41,27.540001,25.059999,27.299999,431200,23.578999
2014-10-14,25.25,25.93,24.200001,25.860001,489300,22.335273
2014-10-13,26.01,26.379999,25.01,25.09,233100,21.670223
2014-10-10,27.10,27.10,25.67,26.09,368600,22.533923
2014-10-09,28.059999,28.059999,27.07,27.129999,78900,23.43217
2014-10-08,27.889999,28.059999,27.469999,28.059999,77200,24.235411
2014-10-07,28.030001,28.139999,27.77,27.889999,67600,24.088582
2014-10-06,28.559999,28.620001,28.030001,28.08,84200,24.252685
2014-10-03,28.73,28.780001,28.459999,28.51,75400,24.624076
2014-10-02,28.809999,28.91,28.32,28.66,78700,24.753631
2014-10-01,29.08,29.24,28.68,28.83,94700,24.90046
2014-09-30,28.82,29.049999,28.57,29.040001,111300,25.081838
2014-09-29,28.370001,28.719999,28.27,28.690001,65600,24.779542
2014-09-26,28.25,28.58,28.139999,28.48,92400,24.598165
2014-09-25,28.15,28.309999,27.92,28.25,172600,24.399514
2014-09-24,28.030001,28.15,27.719999,28.120001,116700,24.287234
2014-09-23,28.200001,28.41,27.940001,28.040001,135000,24.218138
2014-09-22,29.00,29.030001,28.24,28.41,93000,24.537706
2014-09-19,28.870001,29.040001,28.780001,29.02,96000,25.064563
2014-09-18,28.74,28.950001,28.67,28.889999,86200,24.952281
2014-09-17,28.719999,28.85,28.60,28.77,85000,24.848638
2014-09-16,28.51,28.860001,28.50,28.780001,65600,24.857276
2014-09-15,28.85,29.01,28.51,28.57,104300,24.675898
2014-09-12,29.360001,29.41,28.82,29.01,68900,25.055926
2014-09-11,29.34,29.459999,29.25,29.459999,55000,25.44459
2014-09-10,29.50,29.57,29.370001,29.51,59500,25.487776
2014-09-09,29.52,29.639999,29.370001,29.50,65800,25.479139
2014-09-08,29.469999,29.620001,29.27,29.540001,69600,25.513687
2014-09-05,29.65,29.65,29.379999,29.49,47400,25.470501
2014-09-04,29.780001,29.82,29.530001,29.639999,102400,25.600056
2014-09-03,29.719999,29.74,29.610001,29.719999,50500,25.669152
2014-09-02,29.84,29.950001,29.60,29.639999,71000,25.600056
2014-08-29,29.870001,30.00,29.690001,29.690001,149900,25.643242
2014-08-28,29.559999,29.77,29.549999,29.77,70900,25.712338
2014-08-27,29.549999,29.75,29.549999,29.75,91300,25.695064
2014-08-26,29.49,
29.690001,29.469999,29.610001,72700,25.574146
2014-08-25,29.42,29.58,29.26,29.58,85100,25.548235
2014-08-22,29.49,29.700001,29.33,29.370001,65300,25.366858
2014-08-21,29.57,29.59,29.42,29.59,78600,25.556872
2014-08-20,29.389999,29.57,29.35,29.450001,83100,25.435954
2014-08-19,29.60,29.799999,29.60,29.790001,62200,25.365993
2014-08-18,29.68,29.799999,29.57,29.629999,100200,25.229753
2014-08-15,29.559999,29.76,29.51,29.719999,82100,25.306387
2014-08-14,29.129999,29.59,29.030001,29.59,77300,25.195694
2014-08-13,29.389999,29.389999,29.110001,29.129999,60800,24.804006
2014-08-12,29.440001,29.50,29.00,29.24,68000,24.897671
2014-08-11,28.709999,29.620001,28.709999,29.469999,102600,25.093514
2014-08-08,28.030001,28.35,28.030001,28.33,51400,24.122812
2014-08-07,27.99,28.24,27.99,28.059999,43500,23.892908
2014-08-06,27.82,28.10,27.65,28.02,80300,23.858849
2014-08-05,28.00,28.049999,27.75,27.879999,60200,23.739639
2014-08-04,28.040001,28.23,27.65,28.18,122900,23.995088
2014-08-01,28.309999,28.48,27.90,28.110001,81300,23.935484
2014-07-31,28.65,28.709999,28.17,28.18,95000,23.995088
2014-07-30,29.41,29.52,28.66,28.84,100500,24.557074
2014-07-29,29.76,29.82,29.290001,29.309999,57400,24.957275
2014-07-28,29.65,29.75,29.540001,29.610001,46400,25.212724
2014-07-25,29.77,29.84,29.41,29.58,56100,25.187179
2014-07-24,29.90,29.969999,29.58,29.700001,49400,25.289359
2014-07-23,29.58,29.90,29.43,29.799999,65500,25.374507
2014-07-22,29.360001,29.60,29.360001,29.549999,50700,25.161633
2014-07-21,29.379999,29.51,29.25,29.32,84200,24.96579
2014-07-18,29.139999,29.379999,29.129999,29.33,33900,24.974305
2014-07-17,29.15,29.379999,29.00,29.17,121500,24.838067
2014-07-16,29.200001,29.27,29.030001,29.10,77600,24.778462
2014-07-15,29.299999,29.299999,28.91,29.059999,66800,24.744402
2014-07-14,29.290001,29.35,29.190001,29.27,38200,24.923216
2014-07-11,29.01,29.280001,28.85,29.23,63100,24.889156
2014-07-10,28.950001,29.25,28.90,29.08,111000,24.761432
2014-07-09,28.879999,29.030001,28.639999,28.959999,82000,24.659252
2014-07-08,29.059999,29.18,28.65,28.90,73800,24.608163
2014-07-07,29.68,29.690001,29.030001,29.200001,86800,24.863612
2014-07-03,29.82,29.82,29.549999,29.59,43800,25.195694
2014-07-02,29.950001,29.99,29.629999,29.76,103200,25.340448
2014-07-01,30.00,30.00,29.84,29.940001,83000,25.493717
2014-06-30,29.99,30.00,29.719999,29.92,49600,25.476687
2014-06-27,29.870001,29.90,29.66,29.90,46100,25.459656
2014-06-26,29.700001,29.84,29.620001,29.82,69300,25.391537
2014-06-25,29.450001,29.60,29.299999,29.559999,50600,25.170149
2014-06-24,29.59,29.690001,29.27,29.450001,69200,25.076485
2014-06-23,29.41,29.639999,29.370001,29.49,59100,25.110544
2014-06-20,29.040001,29.379999,29.01,29.290001,73800,24.940246
2014-06-19,29.00,29.059999,28.73,28.98,68300,24.676282
2014-06-18,28.959999,29.09,28.610001,28.950001,72100,24.650739
2014-06-17,29.42,29.48,28.889999,29.00,91300,24.693313
2014-06-16,29.450001,29.450001,29.110001,29.360001,114300,24.999851
2014-06-13,29.33,29.450001,29.15,29.450001,55100,25.076485
2014-06-12,29.290001,29.49,29.15,29.190001,98100,24.855097
2014-06-11,29.15,29.389999,29.15,29.389999,50400,25.025395
2014-06-10,29.16,29.27,29.09,29.23,82100,24.889156
2014-06-09,28.85,29.299999,28.84,29.23,90300,24.889156
2014-06-06,28.82,28.99,28.82,28.85,75500,24.565589
2014-06-05,28.879999,28.969999,28.57,28.82,79800,24.540043
2014-06-04,28.84,29.00,28.59,28.99,57300,24.68
4797
2014-06-03,28.85,28.99,28.629999,28.799999,84100,24.523013
2014-06-02,28.549999,28.870001,28.50,28.780001,102500,24.505985
2014-05-30,28.27,28.549999,28.200001,28.43,125800,24.207962
2014-05-29,28.16,28.34,28.01,28.18,181300,23.995088
2014-05-28,27.700001,28.10,27.67,28.10,131100,23.926969
2014-05-27,27.75,27.870001,27.65,27.700001,72500,23.586372
2014-05-23,27.84,27.92,27.65,27.719999,49400,23.6034
2014-05-22,27.65,27.84,27.65,27.83,124100,23.697065
2014-05-21,27.459999,27.75,27.459999,27.65,81300,23.543796
2014-05-20,27.40,27.49,27.379999,27.440001,64900,23.364983
2014-05-19,27.860001,27.959999,27.73,27.76,70300,23.278983
2014-05-16,27.66,27.950001,27.66,27.809999,100400,23.320911
2014-05-15,28.00,28.08,27.549999,27.66,119600,23.195125
2014-05-14,27.84,27.969999,27.77,27.93,82500,23.421542
2014-05-13,28.110001,28.139999,27.76,27.870001,81800,23.371227
2014-05-12,28.02,28.219999,27.98,28.17,61000,23.622801
2014-05-09,28.120001,28.23,27.93,28.040001,62400,23.513786
2014-05-08,28.32,28.34,27.940001,28.219999,103400,23.664729
2014-05-07,28.07,28.41,27.969999,28.370001,80700,23.790517
2014-05-06,27.52,28.24,27.51,28.08,262400,23.547328
2014-05-05,27.52,27.610001,27.32,27.57,95200,23.119652
2014-05-02,27.200001,27.66,27.15,27.60,151800,23.14481
2014-05-01,27.18,27.379999,27.18,27.370001,137900,22.951937
2014-04-30,27.299999,27.35,27.15,27.209999,112400,22.817763
2014-04-29,27.18,27.35,27.18,27.309999,59200,22.901621
2014-04-28,27.120001,27.290001,27.030001,27.219999,60500,22.826149
2014-04-25,27.00,27.10,26.91,27.08,85800,22.708748
2014-04-24,27.219999,27.24,27.049999,27.120001,103900,22.742292
2014-04-23,27.08,27.190001,27.02,27.129999,167200,22.750677
2014-04-22,26.860001,27.110001,26.860001,27.00,179800,22.641662
2014-04-21,26.83,26.940001,26.76,26.889999,97500,22.549418
2014-04-17,26.809999,26.889999,26.629999,26.870001,110900,22.532647
2014-04-16,26.75,26.889999,26.73,26.860001,69400,22.524261
2014-04-15,26.60,26.719999,26.51,26.719999,93700,22.406859
2014-04-14,26.48,26.700001,26.459999,26.690001,93800,22.381703
2014-04-11,26.34,26.559999,26.34,26.48,76400,22.2056
2014-04-10,26.58,26.700001,26.41,26.450001,67500,22.180444
2014-04-09,26.48,26.73,26.43,26.700001,50300,22.390089
2014-04-08,26.309999,26.57,26.25,26.51,85800,22.230758
2014-04-07,26.40,26.48,26.280001,26.360001,65000,22.104971
2014-04-04,26.68,26.76,26.459999,26.51,72300,22.230758
2014-04-03,26.639999,26.73,26.540001,26.629999,111800,22.331387
2014-04-02,26.76,26.870001,26.60,26.65,54500,22.348159
2014-04-01,26.620001,26.870001,26.58,26.84,64300,22.507489
2014-03-31,26.59,26.73,26.52,26.709999,96900,22.398473
2014-03-28,26.129999,26.549999,26.129999,26.549999,128100,22.2643
2014-03-27,25.870001,26.129999,25.77,26.129999,111500,21.912097
2014-03-26,25.790001,25.959999,25.66,25.92,157400,21.735996
2014-03-25,25.92,26.07,25.68,25.85,150400,21.677295
2014-03-24,26.15,26.309999,25.85,25.93,99100,21.744382
2014-03-21,26.26,26.379999,26.07,26.129999,127800,21.912097
2014-03-20,26.290001,26.459999,26.00,26.200001,127700,21.970799
2014-03-19,26.870001,26.870001,26.34,26.379999,105800,22.121742
2014-03-18,26.690001,26.879999,26.690001,26.77,69400,22.448789
2014-03-17,26.73,26.950001,26.629999,26.67,65400,22.364931
2014-03-14,26.51,26.969999,26.51,26.67,69800,22.364931
2014-03-13,26.79
0001,26.969999,26.51,26.559999,52600,22.272686
2014-03-12,26.940001,27.219999,26.76,26.809999,73200,22.482331
2014-03-11,26.77,27.23,26.620001,27.18,90700,22.792607
2014-03-10,26.98,27.02,26.51,26.610001,112900,22.314616
2014-03-07,27.65,27.690001,27.02,27.049999,90700,22.68359
2014-03-06,27.719999,27.860001,27.280001,27.60,57700,23.14481
2014-03-05,28.299999,28.299999,27.68,27.799999,65300,23.312525
2014-03-04,27.58,28.50,27.540001,28.48,63600,23.88276
2014-03-03,27.610001,27.950001,27.40,27.60,115800,23.14481
2014-02-28,27.459999,27.90,27.209999,27.629999,281100,23.169967
2014-02-27,26.959999,27.280001,26.67,27.26,76900,22.859693
2014-02-26,26.440001,27.120001,26.280001,27.08,79300,22.708748
2014-02-25,26.66,26.74,26.42,26.549999,83500,22.2643
2014-02-24,26.66,26.83,26.459999,26.620001,64100,22.323002
2014-02-21,26.610001,26.790001,26.51,26.73,64000,22.415245
2014-02-20,26.469999,26.690001,26.370001,26.459999,65400,22.188828
2014-02-19,26.75,26.84,26.469999,26.50,54000,22.222372
2014-02-18,27.42,27.57,27.10,27.17,91500,22.43034
2014-02-14,27.51,27.639999,27.280001,27.459999,71600,22.66975
2014-02-13,27.34,27.700001,27.33,27.52,60300,22.719285
2014-02-12,27.379999,27.68,27.290001,27.43,52700,22.644984
2014-02-11,27.18,27.50,27.110001,27.469999,36300,22.678006
2014-02-10,27.34,27.50,27.01,27.09,71800,22.364295
2014-02-07,27.49,27.60,27.25,27.440001,44800,22.65324
2014-02-06,27.190001,27.33,27.110001,27.290001,42200,22.529407
2014-02-05,27.190001,27.33,26.790001,27.200001,105900,22.455107
2014-02-04,26.799999,27.200001,26.700001,27.200001,73000,22.455107
2014-02-03,27.389999,27.530001,26.68,26.860001,72500,22.174418
2014-01-31,27.190001,27.67,27.00,27.32,74800,22.554173
2014-01-30,27.299999,27.48,27.120001,27.360001,68500,22.587196
2014-01-29,27.129999,27.700001,26.969999,27.280001,65700,22.521151
2014-01-28,27.200001,27.440001,27.02,27.35,110000,22.57894
2014-01-27,27.40,27.48,26.92,27.290001,59600,22.529407
2014-01-24,27.25,27.52,27.00,27.360001,76000,22.587196
2014-01-23,27.440001,27.59,27.23,27.450001,54200,22.661496
2014-01-22,27.00,27.450001,26.860001,27.43,111000,22.644984
2014-01-21,27.23,27.969999,26.75,26.950001,145200,22.248718
2014-01-17,26.879999,27.08,26.67,26.969999,75400,22.265228
2014-01-16,26.15,26.83,26.15,26.799999,95200,22.124884
2014-01-15,26.379999,26.469999,26.18,26.27,97300,21.68734
2014-01-14,26.90,26.90,26.309999,26.370001,94200,21.769896
2014-01-13,26.90,27.190001,26.66,26.73,96300,22.067095
2014-01-10,27.16,27.25,26.77,26.950001,69000,22.248718
2014-01-09,27.209999,27.25,26.969999,27.00,53100,22.289995
2014-01-08,27.209999,27.24,27.02,27.02,55100,22.306507
2014-01-07,27.290001,27.49,27.16,27.299999,78300,22.537661
2014-01-06,27.41,27.42,27.120001,27.17,90500,22.43034
2014-01-03,27.440001,27.440001,27.01,27.40,77700,22.620217
2014-01-02,27.379999,27.40,26.719999,27.27,134800,22.512896
2013-12-31,27.030001,27.440001,27.01,27.35,105000,22.57894
2013-12-30,26.870001,27.18,26.66,27.18,143900,22.438596
2013-12-27,26.76,26.98,26.50,26.709999,83900,22.050584
2013-12-26,27.07,27.10,26.85,26.85,43100,22.166162
2013-12-24,26.82,27.15,26.639999,27.15,67500,22.413828
2013-12-23,26.030001,26.60,25.85,26.60,114200,21.959774
2013-12-20,25.51,25.90,25.51,25.90,72800,21.381884
2013-12-19,25.66,25.809999,25.379999,25.59,140700,21.125962
2013-12-18,25.870001,25.940001,25.469999,25.65,112200,21.175495
2013-12-17,25.75,25.99,25.65,25.93,86300,21.406651
2013-12-16,25.60,25.90,25.60,25.809999,128300,21.
307584
2013-12-13,25.360001,25.73,25.280001,25.50,79500,21.051662
2013-12-12,25.379999,25.67,25.309999,25.41,73600,20.977362
2013-12-11,25.65,25.74,25.40,25.48,102500,21.035151
2013-12-10,25.50,25.83,25.41,25.74,115200,21.249795
2013-12-09,25.99,26.17,25.58,25.620001,110500,21.15073
2013-12-06,26.209999,26.50,25.950001,26.059999,115300,21.513973
2013-12-05,26.52,26.700001,26.16,26.200001,75500,21.629552
2013-12-04,26.83,26.879999,26.559999,26.65,70100,22.001051
2013-12-03,26.99,26.99,26.74,26.959999,72200,22.256972
2013-12-02,27.23,27.24,26.83,26.940001,71000,22.240462
2013-11-29,27.120001,27.35,26.85,27.219999,112200,22.471617
2013-11-27,26.940001,27.02,26.77,26.91,59100,22.215695
2013-11-26,26.540001,26.969999,26.49,26.90,203000,22.20744
2013-11-25,26.719999,26.879999,26.549999,26.66,85000,22.009306
2013-11-22,26.549999,26.67,26.370001,26.66,99500,22.009306
2013-11-21,26.209999,26.52,26.209999,26.459999,132500,21.844195
2013-11-20,26.27,26.42,26.030001,26.25,181700,21.670829
2013-11-19,26.98,26.98,26.459999,26.610001,115400,21.621296
2013-11-18,27.01,27.17,26.799999,26.90,111200,21.856928
2013-11-15,27.02,27.18,26.90,27.059999,112000,21.986932
2013-11-14,26.559999,26.940001,26.559999,26.860001,98000,21.824428
2013-11-13,26.700001,26.799999,26.50,26.66,70400,21.661922
2013-11-12,26.75,26.799999,26.559999,26.700001,93400,21.694424
2013-11-11,26.98,26.98,26.620001,26.790001,78200,21.767551
2013-11-08,26.90,26.959999,26.620001,26.870001,85400,21.832553
2013-11-07,27.379999,27.379999,26.90,27.00,101100,21.938181
2013-11-06,27.280001,27.43,27.200001,27.43,91400,22.287567
2013-11-05,27.09,27.309999,27.040001,27.280001,84600,22.165688
2013-11-04,27.35,27.35,26.959999,27.27,71700,22.157563
2013-11-01,27.24,27.41,27.07,27.40,74800,22.263191
2013-10-31,27.50,27.59,27.16,27.33,79400,22.206314
2013-10-30,27.50,27.65,27.280001,27.629999,117000,22.450071
2013-10-29,27.200001,27.389999,27.07,27.389999,76500,22.255065
2013-10-28,27.34,27.49,27.18,27.23,104400,22.125061
2013-10-25,27.76,27.83,27.440001,27.48,192300,22.328192
2013-10-24,28.129999,28.129999,27.780001,27.889999,72100,22.661328
2013-10-23,27.799999,28.23,27.540001,28.18,75500,22.896961
2013-10-22,27.74,27.950001,27.709999,27.870001,62200,22.645078
2013-10-21,27.65,27.74,27.49,27.58,69100,22.409445
2013-10-18,27.469999,27.809999,27.34,27.799999,75900,22.5882
2013-10-17,27.02,27.49,26.940001,27.469999,95500,22.320067
2013-10-16,26.83,27.02,26.790001,27.02,71700,21.954432
2013-10-15,26.93,26.940001,26.58,26.860001,57900,21.824428
2013-10-14,26.620001,27.129999,26.620001,27.129999,35600,22.043808
2013-10-11,26.50,26.799999,26.41,26.790001,59600,21.767551
2013-10-10,26.799999,26.98,26.52,26.68,86700,21.678173
2013-10-09,26.92,27.040001,26.559999,26.74,68500,21.726924
2013-10-08,27.040001,27.040001,26.559999,26.85,64900,21.816302
2013-10-07,27.120001,27.25,26.75,26.99,49000,21.930055
2013-10-04,27.120001,27.370001,26.959999,27.18,61600,22.084436
2013-10-03,27.24,27.299999,27.040001,27.25,60300,22.141312
2013-10-02,27.219999,27.60,27.040001,27.459999,56500,22.311942
2013-10-01,26.950001,27.639999,26.84,27.42,66000,22.279441
2013-09-30,26.77,27.08,26.75,27.07,56600,21.995057
2013-09-27,26.90,27.049999,26.75,27.02,57500,21.954432
2013-09-26,26.809999,27.01,26.75,26.950001,80200,21.897555
2013-09-25,26.65,26.91,26.60,26.879999,97400,21.840677
2013-09-24,26.51,26.799999,26.35,26.780001,95200,21.759426
2013-09-23,26.48,26.709999,26.379999,26.610001,54800,21.621296
2013-09-2
0,26.73,26.860001,26.459999,26.66,71700,21.661922
2013-09-19,26.50,26.969999,26.50,26.84,117000,21.808177
2013-09-18,26.190001,26.73,25.799999,26.60,179400,21.613171
2013-09-17,26.879999,26.90,26.23,26.32,155700,21.385663
2013-09-16,26.969999,26.969999,26.559999,26.879999,82100,21.840677
2013-09-13,26.67,26.799999,26.26,26.700001,115000,21.694424
2013-09-12,27.190001,27.25,26.59,26.67,119000,21.670047
2013-09-11,27.17,27.450001,27.09,27.200001,91300,22.100686
2013-09-10,27.459999,27.50,27.18,27.33,114000,22.206314
2013-09-09,27.42,27.65,27.209999,27.60,73800,22.425696
2013-09-06,28.16,28.16,27.25,27.41,116600,22.271316
2013-09-05,28.74,28.74,27.799999,27.93,132500,22.693829
2013-09-04,29.049999,29.139999,28.610001,28.83,103700,23.425102
2013-09-03,28.93,29.10,28.58,28.969999,119600,23.538855
2013-08-30,28.809999,29.16,28.50,28.65,60300,23.278847
2013-08-29,28.65,28.870001,28.530001,28.690001,57400,23.311349
2013-08-28,29.17,29.34,28.50,28.67,95100,23.295098
2013-08-27,28.790001,29.120001,28.370001,29.030001,105400,23.587607
2013-08-26,28.620001,29.10,28.35,28.959999,119900,23.530729
2013-08-23,28.25,28.58,27.99,28.58,81100,23.221971
2013-08-22,27.389999,28.08,27.32,28.07,101600,22.807582
2013-08-21,27.49,27.700001,26.83,27.299999,86600,22.181938
2013-08-20,27.690001,28.139999,27.450001,27.969999,90300,22.385881
2013-08-19,28.33,28.370001,27.700001,27.74,72100,22.2018
2013-08-16,28.209999,28.67,28.209999,28.23,65000,22.593973
2013-08-15,28.190001,28.48,28.16,28.41,83800,22.738037
2013-08-14,28.50,28.75,28.34,28.35,77800,22.690016
2013-08-13,29.00,29.00,28.52,28.52,45900,22.826076
2013-08-12,29.33,29.389999,28.780001,28.879999,72600,23.114202
2013-08-09,29.530001,29.58,29.049999,29.389999,65400,23.522383
2013-08-08,29.790001,29.940001,29.15,29.370001,73800,23.506377
2013-08-07,29.530001,29.68,29.120001,29.50,83200,23.610422
2013-08-06,29.35,29.68,29.129999,29.49,67100,23.602418
2013-08-05,29.73,29.73,29.01,29.17,63000,23.346305
2013-08-02,29.85,29.85,29.309999,29.690001,74400,23.76249
2013-08-01,29.50,29.84,29.42,29.84,66900,23.882542
2013-07-31,29.450001,29.469999,29.25,29.40,63600,23.530386
2013-07-30,28.969999,29.370001,28.690001,29.370001,80300,23.506377
2013-07-29,29.43,29.459999,28.76,28.809999,69600,23.058178
2013-07-26,29.190001,29.43,29.16,29.42,89000,23.546394
2013-07-25,28.889999,29.280001,28.799999,29.23,117100,23.394326
2013-07-24,29.26,29.27,28.719999,29.00,79300,23.210245
2013-07-23,29.440001,29.450001,29.02,29.290001,95100,23.442349
2013-07-22,29.23,29.34,29.030001,29.34,70300,23.482366
2013-07-19,28.719999,29.24,28.559999,29.17,84400,23.346305
2013-07-18,29.18,29.209999,28.60,28.75,141700,23.010157
2013-07-17,28.98,29.32,28.860001,29.190001,101600,23.362313
2013-07-16,29.309999,29.309999,28.85,28.98,75300,23.194238
2013-07-15,29.280001,29.33,29.049999,29.299999,96700,23.450351
2013-07-12,29.17,29.25,29.02,29.16,65700,23.338302
2013-07-11,29.25,29.25,28.83,29.02,104300,23.226253
2013-07-10,29.459999,29.459999,28.809999,28.889999,113200,23.122206
2013-07-09,29.129999,29.50,29.120001,29.299999,86900,23.450351
2013-07-08,29.299999,29.66,28.860001,29.049999,110200,23.250262
2013-07-05,29.469999,29.68,28.950001,29.219999,53300,23.386323
2013-07-03,29.27,29.41,29.040001,29.379999,45700,23.514379
2013-07-02,29.799999,29.799999,29.10,29.16,55900,23.338302
2013-07-01,29.68,30.10,29.33,29.700001,130
800,23.770493
2013-06-28,28.690001,29.25,28.620001,29.23,76200,23.394326
2013-06-27,28.65,28.809999,28.450001,28.540001,88800,22.842084
2013-06-26,27.629999,28.51,27.629999,28.43,83900,22.754044
2013-06-25,27.51,27.799999,27.290001,27.50,158200,22.009715
2013-06-24,27.93,27.940001,27.030001,27.41,149500,21.937684
2013-06-21,29.00,29.290001,27.66,28.16,144600,22.537948
2013-06-20,28.50,28.50,27.77,28.040001,147700,22.441907
2013-06-19,29.030001,29.190001,28.549999,28.68,131400,22.954133
2013-06-18,29.049999,29.25,28.85,29.00,87800,23.210245
2013-06-17,29.059999,29.450001,28.719999,28.959999,123100,23.178231
2013-06-14,28.469999,28.969999,28.209999,28.92,93200,23.146217
2013-06-13,28.02,28.389999,27.83,28.379999,75000,22.714026
2013-06-12,27.959999,28.190001,27.709999,27.889999,174700,22.321853
2013-06-11,27.450001,27.75,27.290001,27.75,104600,22.209804
2013-06-10,28.09,28.110001,27.33,27.60,123800,22.089751
2013-06-07,27.65,28.18,27.65,28.139999,98900,22.521941
2013-06-06,27.40,27.690001,26.90,27.50,223300,22.009715
2013-06-05,27.969999,28.02,27.209999,27.51,144900,22.017719
2013-06-04,28.58,28.58,28.030001,28.10,129800,22.489928
2013-06-03,28.57,28.870001,28.049999,28.32,246300,22.666005
2013-05-31,28.00,28.74,28.00,28.35,143900,22.690016
2013-05-30,28.66,28.85,27.90,28.27,130100,22.625988
2013-05-29,29.17,29.299999,28.190001,28.50,110200,22.810069
2013-05-28,29.41,29.549999,28.93,29.15,100800,23.330298
2013-05-24,29.40,29.530001,29.07,29.299999,110900,23.450351
2013-05-23,29.450001,29.709999,29.10,29.299999,111700,23.450351
2013-05-22,29.879999,30.18,29.299999,29.58,148600,23.67445
2013-05-21,29.879999,29.92,29.629999,29.870001,39800,23.906553
2013-05-20,29.77,30.10,29.77,30.10,115200,23.756887
2013-05-17,29.65,30.07,29.639999,29.799999,173500,23.520106
2013-05-16,29.690001,29.84,29.459999,29.629999,122800,23.385931
2013-05-15,29.66,29.809999,29.32,29.57,120400,23.338576
2013-05-14,29.549999,29.76,29.360001,29.58,128100,23.346469
2013-05-13,29.549999,29.76,29.120001,29.50,118800,23.283327
2013-05-10,29.65,29.77,29.379999,29.459999,131400,23.251756
2013-05-09,29.59,29.690001,29.290001,29.559999,102200,23.330683
2013-05-08,29.24,29.59,29.120001,29.59,126000,23.354361
2013-05-07,29.40,29.43,28.889999,29.299999,101500,23.125474
2013-05-06,28.85,29.42,28.85,29.290001,96700,23.117582
2013-05-03,28.93,29.280001,28.809999,28.99,72100,22.880802
2013-05-02,28.809999,28.889999,28.59,28.870001,103200,22.786091
2013-05-01,28.59,28.82,28.41,28.74,87200,22.683486
2013-04-30,28.549999,28.620001,28.26,28.60,110200,22.572989
2013-04-29,28.76,28.77,28.50,28.60,100800,22.572989
2013-04-26,28.68,28.83,28.60,28.690001,107100,22.644023
2013-04-25,28.700001,28.780001,28.559999,28.67,123900,22.628237
2013-04-24,28.76,28.780001,28.389999,28.75,169100,22.691378
2013-04-23,28.83,28.940001,28.43,28.85,134000,22.770305
2013-04-22,28.790001,28.790001,28.43,28.719999,143800,22.6677
2013-04-19,28.450001,28.700001,28.110001,28.629999,143000,22.596666
2013-04-18,28.639999,28.83,28.01,28.33,99800,22.359887
2013-04-17,27.84,28.09,27.719999,28.07,99100,22.154678
2013-04-16,27.90,28.209999,27.82,27.950001,91700,22.059967
2013-04-15,28.15,28.17,27.530001,27.629999,101700,21.807401
2013-04-12,28.58,28.629999,27.93,28.360001,136100,22.383565
2013-04-11,28.73,28.74,28.24,28.559999,97900,22.541418
2013-04-10,28.68,28.719999,28.27,28.719999,131900,22.6677
2013-04-09,28.67,28.709999,28.49,28.620001,83400,22.588775
2013-04-08,28.
450001,28.75,28.43,28.709999,100800,22.659807
2013-04-05,27.92,28.440001,27.639999,28.360001,116900,22.383565
2013-04-04,28.299999,28.459999,27.85,28.129999,132500,22.202033
2013-04-03,28.60,28.60,27.73,28.24,167800,22.288853
2013-04-02,28.389999,28.610001,28.24,28.540001,122500,22.525633
2013-04-01,28.049999,28.290001,27.870001,28.290001,141500,22.328317
2013-03-28,27.90,28.16,27.809999,28.15,116600,22.217819
2013-03-27,27.719999,27.860001,27.58,27.860001,166500,21.988933
2013-03-26,27.84,27.889999,27.540001,27.889999,87400,22.01261
2013-03-25,27.84,28.040001,27.41,27.75,211300,21.902113
2013-03-22,27.57,27.83,27.42,27.709999,137400,21.870542
2013-03-21,26.99,27.459999,26.940001,27.450001,175300,21.665334
2013-03-20,27.02,27.049999,26.719999,26.98,132400,21.294378
2013-03-19,27.16,27.23,26.60,26.879999,144500,21.215452
2013-03-18,26.790001,27.15,26.780001,27.10,132100,21.389091
2013-03-15,26.809999,26.870001,26.57,26.870001,134300,21.20756
2013-03-14,26.790001,26.91,26.559999,26.75,128400,21.112848
2013-03-13,26.879999,26.940001,26.620001,26.68,193600,21.057599
2013-03-12,26.860001,26.959999,26.610001,26.799999,136200,21.15231
2013-03-11,27.35,27.35,26.76,26.84,193300,21.183882
2013-03-08,27.16,27.280001,26.98,27.280001,161000,21.531159
2013-03-07,27.129999,27.370001,27.059999,27.110001,189800,21.396984
2013-03-06,27.57,27.620001,26.950001,27.09,138500,21.381198
2013-03-05,27.99,27.99,27.34,27.58,141700,21.767938
2013-03-04,28.209999,28.209999,27.50,27.809999,121800,21.949469
2013-03-01,27.610001,27.98,27.42,27.690001,248500,21.854758
2013-02-28,27.40,27.690001,27.389999,27.59,100900,21.775831
2013-02-27,27.23,27.360001,27.139999,27.33,85900,21.570622
2013-02-26,27.00,27.190001,26.90,27.17,113100,21.444339
2013-02-25,27.110001,27.17,26.76,26.93,100300,21.254916
2013-02-22,27.059999,27.139999,26.73,27.01,76700,21.318057
2013-02-21,26.92,26.969999,26.549999,26.879999,116700,21.215452
2013-02-20,27.26,27.48,26.719999,26.92,172200,21.247023
2013-02-19,27.43,27.610001,27.030001,27.25,185300,21.50748
2013-02-15,27.879999,27.92,27.48,27.700001,95300,21.534316
2013-02-14,27.48,27.84,27.35,27.83,163000,21.635379
2013-02-13,27.27,27.379999,27.09,27.360001,140200,21.269996
2013-02-12,27.290001,27.450001,27.09,27.23,149500,21.168932
2013-02-11,27.17,27.559999,27.10,27.299999,146500,21.22335
2013-02-08,27.09,27.25,26.93,27.10,83600,21.067869
2013-02-07,27.389999,27.389999,26.98,27.120001,137900,21.083417
2013-02-06,27.15,27.40,27.08,27.34,154400,21.254447
2013-02-05,27.16,27.18,27.01,27.15,110800,21.106739
2013-02-04,27.110001,27.139999,26.879999,27.08,79400,21.05232
2013-02-01,27.120001,27.32,26.950001,27.18,119000,21.130062
2013-01-31,26.74,26.969999,26.67,26.889999,153000,20.904611
2013-01-30,27.00,27.07,26.549999,26.719999,116400,20.772451
2013-01-29,26.84,27.00,26.74,27.00,139900,20.990127
2013-01-28,26.809999,26.879999,26.66,26.84,89700,20.865741
2013-01-25,26.889999,27.030001,26.450001,26.889999,148500,20.904611
2013-01-24,26.75,26.99,26.59,26.83,196700,20.857967
2013-01-23,26.540001,26.75,26.469999,26.74,139000,20.788
2013-01-22,26.370001,26.67,26.33,26.459999,186100,20.570324
2013-01-18,26.190001,26.379999,25.959999,26.299999,120100,20.445938
2013-01-17,25.950001,26.190001,25.889999,26.17,176200,20.344875
2013-01-16,25.68,25.950001,25.58,25.940001,135400,20.166071
2013-01-15,25.77,25.85,25.50,25.690001,127900,19.971718
2013-01-14,25.790001,25.90,25.459999,25.709999,88500,19.98726
5
2013-01-11,25.809999,25.889999,25.58,25.780001,98400,20.041685
2013-01-10,25.77,25.92,25.48,25.700001,117900,19.979492
2013-01-09,25.549999,25.75,25.469999,25.75,95200,20.018362
2013-01-08,25.290001,25.549999,25.27,25.51,83000,19.831783
2013-01-07,25.42,25.57,25.110001,25.299999,159400,19.668526
2013-01-04,25.139999,25.370001,25.02,25.370001,123000,19.722946
2013-01-03,25.08,25.290001,24.780001,25.049999,149900,19.474173
2013-01-02,24.90,25.08,24.52,25.08,94200,19.497496
2012-12-31,24.49,24.610001,24.139999,24.51,90100,19.054371
2012-12-28,24.469999,24.629999,24.41,24.549999,104700,19.085467
2012-12-27,24.950001,24.950001,24.030001,24.530001,105600,19.06992
2012-12-26,25.08,25.32,24.700001,24.82,74100,19.295368
2012-12-24,25.34,25.389999,24.860001,25.129999,63800,19.536366
2012-12-21,24.98,25.280001,24.629999,25.280001,147500,19.652979
2012-12-20,24.92,25.25,24.879999,25.24,166000,19.621882
2012-12-19,25.120001,25.24,24.93,24.969999,155600,19.41198
2012-12-18,24.65,25.08,24.59,25.07,162100,19.489722
2012-12-17,24.52,24.790001,24.34,24.75,99400,19.24095
2012-12-14,24.870001,24.90,24.299999,24.450001,88800,19.007727
2012-12-13,24.809999,25.01,24.549999,24.860001,74200,19.326466
2012-12-12,25.25,25.25,24.60,24.950001,205800,19.396433
2012-12-11,24.91,25.16,24.75,25.02,100400,19.450852
2012-12-10,24.709999,25.030001,24.67,24.959999,105200,19.404206
2012-12-07,24.690001,24.700001,24.459999,24.60,68900,19.124338
2012-12-06,24.620001,24.66,24.26,24.629999,81800,19.14766
2012-12-05,24.450001,24.709999,24.370001,24.49,121900,19.038823
2012-12-04,24.530001,24.530001,24.209999,24.35,124100,18.929985
2012-12-03,24.719999,24.940001,24.379999,24.43,117400,18.992178
2012-11-30,24.809999,25.27,24.73,24.91,248000,19.365336
2012-11-29,24.10,24.74,24.01,24.690001,123700,19.194306
2012-11-28,24.15,24.35,24.02,24.290001,131000,18.883341
2012-11-27,24.040001,24.25,23.950001,24.110001,137300,18.743407
2012-11-26,24.309999,24.379999,23.77,23.879999,156900,18.564601
2012-11-23,24.48,24.50,24.09,24.309999,57300,18.898888
2012-11-21,24.219999,24.42,23.940001,24.23,121800,18.836695
2012-11-20,24.559999,24.559999,23.790001,24.10,134000,18.735632
2012-11-19,24.60,24.879999,24.60,24.879999,127000,19.019387
2012-11-16,23.360001,24.450001,23.360001,24.440001,170000,18.683032
2012-11-15,23.77,23.91,22.76,23.450001,295800,17.926232
2012-11-14,23.610001,24.57,23.610001,23.91,221500,18.277876
2012-11-13,24.559999,24.559999,24.040001,24.200001,182100,18.499565
2012-11-12,25.17,25.280001,24.440001,24.57,148800,18.782409
2012-11-09,25.139999,25.50,24.799999,25.059999,129800,19.156987
2012-11-08,25.73,25.73,25.110001,25.190001,122600,19.256366
2012-11-07,25.799999,25.799999,25.530001,25.59,103100,19.562143
2012-11-06,26.16,26.200001,25.799999,25.92,125600,19.81441
2012-11-05,26.02,26.26,25.969999,26.139999,71200,19.982587
2012-11-02,26.280001,26.280001,26.030001,26.139999,42300,19.982587
2012-11-01,25.950001,26.32,25.950001,26.290001,95400,20.097255
2012-10-31,26.09,26.290001,25.65,25.780001,103100,19.707388
2012-10-26,26.309999,26.309999,25.959999,26.09,61500,19.944366
2012-10-25,26.18,26.299999,26.02,26.24,59900,20.059032
2012-10-24,26.379999,26.40,26.059999,26.209999,58300,20.036098
2012-10-2
3,26.43,26.469999,25.950001,26.23,104600,20.051387
2012-10-22,26.200001,26.469999,26.08,26.469999,111600,20.234854
2012-10-19,26.18,26.309999,25.98,26.09,59300,19.944366
2012-10-18,26.059999,26.18,25.93,26.17,87100,20.005521
2012-10-17,26.040001,26.24,25.93,25.98,101300,19.860276
2012-10-16,25.84,26.00,25.719999,26.00,100900,19.875566
2012-10-15,25.690001,25.84,25.66,25.790001,80600,19.715033
2012-10-12,25.549999,25.639999,25.40,25.639999,67200,19.600365
2012-10-11,25.66,25.75,25.459999,25.540001,105400,19.523922
2012-10-10,25.73,25.73,25.41,25.540001,84400,19.523922
2012-10-09,25.799999,25.83,25.52,25.65,56000,19.60801
2012-10-08,25.82,25.82,25.549999,25.709999,44900,19.653876
2012-10-05,25.77,25.950001,25.51,25.719999,81800,19.66152
2012-10-04,25.90,25.91,25.52,25.75,102100,19.684454
2012-10-03,25.57,25.84,25.49,25.83,73500,19.74561
2012-10-02,25.870001,25.870001,25.450001,25.620001,108500,19.585077
2012-10-01,25.459999,25.690001,25.370001,25.690001,83800,19.638588
2012-09-28,25.190001,25.360001,25.030001,25.35,89800,19.378677
2012-09-27,25.030001,25.17,25.01,25.15,83700,19.225787
2012-09-26,25.190001,25.190001,24.92,25.01,90100,19.118765
2012-09-25,25.879999,25.879999,24.84,25.08,234700,19.172276
2012-09-24,25.780001,25.940001,25.59,25.719999,79200,19.66152
2012-09-21,25.68,25.83,25.57,25.82,78500,19.737965
2012-09-20,25.549999,25.969999,25.43,25.530001,128600,19.516277
2012-09-19,25.530001,25.549999,25.15,25.469999,135900,19.470409
2012-09-18,25.299999,25.42,25.00,25.41,121100,19.424543
2012-09-17,25.540001,25.549999,25.18,25.209999,98600,19.271653
2012-09-14,25.469999,25.60,25.379999,25.459999,93000,19.462765
2012-09-13,25.33,25.58,25.299999,25.49,162000,19.485698
2012-09-12,25.60,25.620001,25.200001,25.299999,124300,19.340454
2012-09-11,25.629999,25.629999,25.25,25.41,128600,19.424543
2012-09-10,25.809999,25.969999,25.57,25.620001,123900,19.585077
2012-09-07,26.25,26.26,25.91,26.00,113500,19.875566
2012-09-06,26.559999,26.65,26.10,26.370001,76500,20.158411
2012-09-05,26.24,26.58,26.200001,26.370001,128200,20.158411
2012-09-04,26.190001,26.57,26.02,26.139999,156800,19.982587
2012-08-31,26.15,26.190001,26.02,26.190001,77900,20.02081
2012-08-30,25.940001,26.110001,25.870001,26.110001,55000,19.959655
2012-08-29,25.860001,26.059999,25.780001,25.92,70000,19.81441
2012-08-28,25.91,26.040001,25.780001,25.889999,74800,19.791476
2012-08-27,26.040001,26.139999,25.77,25.85,72400,19.760899
2012-08-24,25.879999,25.969999,25.780001,25.969999,64500,19.852632
2012-08-23,26.120001,26.139999,25.82,25.93,71900,19.822055
2012-08-22,26.370001,26.370001,25.99,26.07,85800,19.929076
2012-08-21,26.65,26.780001,26.40,26.60,97100,20.016989
2012-08-20,26.60,26.75,26.40,26.75,83500,20.129866
2012-08-17,26.639999,26.84,26.440001,26.58,73500,20.001938
2012-08-16,26.60,26.73,26.49,26.73,84300,20.114815
2012-08-15,26.540001,26.66,26.34,26.549999,78900,19.979362
2012-08-14,26.51,26.700001,26.41,26.52,91400,19.956787
2012-08-13,26.77,26.77,26.42,26.450001,77300,19.904111
2012-08-10,26.530001,26.82,26.360001,26.549999,84700,19.979362
2012-08-09,26.540001,26.60,26.299999,26.49,67300,19.934211
2012-08-08,26.370001,26.57,26.08,26.42,91900,19.881535
2012-08-07,26.549999,26.549999,26.08,26.23,62100,19.738556
2012-08-06,26.59,26.59,26.01,26.25,58500,19.753607
2012-08-03,26.75,26.75,25.93,26.299999,63600,19.791232
2012-08-02,26.49,26.49,25.780001,25.860001,82700,19.460125
2012-08-01,26.68,26.90,26.110001,26.27,162200,19.768658
2012-07-31,26.68,26.780001,26.23,26.32,
63600,19.806283
2012-07-30,26.559999,26.58,26.370001,26.370001,70200,19.84391
2012-07-27,26.18,26.440001,25.950001,26.440001,81300,19.896586
2012-07-26,25.799999,26.34,25.799999,25.889999,169500,19.4827
2012-07-25,25.870001,25.870001,25.57,25.700001,81900,19.339722
2012-07-24,25.66,25.82,25.469999,25.59,96700,19.256945
2012-07-23,25.83,26.040001,25.309999,25.66,119200,19.309621
2012-07-20,25.889999,26.15,25.889999,26.02,89000,19.580528
2012-07-19,26.049999,26.15,25.85,25.98,94200,19.550427
2012-07-18,25.98,26.15,25.93,26.15,114400,19.678355
2012-07-17,25.99,26.00,25.709999,25.93,120300,19.512801
2012-07-16,25.780001,25.780001,25.58,25.73,83100,19.362297
2012-07-13,25.50,25.870001,25.440001,25.50,112300,19.189218
2012-07-12,25.58,25.58,25.309999,25.309999,89200,19.046239
2012-07-11,25.700001,25.700001,25.370001,25.49,73400,19.181693
2012-07-10,25.50,25.639999,25.42,25.549999,109400,19.226843
2012-07-09,25.360001,25.60,25.360001,25.389999,84600,19.106441
2012-07-06,25.290001,25.530001,25.23,25.51,94600,19.196743
2012-07-05,25.530001,25.68,25.200001,25.299999,85000,19.038714
2012-07-03,25.41,25.610001,25.120001,25.610001,55800,19.271996
2012-07-02,24.879999,25.379999,24.860001,25.379999,112700,19.098915
2012-06-29,24.74,25.02,24.690001,25.00,101700,18.812959
2012-06-28,24.629999,24.709999,24.379999,24.58,121400,18.496901
2012-06-27,24.450001,24.700001,24.280001,24.52,93300,18.45175
2012-06-26,24.50,24.629999,24.129999,24.200001,119700,18.210945
2012-06-25,24.459999,24.719999,24.450001,24.50,143600,18.4367
2012-06-22,24.809999,24.809999,24.50,24.51,91900,18.444225
2012-06-21,24.93,24.940001,24.40,24.450001,113400,18.399074
2012-06-20,24.959999,25.290001,24.700001,24.84,128800,18.692556
2012-06-19,25.00,25.139999,24.90,25.01,140900,18.820484
2012-06-18,24.99,25.00,24.799999,24.950001,104100,18.775334
2012-06-15,25.17,25.17,24.799999,25.00,81700,18.812959
2012-06-14,25.10,25.129999,24.879999,25.129999,77600,18.910786
2012-06-13,25.00,25.09,24.83,24.969999,90700,18.790383
2012-06-12,24.40,24.969999,24.40,24.950001,85700,18.775334
2012-06-11,25.09,25.09,24.40,24.40,85000,18.361448
2012-06-08,24.790001,25.299999,24.49,24.90,70600,18.737707
2012-06-07,25.110001,25.27,24.610001,24.74,120100,18.617304
2012-06-06,24.82,25.52,24.780001,24.98,95200,18.797908
2012-06-05,24.389999,24.49,24.32,24.450001,87500,18.399074
2012-06-04,24.43,24.809999,24.309999,24.360001,133100,18.331348
2012-06-01,24.290001,25.68,24.23,24.50,273100,18.4367
2012-05-31,24.440001,24.790001,24.16,24.51,130500,18.444225
2012-05-30,24.98,24.98,24.540001,24.65,57700,18.549577
2012-05-29,24.74,25.379999,24.57,25.15,150600,18.925836
2012-05-25,23.83,24.41,23.83,24.41,76700,18.368973
2012-05-24,24.200001,24.290001,23.83,24.00,138200,18.060441
2012-05-23,24.549999,24.620001,24.18,24.280001,100000,18.271146
2012-05-22,24.40,24.93,24.40,24.719999,108400,18.602253
2012-05-21,24.75,25.00,24.23,24.50,100300,18.4367
2012-05-18,24.969999,24.969999,24.360001,24.469999,105300,18.103334
2012-05-17,25.200001,25.200001,24.780001,24.82,135100,18.36227
2012-05-16,25.219999,25.219999,25.00,25.049999,93100,18.532428
2012-05-15,25.200001,25.35,24.950001,25.01,79000,18.502836
2012-05-14,25.40,25.52,25.25,25.26,116300,18.68779
2012-05-11,25.33,25.870001,25.26,25.49,111000,18.857948
2012-05-10,25.040001,25.42,25.040001,25.33,114700,18.739577
2012-05-09,24.77,25.27,24.77,24.92,136900,18.436252
2012-05-08,25.530001,25.60,25.16,25.34,73200,18.746976
2012-05-07,25.860001,25.93,25.450001,25.530001,
98000,18.887541
2012-05-04,25.790001,25.92,25.51,25.92,74900,19.17607
2012-05-03,26.08,26.34,25.790001,25.91,95000,19.168671
2012-05-02,26.309999,26.639999,26.16,26.26,90000,19.427608
2012-05-01,26.450001,26.75,26.139999,26.379999,152200,19.516385
2012-04-30,26.309999,26.540001,26.15,26.530001,112000,19.627359
2012-04-27,26.299999,26.370001,26.09,26.33,93200,19.479395
2012-04-26,26.10,26.24,25.98,26.23,112500,19.405413
2012-04-25,25.99,26.139999,25.91,26.09,96000,19.301839
2012-04-24,26.200001,26.200001,25.82,25.92,101400,19.17607
2012-04-23,25.690001,25.90,25.57,25.83,134600,19.109486
2012-04-20,25.690001,25.84,25.610001,25.780001,105900,19.072496
2012-04-19,25.43,25.73,25.379999,25.73,69200,19.035504
2012-04-18,25.389999,25.440001,25.219999,25.290001,80000,18.709985
2012-04-17,25.860001,25.860001,25.26,25.299999,176100,18.717382
2012-04-16,25.49,25.559999,25.10,25.27,68800,18.695189
2012-04-13,25.42,25.540001,25.23,25.389999,80600,18.783966
2012-04-12,25.10,25.690001,25.049999,25.379999,132500,18.776568
2012-04-11,25.299999,25.34,24.959999,25.08,106100,18.554623
2012-04-10,25.379999,25.379999,24.83,25.00,173100,18.495438
2012-04-09,25.50,25.50,25.139999,25.280001,83800,18.702587
2012-04-05,25.43,25.610001,25.34,25.610001,90400,18.946727
2012-04-04,25.450001,25.51,25.290001,25.440001,99700,18.820958
2012-04-03,25.75,25.75,25.530001,25.690001,78800,19.005912
2012-04-02,25.459999,25.75,25.459999,25.66,113900,18.983717
2012-03-30,25.75,25.75,25.49,25.620001,151400,18.954125
2012-03-29,25.540001,25.67,25.379999,25.67,105800,18.991115
2012-03-28,25.889999,25.91,25.50,25.74,131600,19.042902
2012-03-27,25.76,25.959999,25.610001,25.889999,137800,19.153875
2012-03-26,26.17,26.209999,25.780001,25.879999,128500,19.146476
2012-03-23,26.25,26.25,26.040001,26.120001,98100,19.324034
2012-03-22,26.25,26.42,26.09,26.24,101100,19.412811
2012-03-21,26.360001,26.360001,26.07,26.280001,87400,19.442404
2012-03-20,26.530001,26.530001,26.17,26.360001,122200,19.50159
2012-03-19,26.52,26.639999,26.27,26.50,80500,19.605164
2012-03-16,26.200001,26.52,26.18,26.440001,72000,19.560775
2012-03-15,26.49,26.49,26.049999,26.120001,154100,19.324034
2012-03-14,27.040001,27.040001,26.33,26.440001,152400,19.560775
2012-03-13,26.719999,27.17,26.52,26.85,75300,19.8641
2012-03-12,26.639999,26.83,26.42,26.530001,95700,19.627359
2012-03-09,26.68,26.700001,26.469999,26.59,85000,19.671747
2012-03-08,26.559999,26.66,26.43,26.52,83100,19.61996
2012-03-07,26.25,26.450001,26.07,26.389999,121600,19.523783
2012-03-06,26.23,26.23,25.690001,26.129999,196900,19.331431
2012-03-05,27.15,27.15,26.41,26.41,123000,19.53858
2012-03-02,27.15,27.209999,26.99,27.049999,98900,20.012063
2012-03-01,26.58,27.50,26.57,26.950001,281000,19.938082
2012-02-29,26.379999,26.48,26.299999,26.450001,109300,19.568173
2012-02-28,26.43,26.49,26.25,26.309999,91300,19.464598
2012-02-27,26.23,26.52,26.219999,26.360001,117700,19.50159
2012-02-24,26.219999,26.33,26.110001,26.23,111000,19.405413
2012-02-23,26.360001,26.360001,26.01,26.129999,169700,19.331431
2012-02-22,26.219999,26.389999,26.08,26.290001,128000,19.449803
2012-02-21,26.299999,26.469999,26.15,26.32,140900,19.471996
2012-02-17,26.68,26.799999,26.27,26.290001,61000,19.449803
2012-02-16,26.860001,27.309999,26.84,27.24,210400,19.847084
2012-02-15,26.74,26.889999,26.639999,26.83,111900,19.548358
2012-02-14,26.870001,26.90,26.559999,26.709999,139400,19.460925
2012-02-13,26.76,26.950001,2
6.540001,26.90,129300,19.59936
2012-02-10,26.85,26.92,26.469999,26.610001,147600,19.388066
2012-02-09,26.959999,26.959999,26.77,26.85,86400,19.56293
2012-02-08,26.860001,27.030001,26.860001,26.879999,97900,19.584787
2012-02-07,26.92,27.01,26.74,26.90,99800,19.59936
2012-02-06,27.030001,27.040001,26.74,26.950001,107200,19.635791
2012-02-03,27.200001,27.200001,26.82,27.030001,162500,19.694079
2012-02-02,26.610001,27.450001,26.610001,26.870001,243500,19.577503
2012-02-01,26.99,26.99,26.42,26.629999,222300,19.402637
2012-01-31,26.280001,26.559999,26.209999,26.450001,191700,19.27149
2012-01-30,25.52,26.24,25.52,26.10,158000,19.01648
2012-01-27,25.950001,25.959999,25.540001,25.66,103400,18.695895
2012-01-26,26.209999,26.25,25.92,25.92,127200,18.885331
2012-01-25,25.90,26.139999,25.879999,26.09,152600,19.009193
2012-01-24,26.049999,26.200001,25.950001,26.040001,116700,18.972764
2012-01-23,26.059999,26.290001,26.059999,26.200001,111100,19.08934
2012-01-20,26.030001,26.09,25.84,26.01,128600,18.950905
2012-01-19,26.07,26.07,25.83,26.049999,122100,18.980049
2012-01-18,26.030001,26.09,25.85,26.049999,135000,18.980049
2012-01-17,26.07,26.10,25.950001,26.00,198000,18.943619
2012-01-13,25.92,26.040001,25.889999,25.969999,144200,18.921761
2012-01-12,26.02,26.02,25.790001,25.90,121200,18.870759
2012-01-11,26.00,26.040001,25.879999,25.950001,106400,18.90719
2012-01-10,26.030001,26.030001,25.879999,26.00,127200,18.943619
2012-01-09,26.00,26.030001,25.65,26.00,188700,18.943619
2012-01-06,26.049999,26.219999,25.780001,25.90,175600,18.870759
2012-01-05,26.07,26.18,25.870001,26.110001,107100,19.023766
2012-01-04,25.73,26.10,25.719999,26.07,105700,18.994621
2012-01-03,25.889999,25.959999,25.440001,25.690001,129300,18.717753
2011-12-30,25.870001,25.93,25.76,25.77,88200,18.776041
2011-12-29,25.68,25.90,25.610001,25.90,90000,18.870759
2011-12-28,25.67,25.67,25.35,25.639999,88100,18.681323
2011-12-27,25.74,25.780001,25.540001,25.549999,78000,18.615748
2011-12-23,25.60,25.889999,25.370001,25.67,117800,18.703181
2011-12-22,25.43,25.48,25.26,25.43,134300,18.528317
2011-12-21,25.190001,25.34,25.15,25.26,108500,18.404455
2011-12-20,25.65,25.889999,25.059999,25.290001,273900,18.426313
2011-12-19,25.790001,25.82,25.540001,25.610001,136600,18.659465
2011-12-16,25.50,25.780001,25.49,25.77,118300,18.776041
2011-12-15,25.120001,25.469999,25.120001,25.469999,161700,18.55746
2011-12-14,25.120001,25.23,24.879999,25.07,133700,18.26602
2011-12-13,25.129999,25.25,24.969999,25.10,99400,18.287879
2011-12-12,24.93,25.129999,24.85,24.969999,150100,18.19316
2011-12-09,25.059999,25.24,24.91,24.950001,105100,18.178589
2011-12-08,24.93,25.129999,24.870001,25.09,73400,18.280593
2011-12-07,25.190001,25.24,25.08,25.190001,98000,18.353453
2011-12-06,25.08,25.24,24.91,25.16,104200,18.331595
2011-12-05,25.17,25.219999,24.98,24.99,122200,18.207732
2011-12-02,25.139999,25.17,25.00,25.139999,157500,18.317022
2011-12-01,24.91,25.110001,24.84,25.040001,128000,18.244163
2011-11-30,25.10,25.10,24.74,24.84,164100,18.098443
2011-11-29,24.23,24.67,24.129999,24.67,160400,17.97458
2011-11-28,24.32,24.32,23.950001,24.139999,83600,17.588421
2011-11-25,23.73,24.08,23.73,23.83,44400,17.362556
2011-11-23,24.299999,24.309999,23.73,23.73,118500,17.289695
2011-11-22,24.35,24.610001,24.280001,24.280001,82700,17.690426
2011-11-21,24.25,24.540001,23.90,24.48,119600,17.836146
2011-11-18,24.59,24.73,24.290001,24.469999,17800,17.82886
2011-11-17,25.15,25.15,24.870001,24.940001,70000,17.87039
2011-11-16,24.93,25.219999,24.860001,25.07,84100,17.963539
2011-11-15,25.00,25.15,24.57,25.
02,126600,17.927713
2011-11-14,25.129999,25.23,25.040001,25.040001,73100,17.942044
2011-11-11,24.959999,25.120001,24.91,25.120001,84500,17.999367
2011-11-10,24.51,24.799999,24.42,24.780001,101700,17.755744
2011-11-09,24.41,24.58,24.219999,24.48,75100,17.540783
2011-11-08,24.59,24.610001,24.030001,24.610001,94400,17.633933
2011-11-07,24.690001,24.709999,24.290001,24.41,100900,17.490626
2011-11-04,24.18,24.540001,24.139999,24.540001,89000,17.583776
2011-11-03,24.370001,24.43,24.059999,24.389999,83100,17.476295
2011-11-02,24.389999,24.389999,24.040001,24.10,89300,17.2685
2011-11-01,23.889999,24.219999,23.77,24.040001,91000,17.225509
2011-10-31,24.57,24.57,24.25,24.469999,41900,17.533618
2011-10-28,24.549999,24.610001,24.41,24.559999,61600,17.598106
2011-10-27,24.52,24.799999,24.32,24.450001,161700,17.519288
2011-10-26,24.450001,24.450001,24.16,24.290001,104500,17.404642
2011-10-25,24.40,24.41,24.040001,24.049999,120000,17.232673
2011-10-24,24.52,24.66,24.25,24.35,85300,17.447634
2011-10-21,24.25,24.59,24.24,24.379999,125400,17.469129
2011-10-20,24.68,24.68,24.049999,24.290001,138900,17.404642
2011-10-19,24.07,24.57,24.01,24.540001,144000,17.583776
2011-10-18,24.18,24.23,23.93,24.059999,89700,17.239838
2011-10-17,24.23,24.43,23.83,24.09,97500,17.261335
2011-10-14,23.940001,24.27,23.809999,24.139999,104500,17.297161
2011-10-13,23.690001,23.780001,23.299999,23.77,87300,17.032044
2011-10-12,23.75,23.92,23.65,23.75,90900,17.017713
2011-10-11,23.639999,23.73,23.50,23.709999,98100,16.989051
2011-10-10,23.040001,23.719999,23.040001,23.719999,89900,16.996216
2011-10-07,23.00,23.040001,22.68,22.92,95500,16.422988
2011-10-06,22.60,23.110001,22.440001,22.98,114000,16.46598
2011-10-05,22.09,22.66,21.959999,22.60,97700,16.193697
2011-10-04,22.00,22.07,21.00,22.049999,301300,15.799602
2011-10-03,22.469999,22.540001,22.02,22.139999,119900,15.86409
2011-09-30,22.83,22.950001,22.440001,22.559999,87500,16.165035
2011-09-29,23.08,23.190001,22.700001,22.959999,130700,16.451649
2011-09-28,23.49,23.50,22.85,22.93,134900,16.430154
2011-09-27,23.67,23.85,23.33,23.360001,97600,16.738264
2011-09-26,23.52,23.58,23.17,23.40,98600,16.766925
2011-09-23,23.700001,23.75,23.290001,23.32,110000,16.709602
2011-09-22,23.65,23.870001,23.49,23.559999,178700,16.881571
2011-09-21,24.40,24.42,23.879999,23.950001,102600,17.16102
2011-09-20,24.469999,24.559999,24.26,24.309999,183900,17.418972
2011-09-19,24.00,24.290001,23.780001,24.27,100500,17.390311
2011-09-16,24.209999,24.24,23.879999,24.07,61000,17.247004
2011-09-15,24.200001,24.24,23.870001,24.15,105100,17.304327
2011-09-14,24.16,24.209999,23.879999,23.99,119600,17.189681
2011-09-13,24.18,24.18,23.59,24.10,153400,17.2685
2011-09-12,24.190001,24.540001,23.870001,24.07,93400,17.247004
2011-09-09,24.40,24.40,23.940001,24.33,146900,17.433303
2011-09-08,24.50,24.629999,24.299999,24.440001,82300,17.512122
2011-09-07,24.77,24.85,24.40,24.57,123300,17.605271
2011-09-06,24.459999,24.75,24.15,24.73,76800,17.719917
2011-09-02,24.549999,24.77,24.200001,24.76,67600,17.741413
2011-09-01,24.799999,24.85,24.52,24.690001,88400,17.691256
2011-08-31,24.76,24.969999,24.41,24.41,82500,17.490626
2011-08-30,24.24,24.719999,24.200001,24.610001,105800,17.633933
2011-08-29,23.950001,24.280001,23.629999,24.27,97900,17.390311
2011-08-26,23.780001,24.00,23.299999,23.700001,145400,16.981886
2011-
08-25,24.25,24.290001,23.67,23.82,111500,17.06787
2011-08-24,24.17,24.18,23.48,24.09,86900,17.261335
2011-08-23,23.940001,24.00,23.65,23.90,105200,17.125193
2011-08-22,24.280001,24.280001,23.18,23.76,202500,17.024878
2011-08-19,24.18,24.57,24.18,24.34,99000,17.146689
2011-08-18,24.950001,24.959999,24.309999,24.51,107400,17.266448
2011-08-17,25.15,25.27,24.76,25.17,110600,17.731395
2011-08-16,25.09,25.110001,24.67,24.969999,73100,17.590502
2011-08-15,25.43,25.57,25.16,25.299999,120300,17.822975
2011-08-12,25.280001,25.57,24.90,25.219999,220400,17.766618
2011-08-11,24.719999,25.309999,24.35,25.24,224000,17.780708
2011-08-10,24.00,24.940001,23.68,24.65,183500,17.365073
2011-08-09,22.889999,25.200001,22.50,24.10,374000,16.977618
2011-08-08,22.60,23.389999,21.67,21.809999,388700,15.364391
2011-08-05,24.280001,24.48,22.280001,23.76,337200,16.738099
2011-08-04,25.23,25.23,24.139999,24.200001,220700,17.048064
2011-08-03,25.370001,25.389999,24.93,25.17,144700,17.731395
2011-08-02,25.34,25.40,25.10,25.190001,108200,17.745485
2011-08-01,25.280001,25.540001,25.110001,25.34,112500,17.851155
2011-07-29,24.90,25.129999,24.85,25.10,128500,17.682083
2011-07-28,24.93,25.16,24.92,25.00,152000,17.611636
2011-07-27,25.32,25.459999,24.950001,25.00,138400,17.611636
2011-07-26,25.52,25.68,25.139999,25.23,198300,17.773663
2011-07-25,25.799999,25.799999,25.450001,25.610001,128700,18.041361
2011-07-22,25.85,25.85,25.690001,25.790001,84300,18.168165
2011-07-21,25.98,26.059999,25.719999,25.83,107600,18.196342
2011-07-20,26.110001,26.23,25.82,25.879999,111900,18.231565
2011-07-19,26.10,26.18,25.85,26.049999,93900,18.351324
2011-07-18,26.389999,26.389999,25.719999,25.889999,134800,18.23861
2011-07-15,25.799999,25.860001,25.67,25.860001,95500,18.217477
2011-07-14,25.52,25.67,25.469999,25.620001,127000,18.048405
2011-07-13,25.49,25.59,25.299999,25.40,122700,17.893422
2011-07-12,25.68,25.68,25.190001,25.33,122600,17.84411
2011-07-11,25.25,25.549999,25.10,25.549999,126400,17.999092
2011-07-08,25.879999,25.879999,25.370001,25.530001,157700,17.985003
2011-07-07,26.049999,26.219999,25.860001,25.92,179300,18.259744
2011-07-06,26.27,26.34,25.93,26.01,114700,18.323146
2011-07-05,26.25,26.379999,26.00,26.08,59400,18.372459
2011-07-01,25.99,26.23,25.719999,26.01,71400,18.323146
2011-06-30,25.799999,25.90,25.639999,25.90,109100,18.245655
2011-06-29,25.700001,25.82,25.639999,25.690001,167700,18.097718
2011-06-28,25.52,25.700001,25.52,25.700001,164200,18.104763
2011-06-27,25.389999,25.629999,25.33,25.540001,145800,17.992048
2011-06-24,25.15,25.35,25.120001,25.33,95200,17.84411
2011-06-23,25.049999,25.15,24.92,25.15,141200,17.717306
2011-06-22,25.139999,25.18,25.00,25.129999,137200,17.703216
2011-06-21,25.280001,25.280001,24.969999,25.049999,305100,17.646859
2011-06-20,25.09,25.09,24.92,25.08,117300,17.667993
2011-06-17,25.17,25.200001,24.90,24.99,110000,17.604591
2011-06-16,25.049999,25.15,24.75,24.959999,180800,17.583457
2011-06-15,25.219999,25.25,24.870001,25.00,132100,17.611636
2011-06-14,25.00,25.139999,24.950001,25.139999,137800,17.710261
2011-06-13,25.15,25.290001,24.83,24.92,184500,17.555279
2011-06-10,25.129999,25.129999,24.82,25.02,126800,17.625726
2011-06-09,25.030001,25.139999,24.92,25.10,105400,17.682083
2011-06-08,25.09,25.120001,24.790001,24.889999,157700,17.534145
2011-06-07,25.40,25.43,24.969999,24.99,232200,17.604591
2011-06-06,25.48,25.700001,24.940001,25.16,155400,17.724351
2011-06-03,25.48,25.549999,25.26,25.450001,101200,17.928646
2011-06-02,25.799999,25.799999,25.
360001,25.60,150700,18.034316
2011-06-01,25.98,25.98,25.25,25.40,151100,17.893422
2011-05-31,25.74,25.91,25.459999,25.700001,177800,18.104763
2011-05-27,25.950001,25.99,25.42,25.58,148300,18.020226
2011-05-26,25.07,25.690001,25.07,25.67,143300,18.083628
2011-05-25,25.16,25.299999,25.07,25.110001,204500,17.689128
2011-05-24,25.40,25.549999,25.030001,25.110001,177600,17.689128
2011-05-23,25.309999,25.530001,25.08,25.40,174800,17.893422
2011-05-20,25.700001,25.809999,25.370001,25.57,238300,18.013181
2011-05-19,26.139999,26.43,26.059999,26.10,250000,18.099127
2011-05-18,25.90,26.35,25.719999,26.00,241900,18.029781
2011-05-17,25.889999,25.940001,25.41,25.67,243400,17.800942
2011-05-16,26.10,26.26,25.67,25.76,135300,17.863353
2011-05-13,26.50,26.610001,26.10,26.129999,153800,18.11993
2011-05-12,26.299999,26.42,26.059999,26.42,145000,18.321032
2011-05-11,26.450001,26.459999,26.120001,26.309999,209600,18.244752
2011-05-10,26.299999,26.450001,26.129999,26.42,179600,18.321032
2011-05-09,26.42,26.77,25.639999,26.15,128000,18.133799
2011-05-06,26.09,26.41,26.02,26.25,235700,18.203145
2011-05-05,26.24,26.24,25.110001,25.76,523300,17.863353
2011-05-04,26.950001,26.959999,26.10,26.440001,294000,18.334901
2011-05-03,27.030001,27.059999,26.59,26.870001,156000,18.633086
2011-05-02,27.24,27.50,26.790001,26.940001,158000,18.681628
2011-04-29,26.74,27.110001,26.690001,27.049999,144000,18.757907
2011-04-28,26.58,26.969999,26.309999,26.74,179500,18.542937
2011-04-27,26.530001,26.610001,25.92,26.459999,197600,18.348769
2011-04-26,26.549999,26.690001,26.10,26.389999,224500,18.300228
2011-04-25,26.450001,26.58,26.280001,26.50,196900,18.376508
2011-04-21,26.299999,26.469999,25.92,26.24,139000,18.19621
2011-04-20,26.360001,26.65,26.10,26.25,173000,18.203145
2011-04-19,26.40,26.65,26.200001,26.290001,181000,18.230884
2011-04-18,26.440001,26.450001,26.129999,26.440001,158500,18.334901
2011-04-15,26.790001,26.950001,26.469999,26.58,145000,18.431984
2011-04-14,26.299999,26.68,26.110001,26.58,168000,18.431984
2011-04-13,26.280001,26.549999,26.110001,26.40,191300,18.307162
2011-04-12,26.40,26.58,25.77,26.10,178400,18.099127
2011-04-11,26.950001,26.969999,26.35,26.40,143000,18.307162
2011-04-08,26.709999,26.84,26.51,26.82,154300,18.598413
2011-04-07,26.65,26.809999,26.35,26.709999,190800,18.522133
2011-04-06,26.889999,26.92,26.459999,26.549999,258000,18.41118
2011-04-05,27.190001,27.190001,26.43,26.66,447300,18.48746
2011-04-04,26.58,27.10,26.530001,26.959999,419700,18.695496
2011-04-01,26.299999,26.76,26.27,26.58,259100,18.431984
2011-03-31,26.200001,26.32,26.200001,26.299999,211800,18.237817
2011-03-30,25.75,26.209999,25.75,26.190001,292800,18.161538
2011-03-29,25.51,25.75,25.40,25.74,330200,17.849483
2011-03-28,25.379999,25.59,25.32,25.35,228700,17.579037
2011-03-25,25.65,25.77,25.459999,25.49,195700,17.67612
2011-03-24,25.67,25.719999,25.52,25.629999,239500,17.773203
2011-03-23,25.35,25.700001,25.34,25.700001,253400,17.821746
2011-03-22,25.299999,25.389999,25.18,25.35,223600,17.579037
2011-03-21,25.50,25.75,25.15,25.25,311800,17.509692
2011-03-18,25.34,25.48,25.309999,25.360001,173200,17.585972
2011-03-17,25.389999,25.42,25.17,25.25,226500,17.509692
2011-03-16,25.40,25.41,25.24,25.26,231400,17.516626
2011-03-15,25.24,25.33,24.98,25.299999,273500,17.544364
2011-03-14,25.35,25.41,25.309999,25.32,273600,17.558233
2011-03-11,25.120001,25.379999,24.959999,25.379999,246600,17.59984
2011-03-10,25.35,25.559999,24.98,25.07,298500,17.38487
2011-03-09,25.27,25.33,25.24,25.299999,205700,17.544364
2011-03-08,25.280001,25.360001,25.16,25.309999,262600,17.551298
2011-03-07,25.469999,25.52,25.219999,25.2
80001,219000,17.530496
2011-03-04,25.42,25.48,25.32,25.40,215000,17.613709
2011-03-03,25.35,25.48,25.33,25.389999,217000,17.606775
2011-03-02,25.309999,25.309999,25.18,25.309999,316200,17.551298
2011-03-01,25.200001,25.23,25.09,25.17,205700,17.454215
2011-02-28,25.299999,25.299999,25.01,25.139999,195000,17.433411
2011-02-25,25.08,25.25,25.030001,25.209999,195200,17.481953
2011-02-24,24.860001,25.129999,24.76,24.99,214500,17.329394
2011-02-23,25.08,25.120001,24.91,24.92,201700,17.280852
2011-02-22,25.17,25.299999,25.01,25.049999,338700,17.371
2011-02-18,25.219999,25.23,25.10,25.120001,229900,17.419543
2011-02-17,24.92,25.25,24.92,25.219999,254600,17.488888
2011-02-16,25.00,25.10,24.950001,24.959999,279200,17.30859
2011-02-15,25.379999,25.65,25.290001,25.440001,377300,17.358518
2011-02-14,25.040001,25.370001,25.02,25.360001,260900,17.303932
2011-02-11,25.290001,25.360001,25.139999,25.24,313800,17.222051
2011-02-10,25.27,25.27,25.16,25.27,263100,17.242522
2011-02-09,25.120001,25.370001,25.01,25.16,416800,17.167465
2011-02-08,24.889999,25.07,24.799999,25.07,251600,17.106055
2011-02-07,24.950001,24.98,24.809999,24.969999,170400,17.037822
2011-02-04,24.92,24.98,24.700001,24.870001,170100,16.969589
2011-02-03,24.870001,24.950001,24.85,24.85,139400,16.955943
2011-02-02,24.99,25.00,24.90,24.940001,162500,17.017352
2011-02-01,24.700001,25.00,24.700001,24.950001,213200,17.024176
2011-01-31,24.700001,24.790001,24.549999,24.68,112600,16.839946
2011-01-28,24.700001,24.790001,24.51,24.700001,142200,16.853593
2011-01-27,24.75,24.790001,24.67,24.780001,154200,16.90818
2011-01-26,24.60,24.75,24.549999,24.68,203800,16.839946
2011-01-25,24.58,24.690001,24.540001,24.60,209100,16.78536
2011-01-24,24.540001,24.67,24.360001,24.59,242000,16.778536
2011-01-21,24.33,24.610001,24.32,24.49,164500,16.710303
2011-01-20,24.58,24.58,24.08,24.209999,134100,16.519249
2011-01-19,24.540001,24.77,24.450001,24.530001,193000,16.737597
2011-01-18,24.639999,24.809999,24.639999,24.700001,172600,16.853593
2011-01-14,24.65,24.76,24.52,24.76,269300,16.894533
2011-01-13,24.469999,24.690001,24.35,24.559999,195500,16.758066
2011-01-12,24.559999,24.690001,24.389999,24.389999,143600,16.642069
2011-01-11,24.51,24.610001,24.40,24.540001,159400,16.74442
2011-01-10,24.33,24.530001,24.219999,24.41,138100,16.655716
2011-01-07,24.469999,24.469999,24.17,24.43,259000,16.669363
2011-01-06,24.59,24.629999,24.110001,24.40,250700,16.648893
2011-01-05,23.799999,24.51,23.799999,24.379999,367800,16.635246
2011-01-04,24.50,24.50,24.16,24.34,175100,16.607953
2011-01-03,24.379999,24.610001,24.23,24.389999,269100,16.642069
2010-12-31,24.25,24.299999,24.200001,24.24,226200,16.53972
2010-12-30,24.01,24.299999,24.01,24.25,252400,16.546543
2010-12-29,24.200001,24.32,24.040001,24.32,152400,16.594306
2010-12-28,24.219999,24.299999,23.799999,24.200001,234800,16.512427
2010-12-27,24.059999,24.23,24.01,24.15,182400,16.47831
2010-12-23,24.01,24.35,23.92,24.17,174600,16.491957
2010-12-22,23.799999,24.120001,23.59,24.120001,321600,16.457841
2010-12-21,23.60,23.799999,23.440001,23.68,357700,16.157614
2010-12-20,23.940001,24.030001,23.540001,23.610001,366200,16.109851
2010-12-17,24.10,24.110001,23.92,23.969999,230300,16.35549
2010-12-16,24.40,24.40,24.049999,24.08,315900,16.430547
2010-12-15,24.50,24.540001,24.360001,24.42,127800,16.66254
2010-12-14,24.450001,24.67,24.33,24.50,274500,16.717126
2010-12-13,24.34,24.42,24.299999,24.35,138700,16.614777
2010-12-10,24.370001,24.389999,24.219999,24.33,209000,16.60113
2010-12-09,24.190001,24.42,24.120001,24.280001,269200,16.567014
2010-12-08,24.
370001,24.41,24.120001,24.32,188600,16.594306
2010-12-07,24.32,24.440001,24.219999,24.309999,196200,16.587483
2010-12-06,24.209999,24.540001,24.209999,24.40,219700,16.648893
2010-12-03,24.190001,24.58,24.190001,24.40,267400,16.648893
2010-12-02,24.450001,24.48,24.27,24.389999,179700,16.642069
2010-12-01,24.40,24.43,24.17,24.309999,222600,16.587483
2010-11-30,24.10,24.17,24.01,24.139999,111400,16.471486
2010-11-29,24.25,24.35,24.09,24.10,103300,16.444194
2010-11-26,24.280001,24.42,24.18,24.34,27300,16.607953
2010-11-24,24.01,24.370001,24.01,24.33,148200,16.60113
2010-11-23,23.90,24.25,23.90,23.959999,181300,16.348666
2010-11-22,24.49,24.49,24.049999,24.41,137900,16.655716
2010-11-19,24.379999,24.459999,24.030001,24.280001,176700,16.567014
2010-11-18,24.15,24.690001,24.00,24.34,202300,16.607953
2010-11-17,24.389999,24.42,24.049999,24.25,162500,16.300904
2010-11-16,24.59,24.59,23.99,23.99,362300,16.126131
2010-11-15,24.75,24.83,24.43,24.440001,156000,16.428623
2010-11-12,24.65,24.74,24.57,24.639999,90000,16.563063
2010-11-11,24.58,24.84,24.559999,24.75,177600,16.637005
2010-11-10,24.66,24.889999,24.51,24.83,144300,16.690781
2010-11-09,24.75,24.84,24.690001,24.76,227800,16.643727
2010-11-08,24.690001,24.709999,24.540001,24.709999,188200,16.610116
2010-11-05,24.68,24.85,24.58,24.700001,133400,16.603396
2010-11-04,24.85,24.889999,24.700001,24.74,188300,16.630283
2010-11-03,24.700001,24.84,24.629999,24.799999,180600,16.670615
2010-11-02,24.27,24.700001,24.27,24.700001,245100,16.603396
2010-11-01,24.540001,24.639999,24.43,24.59,133300,16.529453
2010-10-29,24.450001,24.629999,24.25,24.43,142700,16.421901
2010-10-28,24.309999,24.60,24.23,24.50,226000,16.468955
2010-10-27,24.50,24.73,24.25,24.33,145100,16.35468
2010-10-26,24.60,24.60,24.35,24.469999,187800,16.448788
2010-10-25,24.73,24.75,24.49,24.57,161200,16.516009
2010-10-22,24.58,24.74,24.549999,24.66,103000,16.576507
2010-10-21,24.700001,24.700001,24.450001,24.610001,84000,16.542897
2010-10-20,24.66,24.709999,24.48,24.610001,149000,16.542897
2010-10-19,24.559999,24.66,24.389999,24.389999,135000,16.395012
2010-10-18,24.65,24.67,24.40,24.67,127400,16.583229
2010-10-15,24.440001,24.67,24.379999,24.50,87600,16.468955
2010-10-14,24.690001,24.700001,24.43,24.540001,134900,16.495843
2010-10-13,24.75,24.75,24.629999,24.74,175500,16.630283
2010-10-12,24.00,24.75,24.00,24.75,120200,16.637005
2010-10-11,24.74,24.74,24.51,24.58,99000,16.522731
2010-10-08,24.709999,24.709999,24.469999,24.620001,101500,16.549619
2010-10-07,24.74,24.74,24.50,24.639999,100400,16.563063
2010-10-06,24.530001,24.73,24.530001,24.60,109100,16.536175
2010-10-05,24.65,24.700001,24.50,24.65,150300,16.569785
2010-10-04,24.16,24.59,24.16,24.57,137900,16.516009
2010-10-01,24.139999,24.35,24.10,24.35,100000,16.368125
2010-09-30,24.129999,24.190001,23.959999,24.049999,155400,16.166463
2010-09-29,24.299999,24.299999,24.00,24.02,170800,16.146298
2010-09-28,24.299999,24.299999,24.059999,24.17,165700,16.247128
2010-09-27,23.85,24.25,23.83,24.200001,273100,16.267294
2010-09-24,23.93,24.00,23.799999,23.82,191600,16.011857
2010-09-23,23.799999,24.040001,23.799999,23.82,214400,16.011857
2010-09-22,24.00,24.09,23.870001,24.07,232300,16.179907
2010-09-21,24.139999,24.190001,24.00,24.08,423600,16.18663
2010-09-20,24.16,24.24,24.02,24.139999,139700,16.226961
2010-09-17,24.00,24.18,24.00,24.139999,376300,16.226961
2010-09-16,24.42,24.42,24.00,24.01,241500,16.139576
2010-09-15,24.389999,24.469999,24.25,24.290001,307600,16.327793
2010-09-14,24.450001,24.639999,24.309999,24.389999,748300,16.395012
2010-09-13,24.950001,24.950001,24.389999,24.49,365800,16.462232
2010-09-10,24.51,24.85,24.25,24.85,468200,16.704226
2010-09-09,25.00,25.01,24.379999,24.48,1040300,16.45551
2010-09-08,25.00,25.030001,25.00,25.00,205300,16.805056
2010-09-07
,25.02,25.049999,25.00,25.00,89100,16.805056
2010-09-03,25.02,25.049999,25.00,25.02,37700,16.8185
2010-09-02,25.030001,25.08,25.00,25.02,37300,16.8185
2010-09-01,25.00,25.040001,25.00,25.01,96800,16.811778
2010-08-31,24.540001,25.040001,24.540001,25.00,119900,16.805056
2010-08-30,25.01,25.01,25.00,25.00,84200,16.805056
2010-08-27,25.00,25.01,25.00,25.00,103600,16.805056
2010-08-26,25.01,25.09,25.00,25.00,90700,16.805056
2010-08-25,25.00,25.01,25.00,25.00,155100,16.805056
2010-08-24,25.01,25.01,24.90,25.00,268600,16.805056
2010-08-23,25.00,25.01,25.00,25.00,94500,16.805056
2010-08-20,25.00,25.01,25.00,25.01,60900,16.811778
2010-08-19,25.00,25.01,25.00,25.01,69200,16.811778
2010-08-18,24.99,25.01,24.99,25.00,124300,16.805056
2010-08-17,25.01,25.01,25.00,25.00,64800,16.805056
2010-08-16,25.00,25.01,25.00,25.00,126200,16.805056
2010-08-13,25.00,25.01,25.00,25.00,203100,16.805056
2010-08-12,25.00,25.01,25.00,25.01,221100,16.811778
2010-08-11,25.00,25.01,25.00,25.00,254900,16.805056
2010-08-10,25.00,25.01,25.00,25.00,212700,16.805056
2010-08-09,25.01,25.01,25.00,25.00,139500,16.805056
2010-08-06,25.00,25.01,25.00,25.00,372200,16.805056
2010-08-05,25.01,25.01,25.00,25.00,237400,16.805056
2010-08-04,25.01,25.01,25.00,25.00,117400,16.805056
2010-08-03,25.00,25.01,25.00,25.00,270200,16.805056
2010-08-02,25.01,25.01,24.98,25.00,445400,16.805056
2010-07-30,25.01,25.01,25.00,25.00,192100,16.805056
2010-07-29,25.00,25.01,25.00,25.00,303300,16.805056