Date,Open,High,Low,Close,Volume,Adj Close
2016-08-05,9.95,10.03,9.76,9.80,72700,9.80
2016-08-04,9.75,9.98,9.65,9.87,113600,9.87
2016-08-03,9.66,9.715,9.52,9.61,50700,9.61
2016-08-02,9.59,9.85,9.59,9.67,81500,9.67
2016-08-01,9.85,9.85,9.57,9.70,64700,9.70
2016-07-29,10.30,10.37,9.80,9.85,159900,9.85
2016-07-28,9.40,9.72,9.17,9.62,59400,9.62
2016-07-27,9.42,9.55,9.27,9.43,208800,9.43
2016-07-26,9.44,9.48,9.18,9.40,40600,9.40
2016-07-25,9.16,9.68,8.98,9.48,78500,9.48
2016-07-22,9.00,9.28,8.85,9.15,71100,9.15
2016-07-21,9.18,9.18,8.88,8.97,190000,8.97
2016-07-20,9.00,9.13,8.87,8.95,161500,8.95
2016-07-19,9.22,9.26,8.95,9.02,74000,9.02
2016-07-18,9.31,9.592,9.06,9.15,144400,9.15
2016-07-15,9.85,9.85,9.32,9.35,89500,9.35
2016-07-14,9.95,9.95,9.66,9.72,56700,9.72
2016-07-13,10.14,10.14,9.61,9.89,17000,9.89
2016-07-12,10.05,10.21,9.895,10.00,126200,10.00
2016-07-11,9.74,10.15,9.74,10.00,53200,10.00
2016-07-08,9.63,9.87,9.54,9.80,108600,9.80
2016-07-07,9.52,9.64,9.46,9.50,55800,9.50
2016-07-06,9.49,9.78,9.23,9.45,73100,9.45
2016-07-05,9.87,9.87,9.25,9.55,48300,9.55
2016-07-01,9.60,10.02,9.36,9.96,81600,9.96
2016-06-30,9.55,9.56,9.21,9.54,55000,9.54
2016-06-29,9.46,9.56,9.14,9.45,45800,9.45
2016-06-28,8.88,9.45,8.88,9.23,59200,9.23
2016-06-27,9.26,9.29,8.71,8.74,60800,8.74
2016-06-24,9.55,9.72,9.36,9.40,206200,9.40
2016-06-23,9.79,10.10,9.71,9.96,28500,9.96
2016-06-22,9.80,10.18,9.54,9.57,24000,9.57
2016-06-21,10.26,10.64,9.67,9.81,59100,9.81
2016-06-20,10.29,10.48,10.24,10.24,39300,10.24
2016-06-17,10.46,10.50,10.18,10.20,83600,10.20
2016-06-16,10.28,10.49,10.13,10.44,27100,10.44
2016-06-15,10.44,10.51,10.235,10.35,25800,10.35
2016-06-14,10.35,10.44,10.24,10.43,38600,10.43
2016-06-13,10.35,10.61,10.33,10.37,47900,10.37
2016-06-10,10.52,10.89,10.255,10.37,20600,10.37
2016-06-09,11.05,11.15,10.70,10.72,32400,10.72
2016-06-08,10.66,11.18,10.52,11.05,40800,11.05
2016-06-07,10.09,10.69,10.04,10.62,36100,10.62
2016-06-06,10.26,10.42,9.97,10.12,33800,10.12
2016-06-03,9.96,10.36,9.65,10.27,41400,10.27
2016-06-02,10.00,10.10,9.92,9.96,30100,9.96
2016-06-01,10.10,10.12,10.00,10.00,35400,10.00
2016-05-31,10.20,10.21,9.90,10.13,48800,10.13
2016-05-27,9.95,10.19,9.95,10.18,34900,10.18
2016-05-26,9.96,10.19,9.85,9.91,51400,9.91
2016-05-25,9.97,10.09,9.82,9.97,50900,9.97
2016-05-24,9.34,10.03,9.295,9.99,85300,9.99
2016-05-23,9.11,9.32,9.08,9.20,40300,9.20
2016-05-20,8.78,9.20,8.78,9.15,41100,9.15
2016-05-19,8.77,8.84,8.62,8.71,31700,8.71
2016-05-18,8.86,8.94,8.71,8.82,57400,8.82
2016-05-17,8.89,9.04,8.71,8.74,57500,8.74
2016-05-16,9.13,9.26,8.88,8.90,26300,8.90
2016-05-13,8.88,9.26,8.71,8.95,121900,8.95
2016-05-12,9.04,9.11,8.96,8.98,58700,8.98
2016-05-11,9.3
1,9.31,9.02,9.13,52400,9.13
2016-05-10,9.74,9.74,9.25,9.36,37700,9.36
2016-05-09,9.07,9.82,9.07,9.43,50500,9.43
2016-05-06,9.41,9.45,9.25,9.29,44100,9.29
2016-05-05,9.80,10.11,9.32,9.35,72800,9.35
2016-05-04,10.23,10.24,9.53,9.57,81100,9.57
2016-05-03,10.75,10.75,10.27,10.29,93400,10.29
2016-05-02,11.11,11.11,10.685,10.86,94200,10.86
2016-04-29,10.95,11.445,10.95,11.13,174600,11.13
2016-04-28,12.11,12.35,11.88,12.25,147200,12.25
2016-04-27,12.28,12.38,12.06,12.19,24800,12.19
2016-04-26,12.31,12.32,12.12,12.22,30800,12.22
2016-04-25,12.32,12.34,12.12,12.21,39100,12.21
2016-04-22,12.50,12.54,12.26,12.31,26000,12.31
2016-04-21,12.30,12.59,12.30,12.51,28400,12.51
2016-04-20,12.27,12.46,12.14,12.36,44500,12.36
2016-04-19,12.54,12.79,12.18,12.26,58800,12.26
2016-04-18,12.44,12.71,12.32,12.54,28200,12.54
2016-04-15,12.37,12.69,12.17,12.55,52800,12.55
2016-04-14,12.55,12.67,12.245,12.37,47000,12.37
2016-04-13,12.30,12.60,12.10,12.52,43800,12.52
2016-04-12,12.19,12.36,12.02,12.25,53900,12.25
2016-04-11,12.25,12.25,11.95,12.16,29500,12.16
2016-04-08,12.27,12.27,11.90,12.14,35100,12.14
2016-04-07,11.95,12.14,11.78,12.08,38100,12.08
2016-04-06,11.60,12.18,11.54,12.07,39900,12.07
2016-04-05,11.50,11.86,11.40,11.65,72000,11.65
2016-04-04,12.31,12.31,11.35,11.65,70200,11.65
2016-04-01,12.21,12.35,11.84,12.27,77700,12.27
2016-03-31,11.78,12.43,11.78,12.26,114500,12.26
2016-03-30,11.82,11.89,11.64,11.74,34700,11.74
2016-03-29,11.15,11.77,11.15,11.73,102700,11.73
2016-03-28,11.19,11.42,11.06,11.18,59600,11.18
2016-03-24,11.10,11.395,10.94,11.19,73900,11.19
2016-03-23,11.45,11.49,11.06,11.10,40100,11.10
2016-03-22,11.72,11.73,11.35,11.47,34200,11.47
2016-03-21,12.14,12.17,11.70,11.74,42600,11.74
2016-03-18,11.95,12.13,11.74,12.01,58700,12.01
2016-03-17,11.33,11.83,11.15,11.80,50500,11.80
2016-03-16,11.14,11.48,11.11,11.32,22900,11.32
2016-03-15,11.63,11.63,11.13,11.20,30500,11.20
2016-03-14,11.32,11.70,11.18,11.65,42200,11.65
2016-03-11,11.12,11.45,11.12,11.34,36800,11.34
2016-03-10,11.42,11.52,10.87,11.01,62700,11.01
2016-03-09,11.15,11.57,10.90,11.35,73200,11.35
2016-03-08,11.35,11.50,10.89,11.08,120200,11.08
2016-03-07,10.72,11.48,10.72,11.47,112900,11.47
2016-03-04,10.50,10.83,10.36,10.75,146200,10.75
2016-03-03,10.20,10.79,10.16,10.41,79400,10.41
2016-03-02,10.23,10.30,10.00,10.28,119500,10.28
2016-03-01,10.22,10.39,9.81,10.19,116200,10.19
2016-02-29,10.06,10.19,9.76,10.05,181900,10.05
2016-02-26,10.60,10.94,9.81,10.10,273400,10.10
2016-02-25,8.45,8.76,8.20,8.66,76700,8.66
2016-02-24,7.95,8.51,7.95,8.41,73600,8.41
2016-02-23,8.00,8.15,7.81,7.99,123400,7.99
2016-02-22,7.74,8.13,7.71,8.00,44200,8.00
2016-02-19,7.75,7.85,7.66,7.68,49200,7.68
2016-02-18,8.08,8.08,7.75,7.78,62100,7.78
2016-02-17,8.18,8.24,7.89,8.06,51600,8.06
2016-02-16,7.95,8.11,7.80,8.09,54200,8.09
2016-02-12,7.76,7.985,7.60,7.78,72900,7.78
2016-02-11,7.59,7.90,7.51,7.66,69100,7.66
2016-02-10,8.01,8.13,7.64,7.74,81400,7.74
2016-02-09,7.99,8.08,7.65,7.90,78000,7.90
2016-02-08,8.24,8.345,7.81,8.06,100000,8.06
2016-02-05,8.94,8.99,8.35,8.36,81600,8.36
2016-02-04,8.90,9.13,8.665,8.87,69500,8.87
2016-02-03,9.22,9.22,8.52,8.78,88400,8.78
2016-02-02,9.45,9.56,8.93,8.99,81400,8.99
2016-02-
01,10.07,10.21,9.55,9.58,126400,9.58
2016-01-29,9.60,10.25,9.57,10.13,102600,10.13
2016-01-28,9.80,10.08,9.45,9.61,56300,9.61
2016-01-27,9.36,9.82,9.28,9.73,139300,9.73
2016-01-26,9.46,9.612,9.20,9.34,174500,9.34
2016-01-25,10.15,10.15,9.44,9.45,93700,9.45
2016-01-22,9.88,10.25,9.64,10.15,72300,10.15
2016-01-21,9.46,9.78,9.15,9.70,86300,9.70
2016-01-20,9.16,9.55,8.74,9.42,122800,9.42
2016-01-19,9.80,9.915,9.25,9.31,187300,9.31
2016-01-15,9.47,9.70,9.34,9.65,114400,9.65
2016-01-14,10.00,10.18,9.71,9.96,76500,9.96
2016-01-13,10.83,10.94,9.90,10.05,106300,10.05
2016-01-12,11.12,11.17,10.69,10.83,175600,10.83
2016-01-11,11.29,11.29,10.91,11.06,51800,11.06
2016-01-08,11.07,11.44,10.95,11.22,136100,11.22
2016-01-07,11.77,11.85,10.95,11.06,200300,11.06
2016-01-06,12.10,12.31,11.97,12.02,132200,12.02
2016-01-05,12.54,12.66,12.12,12.21,146700,12.21
2016-01-04,12.75,12.78,12.13,12.45,229900,12.45
2015-12-31,12.79,13.06,12.57,12.96,52300,12.96
2015-12-30,12.98,13.00,12.81,12.88,39400,12.88
2015-12-29,13.04,13.15,12.73,12.89,38400,12.89
2015-12-28,12.99,13.07,12.62,13.06,41700,13.06
2015-12-24,12.86,13.19,12.86,13.08,35600,13.08
2015-12-23,12.68,12.92,12.68,12.92,47500,12.92
2015-12-22,12.42,12.815,12.20,12.62,44600,12.62
2015-12-21,12.21,12.375,11.94,12.36,123400,12.36
2015-12-18,12.66,12.66,12.095,12.14,325000,12.14
2015-12-17,13.15,13.23,12.67,12.77,75800,12.77
2015-12-16,12.29,13.20,12.18,13.08,128000,13.08
2015-12-15,12.52,12.69,11.98,12.17,155900,12.17
2015-12-14,12.02,12.75,11.95,12.34,195100,12.34
2015-12-11,11.96,12.26,11.96,11.98,316200,11.98
2015-12-10,12.19,12.46,11.97,12.02,265500,12.02
2015-12-09,12.44,12.60,12.37,12.47,151500,12.47
2015-12-08,12.47,12.722,12.47,12.61,97000,12.61
2015-12-07,12.55,12.76,12.41,12.63,176400,12.63
2015-12-04,12.65,12.78,12.48,12.55,1195200,12.55
2015-12-03,13.26,13.26,12.37,12.68,220500,12.68
2015-12-02,14.00,14.00,12.62,13.04,114400,13.04
2015-12-01,14.64,14.79,14.42,14.72,90600,14.72
2015-11-30,14.90,14.99,14.62,14.67,62400,14.67
2015-11-27,14.98,15.10,14.94,14.98,9600,14.98
2015-11-25,14.36,15.08,14.36,15.00,13700,15.00
2015-11-24,14.33,14.76,14.20,14.32,48800,14.32
2015-11-23,14.92,14.95,14.34,14.52,33400,14.52
2015-11-20,15.08,15.23,14.665,14.91,40100,14.91
2015-11-19,14.79,14.96,14.43,14.93,40200,14.93
2015-11-18,14.46,14.81,14.38,14.75,40800,14.75
2015-11-17,14.46,14.65,14.31,14.36,22200,14.36
2015-11-16,13.64,14.46,13.43,14.45,30800,14.45
2015-11-13,13.84,14.10,13.55,13.72,65900,13.72
2015-11-12,14.24,14.37,13.88,13.97,69700,13.97
2015-11-11,14.21,14.64,14.20,14.38,48500,14.38
2015-11-10,14.45,14.50,13.91,14.10,107400,14.10
2015-11-09,14.59,14.59,14.04,14.44,60200,14.44
2015-11-06,13.85,14.58,13.36,14.52,32000,14.52
2015-11-05,15.30,16.549999,13.915,13.95,190000,13.95
2015-11-04,14.26,14.72,14.23,14.57,42600,14.57
2015-11-03,14.39,14.56,14.30,14.46,23000,14.46
2015-11-02,14.20,14.63,14.20,14.41,32900,14.41
2015-10-30,14.38,14.43,14.25,14.31,16500,14.31
2015-10-29,14.96,15.07,14.28,14.35,30000,14.35
2015-10-28,14.44,15.16,14.32,14.93,19400,14.93
2015-10-27,14.49,14.53,14.34,14.47,87600,14.47
2015-10-26,14.59,14.89,14.32,14.59,21100,14.59
2015-10-23,14.76,15.00,14.
39,14.70,39200,14.70
2015-10-22,14.36,14.71,14.14,14.68,32000,14.68
2015-10-21,14.47,14.61,14.21,14.32,16300,14.32
2015-10-20,13.59,14.40,13.46,14.35,50800,14.35
2015-10-19,13.49,13.82,13.29,13.56,20000,13.56
2015-10-16,13.33,13.66,13.10,13.51,34900,13.51
2015-10-15,13.39,13.82,13.22,13.29,37800,13.29
2015-10-14,13.79,13.88,13.225,13.40,18100,13.40
2015-10-13,14.12,14.606,13.66,13.74,14800,13.74
2015-10-12,14.23,14.29,14.17,14.28,10600,14.28
2015-10-09,14.00,14.28,14.00,14.25,14500,14.25
2015-10-08,13.72,14.13,13.63,14.04,13500,14.04
2015-10-07,13.15,13.70,13.15,13.67,22900,13.67
2015-10-06,13.18,13.43,12.94,13.23,23500,13.23
2015-10-05,13.12,13.50,12.95,13.20,35000,13.20
2015-10-02,12.80,13.09,12.53,13.08,23700,13.08
2015-10-01,13.01,13.08,12.70,12.88,29500,12.88
2015-09-30,12.74,13.21,12.59,12.95,78600,12.95
2015-09-29,13.00,13.04,12.79,12.93,46600,12.93
2015-09-28,13.45,13.45,13.02,13.05,51700,13.05
2015-09-25,13.70,13.70,13.26,13.44,66900,13.44
2015-09-24,13.64,13.80,13.00,13.60,60200,13.60
2015-09-23,13.82,14.03,13.62,13.68,24400,13.68
2015-09-22,14.28,14.375,13.57,13.73,66300,13.73
2015-09-21,15.08,15.42,14.34,14.51,90600,14.51
2015-09-18,14.29,15.23,14.29,14.78,134400,14.78
2015-09-17,14.36,14.81,14.36,14.54,33100,14.54
2015-09-16,14.23,14.48,13.67,14.39,43600,14.39
2015-09-15,14.10,14.30,13.93,14.16,59900,14.16
2015-09-14,14.02,14.22,13.89,14.15,28000,14.15
2015-09-11,14.27,14.385,13.96,14.04,32400,14.04
2015-09-10,13.82,14.27,13.69,14.19,36200,14.19
2015-09-09,14.05,14.20,13.79,13.85,32400,13.85
2015-09-08,13.85,14.19,13.85,14.05,37300,14.05
2015-09-04,13.87,14.095,13.58,13.62,17500,13.62
2015-09-03,14.15,14.34,13.85,14.00,58200,14.00
2015-09-02,14.30,14.56,13.58,14.10,91700,14.10
2015-09-01,14.44,15.30,14.02,14.34,280300,14.34
2015-08-31,13.88,14.96,13.86,14.88,55900,14.88
2015-08-28,13.70,14.10,13.70,13.80,48200,13.80
2015-08-27,13.44,14.57,13.44,13.78,208100,13.78
2015-08-26,13.91,13.92,13.28,13.37,80600,13.37
2015-08-25,13.72,14.04,13.44,13.53,101900,13.53
2015-08-24,14.00,14.00,13.40,13.50,125800,13.50
2015-08-21,14.25,14.555,14.25,14.36,55900,14.36
2015-08-20,14.96,15.00,14.41,14.58,56800,14.58
2015-08-19,14.87,15.26,14.67,15.21,73500,15.21
2015-08-18,15.18,15.22,14.94,15.01,109700,15.01
2015-08-17,14.74,15.21,14.725,15.07,87300,15.07
2015-08-14,14.18,14.75,14.18,14.74,73000,14.74
2015-08-13,13.92,14.31,13.67,14.23,70100,14.23
2015-08-12,13.80,14.17,13.46,13.96,157700,13.96
2015-08-11,14.19,14.43,13.785,13.95,69300,13.95
2015-08-10,14.41,14.45,14.16,14.30,178700,14.30
2015-08-07,15.35,15.35,14.52,14.70,172000,14.70
2015-08-06,15.36,15.63,13.05,15.37,232500,15.37
2015-08-05,16.809999,17.08,16.32,16.43,24100,16.43
2015-08-04,16.889999,16.90,16.10,16.84,52900,16.84
2015-08-03,17.030001,17.040001,16.26,16.84,46900,16.84
2015-07-31,16.469999,17.440001,16.02,16.969999,97500,16.969999
2015-07-30,16.75,16.75,16.00,16.40,189800,16.40
2015-07-29,17.23,17.379999,16.440001,16.719999,156200,16.719999
2015-07-28,16.870001,17.389999,16.60,17.18,62800,17.18
2015-07-27,17.00,17.35,16.780001,16.98,45600,16.98
2015-07-24,17.84,17.84,17.219999,17.23,34800,17.23
2015-07-23,17.84,17.870001,17.389999,17.77,57000,17.77
2015-07-22,16.700001,17.959999,16.700001,17.809999,60500,17.809999
2015-07-21,17.27,17.27,16.465,16.82,87
900,16.82
2015-07-20,17.07,17.49,16.41,17.139999,66300,17.139999
2015-07-17,17.23,17.32,16.879999,17.00,35500,17.00
2015-07-16,17.52,17.52,17.110001,17.24,44700,17.24
2015-07-15,17.75,17.75,17.33,17.52,19400,17.52
2015-07-14,17.799999,17.92,17.68,17.780001,17900,17.780001
2015-07-13,17.18,17.969999,17.18,17.77,42800,17.77
2015-07-10,17.059999,17.41,16.90,17.190001,43100,17.190001
2015-07-09,16.73,17.16,16.629999,16.799999,24400,16.799999
2015-07-08,16.799999,16.92,16.66,16.77,38700,16.77
2015-07-07,16.940001,17.110001,16.26,17.00,80300,17.00
2015-07-06,17.15,17.25,16.780001,16.959999,25000,16.959999
2015-07-02,17.51,17.700001,16.76,16.99,80400,16.99
2015-07-01,17.26,17.59,16.780001,17.52,47000,17.52
2015-06-30,17.110001,17.25,16.73,17.23,32000,17.23
2015-06-29,17.24,17.24,16.68,16.84,47300,16.84
2015-06-26,17.309999,17.559999,17.08,17.459999,110200,17.459999
2015-06-25,17.879999,17.879999,17.200001,17.290001,19000,17.290001
2015-06-24,16.74,17.68,16.74,17.309999,77900,17.309999
2015-06-23,16.90,16.950001,16.60,16.84,28200,16.84
2015-06-22,16.879999,17.76,16.700001,16.76,65200,16.76
2015-06-19,16.26,16.83,16.15,16.77,138800,16.77
2015-06-18,15.98,16.58,15.98,16.32,51700,16.32
2015-06-17,16.00,16.00,15.58,15.98,78000,15.98
2015-06-16,15.71,16.00,15.64,15.97,68500,15.97
2015-06-15,15.77,16.00,15.76,15.86,34000,15.86
2015-06-12,15.51,15.98,15.38,15.91,38100,15.91
2015-06-11,15.54,15.70,15.38,15.62,48800,15.62
2015-06-10,15.32,15.70,15.31,15.47,61900,15.47
2015-06-09,15.30,15.34,14.97,15.25,20300,15.25
2015-06-08,15.43,15.45,15.235,15.26,27300,15.26
2015-06-05,15.30,15.61,15.26,15.47,49400,15.47
2015-06-04,15.50,15.615,15.26,15.35,38500,15.35
2015-06-03,15.76,15.86,15.43,15.64,163800,15.64
2015-06-02,15.33,15.66,15.27,15.59,27700,15.59
2015-06-01,15.49,15.825,15.465,15.52,54100,15.52
2015-05-29,15.51,15.78,15.41,15.66,53800,15.66
2015-05-28,15.32,15.68,15.25,15.52,99100,15.52
2015-05-27,15.341,15.43,15.08,15.40,79700,15.40
2015-05-26,15.32,15.37,15.15,15.25,40700,15.25
2015-05-22,15.15,15.47,15.072,15.30,70400,15.30
2015-05-21,15.22,15.36,15.07,15.16,100100,15.16
2015-05-20,15.22,15.305,15.00,15.28,35500,15.28
2015-05-19,15.35,15.42,15.048,15.24,51900,15.24
2015-05-18,15.10,15.52,15.10,15.30,80000,15.30
2015-05-15,15.29,15.31,15.06,15.15,39700,15.15
2015-05-14,15.30,15.30,14.98,15.26,30100,15.26
2015-05-13,15.27,15.336,15.122,15.16,23700,15.16
2015-05-12,15.33,15.33,14.80,15.14,24200,15.14
2015-05-11,15.39,15.55,15.11,15.45,113000,15.45
2015-05-08,15.10,16.00,15.00,15.25,181300,15.25
2015-05-07,14.14,14.396,14.14,14.28,11100,14.28
2015-05-06,14.33,14.33,14.03,14.20,24500,14.20
2015-05-05,14.84,14.86,14.32,14.36,11900,14.36
2015-05-04,15.00,15.06,14.67,14.96,43000,14.96
2015-05-01,14.83,15.05,14.69,14.93,24500,14.93
2015-04-30,14.86,14.97,14.17,14.84,59700,14.84
2015-04-29,15.21,15.21,14.87,14.90,20000,14.90
2015-04-28,15.02,15.295,15.02,15.20,12900,15.20
2015-04-27,15.50,15.76,14.98,15.06,35300,15.06
2015-04-24,15.28,15.72,15.03,15.57,41100,15.57
2015-04-23,15.60,15.70,15.21,15.43,20400,15.43
2015-04-22,15.61,15.678,15.01,15.54,46200,15.54
2015-04-21,15.70,15.82,15.60,15.69,11300,15.69
2015-04-20,16.00,16.00,15.71,15.87,12800,15.87
2015-04-17,16.15,16.15,15.61,15.83,31400,15.83
2015-04-16,16.530001,16.530001,15.89,16.280001,53600,16.280001
2015-04-15,16.549999,17.07,16.50,16.549999,85200,16.549999
2015-04-14,16.49,16.77,16.110001,16.59,83900,16.59
2015-04-13,16.07,16.
629999,15.90,16.57,48800,16.57
2015-04-10,16.76,16.76,15.92,16.040001,130300,16.040001
2015-04-09,16.82,16.83,16.34,16.65,31200,16.65
2015-04-08,16.639999,16.870001,16.639999,16.719999,19500,16.719999
2015-04-07,16.84,16.870001,16.60,16.629999,56800,16.629999
2015-04-06,16.65,16.870001,16.65,16.709999,73700,16.709999
2015-04-02,16.360001,16.780001,16.110001,16.65,182200,16.65
2015-04-01,16.09,16.59,15.92,16.51,88600,16.51
2015-03-31,15.87,16.49,15.50,15.95,71800,15.95
2015-03-30,15.24,15.97,15.11,15.82,50300,15.82
2015-03-27,14.99,15.28,14.82,15.18,16200,15.18
2015-03-26,15.28,15.28,14.89,15.03,39800,15.03
2015-03-25,15.50,15.59,15.18,15.21,35700,15.21
2015-03-24,14.97,15.45,14.875,15.39,35200,15.39
2015-03-23,14.94,15.35,14.76,15.15,70300,15.15
2015-03-20,14.65,14.95,14.65,14.90,32900,14.90
2015-03-19,14.44,15.00,14.44,14.65,44000,14.65
2015-03-18,14.26,14.54,14.18,14.39,52100,14.39
2015-03-17,14.41,14.64,14.02,14.51,45900,14.51
2015-03-16,14.60,14.60,14.10,14.37,25600,14.37
2015-03-13,14.43,14.59,14.20,14.57,21500,14.57
2015-03-12,14.23,14.43,13.775,14.41,16400,14.41
2015-03-11,13.90,14.19,13.86,14.06,30800,14.06
2015-03-10,14.09,14.24,13.89,13.90,11500,13.90
2015-03-09,14.42,14.65,13.92,14.09,90100,14.09
2015-03-06,14.70,15.10,14.30,14.52,157400,14.52
2015-03-05,14.38,14.41,13.99,14.06,27400,14.06
2015-03-04,14.41,14.65,14.065,14.18,30400,14.18
2015-03-03,14.60,14.60,14.075,14.22,27000,14.22
2015-03-02,14.50,14.68,14.20,14.57,24900,14.57
2015-02-27,14.77,14.79,14.50,14.52,17600,14.52
2015-02-26,14.33,14.80,14.21,14.77,34800,14.77
2015-02-25,14.14,14.54,14.14,14.38,10600,14.38
2015-02-24,14.35,14.58,14.01,14.18,16400,14.18
2015-02-23,14.27,14.60,13.99,14.36,14700,14.36
2015-02-20,14.83,14.83,14.26,14.35,13200,14.35
2015-02-19,14.63,14.92,14.43,14.73,25600,14.73
2015-02-18,14.42,14.67,14.26,14.58,7800,14.58
2015-02-17,14.43,14.54,14.27,14.40,10700,14.40
2015-02-13,14.55,14.78,14.25,14.43,33800,14.43
2015-02-12,14.64,14.73,14.22,14.51,29400,14.51
2015-02-11,14.25,14.74,14.22,14.60,22200,14.60
2015-02-10,14.44,14.65,14.16,14.45,26700,14.45
2015-02-09,14.26,14.62,14.154,14.31,20000,14.31
2015-02-06,14.08,14.49,13.94,14.40,29200,14.40
2015-02-05,13.95,14.19,13.95,14.13,30300,14.13
2015-02-04,14.26,14.295,13.935,14.03,33400,14.03
2015-02-03,14.10,14.45,13.89,14.24,33900,14.24
2015-02-02,14.06,14.10,13.65,14.00,43700,14.00
2015-01-30,13.77,14.40,13.40,14.09,53200,14.09
2015-01-29,13.51,13.935,13.22,13.91,25300,13.91
2015-01-28,13.76,14.03,13.08,13.23,34100,13.23
2015-01-27,13.70,14.00,13.50,13.74,24200,13.74
2015-01-26,13.75,14.19,13.48,13.92,30500,13.92
2015-01-23,13.62,13.79,13.36,13.64,18300,13.64
2015-01-22,13.25,13.72,13.03,13.58,27400,13.58
2015-01-21,13.09,13.38,13.06,13.15,32000,13.15
2015-01-20,13.31,13.73,13.02,13.06,32300,13.06
2015-01-16,13.15,13.66,12.91,13.24,36400,13.24
2015-01-15,14.19,14.49,13.00,13.23,50200,13.23
2015-01-14,14.35,14.67,14.00,14.01,24800,14.01
2015-01-13,14.69,15.00,14.36,14.46,82800,14.46
2015-01-12,14.68,15.10,14.43,14.53,29200,14.53
2015-01-09,14.70,14.73,14.46,14.59,19900,14.59
2015-01-08,14.53,14.85,14.355,14.68,35900,14.68
2015-01-07,14.25,14.56,14.02,14.46,67000,14.46
2015-01-06,14.70,14.95,14.08,14.19,42200,14.19
2015-01-05,14.35,14.74,13.97,14.54,36300,14.54
2015-01-02,14.64,14.64,13.90,14.38,37900,14.38
2014-12-31,14.63,14.87,14.29,14.48,61400,14.48
2014-12-30,14.60,14.87,14.26,14.66,56800,14.66
2014
-12-29,14.25,14.89,14.13,14.66,63100,14.66
2014-12-26,14.09,14.33,13.96,14.29,7000,14.29
2014-12-24,14.09,14.28,13.865,14.00,14700,14.00
2014-12-23,14.03,14.09,13.96,14.01,28400,14.01
2014-12-22,14.34,14.43,13.96,14.07,38300,14.07
2014-12-19,14.08,14.59,14.08,14.25,44700,14.25
2014-12-18,14.12,14.17,13.76,14.16,52800,14.16
2014-12-17,13.69,14.25,13.69,14.24,14900,14.24
2014-12-16,13.75,14.00,13.64,13.76,25600,13.76
2014-12-15,14.03,14.09,13.72,13.90,66100,13.90
2014-12-12,13.92,14.22,13.79,13.92,22500,13.92
2014-12-11,14.33,14.33,14.06,14.12,20100,14.12
2014-12-10,14.428,14.49,14.11,14.23,16900,14.23
2014-12-09,14.15,14.49,14.08,14.41,18600,14.41
2014-12-08,14.10,14.41,14.10,14.24,15700,14.24
2014-12-05,13.93,14.34,13.93,14.24,5600,14.24
2014-12-04,14.14,14.29,13.91,13.95,18500,13.95
2014-12-03,14.38,14.54,14.27,14.29,15400,14.29
2014-12-02,14.732,14.732,14.454,14.55,17900,14.55
2014-12-01,14.25,14.65,14.25,14.46,25400,14.46
2014-11-28,14.19,14.40,14.19,14.25,11700,14.25
2014-11-26,14.11,14.30,14.10,14.26,6700,14.26
2014-11-25,14.50,14.50,14.14,14.28,8200,14.28
2014-11-24,14.75,14.75,14.23,14.61,34900,14.61
2014-11-21,14.32,14.89,14.32,14.46,35000,14.46
2014-11-20,14.21,14.21,13.97,14.06,18000,14.06
2014-11-19,13.90,14.16,13.72,14.07,40000,14.07
2014-11-18,14.03,14.24,13.95,14.01,20000,14.01
2014-11-17,14.37,14.37,13.99,14.00,22500,14.00
2014-11-14,14.16,14.47,14.01,14.45,43700,14.45
2014-11-13,14.23,14.49,14.04,14.10,29300,14.10
2014-11-12,14.41,14.69,14.23,14.35,29400,14.35
2014-11-11,14.41,14.60,13.96,14.56,64400,14.56
2014-11-10,14.29,14.60,13.95,14.58,80200,14.58
2014-11-07,14.40,14.75,13.79,14.06,78800,14.06
2014-11-06,14.70,15.17,14.47,15.02,120500,15.02
2014-11-05,14.90,14.988,14.68,14.83,16400,14.83
2014-11-04,14.93,15.09,14.52,14.85,23400,14.85
2014-11-03,15.09,15.34,14.70,15.15,68300,15.15
2014-10-31,15.53,15.65,14.91,15.17,69900,15.17
2014-10-30,15.58,15.58,14.95,15.36,39600,15.36
2014-10-29,15.70,15.96,15.54,15.71,8000,15.71
2014-10-28,15.37,15.91,15.20,15.63,75400,15.63
2014-10-27,15.14,15.47,15.09,15.29,17600,15.29
2014-10-24,15.10,15.47,14.92,15.29,27700,15.29
2014-10-23,14.65,15.20,14.428,15.15,41500,15.15
2014-10-22,14.24,14.62,14.047,14.60,54600,14.60
2014-10-21,13.77,14.40,13.58,14.30,54900,14.30
2014-10-20,13.67,13.875,13.65,13.77,26200,13.77
2014-10-17,13.71,13.77,13.49,13.69,37600,13.69
2014-10-16,13.14,13.57,12.91,13.52,57600,13.52
2014-10-15,13.08,13.46,12.82,13.41,36400,13.41
2014-10-14,13.09,13.52,13.09,13.34,22800,13.34
2014-10-13,12.90,13.10,12.90,13.02,33500,13.02
2014-10-10,13.05,13.22,12.80,12.80,31200,12.80
2014-10-09,13.11,13.22,12.95,13.01,28200,13.01
2014-10-08,13.07,13.19,12.95,13.17,21300,13.17
2014-10-07,13.21,13.31,13.01,13.04,8400,13.04
2014-10-06,13.21,13.39,13.00,13.33,31000,13.33
2014-10-03,13.47,13.53,13.13,13.22,14000,13.22
2014-10-02,13.32,13.56,13.06,13.32,11200,13.32
2014-10-01,13.45,13.545,13.25,13.25,19100,13.25
2014-09-30,13.53,13.78,13.38,13.50,19300,13.50
2014-09-29,13.39,13.74,13.39,13.69,18800,13.69
2014-09-26,13.33,13.60,13.33,13.59,19100,13.59
2014-09-25,13.29,13.37,13.03,13.30,30500,13.30
2014-09-24,13.74,13.74,13.38,13.46,12700,13.46
2014-09-23,13.51,13.64,13.34,13.42,29400,13.42
2014-09-22,13.86,14.07,13.40,13.51,27300,13.51
2014-09-19,13.77,14.04,13.547,13.96,92400,13.96
2014-09-18,13.78,13.84,13.38,13.72,52900,13.72
2014-09-17,13.59,13.82,13.55,13.78,59500,13.78
2014-09-16,13.46,13.76,13.46,13.63,22800,13.63
2014-09-15,13.60,13.67,13.40,13.55,23200,13.55
2014-09-
12,13.87,14.00,13.55,13.67,65800,13.67
2014-09-11,13.936,14.00,13.59,13.73,82100,13.73
2014-09-10,13.61,14.10,13.54,14.04,36900,14.04
2014-09-09,13.83,13.87,13.54,13.68,44900,13.68
2014-09-08,13.73,13.86,13.60,13.71,15300,13.71
2014-09-05,13.75,14.015,13.63,13.68,51000,13.68
2014-09-04,14.09,14.45,13.78,13.79,50200,13.79
2014-09-03,14.19,14.20,13.60,14.14,64200,14.14
2014-09-02,14.28,14.72,14.04,14.11,33400,14.11
2014-08-29,14.25,14.50,14.02,14.21,49300,14.21
2014-08-28,14.08,14.59,13.59,14.44,108100,14.44
2014-08-27,14.10,14.30,14.02,14.19,14900,14.19
2014-08-26,14.32,14.33,13.98,14.04,21000,14.04
2014-08-25,14.54,14.70,13.86,14.36,52500,14.36
2014-08-22,14.40,14.72,13.98,14.46,45300,14.46
2014-08-21,13.82,14.45,13.76,14.37,25500,14.37
2014-08-20,14.25,14.29,13.69,13.78,53700,13.78
2014-08-19,13.75,14.40,13.61,14.17,37300,14.17
2014-08-18,13.63,13.83,13.554,13.70,14200,13.70
2014-08-15,13.35,13.605,13.15,13.50,25600,13.50
2014-08-14,13.30,13.42,13.05,13.20,75000,13.20
2014-08-13,13.29,13.63,13.15,13.57,28300,13.57
2014-08-12,14.03,14.03,13.23,13.31,91000,13.31
2014-08-11,13.93,14.27,13.22,14.12,48500,14.12
2014-08-08,13.03,13.89,13.03,13.84,132000,13.84
2014-08-07,13.10,13.10,13.00,13.06,52400,13.06
2014-08-06,13.01,13.08,12.63,13.07,192500,13.07
2014-08-05,13.04,13.09,12.96,13.06,34700,13.06
2014-08-04,13.00,13.10,12.94,13.07,54000,13.07
2014-08-01,13.01,13.06,12.85,13.05,46300,13.05
2014-07-31,12.84,13.05,12.50,13.01,66600,13.01
2014-07-30,13.06,13.10,12.95,13.07,27200,13.07
2014-07-29,12.90,13.11,12.75,12.99,55800,12.99
2014-07-28,12.95,13.12,12.73,13.02,48400,13.02
2014-07-25,12.92,13.00,12.91,12.97,21200,12.97
2014-07-24,13.00,13.12,12.86,13.03,29000,13.03
2014-07-23,13.02,13.14,12.91,12.92,16400,12.92
2014-07-22,13.05,13.22,12.95,13.10,33300,13.10
2014-07-21,13.05,13.32,12.94,12.99,85400,12.99
2014-07-18,13.14,13.23,13.07,13.14,23300,13.14
2014-07-17,13.25,13.25,13.11,13.18,88700,13.18
2014-07-16,13.43,13.53,13.17,13.30,98800,13.30
2014-07-15,13.42,13.85,13.16,13.40,91400,13.40
2014-07-14,13.49,13.62,13.20,13.49,61500,13.49
2014-07-11,13.39,13.53,13.22,13.36,75800,13.36
2014-07-10,13.73,13.919,13.32,13.47,29600,13.47
2014-07-09,14.18,14.24,13.66,14.05,40900,14.05
2014-07-08,14.47,14.47,13.90,14.21,37900,14.21
2014-07-07,14.70,14.70,14.28,14.61,33000,14.61
2014-07-03,14.24,14.98,13.83,14.83,40700,14.83
2014-07-02,13.896,14.27,13.896,14.17,62000,14.17
2014-07-01,14.28,14.33,14.00,14.19,57500,14.19
2014-06-30,13.94,14.59,13.778,14.13,108000,14.13
2014-06-27,12.75,14.00,12.556,13.94,237800,13.94
2014-06-26,12.82,13.00,12.77,12.80,17600,12.80
2014-06-25,12.57,13.00,12.47,12.85,64100,12.85
2014-06-24,12.65,12.86,12.506,12.66,41900,12.66
2014-06-23,12.99,12.99,12.45,12.71,39400,12.71
2014-06-20,12.74,12.74,12.55,12.72,66600,12.72
2014-06-19,12.49,12.75,12.371,12.66,18900,12.66
2014-06-18,12.41,12.47,12.30,12.41,15300,12.41
2014-06-17,12.31,12.52,12.21,12.44,36100,12.44
2014-06-16,12.29,12.46,12.17,12.37,43400,12.37
2014-06-13,12.38,12.65,12.19,12.27,13800,12.27
2014-06-12,12.35,12.36,12.02,12.33,82400,12.33
2014-06-11,12.63,12.72,12.30,12.38,23800,12.38
2014-06-10,13.03,13.06,12.56,12.78,41500,12.78
2014-06-09,13.00,13.15,12.95,13.03,65300,13.03
2014-06-06,12.88,13.13,12.558,12.99,62500,12.99
2014-06-05,12.08,12.90,12.08,12.75,49800,12.75
2014-06-04,11.76,12.06,11.76,12.01,101200,12.01
2014-06-03,12.00,12.50,11.50,11.
75,63300,11.75
2014-06-02,12.39,12.97,11.92,12.00,83100,12.00
2014-05-30,12.48,12.60,12.13,12.30,50900,12.30
2014-05-29,12.69,12.79,12.30,12.39,19100,12.39
2014-05-28,12.96,12.972,12.50,12.72,33600,12.72
2014-05-27,12.59,13.15,12.07,13.05,74200,13.05
2014-05-23,12.44,12.65,12.37,12.54,14600,12.54
2014-05-22,12.30,12.55,12.23,12.50,32400,12.50
2014-05-21,12.04,12.26,11.91,12.23,47800,12.23
2014-05-20,12.39,12.51,11.61,11.92,69300,11.92
2014-05-19,12.46,12.60,12.16,12.49,35200,12.49
2014-05-16,12.79,12.79,12.31,12.48,40100,12.48
2014-05-15,12.90,12.93,12.14,12.63,73800,12.63
2014-05-14,13.42,13.61,12.94,12.98,25000,12.98
2014-05-13,13.57,13.586,13.35,13.40,47500,13.40
2014-05-12,13.29,13.65,13.29,13.51,31600,13.51
2014-05-09,12.75,13.19,12.73,13.18,11700,13.18
2014-05-08,12.57,13.21,12.30,12.80,45100,12.80
2014-05-07,13.22,13.22,12.25,12.60,91000,12.60
2014-05-06,13.76,13.93,13.28,13.35,59400,13.35
2014-05-05,13.90,13.97,13.69,13.72,24600,13.72
2014-05-02,14.20,14.32,13.53,14.00,46000,14.00
2014-05-01,13.69,14.24,13.45,14.20,31500,14.20
2014-04-30,13.62,13.76,13.34,13.75,69100,13.75
2014-04-29,13.47,13.83,13.09,13.70,68300,13.70
2014-04-28,13.74,13.82,13.15,13.48,136100,13.48
2014-04-25,14.19,14.30,13.65,13.69,31000,13.69
2014-04-24,14.12,14.44,14.11,14.24,51100,14.24
2014-04-23,14.12,14.12,13.66,13.99,66600,13.99
2014-04-22,14.33,14.37,13.84,14.11,84200,14.11
2014-04-21,13.97,14.55,13.50,14.35,86800,14.35
2014-04-17,14.04,14.10,13.75,13.87,15100,13.87
2014-04-16,14.07,14.12,13.83,14.06,46600,14.06
2014-04-15,14.32,14.32,13.81,14.12,30200,14.12
2014-04-14,14.31,14.31,13.91,14.21,35500,14.21
2014-04-11,14.29,14.58,13.95,14.15,64600,14.15
2014-04-10,14.43,14.50,14.07,14.42,65600,14.42
2014-04-09,14.27,14.80,14.13,14.40,79200,14.40
2014-04-08,14.45,14.54,13.99,14.22,154100,14.22
2014-04-07,14.88,14.984,14.27,14.50,51800,14.50
2014-04-04,15.05,15.10,14.43,15.00,147200,15.00
2014-04-03,14.94,15.00,14.49,14.98,162100,14.98
2014-04-02,14.55,15.21,14.41,15.00,86400,15.00
2014-04-01,14.11,14.67,14.00,14.60,218400,14.60
2014-03-31,14.20,14.33,13.43,14.24,936200,14.24
2014-03-28,14.26,14.38,13.90,14.16,141500,14.16
2014-03-27,14.54,14.83,13.75,14.27,128000,14.27
2014-03-26,14.46,14.655,14.25,14.52,96500,14.52
2014-03-25,14.50,15.13,14.20,14.45,240200,14.45
2014-03-24,15.00,15.00,14.21,14.52,240400,14.52
2014-03-21,15.12,15.34,14.61,14.61,320800,14.61
2014-03-20,15.12,15.36,14.81,15.00,200000,15.00
2014-03-19,15.20,15.74,15.02,15.18,139200,15.18
2014-03-18,14.93,15.10,14.73,15.00,122000,15.00
2014-03-17,15.31,15.476,14.93,15.10,54500,15.10
2014-03-14,15.19,15.38,14.95,15.09,42700,15.09
2014-03-13,15.50,15.67,14.65,15.00,67800,15.00
2014-03-12,14.56,15.53,14.56,15.47,80000,15.47
2014-03-11,14.72,15.13,14.53,14.77,125900,14.77
2014-03-10,15.00,15.25,14.734,14.90,149800,14.90
2014-03-07,15.27,15.93,15.05,15.84,95800,15.84
2014-03-06,14.76,15.19,14.76,15.10,84100,15.10
2014-03-05,14.75,14.84,14.325,14.60,56000,14.60
2014-03-04,14.31,14.98,14.19,14.41,155800,14.41
2014-03-03,13.57,14.22,13.47,14.17,121000,14.17
2014-02-28,14.01,14.48,13.60,13.63,124500,13.63
2014-02-27,14.02,14.48,13.80,14.00,149400,14.00
2014-02-26,13.42,14.00,12.50,13.90,75200,13.90
2014-02-25,12.80,13.81,12.80,13.59,264500,13.59
2014-02-24,12.61,12.77,12.31,12.65,33200,12.65
2014-02-21,12.85,12.85,12.58,12.6
1,29400,12.61
2014-02-20,12.73,12.84,12.60,12.70,52400,12.70
2014-02-19,12.73,12.73,12.51,12.59,5500,12.59
2014-02-18,12.90,12.90,12.55,12.67,37800,12.67
2014-02-14,12.46,12.90,12.46,12.66,58700,12.66
2014-02-13,12.02,12.61,12.02,12.39,37200,12.39
2014-02-12,12.26,12.595,11.99,11.99,54300,11.99
2014-02-11,12.76,12.85,12.32,12.32,122100,12.32
2014-02-10,12.93,12.93,12.79,12.85,136000,12.85
2014-02-07,12.71,12.89,12.582,12.75,97800,12.75
2014-02-06,12.97,13.26,12.53,12.75,180900,12.75
2014-02-05,12.10,12.35,11.93,12.17,260000,12.17
2014-02-04,12.26,12.77,12.17,12.21,131100,12.21
2014-02-03,12.90,12.90,12.02,12.12,277600,12.12
2014-01-31,11.50,12.88,11.26,12.20,3758200,12.20