Date,Open,High,Low,Close,Volume,Adj Close
2016-08-05,15.00,15.15,14.82,14.99,274900,14.99
2016-08-04,15.04,15.04,14.53,14.92,201200,14.92
2016-08-03,14.86,15.21,14.85,15.00,207500,15.00
2016-08-02,15.23,15.35,14.88,14.94,125500,14.94
2016-08-01,15.31,15.47,15.04,15.31,150700,15.31
2016-07-29,15.61,15.65,15.28,15.36,155400,15.36
2016-07-28,15.87,15.87,15.63,15.64,51000,15.64
2016-07-27,15.76,15.87,15.50,15.72,83100,15.72
2016-07-26,15.49,15.75,15.46,15.72,113700,15.72
2016-07-25,15.41,15.62,15.33,15.56,106800,15.56
2016-07-22,15.62,15.78,15.49,15.53,65500,15.53
2016-07-21,15.73,15.88,15.65,15.68,116000,15.68
2016-07-20,15.99,16.09,15.78,15.83,95100,15.83
2016-07-19,15.95,16.09,15.74,15.98,265200,15.98
2016-07-18,15.45,16.00,15.38,15.92,409600,15.92
2016-07-15,15.59,15.59,15.36,15.54,175800,15.54
2016-07-14,15.60,15.60,15.46,15.50,97400,15.50
2016-07-13,15.43,15.58,15.38,15.49,129500,15.49
2016-07-12,15.55,15.58,15.32,15.40,133700,15.40
2016-07-11,15.25,15.63,15.22,15.47,80100,15.47
2016-07-08,15.14,15.24,15.00,15.22,168300,15.22
2016-07-07,14.79,15.05,14.76,14.97,98400,14.97
2016-07-06,14.23,14.81,14.14,14.77,106800,14.77
2016-07-05,14.48,14.65,14.24,14.30,150700,14.30
2016-07-01,14.67,14.87,14.47,14.60,96100,14.60
2016-06-30,14.07,14.59,14.01,14.57,119100,14.57
2016-06-29,14.04,14.25,13.93,14.18,114600,14.18
2016-06-28,13.56,14.10,13.42,13.90,227600,13.90
2016-06-27,13.74,13.74,13.22,13.35,155200,13.35
2016-06-24,14.16,14.45,13.69,13.86,239100,13.86
2016-06-23,14.69,14.95,14.65,14.90,138300,14.90
2016-06-22,14.68,14.74,14.44,14.57,223800,14.57
2016-06-21,14.76,14.77,14.42,14.63,170300,14.63
2016-06-20,14.31,14.85,14.31,14.68,169600,14.68
2016-06-17,13.99,14.22,13.92,14.21,222800,14.21
2016-06-16,13.97,14.13,13.74,13.95,108300,13.95
2016-06-15,14.00,14.33,13.86,14.16,122800,14.16
2016-06-14,14.03,14.07,13.77,13.97,122700,13.97
2016-06-13,14.18,14.42,13.98,13.98,118300,13.98
2016-06-10,14.74,14.74,14.28,14.34,99500,14.34
2016-06-09,14.98,15.14,14.79,14.85,101100,14.85
2016-06-08,14.88,15.27,14.63,15.15,197000,15.15
2016-06-07,14.99,15.05,14.71,14.79,64300,14.79
2016-06-06,14.79,15.10,14.69,14.95,167800,14.95
2016-06-03,14.88,14.88,14.59,14.74,100600,14.74
2016-06-02,15.06,15.06,14.77,14.91,141200,14.91
2016-06-01,15.02,15.15,14.70,15.08,544300,15.08
2016-05-31,15.09,15.18,14.95,15.04,399100,15.04
2016-05-27,14.51,15.07,14.51,14.92,89500,14.92
2016-05-26,14.80,14.80,14.49,14.54,90800,14.54
2016-05-25,14.60,14.85,14.53,14.74,215600,14.74
2016-05-24,14.39,14.71,14.33,14.49,323300,14.49
2016-05-23,14.40,14.44,14.16,14.24,151300,14.24
2016-05-20,14.02,14.39,14.02,14.38,210900,14.38
2016-05-19,13.81,13.98,13.79,13.95,105100,13.95
2016-05-18,13.91,14.10,13.82,13.94,200100,13.94
2016-05-17,13.91,14.20,13.85,13.92,277300,13.92
2016-05-16,14.03,14.37,13.94,14.01,221900,14.01
2016-05-13,13.94,14.21,13.91,14.12,184200,14.12
2016-05-12,14.37,14.37,13.90,14.00,124100,14.
00
2016-05-11,14.71,14.71,14.22,14.22,140800,14.22
2016-05-10,14.59,14.88,14.43,14.68,168900,14.68
2016-05-09,14.69,14.80,13.59,14.36,205800,14.36
2016-05-06,14.81,15.05,14.75,14.81,115000,14.81
2016-05-05,14.82,14.91,14.65,14.82,127100,14.82
2016-05-04,14.55,14.79,14.40,14.70,121100,14.70
2016-05-03,14.73,14.82,14.46,14.55,174700,14.55
2016-05-02,14.67,14.93,14.49,14.84,183900,14.84
2016-04-29,14.96,15.00,14.36,14.65,273000,14.65
2016-04-28,15.27,15.44,14.95,14.98,193700,14.98
2016-04-27,15.51,15.58,15.22,15.43,159500,15.43
2016-04-26,15.44,15.63,15.30,15.51,193300,15.51
2016-04-25,15.41,15.48,15.27,15.35,117800,15.35
2016-04-22,15.55,15.58,15.29,15.41,137800,15.41
2016-04-21,15.59,15.72,15.19,15.50,264600,15.50
2016-04-20,15.55,15.67,15.42,15.52,151000,15.52
2016-04-19,15.48,15.64,15.24,15.60,296400,15.60
2016-04-18,15.37,15.62,15.37,15.51,162900,15.51
2016-04-15,15.39,15.61,15.34,15.53,131700,15.53
2016-04-14,15.39,15.58,15.33,15.52,276700,15.52
2016-04-13,15.25,15.64,15.04,15.44,532300,15.44
2016-04-12,14.48,15.22,14.48,15.16,517100,15.16
2016-04-11,14.37,14.93,14.37,14.47,331300,14.47
2016-04-08,14.40,14.44,14.24,14.35,264800,14.35
2016-04-07,14.40,14.50,14.14,14.24,536700,14.24
2016-04-06,14.31,14.55,14.31,14.44,319300,14.44
2016-04-05,14.40,14.40,14.11,14.20,293700,14.20
2016-04-04,14.53,14.59,14.17,14.44,182900,14.44
2016-04-01,13.92,14.66,13.82,14.53,418400,14.53
2016-03-31,14.02,14.24,13.93,14.05,396000,14.05
2016-03-30,13.89,14.18,13.60,14.06,362400,14.06
2016-03-29,13.35,13.88,13.28,13.75,513400,13.75
2016-03-28,13.39,13.59,13.18,13.40,129600,13.40
2016-03-24,12.86,13.34,12.62,13.21,159000,13.21
2016-03-23,12.81,13.07,12.50,12.97,268600,12.97
2016-03-22,12.90,13.07,12.66,13.02,158100,13.02
2016-03-21,13.04,13.11,12.52,12.91,165300,12.91
2016-03-18,12.94,13.03,12.76,12.94,230300,12.94
2016-03-17,12.85,12.88,12.61,12.85,125000,12.85
2016-03-16,12.55,12.94,12.38,12.78,211700,12.78
2016-03-15,12.71,12.94,12.44,12.46,151800,12.46
2016-03-14,11.40,12.91,11.40,12.75,278900,12.75
2016-03-11,10.96,11.54,10.76,11.17,116300,11.17
2016-03-10,10.96,11.12,10.64,10.85,39700,10.85
2016-03-09,11.05,11.14,10.84,10.86,47500,10.86
2016-03-08,11.17,11.17,10.90,10.97,52200,10.97
2016-03-07,11.02,11.25,10.94,11.23,139000,11.23
2016-03-04,10.80,11.20,10.80,11.01,137900,11.01
2016-03-03,10.60,11.02,10.47,10.80,351000,10.80
2016-03-02,10.78,10.88,10.48,10.59,74000,10.59
2016-03-01,10.30,10.88,10.20,10.65,109700,10.65
2016-02-29,10.03,10.26,10.03,10.20,141900,10.20
2016-02-26,10.05,10.22,9.90,10.01,56300,10.01
2016-02-25,10.30,10.30,10.00,10.00,49800,10.00
2016-02-24,9.63,10.27,9.50,10.21,60600,10.21
2016-02-23,9.87,10.02,9.74,9.76,64600,9.76
2016-02-22,9.60,9.94,9.56,9.89,77600,9.89
2016-02-19,9.80,9.80,9.45,9.47,60400,9.47
2016-02-18,9.53,10.00,9.33,9.86,145900,9.86
2016-02-17,9.52,9.73,9.44,9.54,111900,9.54
2016-02-16,9.43,9.51,9.34,9.44,56700,9.44
2016-02-12,9.08,9.34,9.00,9.33,49000,9.33
2016-02-11,8.89,9.07,8.78,8.97,77800,8.97
2016-02-10,9.26,9.43,9.00,9.03,45700,9.03
2016-02-09,8.95,9.57,8.90,9.18,116200,9.18
2016-02-08,9.45,9.54,8.92,8.96,161500,8.96
2016-02-05,9.62,9.81,9.48,9.54,14
5300,9.54
2016-02-04,9.45,9.88,9.45,9.68,53800,9.68
2016-02-03,9.67,9.70,9.28,9.56,99400,9.56
2016-02-02,9.83,9.85,9.47,9.57,84800,9.57
2016-02-01,9.78,9.99,9.73,9.96,135700,9.96
2016-01-29,9.33,10.01,9.33,9.97,156000,9.97
2016-01-28,9.31,9.35,9.17,9.29,69000,9.29
2016-01-27,9.65,9.65,9.14,9.23,73900,9.23
2016-01-26,9.29,9.74,9.18,9.70,127000,9.70
2016-01-25,9.57,9.57,9.21,9.28,141900,9.28
2016-01-22,9.09,9.89,9.09,9.57,364800,9.57
2016-01-21,9.16,9.42,8.87,8.91,226500,8.91
2016-01-20,9.00,9.26,8.58,9.16,162700,9.16
2016-01-19,9.67,9.68,9.11,9.16,107400,9.16
2016-01-15,9.45,9.59,9.27,9.53,101400,9.53
2016-01-14,9.75,9.90,9.52,9.74,94200,9.74
2016-01-13,10.32,10.59,9.66,9.71,139000,9.71
2016-01-12,10.46,10.50,10.16,10.32,120200,10.32
2016-01-11,10.67,10.78,10.36,10.38,135300,10.38
2016-01-08,11.04,11.05,10.42,10.55,110800,10.55
2016-01-07,11.49,11.49,10.96,11.00,95700,11.00
2016-01-06,11.68,11.82,11.60,11.79,87600,11.79
2016-01-05,12.25,12.25,11.82,11.83,43400,11.83
2016-01-04,12.26,12.28,11.84,12.23,116200,12.23
2015-12-31,12.42,12.75,12.33,12.54,63800,12.54
2015-12-30,12.50,12.65,12.49,12.50,62000,12.50
2015-12-29,12.60,12.71,12.45,12.54,50500,12.54
2015-12-28,12.68,12.86,12.44,12.55,60500,12.55
2015-12-24,12.79,12.98,12.67,12.76,21400,12.76
2015-12-23,12.90,13.10,12.70,12.78,54300,12.78
2015-12-22,12.84,12.84,12.49,12.78,107600,12.78
2015-12-21,12.63,12.93,12.50,12.82,262400,12.82
2015-12-18,12.34,12.64,12.30,12.60,373300,12.60
2015-12-17,12.21,12.36,12.11,12.32,122100,12.32
2015-12-16,11.93,12.25,11.84,12.21,94700,12.21
2015-12-15,11.34,11.92,11.34,11.86,133900,11.86
2015-12-14,11.40,11.46,11.01,11.30,240200,11.30
2015-12-11,11.44,11.64,11.33,11.40,115000,11.40
2015-12-10,11.62,11.73,11.31,11.69,219700,11.69
2015-12-09,12.02,12.27,11.52,11.59,89500,11.59
2015-12-08,12.17,12.17,11.94,12.05,93400,12.05
2015-12-07,12.70,12.73,12.22,12.31,70400,12.31
2015-12-04,12.56,12.90,12.48,12.76,82200,12.76
2015-12-03,13.03,13.13,12.56,12.58,41400,12.58
2015-12-02,13.16,13.26,12.87,12.97,39900,12.97
2015-12-01,13.20,13.39,12.93,13.16,54500,13.16
2015-11-30,13.35,13.41,13.16,13.20,64500,13.20
2015-11-27,13.23,13.51,13.11,13.35,52800,13.35
2015-11-25,13.07,13.23,13.07,13.20,88700,13.20
2015-11-24,12.83,13.21,12.70,13.11,115500,13.11
2015-11-23,12.59,13.00,12.59,12.85,122600,12.85
2015-11-20,12.65,12.80,12.51,12.63,115500,12.63
2015-11-19,12.56,12.68,12.45,12.66,77100,12.66
2015-11-18,12.50,12.80,12.44,12.53,119700,12.53
2015-11-17,12.81,12.92,12.48,12.50,129700,12.50
2015-11-16,12.12,12.75,12.12,12.67,97100,12.67
2015-11-13,12.14,12.36,12.12,12.17,150600,12.17
2015-11-12,12.76,12.76,12.21,12.23,156300,12.23
2015-11-11,12.34,13.05,12.34,12.79,114000,12.79
2015-11-10,11.80,12.36,11.75,12.36,88400,12.36
2015-11-09,12.09,12.32,11.35,12.00,205000,12.00
2015-11-06,12.06,12.48,12.04,12.30,114600,12.30
2015-11-05,11.94,12.13,11.61,12.12,312500,12.12
2015-11-04,12.16,12.24,11.85,11.97,106500,11.97
2015-11-03,12.00,12.32,11.92,12.19,70100,12.19
2015-11-02,11.79,12.09,11.79,12.06,93200,12.06
2015-10-30,11.73,11.88,11.58,11.82,82600,11.82
2015-10-29,12.08,12.12,11.70,11.73,64300,11.73
2015-10-28,11.78,12.24,11.74,12.17,120100,12.17
2015-10-27,11.73,12.08,11.37,11.76,138500,11.
76
2015-10-26,12.53,12.68,11.73,11.84,121700,11.84
2015-10-23,12.66,12.68,12.41,12.59,74300,12.59
2015-10-22,13.00,13.03,12.52,12.58,80600,12.58
2015-10-21,13.14,13.25,12.86,12.87,89800,12.87
2015-10-20,13.00,13.14,12.97,13.11,112100,13.11
2015-10-19,12.86,13.02,12.85,13.02,103700,13.02
2015-10-16,12.92,13.00,12.67,12.96,106100,12.96
2015-10-15,12.33,12.92,12.27,12.87,116200,12.87
2015-10-14,12.34,12.49,12.18,12.31,138300,12.31
2015-10-13,12.34,12.72,12.17,12.30,111100,12.30
2015-10-12,12.82,12.82,12.29,12.49,82100,12.49
2015-10-09,12.81,12.89,12.70,12.81,45200,12.81
2015-10-08,12.78,12.84,12.54,12.77,63400,12.77
2015-10-07,12.51,12.77,12.51,12.76,64400,12.76
2015-10-06,12.63,12.84,12.46,12.48,60300,12.48
2015-10-05,12.26,12.67,12.26,12.62,61600,12.62
2015-10-02,11.73,12.19,11.63,12.19,137100,12.19
2015-10-01,11.74,11.86,11.48,11.80,76600,11.80
2015-09-30,11.98,12.00,11.65,11.70,170100,11.70
2015-09-29,12.38,12.38,11.75,11.86,161800,11.86
2015-09-28,12.77,12.87,12.29,12.40,177000,12.40
2015-09-25,12.88,13.03,12.72,12.80,87500,12.80
2015-09-24,12.98,13.00,12.65,12.76,207600,12.76
2015-09-23,13.00,13.12,12.97,13.04,53000,13.04
2015-09-22,12.92,13.08,12.87,13.00,128500,13.00
2015-09-21,13.60,13.79,12.92,13.04,87200,13.04
2015-09-18,13.30,13.68,13.30,13.57,202100,13.57
2015-09-17,13.58,13.77,13.50,13.52,108700,13.52
2015-09-16,13.47,13.59,13.42,13.57,115700,13.57
2015-09-15,13.28,13.52,13.21,13.46,104600,13.46
2015-09-14,13.40,13.58,13.22,13.26,80200,13.26
2015-09-11,13.34,13.61,13.34,13.44,75300,13.44
2015-09-10,13.69,13.69,13.27,13.51,102600,13.51
2015-09-09,14.24,14.24,13.74,13.77,91900,13.77
2015-09-08,14.15,14.17,14.01,14.09,123400,14.09
2015-09-04,13.69,13.96,13.69,13.88,54100,13.88
2015-09-03,13.80,14.04,13.80,13.84,79400,13.84
2015-09-02,13.68,13.79,13.48,13.79,49500,13.79
2015-09-01,13.30,13.60,13.30,13.55,133800,13.55
2015-08-31,13.37,13.71,13.37,13.60,125800,13.60
2015-08-28,13.31,13.65,13.31,13.40,79300,13.40
2015-08-27,12.84,13.42,12.84,13.39,185800,13.39
2015-08-26,12.75,12.82,12.30,12.73,307300,12.73
2015-08-25,13.12,13.12,12.41,12.45,298000,12.45
2015-08-24,13.32,13.60,12.64,12.69,288500,12.69
2015-08-21,14.02,14.41,13.70,14.00,147100,14.00
2015-08-20,14.66,14.81,14.21,14.25,170300,14.25
2015-08-19,14.39,14.94,14.34,14.75,138600,14.75
2015-08-18,14.64,15.00,14.48,14.51,176500,14.51
2015-08-17,14.29,14.73,14.16,14.62,174900,14.62
2015-08-14,14.23,14.75,13.94,14.29,225600,14.29
2015-08-13,13.99,14.32,13.75,14.20,196900,14.20
2015-08-12,14.00,14.10,13.91,14.00,257400,14.00
2015-08-11,13.98,14.69,13.56,14.07,397400,14.07
2015-08-10,14.79,15.30,13.63,14.02,667600,14.02
2015-08-07,13.73,13.94,13.32,13.42,147200,13.42
2015-08-06,13.95,14.15,13.81,13.86,61600,13.86
2015-08-05,14.00,14.20,13.84,13.97,108300,13.97
2015-08-04,14.05,14.16,13.85,13.97,122700,13.97
2015-08-03,14.41,14.62,13.95,14.01,148200,14.01
2015-07-31,14.43,14.69,14.25,14.45,220000,14.45
2015-07-30,14.29,14.48,14.01,14.36,61200,14.36
2015-07-29,14.15,14.41,13.95,14.30,111900,14.30
2015-07-28,14.07,14.24,13.68,14.06,72300,14.06
2015-07-27,13.82,14.01,13.53,13.96,123800,13.96
2015-07-24,14.35,14.35,13.70,13.90,191400,13.90
2015-07-23,14.50,14.62,13.96,14.30,199100,14.30
2015-07-22,14.22,14.50,14.13,14.47,177200,14.47
2015-07-21,13.80,14.37,13.75,14.22,253300,14.22
2015-07-20,13.05,13.90,13.05,13.71,187500,13.71
2015-07-17,12.84,12.84,12.64,12.77,79700,12.77
2015-07-16,12.89,12.92,12.74,12.
79,59600,12.79
2015-07-15,12.83,12.83,12.55,12.76,76100,12.76
2015-07-14,12.91,12.91,12.74,12.78,60200,12.78
2015-07-13,12.82,12.92,12.70,12.89,125200,12.89
2015-07-10,12.92,12.92,12.67,12.73,157700,12.73
2015-07-09,12.25,12.82,12.12,12.77,169500,12.77
2015-07-08,11.80,12.11,11.78,12.07,112400,12.07
2015-07-07,11.78,11.89,11.47,11.86,159300,11.86
2015-07-06,11.67,11.83,11.65,11.72,160700,11.72
2015-07-02,11.93,11.98,11.58,11.79,156900,11.79
2015-07-01,11.93,12.15,11.74,11.85,140600,11.85
2015-06-30,12.02,12.14,11.59,11.79,124800,11.79
2015-06-29,12.20,12.28,11.82,11.88,170400,11.88
2015-06-26,12.05,12.49,12.03,12.31,370600,12.31
2015-06-25,12.13,12.24,11.93,11.99,178800,11.99
2015-06-24,12.12,12.33,11.89,12.05,162200,12.05
2015-06-23,12.22,12.35,11.96,12.03,71400,12.03
2015-06-22,12.37,12.54,12.06,12.16,245700,12.16
2015-06-19,11.97,12.40,11.86,12.26,232500,12.26
2015-06-18,11.66,11.99,11.66,11.93,145900,11.93
2015-06-17,11.80,11.85,11.60,11.61,66500,11.61
2015-06-16,11.80,11.83,11.57,11.75,52800,11.75
2015-06-15,11.56,11.85,11.34,11.77,108100,11.77
2015-06-12,11.70,11.70,11.37,11.59,73900,11.59
2015-06-11,11.92,11.92,11.54,11.69,71700,11.69
2015-06-10,11.51,12.09,11.47,11.82,121700,11.82
2015-06-09,11.59,11.72,11.41,11.45,115500,11.45
2015-06-08,11.77,11.86,11.56,11.59,144800,11.59
2015-06-05,11.64,12.00,11.41,11.75,173100,11.75
2015-06-04,11.51,11.68,11.27,11.60,146000,11.60
2015-06-03,11.75,11.99,11.50,11.55,253400,11.55
2015-06-02,11.89,12.01,11.64,11.75,140800,11.75
2015-06-01,12.44,12.50,11.76,11.90,217500,11.90
2015-05-29,12.93,12.93,12.34,12.35,168400,12.35
2015-05-28,12.94,12.97,12.80,12.92,76300,12.92
2015-05-27,12.98,13.05,12.88,12.98,63500,12.98
2015-05-26,12.96,13.00,12.64,12.94,81900,12.94
2015-05-22,13.26,13.39,12.77,13.01,64000,13.01
2015-05-21,13.03,13.36,13.03,13.27,118900,13.27
2015-05-20,12.93,13.51,12.81,13.15,111700,13.15
2015-05-19,12.80,13.20,12.65,12.87,137500,12.87
2015-05-18,12.69,12.82,12.65,12.74,36900,12.74
2015-05-15,12.69,12.80,12.61,12.72,56100,12.72
2015-05-14,12.53,12.85,12.45,12.70,65000,12.70
2015-05-13,12.18,12.58,12.09,12.47,78800,12.47
2015-05-12,12.39,12.42,12.01,12.26,201200,12.26
2015-05-11,12.72,12.89,12.48,12.49,70500,12.49
2015-05-08,12.88,13.08,12.58,12.70,89700,12.70
2015-05-07,12.90,13.18,12.45,12.82,214200,12.82
2015-05-06,13.45,13.77,13.41,13.58,94200,13.58
2015-05-05,13.76,13.93,13.13,13.46,207700,13.46
2015-05-04,13.83,14.04,13.73,13.77,124500,13.77
2015-05-01,13.59,13.86,13.59,13.84,73700,13.84
2015-04-30,13.91,13.96,13.29,13.58,166100,13.58
2015-04-29,14.25,14.40,13.99,14.02,74200,14.02
2015-04-28,14.34,14.54,14.19,14.34,116700,14.34
2015-04-27,14.25,14.37,14.01,14.29,112900,14.29
2015-04-24,14.13,14.28,14.06,14.25,53100,14.25
2015-04-23,14.17,14.29,14.00,14.26,133000,14.26
2015-04-22,14.12,14.27,14.03,14.26,199100,14.26
2015-04-21,13.99,14.17,13.89,14.11,84100,14.11
2015-04-20,13.73,14.11,13.73,14.06,93800,14.06
2015-04-17,14.23,14.23,13.72,13.74,102300,13.74
2015-04-16,14.30,14.42,14.11,14.33,114800,14.33
2015-04-15,14.48,14.58,14.28,14.31,264900,14.31
2015-04-14,13.86,14.82,13.57,14.49,287400,14.49
2015-04-13,13.23,13.51,13.08,13.46,106500,13.46
2015-04-10,13.08,13.21,12.93,13.05,119600,13.05
2015-04-09,13.16,13.24,12.74,13.05,66600,13.05
2015-04-08,13.12,13.28,13.07,13.16,20800,13.16
2015-04-07,13.44,13.52,13.05,13.09,61500,13.09
2015-04-06,13.45,13.
60,13.34,13.49,88500,13.49
2015-04-02,13.47,13.56,13.30,13.49,191500,13.49
2015-04-01,13.05,13.47,12.92,13.43,198400,13.43
2015-03-31,12.46,13.22,12.46,13.00,143800,13.00
2015-03-30,12.45,13.04,12.40,12.58,161400,12.58
2015-03-27,12.28,12.45,12.18,12.32,137200,12.32
2015-03-26,12.21,12.34,12.16,12.28,110600,12.28
2015-03-25,12.34,12.36,12.23,12.27,121500,12.27
2015-03-24,12.39,12.45,12.25,12.33,125500,12.33
2015-03-23,12.11,12.58,12.08,12.39,111500,12.39
2015-03-20,11.97,12.23,11.97,12.07,134200,12.07
2015-03-19,11.62,12.20,11.62,11.93,188600,11.93
2015-03-18,11.13,11.68,11.01,11.58,205900,11.58
2015-03-17,11.18,11.42,10.96,11.18,221900,11.18
2015-03-16,11.00,11.42,10.98,11.22,483400,11.22
2015-03-13,11.36,12.08,10.96,11.24,439000,11.24
2015-03-12,12.85,12.99,10.65,11.50,1017400,11.50
2015-03-11,13.41,13.68,13.12,13.54,155700,13.54
2015-03-10,13.52,13.52,13.18,13.35,65700,13.35
2015-03-09,13.58,13.80,13.43,13.58,55300,13.58
2015-03-06,13.60,13.72,13.41,13.55,86700,13.55
2015-03-05,13.47,14.09,13.45,13.75,116500,13.75
2015-03-04,13.47,13.71,13.27,13.50,96900,13.50
2015-03-03,13.76,13.76,13.53,13.53,58300,13.53
2015-03-02,13.73,14.14,13.61,13.85,81900,13.85
2015-02-27,13.96,14.08,13.69,13.73,123900,13.73
2015-02-26,13.82,14.07,13.61,13.99,70600,13.99
2015-02-25,14.35,14.49,13.70,13.79,87800,13.79
2015-02-24,14.09,14.48,13.97,14.42,119800,14.42
2015-02-23,13.90,14.02,13.80,13.95,65800,13.95
2015-02-20,14.02,14.02,13.72,14.00,133300,14.00
2015-02-19,13.78,14.14,13.78,14.00,81600,14.00
2015-02-18,13.83,13.90,13.73,13.86,82700,13.86
2015-02-17,13.82,13.99,13.56,13.87,68600,13.87
2015-02-13,13.59,13.96,13.55,13.79,79200,13.79
2015-02-12,13.32,13.85,13.32,13.55,74100,13.55
2015-02-11,13.47,13.57,13.19,13.26,89800,13.26
2015-02-10,13.41,13.61,13.09,13.53,79500,13.53
2015-02-09,13.39,13.60,13.28,13.32,177000,13.32
2015-02-06,13.27,13.46,13.19,13.28,71000,13.28
2015-02-05,13.27,13.39,13.17,13.23,102300,13.23
2015-02-04,13.17,13.40,13.13,13.27,101100,13.27
2015-02-03,12.92,13.32,12.92,13.28,121800,13.28
2015-02-02,12.69,12.95,12.61,12.88,131300,12.88
2015-01-30,12.46,12.82,12.45,12.60,146100,12.60
2015-01-29,12.78,12.91,12.51,12.60,123800,12.60
2015-01-28,13.10,13.10,12.64,12.77,91500,12.77
2015-01-27,12.89,13.24,12.89,13.07,65300,13.07
2015-01-26,12.69,13.06,12.59,13.03,111200,13.03
2015-01-23,12.80,12.90,12.46,12.67,196500,12.67
2015-01-22,12.68,12.85,12.60,12.84,194600,12.84
2015-01-21,12.84,12.89,12.52,12.57,151200,12.57
2015-01-20,13.10,13.15,12.69,12.86,214900,12.86
2015-01-16,13.32,13.33,12.94,13.09,128900,13.09
2015-01-15,14.20,14.20,13.22,13.40,203700,13.40
2015-01-14,13.84,14.24,13.78,14.18,146800,14.18
2015-01-13,14.54,14.63,13.51,13.95,212400,13.95
2015-01-12,14.30,14.70,13.85,14.41,324400,14.41
2015-01-09,14.46,14.48,13.99,14.24,301600,14.24
2015-01-08,13.89,14.69,13.78,14.46,377200,14.46
2015-01-07,13.58,13.81,13.51,13.81,209700,13.81
2015-01-06,13.41,13.59,13.27,13.52,332600,13.52
2015-01-05,13.26,13.44,12.99,13.40,202400,13.40
2015-01-02,14.02,14.10,12.85,13.34,127400,13.34
2014-12-31,13.59,14.07,13.56,13.98,176700,13.98
2014-12-30,13.31,13.63,13.31,13.51,154500,13.51
2014-12-29,13.17,13.39,13.15,13.31,113600,13.31
2014-12-26,13.23,13.25,13.10,13.19,57100,13.19
2014-12-24,13.10,13.24,13.04,13.19,32700,13.19
2014-12-23,12.98,13.18,12.90,13.13,121800,13.13
2014-12-22,13.03,13.08,12.80,12.94,79700,12.94
2014-12-19,12.99,13.11,12.89,13.03,184100,13.03
2014-12-18,13.00,13.01,12.71,12.98,315500,12.
98
2014-12-17,12.55,12.86,12.53,12.86,190600,12.86
2014-12-16,12.22,12.75,12.21,12.55,205600,12.55
2014-12-15,12.24,12.53,12.24,12.26,238100,12.26
2014-12-12,12.39,12.40,12.05,12.18,144000,12.18
2014-12-11,12.60,12.85,12.48,12.53,99900,12.53
2014-12-10,12.92,12.92,12.29,12.49,211400,12.49
2014-12-09,12.09,12.79,11.96,12.78,171300,12.78
2014-12-08,12.16,12.47,12.05,12.21,127800,12.21
2014-12-05,12.16,12.25,11.92,12.15,88900,12.15
2014-12-04,12.67,12.67,12.15,12.17,91200,12.17
2014-12-03,12.39,12.89,12.37,12.80,98600,12.80
2014-12-02,12.53,12.66,12.24,12.40,238800,12.40
2014-12-01,12.42,12.67,12.20,12.48,236800,12.48
2014-11-28,12.50,12.67,12.29,12.52,69900,12.52
2014-11-26,12.86,12.96,12.50,12.55,77300,12.55
2014-11-25,13.05,13.07,12.72,12.91,174300,12.91
2014-11-24,13.13,13.28,12.99,13.05,238200,13.05
2014-11-21,12.73,13.07,12.71,13.04,580200,13.04
2014-11-20,12.30,12.68,12.26,12.60,174800,12.60
2014-11-19,12.40,12.47,11.88,12.34,195300,12.34
2014-11-18,12.27,12.53,12.18,12.43,193000,12.43
2014-11-17,12.54,12.64,12.21,12.26,131200,12.26
2014-11-14,12.56,12.68,12.40,12.52,116300,12.52
2014-11-13,12.99,13.00,12.57,12.59,99600,12.59
2014-11-12,13.01,13.07,12.88,13.02,188800,13.02
2014-11-11,13.09,13.22,12.95,13.05,318500,13.05
2014-11-10,13.22,13.72,12.74,13.02,452600,13.02
2014-11-07,12.93,13.15,12.00,13.05,1035300,13.05
2014-11-06,11.18,11.42,11.14,11.37,197600,11.37
2014-11-05,11.26,11.37,11.14,11.21,133500,11.21
2014-11-04,11.25,11.40,11.13,11.18,93100,11.18
2014-11-03,11.34,11.45,11.16,11.27,103700,11.27
2014-10-31,11.31,11.63,11.24,11.35,217700,11.35
2014-10-30,10.84,11.23,10.65,11.12,120800,11.12
2014-10-29,10.84,10.86,10.63,10.86,121100,10.86
2014-10-28,10.58,10.98,10.53,10.85,255000,10.85
2014-10-27,10.66,10.69,10.48,10.55,90000,10.55
2014-10-24,10.88,10.99,10.56,10.74,234700,10.74
2014-10-23,10.75,10.98,10.57,10.83,143000,10.83
2014-10-22,10.75,10.99,10.65,10.67,228200,10.67
2014-10-21,10.46,10.90,10.46,10.75,196700,10.75
2014-10-20,10.08,10.46,10.08,10.43,174400,10.43
2014-10-17,10.14,10.14,9.96,10.06,253700,10.06
2014-10-16,9.62,10.23,9.62,10.00,230200,10.00
2014-10-15,9.85,9.94,9.60,9.79,339400,9.79
2014-10-14,9.89,9.98,9.63,9.93,223200,9.93
2014-10-13,9.83,9.98,9.67,9.75,200400,9.75
2014-10-10,9.88,10.23,9.76,9.78,183000,9.78
2014-10-09,10.50,10.52,9.90,9.97,258400,9.97
2014-10-08,10.30,10.53,10.08,10.51,163200,10.51
2014-10-07,10.36,10.63,10.30,10.30,88100,10.30
2014-10-06,10.75,10.75,10.25,10.39,218100,10.39
2014-10-03,10.86,10.90,10.65,10.65,109200,10.65
2014-10-02,10.60,10.79,10.50,10.75,129900,10.75
2014-10-01,10.80,10.96,10.61,10.63,164300,10.63
2014-09-30,11.06,11.08,10.78,10.84,150700,10.84
2014-09-29,10.79,11.18,10.79,11.03,287100,11.03
2014-09-26,11.10,11.26,10.94,10.96,1123200,10.96
2014-09-25,11.30,11.34,11.06,11.10,268000,11.10
2014-09-24,11.53,11.65,11.31,11.33,141600,11.33
2014-09-23,11.62,11.82,11.53,11.54,166300,11.54
2014-09-22,11.96,11.96,11.67,11.68,239800,11.68
2014-09-19,12.34,12.48,11.85,12.02,1117300,12.02
2014-09-18,12.26,12.34,12.12,12.26,362400,12.26
2014-09-17,11.95,12.35,11.94,12.17,246300,12.17
2014-09-16,11.97,12.05,11.91,11.97,463700,11.97
2014-09-15,12.13,12.44,11.85,12.00,460900,12.00
2014-09-12,12.53,12.56,12.26,12.41,284900,12.41
2014-09-11,12.19,12.84,12.19,12.56,29
1100,12.56
2014-09-10,12.89,13.26,11.44,12.37,2375600,12.37
2014-09-09,12.72,13.10,12.64,12.90,460700,12.90
2014-09-08,12.33,12.95,12.33,12.85,611800,12.85
2014-09-05,12.38,12.47,12.19,12.38,295700,12.38
2014-09-04,11.71,12.45,11.71,12.42,498600,12.42
2014-09-03,11.88,11.95,11.60,11.71,845800,11.71
2014-09-02,11.80,11.85,11.59,11.78,593500,11.78
2014-08-29,11.78,11.99,11.61,11.79,389500,11.79
2014-08-28,11.22,11.66,11.19,11.62,219600,11.62
2014-08-27,11.11,11.40,11.05,11.33,270200,11.33
2014-08-26,10.98,11.11,10.94,11.06,328500,11.06
2014-08-25,10.65,11.20,10.63,10.99,310600,10.99
2014-08-22,10.57,10.69,10.44,10.63,185300,10.63
2014-08-21,10.10,10.62,10.07,10.55,418200,10.55
2014-08-20,10.12,10.26,9.78,10.09,444700,10.09
2014-08-19,9.60,9.94,9.51,9.89,162500,9.89
2014-08-18,9.45,9.86,9.40,9.63,135600,9.63
2014-08-15,9.55,9.60,9.25,9.39,117200,9.39
2014-08-14,9.44,9.50,9.29,9.48,118600,9.48
2014-08-13,9.61,9.66,9.39,9.42,85200,9.42
2014-08-12,9.75,9.78,9.51,9.59,139600,9.59
2014-08-11,9.89,10.14,9.77,9.81,146600,9.81
2014-08-08,9.01,10.33,8.86,9.85,808200,9.85
2014-08-07,8.75,8.82,8.50,8.64,154600,8.64
2014-08-06,8.50,8.82,8.49,8.72,98200,8.72
2014-08-05,8.46,8.69,8.40,8.57,108300,8.57
2014-08-04,8.22,8.55,8.17,8.51,116500,8.51
2014-08-01,8.34,8.44,8.15,8.20,212600,8.20
2014-07-31,8.42,8.52,8.30,8.33,176300,8.33
2014-07-30,8.77,8.84,8.47,8.50,232200,8.50
2014-07-29,8.84,8.98,8.71,8.75,113200,8.75
2014-07-28,9.21,9.31,8.76,8.84,177600,8.84
2014-07-25,9.36,9.40,9.20,9.23,115300,9.23
2014-07-24,9.64,9.82,9.38,9.43,189800,9.43
2014-07-23,9.78,9.85,9.58,9.60,146500,9.60
2014-07-22,9.39,9.85,9.34,9.79,165700,9.79
2014-07-21,9.40,9.54,9.33,9.37,188300,9.37
2014-07-18,9.39,9.51,9.37,9.47,231900,9.47
2014-07-17,9.44,9.54,9.31,9.40,197600,9.40
2014-07-16,9.78,9.78,9.50,9.51,239700,9.51
2014-07-15,9.92,10.00,9.71,9.73,106500,9.73
2014-07-14,9.89,9.97,9.85,9.85,102500,9.85
2014-07-11,9.95,10.05,9.78,9.80,216300,9.80
2014-07-10,9.75,10.04,9.75,9.92,219900,9.92
2014-07-09,10.00,10.08,9.93,9.93,127600,9.93
2014-07-08,9.89,10.01,9.76,10.00,173200,10.00
2014-07-07,9.90,10.02,9.83,9.89,142600,9.89
2014-07-03,9.86,10.02,9.86,9.96,48100,9.96
2014-07-02,10.01,10.05,9.85,9.86,146700,9.86
2014-07-01,10.16,10.40,9.99,10.00,288500,10.00
2014-06-30,10.01,10.25,9.97,10.10,195200,10.10
2014-06-27,10.00,10.17,9.97,10.02,578000,10.02
2014-06-26,9.85,10.08,9.85,10.01,220400,10.01
2014-06-25,10.07,10.13,9.75,9.89,193200,9.89
2014-06-24,10.25,10.46,10.05,10.13,182600,10.13
2014-06-23,10.45,10.54,10.29,10.32,370700,10.32
2014-06-20,10.31,10.44,10.17,10.41,195600,10.41
2014-06-19,10.55,10.61,10.30,10.33,258400,10.33
2014-06-18,10.92,10.99,10.46,10.55,292400,10.55
2014-06-17,10.65,10.97,10.50,10.95,515700,10.95
2014-06-16,11.38,11.41,11.16,11.28,125200,11.28
2014-06-13,11.53,11.53,11.25,11.36,72800,11.36
2014-06-12,11.43,11.50,11.30,11.47,83000,11.47
2014-06-11,11.66,11.75,11.38,11.40,111200,11.40
2014-06-10,11.94,12.00,11.70,11.75,41700,11.75
2014-06-09,11.85,12.02,11.80,12.00,84400,12.00
2014-06-06,11.
73,11.90,11.66,11.83,77600,11.83
2014-06-05,11.35,11.68,11.31,11.66,69400,11.66
2014-06-04,11.33,11.50,11.26,11.37,60500,11.37
2014-06-03,11.33,11.45,11.28,11.37,94800,11.37
2014-06-02,11.73,11.73,11.37,11.38,110300,11.38
2014-05-30,12.04,12.14,11.74,11.76,113400,11.76
2014-05-29,12.13,12.24,12.01,12.01,99600,12.01
2014-05-28,12.34,12.50,12.13,12.15,88800,12.15
2014-05-27,12.15,12.37,12.04,12.33,159100,12.33
2014-05-23,11.90,12.18,11.75,12.05,526700,12.05
2014-05-22,11.60,11.86,11.50,11.84,93600,11.84
2014-05-21,11.34,11.83,11.27,11.53,227600,11.53
2014-05-20,11.81,11.81,11.19,11.25,261400,11.25
2014-05-19,10.96,11.94,10.96,11.83,388800,11.83
2014-05-16,10.92,10.95,10.63,10.78,164800,10.78
2014-05-15,11.38,11.38,10.68,10.89,317900,10.89
2014-05-14,11.63,11.75,11.45,11.45,211000,11.45
2014-05-13,12.07,12.12,11.65,11.68,194000,11.68
2014-05-12,11.70,12.35,11.60,12.15,659200,12.15
2014-05-09,11.84,12.26,11.82,12.25,73900,12.25
2014-05-08,12.16,12.35,11.81,11.91,75400,11.91
2014-05-07,12.33,12.39,11.97,12.09,79900,12.09
2014-05-06,12.80,12.85,12.34,12.34,82700,12.34
2014-05-05,12.98,13.13,12.81,12.88,57100,12.88
2014-05-02,12.77,13.24,12.77,13.10,97000,13.10
2014-05-01,12.69,12.94,12.46,12.72,88800,12.72
2014-04-30,12.76,12.89,12.61,12.75,78100,12.75
2014-04-29,12.86,13.11,12.67,12.79,96200,12.79
2014-04-28,12.86,13.20,12.53,12.80,102900,12.80
2014-04-25,13.20,13.20,12.76,12.82,89100,12.82
2014-04-24,13.11,13.36,12.95,13.23,143800,13.23
2014-04-23,13.18,13.36,12.97,12.99,104200,12.99
2014-04-22,13.34,13.65,13.15,13.25,160000,13.25
2014-04-21,12.93,13.32,12.66,13.28,165600,13.28
2014-04-17,12.75,12.94,12.58,12.88,104400,12.88
2014-04-16,12.58,12.80,12.52,12.75,54900,12.75
2014-04-15,12.74,12.74,12.37,12.50,149600,12.50
2014-04-14,12.67,12.70,12.50,12.69,83300,12.69
2014-04-11,12.43,12.58,12.43,12.54,169300,12.54
2014-04-10,12.44,12.65,12.32,12.54,148900,12.54
2014-04-09,12.40,12.49,11.89,12.49,130100,12.49
2014-04-08,12.29,12.58,12.25,12.34,283200,12.34
2014-04-07,12.81,12.88,12.18,12.33,153200,12.33
2014-04-04,13.02,13.41,12.67,12.81,153100,12.81
2014-04-03,13.20,13.44,12.93,13.00,157900,13.00
2014-04-02,12.67,13.23,12.66,13.18,189100,13.18
2014-04-01,12.62,12.77,12.52,12.66,129800,12.66
2014-03-31,12.32,12.80,12.32,12.63,79800,12.63
2014-03-28,12.19,12.38,12.07,12.29,54600,12.29
2014-03-27,12.11,12.24,11.98,12.11,149200,12.11
2014-03-26,12.34,12.34,12.00,12.09,166200,12.09
2014-03-25,12.13,12.34,12.10,12.30,167600,12.30
2014-03-24,11.56,12.41,11.40,12.07,494900,12.07
2014-03-21,11.65,11.78,11.49,11.57,552100,11.57
2014-03-20,12.06,12.06,11.58,11.62,295800,11.62
2014-03-19,12.00,12.24,11.88,11.97,285600,11.97
2014-03-18,11.53,12.09,11.48,12.09,398800,12.09
2014-03-17,11.46,11.85,11.25,11.58,586900,11.58
2014-03-14,11.98,12.13,11.06,11.55,887300,11.55
2014-03-13,12.53,12.65,12.02,12.03,170100,12.03
2014-03-12,12.35,12.56,12.24,12.44,219300,12.44
2014-03-11,13.09,13.24,12.25,12.35,160500,12.35
2014-03-10,13.05,13.27,12.93,13.19,138900,13.19
2014-03-07,13.15,13.38,13.04,13.11,93900,13.11
2014-03-06,13.06,13.19,12.97,13.09,58900,13.09
2014-03-05,13.01,13.35,13.01,13.13,99700,13.13
2014-03-04,12.94,13.20,12.84,13.06,138600,13.06
2014-03-03,12.73,13.03,12.53,12.82,79700,12.82
2014-02-28,13.14,13.22,12.78,12.81,73600,12.81
2014-02-27,12.96,13.10,12.71,13.10,141300,13.10
2014-02-26,12.61,13.10,12.58,12.98,224500,12.98
2014-
02-25,12.78,12.78,12.46,12.56,87100,12.56
2014-02-24,12.84,12.93,12.70,12.71,153700,12.71
2014-02-21,12.53,12.83,12.53,12.81,159200,12.81
2014-02-20,12.87,13.00,12.49,12.51,221400,12.51
2014-02-19,13.19,13.26,12.75,12.87,706900,12.87
2014-02-18,13.20,13.43,13.03,13.25,147100,13.25
2014-02-14,12.90,13.49,12.85,13.13,141800,13.13
2014-02-13,12.83,13.25,12.79,12.88,342900,12.88
2014-02-12,12.30,13.09,12.26,12.90,1528700,12.90
2014-02-11,13.07,13.12,13.00,13.02,73900,13.02
2014-02-10,13.10,13.10,12.97,13.02,109400,13.02
2014-02-07,13.45,13.49,13.01,13.07,191700,13.07
2014-02-06,12.98,13.48,12.98,13.42,203200,13.42
2014-02-05,12.91,13.08,12.76,12.93,128000,12.93
2014-02-04,12.98,13.08,12.78,12.91,142700,12.91
2014-02-03,13.27,13.37,12.78,12.91,212600,12.91
2014-01-31,13.44,13.56,13.22,13.26,147800,13.26
2014-01-30,13.54,13.70,13.33,13.60,492100,13.60
2014-01-29,13.41,13.54,13.29,13.44,293400,13.44
2014-01-28,13.54,13.63,13.31,13.50,251700,13.50
2014-01-27,13.44,13.63,13.25,13.50,327600,13.50
2014-01-24,13.48,13.50,13.24,13.37,127200,13.37
2014-01-23,13.71,13.79,13.44,13.53,183200,13.53
2014-01-22,13.60,13.85,13.45,13.77,73000,13.77
2014-01-21,13.66,13.73,13.47,13.55,169300,13.55
2014-01-17,14.02,14.15,13.36,13.62,525000,13.62
2014-01-16,14.08,14.14,13.85,13.99,380900,13.99
2014-01-15,14.21,14.24,13.98,14.06,214600,14.06
2014-01-14,14.00,14.35,13.84,14.25,375400,14.25
2014-01-13,14.66,14.90,12.70,14.07,1113600,14.07
2014-01-10,17.030001,17.309999,16.809999,16.99,229100,16.99
2014-01-09,16.709999,17.08,16.51,16.98,173100,16.98
2014-01-08,16.690001,16.780001,16.43,16.700001,190500,16.700001
2014-01-07,17.25,17.25,16.48,16.68,435000,16.68
2014-01-06,17.719999,17.860001,17.110001,17.16,348300,17.16
2014-01-03,17.299999,17.73,17.280001,17.65,146600,17.65
2014-01-02,18.09,18.10,17.08,17.33,337700,17.33
2013-12-31,18.110001,18.209999,17.92,18.030001,119700,18.030001
2013-12-30,18.15,18.34,18.01,18.07,91000,18.07
2013-12-27,18.200001,18.24,18.00,18.15,102300,18.15
2013-12-26,18.209999,18.42,17.940001,18.139999,103500,18.139999
2013-12-24,18.15,18.24,18.08,18.18,88700,18.18
2013-12-23,17.91,18.450001,17.91,18.15,380800,18.15
2013-12-20,17.50,18.09,17.40,17.879999,345800,17.879999
2013-12-19,17.959999,18.15,17.540001,17.540001,317600,17.540001
2013-12-18,17.790001,18.15,17.700001,17.969999,240000,17.969999
2013-12-17,17.59,17.84,17.459999,17.75,80700,17.75
2013-12-16,17.65,17.85,17.370001,17.620001,134600,17.620001
2013-12-13,17.549999,17.690001,17.40,17.639999,77400,17.639999
2013-12-12,17.58,17.709999,17.42,17.48,188900,17.48
2013-12-11,17.780001,17.790001,17.610001,17.68,251100,17.68
2013-12-10,17.790001,18.190001,17.620001,17.76,177200,17.76
2013-12-09,17.110001,18.41,16.870001,17.75,730900,17.75
2013-12-06,17.84,18.25,17.700001,18.190001,191800,18.190001
2013-12-05,17.469999,17.75,17.299999,17.709999,91800,17.709999
2013-12-04,17.049999,17.50,16.91,17.42,103100,17.42
2013-12-03,17.040001,17.200001,16.99,17.059999,54800,17.059999
2013-12-02,17.549999,17.57,16.98,17.09,104000,17.09
2013-11-29,17.76,17.76,17.40,17.540001,37900,17.540001
2013-11-27,17.50,17.90,17.32,17.73,103300,17.73
2013-11-26,17.10,17.559999,17.07,17.43,314900,17.43
2013-11-25,17.309999,17.360001,16.959999,17.110001,138000,17.110001
2013-11-22,17.040001,17.549999,16.90,17.25,130000,17.
25
2013-11-21,16.889999,17.040001,16.879999,17.00,377500,17.00
2013-11-20,17.32,17.360001,16.799999,16.889999,94700,16.889999
2013-11-19,17.15,17.440001,16.940001,17.299999,153700,17.299999
2013-11-18,17.219999,17.52,17.059999,17.110001,252400,17.110001
2013-11-15,16.48,17.35,16.40,17.209999,294300,17.209999
2013-11-14,15.51,16.66,15.40,16.379999,282900,16.379999
2013-11-13,14.67,15.49,14.55,15.45,346900,15.45
2013-11-12,14.75,14.80,14.51,14.62,133100,14.62
2013-11-11,14.41,14.90,14.40,14.79,272900,14.79
2013-11-08,14.95,14.95,14.35,14.49,443800,14.49
2013-11-07,15.00,15.40,14.82,14.98,411100,14.98
2013-11-06,14.81,15.04,14.10,14.96,783600,14.96
2013-11-05,14.58,15.09,14.50,14.76,352800,14.76
2013-11-04,14.41,14.67,14.41,14.64,122000,14.64
2013-11-01,14.86,14.92,14.39,14.41,177900,14.41
2013-10-31,14.85,14.94,14.82,14.90,357200,14.90
2013-10-30,14.70,15.04,14.62,14.85,310000,14.85
2013-10-29,14.73,14.86,14.68,14.72,98500,14.72
2013-10-28,15.13,15.13,14.62,14.74,199100,14.74
2013-10-25,15.04,15.13,15.00,15.02,147900,15.02
2013-10-24,14.86,15.06,14.74,15.00,165600,15.00
2013-10-23,14.52,14.87,14.49,14.80,138800,14.80
2013-10-22,14.88,14.88,14.49,14.57,235500,14.57
2013-10-21,15.02,15.17,14.62,14.83,236100,14.83
2013-10-18,14.79,15.08,14.61,15.01,211200,15.01
2013-10-17,15.19,15.27,14.66,14.68,253800,14.68
2013-10-16,15.24,15.34,15.07,15.24,266000,15.24
2013-10-15,15.00,15.23,15.00,15.20,243900,15.20
2013-10-14,15.04,15.11,14.67,15.06,166500,15.06
2013-10-11,14.59,15.09,14.58,15.06,173000,15.06
2013-10-10,14.35,14.70,14.35,14.56,249300,14.56
2013-10-09,14.09,14.37,14.01,14.27,495300,14.27
2013-10-08,14.01,14.14,13.96,14.06,247900,14.06
2013-10-07,13.70,14.14,13.70,14.05,472600,14.05
2013-10-04,13.85,13.97,13.58,13.77,536900,13.77
2013-10-03,13.74,13.90,13.66,13.87,202900,13.87
2013-10-02,13.58,13.90,13.58,13.78,401100,13.78
2013-10-01,13.99,14.00,13.75,13.81,196900,13.81
2013-09-30,14.08,14.16,13.75,13.98,186600,13.98
2013-09-27,14.18,14.29,14.05,14.16,126800,14.16
2013-09-26,14.63,14.69,14.04,14.20,219500,14.20
2013-09-25,14.69,14.87,14.55,14.63,142400,14.63
2013-09-24,14.85,14.90,14.56,14.71,293200,14.71
2013-09-23,15.00,15.07,14.53,14.79,413200,14.79
2013-09-20,15.94,15.94,15.00,15.00,965700,15.00
2013-09-19,16.26,16.530001,15.89,15.97,414200,15.97
2013-09-18,15.90,16.389999,15.83,16.209999,237400,16.209999
2013-09-17,15.66,15.95,15.66,15.94,105100,15.94
2013-09-16,15.84,15.96,15.66,15.70,466400,15.70
2013-09-13,15.98,16.110001,15.51,15.67,509800,15.67
2013-09-12,15.80,16.27,15.80,15.92,161000,15.92
2013-09-11,16.389999,16.48,15.75,15.85,177000,15.85
2013-09-10,16.610001,16.610001,16.309999,16.440001,118000,16.440001
2013-09-09,15.84,16.719999,15.84,16.549999,471900,16.549999
2013-09-06,15.82,16.02,15.45,15.95,363600,15.95
2013-09-05,15.57,15.92,15.50,15.70,196200,15.70
2013-09-04,15.43,15.65,15.34,15.60,171700,15.60
2013-09-03,15.42,15.57,15.41,15.46,253000,15.46
2013-08-30,15.42,15.46,15.30,15.34,88600,15.34
2013-08-29,15.49,15.61,15.37,15.45,157000,15.45
2013-08-28,15.76,15.78,15.40,15.51,179400,15.51
2013-08-27,16.00,16.129999,15.65,15.72,169800,15.72
2013-08-26,16.07,16.23,16.00,16.129999,94700,16.129999
2013-08-23,16.190001,16.200001,15.95,16.02,102900,16.
02
2013-08-22,15.76,16.219999,15.70,16.209999,178600,16.209999
2013-08-21,15.97,16.200001,15.65,15.70,360700,15.70
2013-08-20,15.79,16.049999,15.75,15.96,396800,15.96
2013-08-19,15.70,15.96,15.70,15.75,284700,15.75
2013-08-16,15.49,15.90,15.49,15.78,245500,15.78
2013-08-15,15.41,15.74,15.40,15.51,572700,15.51
2013-08-14,15.23,15.56,14.67,15.56,1754500,15.56
2013-08-13,18.879999,18.90,15.13,15.26,3919300,15.26
2013-08-12,18.43,18.969999,18.35,18.92,272900,18.92
2013-08-09,18.60,18.690001,18.17,18.51,157800,18.51
2013-08-08,18.90,18.99,18.57,18.68,105300,18.68
2013-08-07,18.610001,18.74,18.139999,18.68,187700,18.68
2013-08-06,18.809999,18.889999,18.49,18.59,278000,18.59
2013-08-05,18.690001,19.00,18.51,18.90,144500,18.90
2013-08-02,18.49,18.76,18.24,18.73,233700,18.73
2013-08-01,18.93,18.950001,18.389999,18.440001,122200,18.440001
2013-07-31,18.530001,18.969999,18.40,18.74,213100,18.74
2013-07-30,18.41,18.65,18.35,18.450001,85100,18.450001
2013-07-29,18.309999,18.51,18.08,18.33,22600,18.33
2013-07-26,18.370001,18.48,17.93,18.34,276700,18.34
2013-07-25,19.440001,19.50,18.26,18.52,604000,18.52
2013-07-24,19.959999,19.959999,19.33,19.360001,131000,19.360001
2013-07-23,20.02,20.09,19.41,19.809999,320500,19.809999
2013-07-22,19.309999,20.200001,19.24,19.99,390400,19.99
2013-07-19,19.200001,19.51,19.139999,19.290001,389200,19.290001
2013-07-18,19.639999,19.790001,19.18,19.35,459400,19.35
2013-07-17,20.10,20.10,19.290001,19.60,383800,19.60
2013-07-16,20.370001,20.43,19.91,20.01,364400,20.01
2013-07-15,20.719999,20.799999,20.23,20.280001,457300,20.280001
2013-07-12,20.25,20.73,20.01,20.65,495500,20.65
2013-07-11,20.299999,20.360001,19.93,20.309999,434200,20.309999
2013-07-10,20.049999,20.379999,19.90,20.09,257900,20.09
2013-07-09,19.190001,20.40,18.85,20.00,483400,20.00
2013-07-08,18.700001,19.440001,18.50,19.15,323500,19.15
2013-07-05,19.43,19.43,17.98,18.33,395000,18.33
2013-07-03,19.450001,19.450001,19.07,19.200001,410900,19.200001
2013-07-02,20.370001,20.690001,19.32,19.559999,695500,19.559999
2013-07-01,20.120001,20.34,19.77,20.15,397000,20.15
2013-06-28,19.98,20.280001,19.84,20.059999,1524600,20.059999
2013-06-27,20.059999,20.200001,19.85,19.99,523800,19.99
2013-06-26,20.91,20.93,19.059999,20.059999,620000,20.059999
2013-06-25,21.01,21.42,20.690001,20.799999,352400,20.799999
2013-06-24,21.950001,21.950001,20.73,20.969999,373000,20.969999
2013-06-21,23.43,23.43,22.299999,22.299999,575900,22.299999
2013-06-20,23.08,23.690001,22.92,23.25,206800,23.25
2013-06-19,23.82,24.10,22.75,23.530001,191200,23.530001
2013-06-18,22.719999,23.969999,22.719999,23.83,206400,23.83
2013-06-17,22.530001,23.030001,22.35,22.709999,239800,22.709999
2013-06-14,21.75,22.610001,21.75,22.35,147000,22.35
2013-06-13,20.860001,21.84,20.68,21.780001,131500,21.780001
2013-06-12,21.40,21.40,20.83,20.889999,178100,20.889999
2013-06-11,21.35,21.469999,20.889999,20.93,261800,20.93
2013-06-10,21.50,21.870001,20.98,21.450001,267500,21.450001
2013-06-07,21.379999,21.68,21.09,21.290001,285300,21.290001
2013-06-06,21.01,21.379999,20.540001,21.10,729800,21.10
2013-06-05,22.50,23.799999,21.26,21.40,263400,21.40
2013-06-04,22.799999,22.809999,22.43,22.52,188100,22.52
2013-06-03,23.459999,23.51,22.68,22.90,428400,22
.90
2013-05-31,23.280001,23.50,23.10,23.10,443300,23.10
2013-05-30,23.299999,23.32,23.02,23.190001,305500,23.190001
2013-05-29,23.50,23.77,23.02,23.299999,353800,23.299999
2013-05-28,24.09,24.200001,23.40,23.59,644300,23.59
2013-05-24,23.219999,23.74,22.92,23.549999,650500,23.549999
2013-05-23,22.35,24.459999,22.00,23.299999,15120000,23.299999