Date,Open,High,Low,Close,Volume,Adj Close
2016-08-05,12.03,12.31,12.00,12.19,248400,12.19
2016-08-04,11.63,12.01,11.26,11.94,295600,11.94
2016-08-03,11.49,11.92,11.41,11.71,349300,11.71
2016-08-02,11.85,12.07,11.44,11.47,239600,11.47
2016-08-01,11.90,12.09,11.76,11.81,131800,11.81
2016-07-29,11.71,11.96,11.70,11.89,171500,11.89
2016-07-28,11.93,11.98,11.71,11.76,102700,11.76
2016-07-27,11.79,12.12,11.79,12.00,184000,12.00
2016-07-26,11.86,12.01,11.72,11.75,272500,11.75
2016-07-25,11.95,12.14,11.70,11.91,292600,11.91
2016-07-22,11.86,12.26,11.79,11.97,210100,11.97
2016-07-21,12.09,12.18,11.81,11.85,171800,11.85
2016-07-20,12.01,12.19,11.94,12.10,242600,12.10
2016-07-19,12.12,12.28,11.91,12.04,433400,12.04
2016-07-18,11.91,12.38,11.90,12.20,619300,12.20
2016-07-15,12.25,12.47,12.16,12.18,513100,12.18
2016-07-14,12.80,12.94,12.22,12.24,488900,12.24
2016-07-13,12.96,12.99,12.45,12.59,269400,12.59
2016-07-12,13.14,13.31,12.94,12.95,188400,12.95
2016-07-11,12.93,13.13,12.87,13.00,164700,13.00
2016-07-08,13.00,13.06,12.72,12.88,413100,12.88
2016-07-07,12.80,12.85,12.42,12.66,272900,12.66
2016-07-06,12.82,13.00,12.33,12.81,565700,12.81
2016-07-05,12.98,12.98,12.25,12.38,428200,12.38
2016-07-01,13.06,13.29,12.90,13.09,202500,13.09
2016-06-30,13.57,13.60,12.93,13.10,334100,13.10
2016-06-29,13.56,13.86,13.24,13.64,215500,13.64
2016-06-28,12.60,13.43,12.59,13.34,304900,13.34
2016-06-27,12.73,12.80,12.06,12.25,373100,12.25
2016-06-24,12.80,13.40,12.71,12.92,635700,12.92
2016-06-23,13.92,14.00,13.58,13.93,172500,13.93
2016-06-22,13.61,13.83,13.56,13.70,190300,13.70
2016-06-21,13.67,13.86,13.27,13.62,483600,13.62
2016-06-20,13.50,13.92,13.48,13.71,281900,13.71
2016-06-17,13.43,13.82,13.27,13.39,221700,13.39
2016-06-16,13.43,13.43,12.92,13.30,359400,13.30
2016-06-15,13.28,13.94,13.21,13.58,311500,13.58
2016-06-14,13.71,13.99,12.83,13.12,481700,13.12
2016-06-13,14.27,14.27,13.64,13.79,276900,13.79
2016-06-10,14.00,14.55,13.89,14.28,479900,14.28
2016-06-09,13.75,14.22,13.72,14.06,405900,14.06
2016-06-08,13.99,14.27,13.79,13.89,357900,13.89
2016-06-07,13.32,13.91,13.23,13.86,526600,13.86
2016-06-06,12.61,13.29,12.61,13.22,415100,13.22
2016-06-03,12.45,12.59,12.24,12.54,258300,12.54
2016-06-02,12.28,12.60,12.03,12.40,499000,12.40
2016-06-01,12.15,12.37,11.89,12.35,333100,12.35
2016-05-31,12.54,12.71,12.32,12.33,152500,12.33
2016-05-27,12.63,12.80,12.41,12.51,254200,12.51
2016-05-26,12.62,12.78,12.38,12.78,289700,12.78
2016-05-25,11.95,12.60,11.95,12.55,513600,12.55
2016-05-24,11.87,11.93,11.60,11.85,398300,11.85
2016-05-23,12.38,12.65,11.91,11.99,516000,11.77
2016-05-20,11.66,12.45,11.66,12.35,737600,12.123395
2016-05-19,11.69,11.92,11.55,11.71,520200,11.495138
2016-05-18,11.33,12.14,11.13,11.57,
741100,11.357706
2016-05-17,10.92,11.14,10.85,11.10,244200,10.896331
2016-05-16,11.23,11.29,10.85,10.91,262500,10.709816
2016-05-13,11.03,11.24,11.00,11.09,168800,10.886514
2016-05-12,11.06,11.26,10.99,11.06,308700,10.857065
2016-05-11,10.79,11.20,10.79,10.94,561800,10.739266
2016-05-10,10.80,10.88,10.42,10.73,644500,10.533119
2016-05-09,10.80,10.89,10.58,10.73,542800,10.533119
2016-05-06,10.80,11.05,10.75,10.80,475100,10.601835
2016-05-05,11.08,11.17,10.63,10.79,579400,10.592018
2016-05-04,11.22,11.35,10.80,10.85,761700,10.650918
2016-05-03,11.42,11.59,10.90,11.01,1119900,10.807982
2016-05-02,12.32,12.35,11.06,11.55,971100,11.338073
2016-04-29,12.13,12.55,12.08,12.23,649200,12.005596
2016-04-28,12.68,12.80,11.97,11.97,867200,11.750367
2016-04-27,14.30,14.35,12.06,12.47,2174600,12.241193
2016-04-26,15.40,15.40,14.35,14.54,493900,14.273211
2016-04-25,15.72,15.95,15.31,15.39,221500,15.107615
2016-04-22,15.48,16.01,15.47,15.82,193400,15.529724
2016-04-21,15.85,15.98,15.24,15.40,243000,15.117431
2016-04-20,15.52,16.00,15.42,15.86,182400,15.56899
2016-04-19,16.08,16.17,15.50,15.52,242900,15.23523
2016-04-18,15.74,16.09,15.45,15.81,165500,15.519909
2016-04-15,16.190001,16.280001,15.72,15.99,231900,15.696605
2016-04-14,16.24,16.65,15.94,16.40,420800,16.099082
2016-04-13,15.80,16.42,15.74,16.27,292300,15.971468
2016-04-12,14.66,15.90,14.61,15.74,478100,15.451192
2016-04-11,14.13,14.74,14.09,14.63,225900,14.36156
2016-04-08,14.00,14.00,13.74,13.97,198600,13.71367
2016-04-07,13.81,14.01,13.76,13.86,192900,13.605688
2016-04-06,13.66,14.01,13.66,13.96,179700,13.703853
2016-04-05,13.78,13.78,13.46,13.58,175000,13.330825
2016-04-04,13.94,14.05,13.74,13.82,122100,13.566422
2016-04-01,14.24,14.35,13.76,13.93,277500,13.674404
2016-03-31,14.13,14.49,14.09,14.49,255200,14.224128
2016-03-30,13.77,14.14,13.56,14.10,553800,13.841285
2016-03-29,13.83,14.01,13.60,13.76,334500,13.507523
2016-03-28,14.34,14.41,13.83,13.95,134800,13.694036
2016-03-24,13.69,14.26,13.35,14.20,301800,13.939449
2016-03-23,14.67,14.77,14.21,14.25,405100,13.497706
2016-03-22,14.29,14.95,14.21,14.77,442000,13.990254
2016-03-21,13.88,14.76,13.78,14.46,458100,13.69662
2016-03-18,13.70,14.08,13.55,14.02,424600,13.279849
2016-03-17,13.40,13.94,12.82,13.52,657700,12.806245
2016-03-16,11.63,13.80,11.61,13.57,1013800,12.853605
2016-03-15,13.13,13.19,11.32,11.51,554500,10.902358
2016-03-14,12.00,12.90,11.90,12.58,666600,11.91587
2016-03-11,11.74,12.20,11.67,11.98,528000,11.347545
2016-03-10,11.82,11.90,11.31,11.49,606000,10.883413
2016-03-09,11.37,11.87,11.37,11.77,645900,11.148632
2016-03-08,12.00,12.00,11.23,11.23,264000,10.637139
2016-03-07,11.84,12.11,11.79,12.02,351900,11.385434
2016-03-04,11.45,12.08,11.44,11.83,615000,11.205464
2016-03-03,11.11,11.49,11.10,11.34,435000,10.741333
2016-03-02,11.40,11.50,11.00,11.13,348100,10.542419
2016-03-01,11.36,11.78
,11.26,11.47,407100,10.86447
2016-02-29,10.81,11.54,10.80,11.12,802100,10.532947
2016-02-26,11.19,11.28,10.50,10.65,524100,10.087759
2016-02-25,11.08,11.12,10.86,11.01,355400,10.428754
2016-02-24,11.29,11.29,11.03,11.06,440700,10.476115
2016-02-23,11.65,11.78,11.42,11.44,222100,10.836053
2016-02-22,11.70,12.03,11.61,11.66,452200,11.044439
2016-02-19,11.77,11.89,11.61,11.68,210000,11.063383
2016-02-18,12.51,12.58,11.71,11.76,342400,11.13916
2016-02-17,12.75,12.75,12.38,12.50,253100,11.840093
2016-02-16,12.60,12.60,12.01,12.37,353200,11.716956
2016-02-12,12.70,12.70,11.70,12.00,275200,11.366489
2016-02-11,12.07,12.56,12.01,12.30,70400,11.650652
2016-02-10,12.51,12.83,12.15,12.45,155000,11.792733
2016-02-09,12.90,12.95,12.19,12.43,117100,11.773789
2016-02-08,13.06,13.13,12.80,12.92,149200,12.23792
2016-02-05,13.59,13.75,12.94,13.32,186400,12.616803
2016-02-04,14.85,14.85,13.55,13.74,403800,13.01463
2016-02-03,12.33,13.99,12.21,13.98,486000,13.24196
2016-02-02,12.63,13.00,12.17,12.88,685400,12.200032
2016-02-01,12.93,12.98,12.54,12.90,253400,12.218976
2016-01-29,13.00,13.26,12.82,12.91,506400,12.228448
2016-01-28,12.92,13.19,12.80,12.91,225600,12.228448
2016-01-27,13.00,13.26,12.69,12.74,286500,12.067423
2016-01-26,13.43,13.43,12.69,13.11,676800,12.417889
2016-01-25,14.18,14.18,13.06,13.07,140900,12.380001
2016-01-22,14.23,14.42,13.85,14.05,448100,13.308265
2016-01-21,13.95,14.13,13.57,13.73,440500,13.005158
2016-01-20,14.40,14.80,13.33,13.97,303600,13.232488
2016-01-19,15.92,16.25,14.61,14.69,336200,13.914477
2016-01-15,16.549999,16.549999,14.80,15.48,492100,14.662771
2016-01-14,16.469999,17.16,16.15,17.120001,134200,16.216192
2016-01-13,16.299999,16.82,16.18,16.370001,235300,15.505787
2016-01-12,16.26,16.42,15.88,16.02,209100,15.174264
2016-01-11,16.41,16.639999,15.90,15.96,214900,15.117431
2016-01-08,17.139999,17.35,16.24,16.280001,119200,15.420538
2016-01-07,17.25,17.57,16.92,16.950001,162900,16.055167
2016-01-06,17.32,17.690001,17.32,17.549999,75900,16.62349
2016-01-05,17.57,17.85,17.459999,17.77,167700,16.831877
2016-01-04,17.559999,17.620001,17.15,17.57,278500,16.642435
2015-12-31,17.530001,18.190001,17.51,17.950001,112000,17.002374
2015-12-30,17.90,18.58,17.35,17.530001,243500,16.604547
2015-12-29,18.02,18.309999,17.74,18.08,166700,17.125511
2015-12-28,17.82,18.049999,17.40,17.92,146900,16.973958
2015-12-24,18.200001,18.49,18.129999,18.370001,61700,17.400202
2015-12-23,18.49,18.65,17.75,18.27,376300,17.305481
2015-12-22,17.790001,18.74,17.209999,18.299999,225600,17.333896
2015-12-21,17.40,17.959999,17.40,17.790001,150900,16.850821
2015-12-18,18.200001,18.27,17.10,17.280001,343300,16.367745
2015-12-17,18.26,19.32,18.190001,18.309999,359200,17.343368
2015-12-16,17.940001,18.360001,17.68,18.16,329900,17.201287
2015-12-15,17.59,18.209999,17.370001,17.99,303000,17.040262
2015-12-14,17.58,17.58,16.60,17.34,345500,16.424577
2015-12-11,18.09,18.139999,17.52,17.610001,197300,16.68032
4
2015-12-10,17.959999,18.950001,17.85,18.33,154700,17.362313
2015-12-09,17.940001,18.58,17.639999,17.93,330100,16.98343
2015-12-08,17.559999,18.620001,17.15,17.85,282800,16.907653
2015-12-07,18.58,18.790001,17.780001,17.92,438100,16.973958
2015-12-04,19.299999,19.40,18.389999,18.879999,225400,17.883276
2015-12-03,19.200001,19.66,18.67,19.440001,273100,18.413713
2015-12-02,18.879999,20.15,18.879999,19.389999,276400,18.366352
2015-12-01,19.08,19.15,18.889999,18.92,230200,17.921165
2015-11-30,18.84,19.540001,18.75,19.09,234500,18.08219
2015-11-27,19.040001,19.15,18.459999,18.709999,94400,17.722251
2015-11-25,19.51,19.83,19.16,19.24,177500,18.224271
2015-11-24,19.34,19.629999,18.700001,19.610001,383100,18.574739
2015-11-23,19.780001,20.389999,19.379999,20.030001,324800,18.972566
2015-11-20,19.51,20.049999,19.200001,19.98,284000,18.925204
2015-11-19,19.32,19.68,19.09,19.58,220900,18.546322
2015-11-18,19.59,20.00,18.870001,19.25,296700,18.233743
2015-11-17,18.379999,19.82,18.200001,19.43,384800,18.404241
2015-11-16,17.32,18.41,17.32,18.41,223900,17.438089
2015-11-13,17.50,17.65,16.950001,17.18,263700,16.273024
2015-11-12,18.43,18.530001,17.40,17.41,365100,16.490882
2015-11-11,18.450001,18.84,17.40,18.66,888300,17.674891
2015-11-10,16.57,18.10,16.459999,18.00,673600,17.049734
2015-11-09,16.48,16.65,15.82,15.99,519300,15.145847
2015-11-06,16.48,16.940001,16.200001,16.48,371000,15.609978
2015-11-05,16.83,17.18,16.43,16.75,460300,15.865725
2015-11-04,17.51,17.639999,16.75,16.85,452400,15.960446
2015-11-03,17.60,17.709999,17.370001,17.540001,241000,16.61402
2015-11-02,17.299999,17.98,17.209999,17.48,457700,16.557186
2015-10-30,17.360001,17.719999,16.75,17.209999,574900,16.301439
2015-10-29,17.77,17.969999,16.26,17.110001,572300,16.20672
2015-10-28,18.129999,19.219999,18.10,19.09,410900,18.08219
2015-10-27,18.620001,18.709999,17.889999,18.120001,246800,17.1634
2015-10-26,19.35,19.65,18.34,18.67,621100,17.684363
2015-10-23,19.09,19.41,18.67,19.309999,137300,18.290575
2015-10-22,18.73,19.09,18.309999,18.690001,68400,17.703308
2015-10-21,19.870001,20.360001,18.40,18.450001,345800,17.475978
2015-10-20,19.84,20.50,19.559999,19.940001,214900,18.887317
2015-10-19,19.629999,20.290001,19.48,19.809999,196100,18.764179
2015-10-16,19.98,20.08,19.540001,19.84,147100,18.792596
2015-10-15,19.65,20.200001,19.40,19.950001,293100,18.896789
2015-10-14,18.76,19.559999,18.52,19.52,363200,18.48949
2015-10-13,18.48,18.940001,18.23,18.709999,239000,17.722251
2015-10-12,18.629999,18.799999,18.16,18.66,199800,17.674891
2015-10-09,19.290001,19.65,18.309999,18.530001,252800,17.551755
2015-10-08,18.66,19.639999,18.51,19.35,237600,18.328465
2015-10-07,18.719999,19.799999,18.299999,18.73,471900,17.741195
2015-10-06,17.860001,18.73,17.690001,18.459999,435200,17.485449
2015-10-05,16.74,17.959999,16.610001,17.860001,530800,16.917126
2015-10-02,15.73,16.469999,15.21,16.459999,457700,15.591034
2015-10-01,16.110001,16.27,15.05,15.51,566600,14.691188
2015-09-30,15.86,16.309999,15.69,16.120001,507000,15.268985
2015-09-29,15.24,15.88,15.11,15.57,371800,14.74802
2015-
09-28,15.05,15.58,14.85,15.07,329900,14.274416
2015-09-25,15.51,16.280001,15.14,15.22,522100,14.416498
2015-09-24,15.24,15.56,15.14,15.22,331600,14.416498
2015-09-23,16.40,16.40,15.30,15.34,707900,14.530162
2015-09-22,17.290001,17.33,16.129999,16.15,677600,15.2974
2015-09-21,19.030001,19.219999,17.469999,17.469999,884100,16.547714
2015-09-18,20.01,20.530001,18.780001,18.790001,430900,17.798029
2015-09-17,20.49,20.719999,19.969999,20.190001,303300,19.124119
2015-09-16,20.129999,20.76,20.129999,20.690001,315100,19.597723
2015-09-15,19.15,19.77,18.959999,19.690001,285400,18.650515
2015-09-14,18.60,19.299999,18.60,18.940001,197700,17.94011
2015-09-11,19.09,19.530001,18.540001,18.799999,352200,17.807499
2015-09-10,19.75,19.959999,19.040001,19.10,352900,18.091663
2015-09-09,21.09,21.68,19.27,19.870001,965600,18.821013
2015-09-08,21.629999,22.10,20.700001,21.09,342600,19.976605
2015-09-04,20.57,22.120001,20.57,21.440001,868600,20.308128
2015-09-03,20.40,21.690001,20.40,20.889999,337400,19.787163
2015-09-02,22.51,23.77,19.32,21.18,1392600,20.061854
2015-09-01,23.83,25.82,22.280001,22.290001,1026600,21.113255
2015-08-31,26.10,26.60,24.969999,26.15,442300,24.769474
2015-08-28,25.35,26.60,25.02,26.200001,457100,24.816836
2015-08-27,24.209999,25.690001,24.209999,25.690001,301100,24.33376
2015-08-26,24.110001,24.290001,22.91,23.91,256400,22.64773
2015-08-25,23.549999,24.870001,23.049999,23.860001,394500,22.60037
2015-08-24,21.33,23.58,21.00,22.67,377800,21.473193
2015-08-21,24.51,24.700001,23.57,23.65,448900,22.401456
2015-08-20,25.809999,25.92,24.540001,24.860001,417100,23.547578
2015-08-19,27.60,27.90,25.870001,26.049999,355200,24.674753
2015-08-18,28.85,28.90,27.24,27.639999,252200,26.180813
2015-08-17,28.049999,28.639999,27.65,28.57,236600,27.061717
2015-08-14,27.23,29.34,26.719999,28.34,516100,26.843859
2015-08-13,27.00,27.959999,26.50,27.219999,437400,25.782986
2015-08-12,28.040001,28.559999,26.75,27.530001,334200,26.076622
2015-08-11,28.42,29.690001,27.57,27.799999,450700,26.332366
2015-08-10,28.51,29.68,28.42,29.09,354400,27.554265
2015-08-07,29.35,29.35,28.040001,28.77,259300,27.251159
2015-08-06,28.870001,29.48,26.950001,28.82,642900,27.298518
2015-08-05,29.00,29.40,28.370001,28.969999,429500,27.440599
2015-08-04,29.25,29.25,28.00,29.00,420800,27.469016
2015-08-03,30.58,30.58,28.76,29.370001,720100,27.819484
2015-07-31,30.40,30.92,29.82,30.620001,183700,29.003493
2015-07-30,30.00,30.700001,29.09,30.48,502000,28.870883
2015-07-29,28.219999,30.27,27.700001,30.25,880800,28.653025
2015-07-28,29.25,29.49,27.66,28.10,263800,26.61653
2015-07-27,27.549999,29.15,26.809999,29.049999,543700,27.516376
2015-07-24,28.030001,28.48,27.530001,27.889999,405400,26.417615
2015-07-23,28.50,28.92,27.440001,27.940001,242400,26.464977
2015-07-22,29.41,29.66,28.389999,28.540001,336900,27.033302
2015-07-21,28.84,29.74,28.75,29.639999,256800,28.075228
2015-07-20,28.280001,28.90,27.59,28.809999,304900,27.2
89046
2015-07-17,27.93,28.75,27.93,28.370001,294700,26.872276
2015-07-16,27.290001,28.059999,27.00,27.84,226800,26.370256
2015-07-15,27.15,27.459999,26.950001,26.99,126500,25.565129
2015-07-14,26.690001,27.33,26.41,27.190001,519800,25.754571
2015-07-13,26.66,27.15,26.18,26.68,457900,25.271495
2015-07-10,26.00,27.35,25.74,26.59,215800,25.186246
2015-07-09,25.290001,26.709999,25.17,25.76,383300,24.400064
2015-07-08,24.959999,25.27,24.50,24.59,309400,23.291831
2015-07-07,27.10,27.10,24.25,25.389999,1093400,24.049597
2015-07-06,27.309999,27.73,26.48,27.58,406700,26.123981
2015-07-02,27.73,28.60,27.610001,27.700001,296900,26.237647
2015-07-01,28.50,29.049999,27.540001,27.620001,233600,26.161871
2015-06-30,27.799999,28.57,27.60,28.049999,336000,26.569168
2015-06-29,29.50,29.540001,27.43,27.51,461600,26.057677
2015-06-26,29.58,29.940001,29.43,29.709999,306000,28.141532
2015-06-25,29.530001,29.959999,29.120001,29.58,323200,28.018396
2015-06-24,29.639999,30.65,29.450001,29.530001,454100,27.971037
2015-06-23,29.059999,30.00,28.99,29.639999,254100,28.075228
2015-06-22,29.209999,30.049999,28.90,29.16,321200,27.620569
2015-06-19,29.280001,29.629999,28.73,29.00,376000,27.469016
2015-06-18,28.110001,29.620001,27.90,29.16,603500,27.620569
2015-06-17,27.58,28.049999,26.75,27.950001,1104100,26.474449
2015-06-16,27.26,27.93,27.059999,27.41,497900,25.962956
2015-06-15,27.16,27.940001,26.610001,27.440001,440600,25.991373
2015-06-12,27.68,28.00,27.18,27.24,193900,25.801931
2015-06-11,27.950001,28.299999,26.40,27.51,729600,26.057677
2015-06-10,28.50,29.66,27.83,27.969999,488500,26.493392
2015-06-09,29.42,29.84,28.60,28.799999,157600,27.279574
2015-06-08,28.559999,30.73,28.549999,29.200001,506300,27.658458
2015-06-05,28.07,28.85,27.50,28.40,264000,26.900691
2015-06-04,29.780001,29.959999,28.00,28.27,784500,26.777555
2015-06-03,31.450001,31.450001,29.610001,30.10,386100,28.510945
2015-06-02,30.15,31.08,30.08,31.00,202200,29.363431
2015-06-01,30.35,30.59,29.549999,30.07,288100,28.482528
2015-05-29,29.32,30.90,29.18,30.219999,406900,28.624609
2015-05-28,30.42,30.60,29.00,29.450001,570700,27.89526
2015-05-27,30.290001,30.809999,29.959999,30.540001,427700,28.927716
2015-05-26,31.74,31.799999,29.77,30.26,543600,28.662498
2015-05-22,32.299999,32.43,31.809999,31.959999,254800,30.272749
2015-05-21,31.969999,32.50,31.719999,32.290001,341700,30.585329
2015-05-20,33.68,33.84,31.780001,32.220001,729000,30.282225
2015-05-19,34.869999,35.060001,32.189999,33.48,836700,31.466444
2015-05-18,34.68,35.150002,34.07,34.889999,951400,32.791644
2015-05-15,34.27,35.450001,33.98,34.66,1011800,32.575477
2015-05-14,31.950001,34.830002,31.17,34.639999,1932800,32.556679
2015-05-13,28.440001,30.389999,28.18,29.879999,727200,28.082955
2015-05-12,28.41,28.51,27.690001,28.18,332700,26.485198
2015-05-11,28.799999,29.719999,28.26,28.49,350000,26.776553
2015-05-08,28.00,28.799999,27.700001,28.59,276400,26.870539
2015-05-07,27.50,28.76,27.15,27.889999,429300,2
6.212638
2015-05-06,28.00,28.34,27.00,27.469999,347100,25.817898
2015-05-05,26.84,27.549999,26.77,27.16,165700,25.526542
2015-05-04,27.370001,28.00,26.52,26.809999,348700,25.197591
2015-05-01,27.379999,27.459999,26.52,27.209999,141800,25.573534
2015-04-30,26.00,27.290001,25.92,27.139999,323700,25.507744
2015-04-29,26.66,27.190001,26.15,26.209999,229800,24.633676
2015-04-28,26.24,26.969999,25.540001,26.68,290900,25.075411
2015-04-27,26.66,27.040001,26.110001,26.379999,296200,24.793452
2015-04-24,26.83,27.530001,26.41,26.459999,323200,24.868641
2015-04-23,25.860001,27.17,25.860001,26.66,327700,25.056613
2015-04-22,25.219999,26.18,25.129999,25.82,226600,24.267132
2015-04-21,25.77,26.07,25.049999,25.139999,203300,23.628029
2015-04-20,25.879999,26.50,25.139999,25.49,459800,23.956979
2015-04-17,27.50,27.67,26.01,26.10,520500,24.530293
2015-04-16,27.200001,28.68,26.10,28.27,667600,26.569785
2015-04-15,26.67,28.110001,26.34,27.450001,510000,25.799102
2015-04-14,26.90,27.00,25.799999,26.700001,516000,25.094208
2015-04-13,26.49,27.08,26.40,26.790001,254500,25.178796
2015-04-10,26.43,27.00,26.07,26.41,213300,24.821649
2015-04-09,27.01,27.24,26.059999,26.34,354900,24.755859
2015-04-08,25.92,27.290001,25.92,26.99,568700,25.366766
2015-04-07,25.24,26.129999,25.030001,25.889999,350300,24.332922
2015-04-06,24.99,25.99,24.90,25.219999,283700,23.703217
2015-04-02,24.77,25.15,24.559999,24.879999,235000,23.383665
2015-04-01,24.09,25.00,23.799999,24.639999,353500,23.1581
2015-03-31,23.790001,24.25,23.65,24.02,229400,22.575389
2015-03-30,23.67,24.40,23.540001,24.07,260000,22.622381
2015-03-27,23.49,23.49,22.85,23.40,321000,21.992676
2015-03-26,23.51,23.969999,23.16,23.620001,629200,22.199446
2015-03-25,22.610001,24.00,22.610001,23.51,609700,22.096061
2015-03-24,21.719999,23.16,21.58,22.450001,754000,21.099812
2015-03-23,21.26,21.85,21.190001,21.639999,677200,20.338526
2015-03-20,20.870001,21.379999,20.639999,21.34,661300,20.056569
2015-03-19,20.77,21.040001,20.60,20.639999,289700,19.398668
2015-03-18,20.82,20.99,20.65,20.870001,284600,19.614836
2015-03-17,21.139999,21.25,20.559999,20.93,479800,19.671227
2015-03-16,21.030001,21.74,20.709999,21.26,530500,19.98138
2015-03-13,21.77,21.790001,20.360001,20.98,645700,19.71822
2015-03-12,20.469999,22.43,20.18,22.209999,880200,20.874244
2015-03-11,22.51,22.940001,21.530001,22.32,440500,20.977629
2015-03-10,22.98,23.139999,21.629999,22.40,361600,21.052818
2015-03-09,23.59,23.59,22.790001,23.139999,415300,21.748313
2015-03-06,22.65,23.75,22.549999,23.52,591900,22.10546
2015-03-05,22.389999,22.629999,22.01,22.540001,314400,21.184399
2015-03-04,22.33,22.790001,21.82,22.33,248500,20.987028
2015-03-03,23.040001,23.68,22.219999,22.40,290600,21.052818
2015-03-02,23.620001,23.68,22.23,22.940001,384500,21.560342
2015-02-27,23.559999,23.799999,23.299999,23.559999,171900,22.143053
2015-02-26,22.860001,23.77,22.58,23.52,324200,22.10546
2015-02-25,22.49,23.360001,21.959999,22.85,279100,21.475755
2015-02-24,22.389999,23.24,22.309999,22.610001,285900,21.25
0189
2015-02-23,23.35,23.35,21.549999,22.209999,476200,20.874244
2015-02-20,23.780001,23.959999,23.18,23.49,252200,22.077263
2015-02-19,24.629999,24.780001,23.42,23.92,235600,22.481402
2015-02-18,26.00,26.209999,24.120001,24.700001,1138100,23.214492
2015-02-17,25.190001,25.91,24.790001,25.799999,481200,24.248335
2015-02-13,24.00,26.10,23.98,25.16,764700,23.646826
2015-02-12,23.52,24.02,23.18,23.709999,690100,22.284031
2015-02-11,22.360001,23.360001,22.360001,22.68,576300,21.315979
2015-02-10,22.530001,22.799999,21.65,22.700001,331100,21.334776
2015-02-09,21.700001,22.83,21.51,22.309999,660000,20.968231
2015-02-06,21.73,22.07,21.360001,21.65,322300,20.347924
2015-02-05,20.15,21.360001,20.120001,21.25,341600,19.971982
2015-02-04,19.379999,20.34,19.219999,19.82,386700,18.627984
2015-02-03,19.200001,19.74,19.00,19.52,451600,18.346028
2015-02-02,19.59,19.59,18.700001,19.030001,427600,17.885498
2015-01-30,19.66,20.18,19.41,19.59,339700,18.411818
2015-01-29,19.889999,20.26,19.51,20.00,258000,18.797159
2015-01-28,20.860001,20.879999,19.76,19.889999,313000,18.693774
2015-01-27,21.26,21.379999,20.24,20.60,490300,19.361074
2015-01-26,21.60,21.85,21.01,21.42,368300,20.131758
2015-01-23,22.040001,22.370001,21.65,21.879999,283500,20.564091
2015-01-22,21.889999,22.24,21.65,22.17,156100,20.836651
2015-01-21,21.620001,21.99,21.43,21.67,213300,20.366722
2015-01-20,22.65,22.690001,21.27,21.59,322300,20.291533
2015-01-16,21.75,22.549999,21.75,22.50,405600,21.146804
2015-01-15,21.93,22.440001,20.91,21.66,367400,20.357323
2015-01-14,21.200001,21.790001,21.049999,21.74,165600,20.432512
2015-01-13,20.950001,21.639999,20.75,21.57,353200,20.272736
2015-01-12,22.01,22.07,20.299999,21.059999,741000,19.793408
2015-01-09,22.48,22.68,21.530001,22.15,530400,20.817853
2015-01-08,21.16,23.610001,21.16,22.780001,942100,21.409965
2015-01-07,19.98,20.76,19.90,20.700001,351800,19.45506
2015-01-06,20.00,20.00,19.42,19.780001,161200,18.590391
2015-01-05,20.360001,20.99,19.549999,19.809999,320700,18.618586
2015-01-02,20.49,20.870001,20.030001,20.51,254600,19.276487
2014-12-31,20.870001,20.940001,20.01,20.190001,220400,18.975733
2014-12-30,20.129999,20.99,20.01,20.870001,259600,19.614836
2014-12-29,21.799999,22.309999,19.92,20.02,730300,18.815957
2014-12-26,21.129999,22.23,21.129999,21.92,396600,20.601687
2014-12-24,20.530001,20.879999,20.50,20.879999,149700,19.624233
2014-12-23,20.33,20.66,20.129999,20.52,486700,19.285886
2014-12-22,20.299999,21.110001,20.00,20.49,731600,19.257689
2014-12-19,19.83,20.219999,19.459999,20.059999,395700,18.85355
2014-12-18,20.10,21.23,19.42,19.809999,702800,18.618586
2014-12-17,20.059999,20.49,18.860001,19.00,742700,17.857301
2014-12-16,20.41,20.41,18.52,18.700001,1442800,17.575345
2014-12-15,23.690001,24.00,21.00,21.51,571000,20.216345
2014-12-12,24.35,24.60,23.90,23.959999,145200,22.518996
2014-12-11,25.51,25.51,24.459999,24.77,251400,23.280282
2014-12-10,25.809999,26.23,24.85,25.190001,334700,23.675023
2014-12-09,23.360001,26.219999,22.91,26.040001,540200,24.473902
2014-12-08,24.52,25.23,23.040001,23.75,792300,22.321627
2014-12-05,26.129999,26
.540001,24.799999,25.379999,512300,23.853594
2014-12-04,25.59,26.02,25.50,26.00,436300,24.436307
2014-12-03,25.860001,26.50,25.60,25.83,412400,24.276531
2014-12-02,26.440001,26.780001,25.889999,25.91,803500,24.35172
2014-12-01,27.200001,27.33,26.290001,26.40,664500,24.81225
2014-11-28,28.639999,28.65,27.40,27.84,320900,26.165646
2014-11-26,28.24,28.719999,27.77,28.59,238300,26.870539
2014-11-25,29.35,29.700001,28.120001,28.15,254500,26.457001
2014-11-24,29.57,29.85,29.309999,29.50,249900,27.72581
2014-11-21,29.02,29.639999,28.99,29.360001,177600,27.59423
2014-11-20,28.209999,29.219999,28.209999,28.65,162300,26.92693
2014-11-19,28.790001,29.10,28.540001,28.690001,208700,26.607378
2014-11-18,29.299999,29.50,28.50,28.870001,263100,26.774312
2014-11-17,29.92,30.42,28.809999,29.23,364400,27.108178
2014-11-14,29.60,30.129999,29.469999,30.040001,354700,27.859381
2014-11-13,30.23,30.450001,29.33,29.49,228600,27.349305
2014-11-12,29.889999,30.75,28.709999,30.26,532000,28.063411
2014-11-11,33.00,33.169998,30.049999,30.23,1116500,28.035588
2014-11-10,29.00,30.00,28.700001,29.49,632600,27.349305
2014-11-07,29.870001,30.049999,29.07,29.43,400600,27.293661
2014-11-06,31.450001,31.59,29.639999,29.950001,433300,27.775914
2014-11-05,31.35,31.709999,30.780001,31.299999,516500,29.027916
2014-11-04,31.860001,32.349998,30.57,31.139999,417900,28.87953
2014-11-03,31.889999,32.689999,31.48,31.860001,523100,29.547266
2014-10-31,31.10,32.299999,30.90,31.67,464000,29.371058
2014-10-30,29.50,31.57,29.23,30.90,878000,28.656952
2014-10-29,29.209999,29.440001,28.68,29.030001,364000,26.922698
2014-10-28,27.90,29.540001,27.90,29.27,515900,27.145276
2014-10-27,27.02,28.889999,27.01,27.83,648500,25.809805
2014-10-24,28.690001,29.309999,26.309999,27.08,2018200,25.114248
2014-10-23,30.450001,31.00,29.969999,30.290001,515400,28.091234
2014-10-22,30.120001,30.950001,29.90,30.059999,503600,27.877928
2014-10-21,29.440001,30.459999,29.440001,30.110001,386500,27.9243
2014-10-20,29.59,29.639999,28.780001,29.280001,297100,27.15455
2014-10-17,29.950001,30.43,29.23,29.60,448000,27.451321
2014-10-16,27.65,29.719999,27.65,29.09,378700,26.978342
2014-10-15,28.01,28.65,27.50,28.32,280400,26.264236
2014-10-14,27.00,28.76,26.799999,28.24,733000,26.190043
2014-10-13,27.129999,28.18,26.75,26.780001,532300,24.836026
2014-10-10,28.51,28.98,26.68,26.74,786500,24.798929
2014-10-09,29.700001,29.82,28.290001,28.49,872200,26.421896
2014-10-08,29.51,30.190001,29.129999,29.82,342000,27.65535
2014-10-07,30.200001,30.60,29.48,29.59,339200,27.442046
2014-10-06,30.99,30.99,30.02,30.40,452100,28.193248
2014-10-03,30.49,31.540001,30.299999,30.719999,284400,28.490018
2014-10-02,30.629999,30.93,28.799999,30.280001,957100,28.081959
2014-10-01,31.700001,31.950001,30.73,30.82,557000,28.58276
2014-09-30,32.889999,32.950001,31.559999,31.59,497200,29.296865
2014-09-29,32.380001,33.310001,31.67,32.93,510000,30.539594
2014-09-26,31.92,33.16,31.92,32.799999,504900,30.41903
2014-09-25,32.02,32.389999,31.700001,31.93,476500,29.612185
2014-09-24,32.40000
2,32.599998,32.169998,32.279999,452900,29.936777
2014-09-23,32.50,32.93,31.860001,32.169998,500000,29.834761
2014-09-22,33.490002,33.93,32.209999,32.560001,642600,30.196454
2014-09-19,34.490002,34.50,33.540001,33.599998,502000,31.160957
2014-09-18,35.00,35.91,34.029999,34.150002,716200,31.671035
2014-09-17,35.419998,35.93,34.259998,34.810001,362600,32.283125
2014-09-16,34.099998,35.580002,33.689999,35.02,985400,32.47788
2014-09-15,35.950001,36.099998,34.060001,34.43,588800,31.930708
2014-09-12,36.34,36.34,35.639999,35.91,656700,33.303274
2014-09-11,36.099998,36.799999,36.099998,36.189999,446200,33.562947
2014-09-10,36.240002,37.369999,36.07,36.450001,636500,33.804076
2014-09-09,37.75,38.130001,35.610001,35.799999,2158900,33.201258
2014-09-08,39.080002,39.189999,37.799999,38.599998,227900,35.798004
2014-09-05,37.810001,39.52,37.650002,39.34,646400,36.484289
2014-09-04,37.25,38.099998,37.02,37.09,339100,34.397617
2014-09-03,38.869999,38.950001,36.790001,37.00,1336700,34.31415
2014-09-02,37.490002,37.75,36.360001,36.970001,506600,34.286329
2014-08-29,37.900002,38.18,37.16,37.290001,395200,34.5831
2014-08-28,40.00,40.00,37.669998,38.18,548300,35.408494
2014-08-27,39.290001,41.220001,39.25,40.630001,522300,37.680648
2014-08-26,38.779999,39.50,38.630001,39.18,311800,36.335903
2014-08-25,38.400002,39.040001,38.360001,38.82,256600,36.002035
2014-08-22,38.209999,38.709999,38.049999,38.380001,178700,35.593976
2014-08-21,39.00,39.290001,38.27,38.400002,311000,35.612525
2014-08-20,38.599998,39.450001,38.150002,38.950001,325200,36.1226
2014-08-19,38.82,39.490002,38.669998,38.779999,331400,35.964938
2014-08-18,37.68,39.150002,37.290001,38.650002,456000,35.844377
2014-08-15,36.709999,37.619999,35.709999,37.049999,568700,34.36052
2014-08-14,36.279999,36.650002,35.990002,36.560001,368400,33.906091
2014-08-13,36.650002,36.700001,35.889999,36.400002,700700,33.331098
2014-08-12,36.549999,37.57,35.700001,36.23,217900,33.175429
2014-08-11,37.00,37.57,36.439999,36.66,345400,33.569176
2014-08-08,35.18,36.880001,35.18,36.419998,628200,33.349409
2014-08-07,38.790001,39.299999,34.119999,34.91,1442600,31.966719
2014-08-06,38.580002,38.580002,36.669998,37.450001,750500,34.292571
2014-08-05,36.889999,39.369999,36.849998,39.139999,820600,35.840085
2014-08-04,36.419998,37.599998,36.009998,37.18,530700,34.045335
2014-08-01,35.849998,36.43,35.009998,35.93,330800,32.900723
2014-07-31,37.25,37.32,35.900002,36.049999,441400,33.010605
2014-07-30,37.759998,38.389999,37.630001,37.709999,224800,34.530649
2014-07-29,37.580002,38.490002,36.700001,37.200001,294000,34.063649
2014-07-28,37.240002,37.810001,36.360001,37.310001,337900,34.164375
2014-07-25,37.529999,37.990002,37.139999,37.939999,448500,34.741257
2014-07-24,37.310001,38.50,36.990002,37.689999,436100,34.512335
2014-07-23,38.27,38.509998,36.900002,37.279999,513600,34.136902
2014-07-22,38.630001,39.470001,38.130001,38.240002,402200,35.015967
2014-07-21,39.849998,40.16,37.130001,37.580002,991500,34.411612
2014-07-18
,39.299999,41.060001,39.009998,40.220001,577500,36.829032
2014-07-17,43.32,43.450001,38.73,39.009998,2149700,35.721045
2014-07-16,44.639999,44.900002,44.119999,44.490002,591400,40.739026
2014-07-15,43.00,44.68,42.48,43.669998,819400,39.988157
2014-07-14,41.799999,43.970001,41.799999,43.900002,838900,40.198769
2014-07-11,40.27,42.150002,39.799999,42.060001,317900,38.5139
2014-07-10,39.25,40.290001,39.25,40.00,249100,36.627579
2014-07-09,39.700001,41.049999,39.48,40.32,261900,36.920599
2014-07-08,40.27,40.700001,39.049999,39.529999,365400,36.197204
2014-07-07,41.23,41.549999,39.950001,40.27,375400,36.874815
2014-07-03,40.110001,41.52,40.07,41.509998,291800,38.010268
2014-07-02,39.779999,40.389999,39.490002,40.029999,310400,36.655048
2014-07-01,40.099998,40.720001,39.470001,39.889999,426200,36.526852
2014-06-30,39.66,41.32,39.389999,40.330002,587300,36.929758
2014-06-27,39.82,40.25,39.50,39.889999,326100,36.526852
2014-06-26,40.169998,40.73,39.599998,40.07,383600,36.691677
2014-06-25,39.779999,40.419998,39.00,40.34,518200,36.938913
2014-06-24,38.810001,40.68,38.810001,39.50,2106400,36.169734
2014-06-23,39.759998,40.00,38.27,38.540001,1071100,35.290673
2014-06-20,40.00,40.419998,39.75,39.959999,775300,36.59095
2014-06-19,40.34,40.439999,39.709999,39.959999,714500,36.59095
2014-06-18,40.25,40.439999,39.700001,40.209999,1197400,36.819873
2014-06-17,40.25,40.779999,39.919998,39.919998,4859300,36.554322
2014-06-16,43.169998,43.900002,41.400002,41.619999,1046900,38.110995
2014-06-13,44.599998,44.599998,43.880001,44.299999,318500,40.565043
2014-06-12,44.349998,45.330002,44.200001,44.57,202500,40.812279
2014-06-11,43.889999,45.099998,43.599998,44.290001,566100,40.555887
2014-06-10,46.00,46.00,43.169998,43.970001,1148700,39.969847
2014-06-09,43.919998,47.84,43.599998,47.580002,865700,43.251429
2014-06-06,43.939999,44.48,42.639999,43.990002,277500,39.988028
2014-06-05,44.290001,44.950001,43.439999,43.900002,286100,39.906215
2014-06-04,41.619999,44.189999,41.549999,44.009998,364200,40.006205
2014-06-03,41.50,43.34,41.330002,42.369999,288200,38.515404
2014-06-02,42.27,42.75,41.130001,41.990002,472500,38.169977
2014-05-30,44.68,45.00,42.07,42.25,409300,38.406322
2014-05-29,43.150002,45.200001,43.080002,44.57,665600,40.515261
2014-05-28,44.849998,45.490002,43.34,43.639999,420400,39.406248
2014-05-27,44.099998,46.369999,43.259998,44.610001,656800,40.282144
2014-05-23,44.75,45.560001,42.759998,43.849998,690900,39.595874
2014-05-22,41.25,44.959999,40.200001,44.889999,1364900,40.534979
2014-05-21,36.880001,42.580002,36.07,42.119999,2216000,38.033711
2014-05-20,34.50,35.049999,33.799999,34.91,508000,31.523193
2014-05-19,34.110001,34.470001,33.57,34.360001,405800,31.026552
2014-05-16,33.299999,34.470001,33.110001,34.389999,256000,31.053641
2014-05-15,33.150002,33.459999,32.150002,33.400002,188800,30.159688
2014-05-14,33.060001,33.48,32.540001,33.209999,249000,29.988118
2014-05-13,33.310001,34.130001,32.700001,33.200001,517600,29.97909
2014-05-12,31.60,33.060001,31.49,32.740002,253600,29.563718
2014-05-09,30.389999,31.51,30.25,31.40,130500,28.3
53717
2014-05-08,30.90,32.50,30.18,31.17,414100,28.146031
2014-05-07,30.26,31.49,29.18,31.379999,525200,28.335657
2014-05-06,29.200001,30.25,28.83,29.940001,437900,27.03536
2014-05-05,28.389999,29.48,27.84,29.309999,170200,26.466479
2014-05-02,29.559999,29.799999,28.040001,28.82,263300,26.024016
2014-05-01,28.719999,30.540001,28.50,29.690001,398100,26.809614
2014-04-30,28.24,29.379999,27.629999,28.93,518400,26.123345
2014-04-29,27.00,28.73,27.00,28.48,578600,25.717002
2014-04-28,27.370001,28.00,26.139999,26.889999,464200,24.281256
2014-04-25,28.00,28.84,27.00,27.549999,719600,24.877226
2014-04-24,31.50,32.00,26.27,29.34,2240200,26.493569
2014-04-23,32.509998,32.91,31.370001,31.65,292100,28.579463
2014-04-22,32.630001,33.259998,32.040001,32.470001,299500,29.319912
2014-04-21,33.48,33.98,32.389999,32.669998,501500,29.500506
2014-04-17,31.889999,34.060001,31.049999,34.009998,878500,30.710505
2014-04-16,31.200001,32.220001,31.040001,31.77,390900,28.687822
2014-04-15,30.08,31.469999,28.74,31.00,804700,27.992523
2014-04-14,31.18,31.48,28.059999,29.790001,1087200,26.899913
2014-04-11,31.24,32.52,30.540001,30.959999,492800,27.956403
2014-04-10,32.50,32.990002,31.23,31.40,608600,28.353717
2014-04-09,32.66,32.84,31.09,32.200001,411600,29.076105
2014-04-08,31.700001,32.939999,31.50,32.540001,633700,29.38312
2014-04-07,34.50,34.50,30.870001,31.00,894500,27.992523
2014-04-04,36.779999,36.779999,34.52,35.099998,268500,31.694759
2014-04-03,36.220001,37.099998,35.509998,35.900002,296100,32.417149
2014-04-02,37.259998,38.18,36.09,36.32,595400,32.796401
2014-04-01,35.34,38.18,35.189999,37.84,1005700,34.168938
2014-03-31,33.09,35.380001,33.09,34.650002,303900,31.288418
2014-03-28,32.099998,32.669998,31.26,32.610001,476400,29.446329
2014-03-27,34.380001,34.610001,30.60,30.780001,768000,27.793867
2014-03-26,34.740002,35.939999,34.32,34.599998,283800,31.243266
2014-03-25,32.299999,34.439999,32.299999,34.119999,401800,30.809834
2014-03-24,34.200001,34.73,32.32,32.580002,364200,29.419241
2014-03-21,35.689999,35.700001,33.75,34.00,409200,30.701477
2014-03-20,36.060001,36.700001,35.25,35.639999,382800,32.182371
2014-03-19,36.119999,36.880001,35.299999,36.00,466500,32.507446
2014-03-18,35.029999,36.400002,34.50,36.330002,1000900,32.805433
2014-03-17,34.860001,35.689999,33.049999,33.709999,560600,30.439611
2014-03-14,32.66,34.66,30.32,33.93,1727400,30.638268
2014-03-13,35.59,35.799999,32.220001,32.860001,1125800,29.672075
2014-03-12,38.150002,38.700001,35.52,35.82,787700,32.344909
2014-03-11,38.700001,39.599998,37.009998,37.470001,645600,33.834835
2014-03-10,36.220001,39.310001,35.799999,38.779999,878200,35.017742
2014-03-07,39.990002,40.16,36.50,36.830002,1121300,33.256925
2014-03-06,40.200001,41.400002,39.369999,39.75,570900,35.893639
2014-03-05,40.450001,42.00,39.41,40.040001,659800,36.155505
2014-03-04,42.50,43.00,39.93,40.290001,1494800,36.381251
2014-03-03,41.509998,43.580002,38.689999,38.82,2113500,35.053863
2014-02-28,48.93,48.990002,43.720001,46.630001,751600,42.106174
2014-02-27,45.00,49
.290001,44.560001,48.970001,1025500,44.219158
2014-02-26,41.990002,44.950001,41.990002,44.880001,606600,40.525951
2014-02-25,41.00,43.400002,41.00,42.18,686400,38.087892
2014-02-24,40.25,40.990002,39.599998,40.68,304500,36.733415
2014-02-21,40.299999,41.380001,39.759998,39.990002,255500,36.110356
2014-02-20,40.41,40.77,39.189999,40.349998,354400,36.435428
2014-02-19,39.900002,41.389999,39.73,40.720001,398500,36.769535
2014-02-18,40.740002,41.580002,39.099998,40.139999,425700,36.245802
2014-02-14,38.560001,40.150002,38.549999,39.93,311500,36.056176
2014-02-13,38.810001,39.209999,38.43,38.689999,280200,34.936474
2014-02-12,39.02,40.939999,38.439999,39.209999,400200,35.406026
2014-02-11,38.560001,39.450001,38.389999,39.07,268300,35.279609
2014-02-10,39.400002,40.950001,38.880001,39.029999,248500,35.243489
2014-02-07,39.849998,40.240002,38.220001,39.48,356800,35.649832
2014-02-06,36.470001,38.950001,36.189999,38.689999,715500,34.936474
2014-02-05,34.00,36.119999,34.00,35.73,363900,32.26364
2014-02-04,34.799999,35.389999,32.700001,33.740002,694600,30.466703
2014-02-03,36.16,37.200001,34.400002,34.540001,448000,31.18909
2014-01-31,35.560001,36.43,35.299999,36.09,278100,32.588715
2014-01-30,36.50,36.990002,35.130001,35.880001,423400,32.399089
2014-01-29,36.900002,37.00,35.130001,36.23,488800,32.715132
2014-01-28,36.32,37.650002,36.119999,37.599998,848200,33.95222
2014-01-27,37.00,37.639999,33.599998,35.560001,1348400,32.110134
2014-01-24,38.040001,39.490002,36.639999,37.310001,675900,33.690357
2014-01-23,41.52,41.720001,37.98,38.23,1112900,34.521102
2014-01-22,41.560001,42.75,40.560001,41.509998,970200,37.48289
2014-01-21,39.330002,42.189999,39.00,40.009998,1182700,36.128413
2014-01-17,46.720001,47.900002,38.00,40.00,3557100,36.119385
2014-01-16,45.00,46.900002,45.00,46.060001,1455500,41.591473
2014-01-15,50.009998,50.09,42.00,45.02,3966800,40.652368
2014-01-14,52.459999,54.66,51.810001,53.959999,566900,48.725049
2014-01-13,52.130001,54.439999,51.490002,51.68,650100,46.666245
2014-01-10,54.150002,55.00,51.080002,51.200001,547700,46.232813
2014-01-09,57.07,57.16,53.490002,54.41,623600,49.131393
2014-01-08,56.50,57.529999,56.009998,56.369999,295300,50.901242
2014-01-07,55.75,56.50,55.50,56.00,402900,50.567139
2014-01-06,55.990002,56.799999,55.220001,55.810001,410700,50.395573
2014-01-03,55.959999,55.990002,55.279999,55.860001,310900,50.440721
2014-01-02,57.099998,57.869999,55.119999,55.73,449700,50.323332
2013-12-31,56.00,56.950001,55.040001,56.00,346600,50.567139
2013-12-30,56.279999,57.759998,55.630001,55.919998,373500,50.494898
2013-12-27,55.849998,59.240002,54.619999,55.68,489100,50.278184
2013-12-26,55.220001,56.50,54.779999,55.98,444000,50.549079
2013-12-24,56.84,56.869999,53.599998,54.709999,196600,49.402288
2013-12-23,53.799999,57.389999,53.700001,55.619999,505200,50.224004
2013-12-20,53.169998,54.310001,52.830002,53.740002,287500,48.526395
2013-12-19,52.75,54.419998,52.43,52.830002,257600,47.704679
2013-12-18,54.970001,55.439999,51.150002,52.369999,618500,47.289304
2013-12-
17,54.189999,55.900002,53.41,54.41,395700,49.131393
2013-12-16,54.59,56.279999,53.110001,53.549999,809600,48.354826
2013-12-13,50.099998,53.689999,50.099998,52.119999,604800,47.063557
2013-12-12,47.099998,50.470001,47.040001,49.66,818400,44.842216
2013-12-11,46.400002,47.419998,45.950001,47.27,736800,42.684083
2013-12-10,46.279999,46.50,45.799999,45.939999,295500,41.483112
2013-12-09,46.169998,46.490002,45.889999,46.16,267100,41.68177
2013-12-06,46.400002,47.130001,45.310001,45.66,188200,41.230278
2013-12-05,45.720001,46.50,45.389999,46.169998,219400,41.690798
2013-12-04,45.23,46.50,44.360001,45.740002,204600,41.302518
2013-12-03,46.48,46.75,45.110001,45.369999,146200,40.968411
2013-12-02,47.380001,47.470001,46.009998,46.389999,252900,41.889456
2013-11-29,47.02,47.549999,45.75,46.779999,216800,42.241619
2013-11-27,47.889999,48.099998,46.110001,46.860001,271900,42.31386
2013-11-26,48.330002,48.700001,47.279999,47.360001,419800,42.4764
2013-11-25,48.799999,48.889999,47.290001,47.759998,930200,42.835151
2013-11-22,48.00,50.650002,47.209999,47.599998,954400,42.69165
2013-11-21,47.009998,47.18,45.349998,46.34,238700,41.561578
2013-11-20,45.900002,47.419998,45.119999,46.540001,431600,41.740956
2013-11-19,46.529999,47.450001,42.27,44.73,1001100,40.117595
2013-11-18,44.419998,45.470001,41.529999,42.040001,512400,37.70498
2013-11-15,43.25,44.32,43.00,43.32,258600,38.85299
2013-11-14,42.25,44.939999,41.169998,43.029999,393000,38.592893
2013-11-13,40.759998,41.869999,40.110001,41.68,101700,37.382102
2013-11-12,41.369999,42.490002,40.50,40.869999,68700,36.655625
2013-11-11,39.779999,41.50,39.50,41.490002,108300,37.211695
2013-11-08,38.02,40.48,37.84,40.48,99600,36.305841
2013-11-07,40.169998,40.709999,38.09,38.759998,87900,34.7632
2013-11-06,42.50,42.75,39.32,40.209999,165400,36.063682
2013-11-05,42.00,43.380001,41.209999,42.200001,119100,37.848481
2013-11-04,41.75,42.869999,41.119999,41.950001,148300,37.62426
2013-11-01,41.00,42.50,40.400002,41.709999,391600,37.409007
2013-10-31,36.93,41.32,36.830002,40.48,406400,36.305841
2013-10-30,38.50,38.82,36.380001,37.790001,209300,33.893226
2013-10-29,38.669998,39.360001,37.650002,38.330002,256500,34.377543
2013-10-28,40.639999,41.130001,37.27,38.080002,372500,34.153323
2013-10-25,41.049999,42.00,40.419998,40.509998,502200,36.332746
2013-10-24,41.139999,42.560001,40.099998,40.799999,422500,36.592843
2013-10-23,42.869999,44.00,40.23,40.98,370600,36.754282
2013-10-22,43.950001,45.209999,42.639999,43.099998,151200,38.655674
2013-10-21,44.959999,45.799999,43.709999,43.950001,155700,39.418027
2013-10-18,44.939999,45.900002,43.09,44.34,431500,39.767811
2013-10-17,40.959999,44.439999,40.810001,44.310001,527600,39.740906
2013-10-16,38.990002,41.00,38.959999,40.950001,346400,36.727377
2013-10-15,38.900002,40.07,38.41,38.830002,395800,34.825985
2013-10-14,38.369999,39.200001,38.00,38.75,150800,34.754233
2013-10-11,39.669998,39.830002,37.91,38.75,211000,34.754233
2013-10-10,37.25,39.880001,36.900002,39.709999,338000,35.61524
2013-10-09,36.060001,38.299999,34.740002,36.779999,435
500,32.987371
2013-10-08,40.799999,41.110001,35.849998,36.490002,746600,32.727278
2013-10-07,40.049999,41.740002,39.200001,40.630001,540200,36.440375
2013-10-04,38.490002,39.73,38.00,39.080002,802200,35.050206
2013-10-03,37.18,39.98,37.07,39.73,515900,35.633178
2013-10-02,37.560001,38.700001,36.599998,36.66,611900,32.879746
2013-10-01,32.200001,37.650002,32.080002,37.259998,4532800,33.417875
2013-09-30,30.43,31.52,30.01,31.26,240500,28.036576
2013-09-27,31.709999,31.93,30.540001,31.030001,156500,27.830293
2013-09-26,32.130001,32.349998,31.66,31.99,267700,28.691301
2013-09-25,32.099998,32.799999,31.059999,32.240002,54800,28.915523
2013-09-24,33.16,33.200001,32.259998,32.32,27800,28.987272
2013-09-23,30.969999,33.00,30.90,32.98,107900,29.579215
2013-09-20,33.07,33.98,30.809999,31.16,339400,27.946887
2013-09-19,32.860001,33.119999,32.610001,33.119999,97600,29.704778
2013-09-18,32.50,33.490002,32.00,32.93,260500,29.534372
2013-09-17,33.98,34.50,33.599998,34.049999,87500,30.53888
2013-09-16,34.00,34.43,33.400002,33.990002,155900,30.485069
2013-09-13,34.169998,34.18,32.709999,33.639999,172900,30.171158
2013-09-12,32.540001,34.25,32.540001,33.77,179900,30.287754
2013-09-11,33.040001,33.400002,31.58,32.66,246800,29.292213
2013-09-10,31.10,32.779999,30.93,32.75,326100,29.372932
2013-09-09,30.01,30.889999,30.00,30.799999,167500,27.624009
2013-09-06,30.290001,30.59,30.10,30.33,51900,27.202474
2013-09-05,30.360001,31.01,30.00,30.24,160200,27.121755
2013-09-04,31.35,31.50,30.24,30.83,182200,27.363912
2013-09-03,30.440001,31.969999,30.129999,31.48,350300,27.940835
2013-08-30,30.58,32.290001,29.66,29.799999,130300,26.44971
2013-08-29,32.169998,32.290001,30.530001,30.690001,266800,27.239653
2013-08-28,34.849998,34.900002,31.790001,31.969999,561700,28.375746
2013-08-27,34.75,36.00,33.689999,34.330002,497100,30.470424
2013-08-26,31.66,33.700001,31.66,33.450001,568500,29.689358
2013-08-23,31.75,32.02,31.27,31.549999,172800,28.002965
2013-08-22,30.809999,32.450001,30.809999,31.67,146500,28.109475
2013-08-21,29.66,31.40,29.66,30.629999,316500,27.186397
2013-08-20,30.110001,30.200001,29.620001,29.879999,99600,26.520716
2013-08-19,29.00,30.290001,28.73,29.969999,121900,26.600598
2013-08-16,28.799999,29.07,28.50,28.90,75100,25.650894
2013-08-15,29.01,29.65,28.10,28.620001,131300,25.402374
2013-08-14,31.26,31.26,28.799999,29.65,358300,26.316575
2013-08-13,32.990002,33.049999,31.17,31.48,252400,27.940835
2013-08-12,33.32,33.610001,32.549999,32.73,119300,29.050303
2013-08-09,33.889999,34.09,33.00,33.330002,178900,29.58285
2013-08-08,32.369999,34.59,32.029999,33.740002,231500,29.946755
2013-08-07,32.00,32.490002,31.00,32.00,55100,28.402374
2013-08-06,32.919998,33.240002,30.85,32.290001,159500,28.659772
2013-08-05,30.00,32.619999,29.50,31.66,249500,28.100599
2013-08-02,29.610001,30.950001,29.59,30.00,153700,26.627226
2013-08-01,28.440001,29.799999,28.440001,29.540001,236600,26.218943
2013-07-31,28.219999,29.190001,28.049999,28.700001,113800,25.47338
2013-07-30,28.129999,29.700001,27.26,27.91,371400,24.772196
2013-07-29,26.33
,28.65,26.200001,27.860001,298400,24.727818
2013-07-26,26.540001,26.870001,25.91,26.25,95500,23.298823
2013-07-25,26.08,27.15,25.629999,26.559999,314200,23.57397
2013-07-24,26.129999,26.129999,25.219999,25.540001,166300,22.668646
2013-07-23,26.25,26.49,25.50,25.780001,40600,22.881663
2013-07-22,27.16,27.17,25.91,26.200001,39100,23.254445
2013-07-19,26.059999,26.99,26.059999,26.41,118500,23.440834
2013-07-18,25.82,26.780001,24.75,26.00,173900,23.076929
2013-07-17,26.459999,27.66,25.389999,25.719999,99000,22.828408
2013-07-16,26.00,26.90,25.299999,26.52,295100,23.538468
2013-07-15,25.280001,27.030001,25.030001,26.120001,361100,23.183439
2013-07-12,23.200001,25.440001,22.73,25.389999,183500,22.535508
2013-07-11,22.23,22.99,22.23,22.940001,33600,20.360953
2013-07-10,22.370001,22.52,22.120001,22.16,38400,19.668644
2013-07-09,22.41,22.65,22.209999,22.43,70600,19.908289
2013-07-08,23.32,23.32,21.879999,22.25,158900,19.748526
2013-07-05,23.040001,23.379999,22.67,23.209999,87000,20.600596
2013-07-03,23.200001,23.709999,22.77,23.00,105300,20.414207
2013-07-02,23.24,23.85,23.200001,23.209999,53400,20.600596
2013-07-01,22.99,24.190001,22.99,23.440001,54800,20.80474
2013-06-28,23.24,23.41,22.92,23.200001,70500,20.591722
2013-06-27,23.85,24.50,22.98,23.17,199800,20.565094
2013-06-26,22.200001,23.299999,21.52,23.08,203000,20.485212
2013-06-25,22.00,22.48,20.85,21.559999,532800,19.136099
2013-06-24,22.690001,25.049999,21.799999,22.32,476100,19.810656
2013-06-21,22.01,23.34,22.01,22.809999,370800,20.245567
2013-06-20,22.00,22.76,21.200001,21.84,343800,19.384621
2013-06-19,21.290001,22.690001,21.049999,22.10,176200,19.61539
2013-06-18,21.18,21.98,20.879999,21.139999,108100,18.763318
2013-06-17,20.799999,21.99,20.799999,21.60,222800,19.171603
2013-06-14,20.00,20.889999,19.74,20.540001,94100,18.230775
2013-06-13,19.58,20.049999,18.959999,19.60,13400,17.396455
2013-06-12,19.75,20.43,19.50,19.77,130100,17.289946
2013-06-11,19.60,20.15,19.50,19.74,251200,17.263708
2013-06-10,19.780001,19.790001,18.549999,19.709999,59100,17.237471
2013-06-07,19.76,20.790001,19.68,19.90,181300,17.403637
2013-06-06,18.860001,20.540001,18.559999,19.719999,409700,17.246217
2013-06-05,18.799999,18.98,18.00,18.709999,371800,16.362916
2013-06-04,18.99,18.99,16.91,18.00,576100,15.741983
2013-06-03,16.90,17.450001,16.42,16.610001,193400,14.526353
2013-05-31,15.66,17.09,15.66,16.90,207400,14.779973
2013-05-30,15.19,15.75,15.00,15.66,158300,13.695525
2013-05-29,16.049999,16.049999,14.51,15.62,175000,13.660543
2013-05-28,16.799999,17.00,15.60,15.98,188700,13.975383
2013-05-24,16.190001,16.719999,15.83,16.17,142000,14.141549
2013-05-23,16.58,16.73,15.71,16.219999,92000,14.185276
2013-05-22,16.74,16.99,16.41,16.620001,56100,14.535099
2013-05-21,16.98,17.200001,16.629999,16.77,153600,14.666282
2013-05-20,16.959999,17.02,16.700001,16.860001,63800,14.744992
2013-05-17,17.139999,17.15,16.799999,16.959999,114200,14.832446
2013-05-16,17.190001,17.200001,16.60,17.00,77600,14.867429
2013-05-
15,16.66,17.00,16.66,16.82,103300,14.710009
2013-05-14,17.49,17.49,16.700001,16.780001,98500,14.675027
2013-05-13,16.91,16.92,16.60,16.77,61600,14.666282
2013-05-10,16.719999,16.99,16.709999,16.91,171500,14.788719
2013-05-09,16.99,16.99,16.610001,16.90,61800,14.779973
2013-05-08,16.75,16.950001,16.51,16.809999,79200,14.701263
2013-05-07,17.00,17.049999,16.700001,16.780001,460900,14.675027
2013-05-06,17.18,17.18,16.950001,17.00,1360900,14.867429
2013-05-03,17.00,17.370001,16.809999,17.08,9765500,14.937393