Date,Open,High,Low,Close,Volume,Adj Close
2016-08-04,7.76,7.77,7.47,7.63,560400,7.63
2016-08-03,7.60,7.76,7.59,7.74,499900,7.74
2016-08-02,7.89,7.90,7.59,7.61,312900,7.61
2016-08-01,7.98,7.98,7.85,7.86,315900,7.86
2016-07-29,8.05,8.09,7.93,7.97,390200,7.97
2016-07-28,8.05,8.13,7.95,8.05,473100,8.05
2016-07-27,8.16,8.20,8.02,8.05,363600,8.05
2016-07-26,8.05,8.23,8.00,8.14,301200,8.14
2016-07-25,8.13,8.15,8.05,8.05,295200,8.05
2016-07-22,8.40,8.40,8.12,8.13,373600,8.13
2016-07-21,8.24,8.73,8.22,8.47,1247100,8.47
2016-07-20,8.26,8.36,8.23,8.23,503700,8.23
2016-07-19,8.15,8.37,8.15,8.25,593900,8.25
2016-07-18,7.85,8.23,7.85,8.14,676100,8.14
2016-07-15,8.09,8.09,7.73,7.83,512800,7.83
2016-07-14,7.92,8.12,7.92,8.03,1023900,8.03
2016-07-13,7.93,7.97,7.81,7.83,300000,7.83
2016-07-12,7.94,8.02,7.88,7.90,308500,7.90
2016-07-11,7.83,7.87,7.78,7.84,362900,7.84
2016-07-08,7.70,7.81,7.65,7.75,315300,7.75
2016-07-07,7.63,7.66,7.50,7.59,627300,7.59
2016-07-06,7.48,7.61,7.37,7.56,607000,7.56
2016-07-05,7.70,7.72,7.44,7.50,348500,7.50
2016-07-01,7.51,7.76,7.51,7.74,417500,7.74
2016-06-30,7.64,7.67,7.41,7.48,421000,7.48
2016-06-29,7.40,7.75,7.32,7.63,561900,7.63
2016-06-28,7.27,7.38,7.25,7.31,439500,7.31
2016-06-27,7.61,7.61,7.11,7.17,799800,7.17
2016-06-24,7.59,7.68,7.54,7.61,1516200,7.61
2016-06-23,7.89,7.95,7.79,7.90,489600,7.90
2016-06-22,7.97,7.97,7.77,7.78,308200,7.78
2016-06-21,8.07,8.07,7.82,7.92,311900,7.92
2016-06-20,8.07,8.29,7.99,8.02,679100,8.02
2016-06-17,7.97,8.00,7.86,7.94,961300,7.94
2016-06-16,7.89,7.95,7.71,7.93,469000,7.93
2016-06-15,8.03,8.07,7.93,7.94,445900,7.94
2016-06-14,8.00,8.11,7.84,7.98,560500,7.98
2016-06-13,8.28,8.28,7.98,8.00,519800,8.00
2016-06-10,8.47,8.50,8.24,8.25,565800,8.25
2016-06-09,8.76,8.80,8.41,8.58,565100,8.58
2016-06-08,8.67,8.87,8.62,8.83,383700,8.83
2016-06-07,8.83,8.84,8.60,8.65,523000,8.65
2016-06-06,8.87,8.95,8.80,8.86,349500,8.86
2016-06-03,8.95,8.96,8.76,8.84,342700,8.84
2016-06-02,9.04,9.23,8.88,8.94,627400,8.94
2016-06-01,9.05,9.15,8.92,9.11,1049500,9.11
2016-05-31,8.85,9.20,8.78,9.09,924900,9.09
2016-05-27,8.68,8.88,8.59,8.81,1411000,8.81
2016-05-26,8.62,8.71,8.58,8.69,904100,8.69
2016-05-25,8.65,8.75,8.54,8.55,851800,8.55
2016-05-24,8.68,8.70,8.53,8.60,590300,8.60
2016-05-23,8.60,8.72,8.53,8.61,460900,8.61
2016-05-20,8.39,8.63,8.39,8.61,497400,8.61
2016-05-19,8.52,8.62,8.27,8.37,396700,8.37
2016-05-18,8.48,8.64,8.43,8.59,539300,8.59
2016-05-17,8.68,8.79,8.49,8.52,772100,8.52
2016-05-16,8.73,8.80,8.63,8.72,483200,8.72
2016-05-13,8.62,8.77,8.50,8.70,354600,8.70
2016-05-12,8.90,8.90,8.56,8.66,455900,8.66
2016-05-11,9.0
0,9.07,8.88,8.90,573100,8.90
2016-05-10,8.89,9.11,8.84,9.05,729300,9.05
2016-05-09,9.29,9.33,8.82,8.86,864300,8.86
2016-05-06,9.30,9.37,8.60,9.22,2518000,9.22
2016-05-05,8.62,8.79,8.55,8.67,1121900,8.67
2016-05-04,8.74,8.81,8.34,8.58,955500,8.58
2016-05-03,8.96,9.00,8.71,8.77,475200,8.77
2016-05-02,9.18,9.18,8.90,9.03,726600,9.03
2016-04-29,9.28,9.33,9.03,9.14,394800,9.14
2016-04-28,9.26,9.41,9.22,9.23,575900,9.23
2016-04-27,9.12,9.31,9.10,9.26,720300,9.26
2016-04-26,9.37,9.46,9.10,9.13,927800,9.13
2016-04-25,9.35,9.50,9.27,9.32,558200,9.32
2016-04-22,9.47,9.53,9.30,9.38,477900,9.38
2016-04-21,9.50,9.65,9.48,9.49,650300,9.49
2016-04-20,9.49,9.67,9.47,9.49,524500,9.49
2016-04-19,9.49,9.60,9.37,9.51,464000,9.51
2016-04-18,9.47,9.55,9.34,9.49,456500,9.49
2016-04-15,9.10,9.71,9.10,9.49,1070700,9.49
2016-04-14,9.14,9.29,9.02,9.19,1042000,9.19
2016-04-13,8.80,9.17,8.80,9.13,3570100,9.13
2016-04-12,8.73,8.91,8.71,8.80,1744700,8.80
2016-04-11,8.69,8.85,8.69,8.73,1744300,8.73
2016-04-08,8.71,8.80,8.59,8.72,1295700,8.72
2016-04-07,8.94,9.01,8.63,8.65,1279300,8.65
2016-04-06,8.97,9.05,8.85,8.97,840100,8.97
2016-04-05,8.76,9.10,8.74,8.97,1239900,8.97
2016-04-04,9.15,9.19,8.80,8.86,2606700,8.86
2016-04-01,9.12,9.27,9.02,9.14,1667400,9.14
2016-03-31,9.26,9.29,9.12,9.17,1654500,9.17
2016-03-30,9.26,9.40,9.19,9.28,851900,9.28
2016-03-29,8.76,9.30,8.76,9.23,1236600,9.23
2016-03-28,9.00,9.09,8.91,8.99,662700,8.99
2016-03-24,8.86,9.11,8.67,9.03,915300,9.03
2016-03-23,9.04,9.16,8.79,8.91,875200,8.91
2016-03-22,8.99,9.17,8.94,9.11,853900,9.11
2016-03-21,9.06,9.19,8.98,9.04,766800,9.04
2016-03-18,9.10,9.28,9.05,9.09,1903100,9.09
2016-03-17,8.95,9.15,8.93,9.04,1085400,9.04
2016-03-16,8.57,9.03,8.55,8.94,1089100,8.94
2016-03-15,8.95,9.04,8.55,8.56,534200,8.56
2016-03-14,8.56,9.02,8.52,8.96,1082800,8.96
2016-03-11,8.40,8.82,8.32,8.60,1517600,8.60
2016-03-10,8.19,8.42,8.09,8.33,1223200,8.33
2016-03-09,8.38,8.38,8.03,8.14,724200,8.14
2016-03-08,8.67,8.73,8.34,8.36,623100,8.36
2016-03-07,8.58,8.77,8.54,8.69,1092300,8.69
2016-03-04,8.40,8.80,8.33,8.64,1896700,8.64
2016-03-03,8.34,8.54,8.25,8.41,1208000,8.41
2016-03-02,7.93,8.37,7.83,8.33,1235500,8.33
2016-03-01,7.68,7.96,7.54,7.93,1652600,7.93
2016-02-29,7.50,7.88,7.44,7.66,1992500,7.66
2016-02-26,7.65,8.04,7.39,7.40,3939900,7.40
2016-02-25,6.86,7.29,6.59,7.28,8665400,7.28
2016-02-24,12.30,12.70,11.89,12.68,1086200,12.68
2016-02-23,12.86,12.93,12.26,12.37,458600,12.37
2016-02-22,12.44,12.59,12.39,12.51,435900,12.51
2016-02-19,12.33,12.61,12.31,12.48,546300,12.48
2016-02-18,12.86,12.88,12.40,12.41,434300,12.41
2016-02-17,12.64,12.92,12.51,12.80,860200,12.80
2016-02-16,12.22,12.59,12.00,12.52,1043500,12.52
2016-02-12,11.45,12.07,11.31,12.05,1179100,12.05
2016-02-11,10.97,11.41,10.88,11.33,792600,11.33
2016-02-10,10.90,11.22,10.80,11.17,819700,11.17
2016-02-09,10.86,11.25,10.75,10.83,574100,10.83
2016-02-08,11.23,11.45,10.93,10.95,1024500,10.95
2016-02-05,11.4
6,11.50,11.03,11.10,1231600,11.10
2016-02-04,11.47,11.66,11.30,11.54,433000,11.54
2016-02-03,11.44,11.57,11.23,11.49,591000,11.49
2016-02-02,11.42,11.60,11.31,11.38,551200,11.38
2016-02-01,11.38,11.62,11.28,11.51,565500,11.51
2016-01-29,11.24,11.46,11.12,11.44,1346900,11.44
2016-01-28,11.27,11.33,11.01,11.20,372300,11.20
2016-01-27,11.31,11.48,11.08,11.13,363300,11.13
2016-01-26,11.12,11.51,11.00,11.37,564700,11.37
2016-01-25,11.20,11.27,10.99,11.10,495100,11.10
2016-01-22,11.04,11.32,11.01,11.25,443000,11.25
2016-01-21,10.97,11.16,10.78,10.91,303000,10.91
2016-01-20,10.68,11.06,10.40,10.97,821200,10.97
2016-01-19,11.29,11.34,10.65,10.85,807500,10.85
2016-01-15,10.97,11.33,10.97,11.15,1120400,11.15
2016-01-14,11.47,11.71,11.11,11.29,1717300,11.29
2016-01-13,11.76,12.21,11.48,11.48,772500,11.48
2016-01-12,12.02,12.02,11.53,11.76,622100,11.76
2016-01-11,12.03,12.04,11.70,11.86,546300,11.86
2016-01-08,12.19,12.29,11.92,11.99,656900,11.99
2016-01-07,12.26,12.54,11.99,12.12,1473900,12.12
2016-01-06,12.56,12.70,12.42,12.51,762300,12.51
2016-01-05,13.01,13.02,12.60,12.72,688200,12.72
2016-01-04,13.08,13.12,12.92,13.02,1023400,13.02
2015-12-31,13.15,13.38,12.97,13.30,718700,13.30
2015-12-30,13.43,13.47,13.18,13.20,537300,13.20
2015-12-29,13.57,13.62,13.27,13.49,625800,13.49
2015-12-28,13.64,13.72,13.27,13.51,265600,13.51
2015-12-24,13.64,13.82,13.63,13.71,153100,13.71
2015-12-23,13.60,13.68,13.49,13.65,452600,13.65
2015-12-22,13.33,13.55,13.21,13.52,351400,13.52
2015-12-21,13.52,13.62,13.26,13.30,267600,13.30
2015-12-18,13.78,13.91,13.41,13.46,662100,13.46
2015-12-17,14.08,14.19,13.75,13.89,563100,13.89
2015-12-16,13.95,14.07,13.75,14.06,579400,14.06
2015-12-15,13.73,13.97,13.69,13.85,511500,13.85
2015-12-14,13.70,13.81,13.56,13.65,497600,13.65
2015-12-11,13.69,13.91,13.68,13.70,454700,13.70
2015-12-10,13.91,14.17,13.91,13.94,390800,13.94
2015-12-09,13.96,14.06,13.84,13.87,495200,13.87
2015-12-08,13.96,14.19,13.84,14.02,386900,14.02
2015-12-07,14.40,14.42,14.01,14.04,548600,14.04
2015-12-04,14.15,14.47,14.06,14.46,524200,14.46
2015-12-03,14.62,14.67,14.10,14.15,355100,14.15
2015-12-02,14.59,14.75,14.57,14.63,464000,14.63
2015-12-01,14.63,14.68,14.45,14.59,1361100,14.59
2015-11-30,14.85,15.03,14.54,14.58,675700,14.58
2015-11-27,14.69,14.86,14.57,14.71,127800,14.71
2015-11-25,14.73,14.81,14.54,14.72,310600,14.72
2015-11-24,14.78,14.85,14.51,14.73,581500,14.73
2015-11-23,15.07,15.23,14.68,14.85,718200,14.85
2015-11-20,14.96,15.09,14.80,14.96,470100,14.96
2015-11-19,15.19,15.36,14.88,14.95,304800,14.95
2015-11-18,15.17,15.24,15.06,15.20,492300,15.20
2015-11-17,15.01,15.25,14.91,14.95,458500,14.95
2015-11-16,15.07,15.18,14.68,14.97,517800,14.97
2015-11-13,15.08,15.25,14.84,15.10,835000,15.10
2015-11-12,15.17,15.29,14.97,15.17,971300,15.17
2015-11-11,15.15,15.25,15.05,15.22,600300,15.22
2015-11-10,15.00,15.16,14.65,15.13,1217100,15.13
2015-11-09,14.92,15.21,14.69,15.10,1725800,15.10
2015-11-06,14.47,15.80,14.06,14.47,3494600,14.47
2015-11-05,12.35,12.68,12.30,12.36,454500,12.36
2015-11-0
4,12.25,12.50,12.23,12.34,426700,12.34
2015-11-03,12.02,12.32,12.02,12.24,364200,12.24
2015-11-02,11.85,12.11,11.75,12.06,498500,12.06
2015-10-30,12.02,12.08,11.80,11.87,418500,11.87
2015-10-29,12.04,12.17,11.88,11.97,447200,11.97
2015-10-28,11.77,12.15,11.66,12.11,584100,12.11
2015-10-27,12.11,12.11,11.64,11.75,382000,11.75
2015-10-26,11.98,12.16,11.91,12.09,370800,12.09
2015-10-23,11.69,12.01,11.64,11.96,409500,11.96
2015-10-22,11.67,11.81,11.38,11.55,940500,11.55
2015-10-21,11.81,11.87,11.56,11.57,628400,11.57
2015-10-20,11.80,11.89,11.72,11.79,406600,11.79
2015-10-19,11.78,11.91,11.70,11.84,343900,11.84
2015-10-16,11.78,11.97,11.78,11.80,701900,11.80
2015-10-15,11.39,11.81,11.39,11.73,562200,11.73
2015-10-14,11.68,11.78,11.37,11.38,458700,11.38
2015-10-13,11.44,11.81,11.44,11.67,508800,11.67
2015-10-12,11.37,11.55,11.19,11.51,536000,11.51
2015-10-09,11.52,11.74,11.34,11.37,852200,11.37
2015-10-08,11.26,11.46,11.16,11.46,548500,11.46
2015-10-07,11.14,11.33,11.02,11.27,681300,11.27
2015-10-06,10.76,11.12,10.68,11.08,631900,11.08
2015-10-05,10.58,10.91,10.58,10.74,716700,10.74
2015-10-02,10.26,10.62,10.23,10.53,606500,10.53
2015-10-01,10.38,10.43,10.20,10.34,464900,10.34
2015-09-30,10.29,10.44,10.25,10.35,601600,10.35
2015-09-29,10.19,10.24,10.06,10.17,403600,10.17
2015-09-28,10.22,10.30,10.06,10.17,488100,10.17
2015-09-25,10.51,10.62,10.27,10.28,473900,10.28
2015-09-24,10.23,10.46,10.09,10.40,630200,10.40
2015-09-23,10.63,10.69,10.19,10.30,394700,10.30
2015-09-22,10.58,10.70,10.53,10.59,366900,10.59
2015-09-21,10.76,10.95,10.67,10.72,470100,10.72
2015-09-18,10.75,10.93,10.68,10.69,614200,10.69
2015-09-17,10.96,11.21,10.89,10.92,585300,10.92
2015-09-16,10.75,11.15,10.71,10.96,473600,10.96
2015-09-15,10.35,10.78,10.35,10.72,738800,10.72
2015-09-14,10.45,10.45,10.25,10.34,211700,10.34
2015-09-11,10.34,10.45,10.22,10.45,337100,10.45
2015-09-10,10.45,10.69,10.27,10.38,558000,10.38
2015-09-09,10.65,10.74,10.31,10.33,415000,10.33
2015-09-08,10.45,10.86,10.18,10.56,1041500,10.56
2015-09-04,10.33,10.50,10.24,10.27,328300,10.27
2015-09-03,9.77,10.56,9.77,10.43,1391200,10.43
2015-09-02,9.60,9.64,9.44,9.61,302900,9.61
2015-09-01,9.71,9.87,9.48,9.50,509500,9.50
2015-08-31,9.70,9.89,9.65,9.86,453900,9.86
2015-08-28,9.62,9.74,9.60,9.73,443400,9.73
2015-08-27,9.19,9.66,9.19,9.65,565900,9.65
2015-08-26,9.16,9.19,8.87,9.12,703100,9.12
2015-08-25,9.46,9.48,8.98,8.99,768900,8.99
2015-08-24,9.40,9.68,9.17,9.25,677800,9.25
2015-08-21,9.91,10.12,9.69,9.71,645800,9.71
2015-08-20,10.22,10.32,10.07,10.08,405800,10.08
2015-08-19,10.51,10.51,10.09,10.29,486700,10.29
2015-08-18,10.71,10.81,10.37,10.44,868700,10.44
2015-08-17,10.78,10.91,10.65,10.91,383800,10.91
2015-08-14,10.51,10.78,10.42,10.78,723300,10.78
2015-08-13,10.50,10.62,10.30,10.54,627100,10.54
2015-08-12,10.33,10.55,10.22,10.50,424200,10.50
2015-08-11,10.46,10.54,10.30,10.38,346500,10.38
2015-08-10,10.38,10.54,10.33,10.53,443100,10.53
2015-08-07,10.26,10.37,10.18,10.32,598500,10.32
2015-08-06,10.18,10.54,9.98,10.34,756800,10.34
2015-08-05,11.52,11.52,10.07,10.16,3060200,10.16
2015-08-04,9.09,9.20,8.91,8.97,849700,8.97
2015-08-03,9.13,
9.18,8.97,9.06,778700,9.06
2015-07-31,9.09,9.26,9.08,9.12,1019000,9.12
2015-07-30,9.15,9.23,9.07,9.07,663400,9.07
2015-07-29,9.20,9.33,9.12,9.21,843800,9.21
2015-07-28,9.21,9.32,9.02,9.20,670900,9.20
2015-07-27,9.33,9.36,9.18,9.18,668700,9.18
2015-07-24,9.64,9.66,9.43,9.43,532400,9.43
2015-07-23,9.73,9.87,9.60,9.65,768900,9.65
2015-07-22,9.74,9.79,9.66,9.71,465600,9.71
2015-07-21,9.69,9.99,9.69,9.79,860000,9.79
2015-07-20,9.77,9.78,9.65,9.71,671200,9.71
2015-07-17,9.80,9.91,9.73,9.77,829200,9.77
2015-07-16,9.85,9.91,9.70,9.78,753400,9.78
2015-07-15,10.03,10.08,9.80,9.81,968000,9.81
2015-07-14,10.09,10.15,10.04,10.04,507600,10.04
2015-07-13,10.07,10.20,10.07,10.09,507600,10.09
2015-07-10,10.10,10.17,10.00,10.03,532800,10.03
2015-07-09,10.13,10.30,10.01,10.01,729800,10.01
2015-07-08,9.93,10.01,9.93,10.00,498800,10.00
2015-07-07,10.02,10.12,9.80,9.99,769200,9.99
2015-07-06,10.14,10.18,10.01,10.03,674700,10.03
2015-07-02,10.29,10.32,10.17,10.19,517400,10.19
2015-07-01,10.60,10.61,10.23,10.26,647500,10.26
2015-06-30,10.60,10.67,10.48,10.49,852300,10.49
2015-06-29,10.68,10.77,10.48,10.56,912100,10.56
2015-06-26,10.98,10.98,10.75,10.84,843400,10.84
2015-06-25,11.09,11.09,10.94,10.96,912200,10.96
2015-06-24,11.01,11.05,10.85,10.95,666500,10.95
2015-06-23,10.96,11.15,10.92,11.00,1198100,11.00
2015-06-22,11.18,11.30,10.76,10.97,1366200,10.97
2015-06-19,11.20,11.40,11.11,11.19,2754800,11.19
2015-06-18,10.70,11.85,10.70,11.25,4634700,11.25
2015-06-17,13.41,13.92,13.41,13.85,816900,13.85
2015-06-16,12.84,13.44,12.83,13.40,940900,13.40
2015-06-15,12.49,12.89,12.39,12.87,351600,12.87
2015-06-12,12.43,12.62,12.43,12.62,166600,12.62
2015-06-11,12.40,12.53,12.36,12.44,166700,12.44
2015-06-10,12.22,12.49,12.22,12.40,468800,12.40
2015-06-09,12.23,12.28,12.13,12.19,266500,12.19
2015-06-08,12.30,12.56,12.24,12.25,358600,12.25
2015-06-05,12.27,12.43,12.19,12.30,262400,12.30
2015-06-04,12.51,12.54,12.25,12.27,237000,12.27
2015-06-03,12.29,12.70,12.29,12.59,699200,12.59
2015-06-02,12.09,12.32,12.09,12.23,458300,12.23
2015-06-01,12.25,12.29,12.03,12.15,243700,12.15
2015-05-29,12.26,12.26,12.13,12.20,259300,12.20
2015-05-28,12.20,12.34,12.14,12.26,335400,12.26
2015-05-27,12.16,12.29,12.06,12.19,926300,12.19
2015-05-26,12.35,12.35,12.05,12.19,451700,12.19
2015-05-22,12.47,12.59,12.34,12.42,394600,12.42
2015-05-21,12.51,12.59,12.41,12.47,411900,12.47
2015-05-20,12.59,12.59,12.45,12.48,238100,12.48
2015-05-19,12.57,12.72,12.53,12.55,249500,12.55
2015-05-18,12.54,12.60,12.48,12.56,199700,12.56
2015-05-15,12.65,12.66,12.48,12.58,265100,12.58
2015-05-14,12.59,12.71,12.54,12.64,241100,12.64
2015-05-13,12.45,12.63,12.40,12.55,355900,12.55
2015-05-12,12.43,12.50,12.22,12.40,376800,12.40
2015-05-11,12.28,12.64,12.17,12.43,457600,12.43
2015-05-08,12.39,12.39,12.14,12.27,432700,12.27
2015-05-07,12.00,12.27,11.86,12.27,270200,12.27
2015-05-06,12.26,12.26,11.96,12.02,224400,12.02
2015-05-05,12.19,12.35,12.10,12.19,369300,12.19
2015-05-04,12.48,12.48,12.11,12.22,338300,12.22
2015-05-01,12.41,12.52,12.19,12.45,911400,12.45
2015-04-30,12.39,12.54,12.27,12.40,370400,12.40
2015-04-29,12.57,12.65,12.46,12.50,206200,12.50
2015-04-28,12.49,12.70,12.39,12.66,192800,12.66
2015-04-27,12.60,12.73,12.48,12.50,240300,12.50
2015-04-24,12.42,12.60,12.29,12.60,277800,12.60
2015-04-23,12.25,12.44,12.2
0,12.43,275400,12.43
2015-04-22,12.24,12.34,12.15,12.30,196500,12.30
2015-04-21,12.42,12.42,12.21,12.23,197200,12.23
2015-04-20,12.19,12.41,12.09,12.36,214500,12.36
2015-04-17,12.27,12.35,11.96,12.09,534000,12.09
2015-04-16,12.32,12.48,12.24,12.37,333900,12.37
2015-04-15,12.22,12.46,12.15,12.36,356200,12.36
2015-04-14,11.93,12.19,11.74,12.18,306600,12.18
2015-04-13,11.59,12.12,11.59,11.95,506900,11.95
2015-04-10,11.69,11.82,11.45,11.57,2276100,11.57
2015-04-09,11.76,11.88,11.58,11.62,183400,11.62
2015-04-08,11.50,11.89,11.29,11.76,608100,11.76
2015-04-07,11.44,11.53,11.37,11.51,321600,11.51
2015-04-06,11.15,11.48,11.12,11.45,390400,11.45
2015-04-02,11.28,11.44,11.17,11.23,544300,11.23
2015-04-01,11.30,11.38,11.05,11.27,300900,11.27
2015-03-31,11.32,11.56,11.13,11.34,285100,11.34
2015-03-30,11.40,11.43,11.20,11.36,169500,11.36
2015-03-27,11.18,11.33,11.16,11.33,358000,11.33
2015-03-26,11.25,11.31,11.09,11.13,882200,11.13
2015-03-25,11.54,11.56,11.22,11.28,589400,11.28
2015-03-24,11.70,11.84,11.52,11.54,678700,11.54
2015-03-23,11.73,11.78,11.64,11.69,390400,11.69
2015-03-20,11.70,11.75,11.64,11.73,426000,11.73
2015-03-19,11.66,11.92,11.44,11.60,469200,11.60
2015-03-18,11.62,11.79,11.51,11.66,545900,11.66
2015-03-17,12.01,12.09,11.10,11.66,2018500,11.66
2015-03-16,12.56,12.56,12.33,12.40,358600,12.40
2015-03-13,12.51,12.64,12.40,12.49,742300,12.49
2015-03-12,12.54,12.65,12.35,12.50,599500,12.50
2015-03-11,12.46,12.66,12.42,12.47,560600,12.47
2015-03-10,12.55,12.61,12.44,12.48,1058000,12.48
2015-03-09,12.77,12.79,12.58,12.67,1135900,12.67
2015-03-06,12.68,12.97,12.68,12.72,423300,12.72
2015-03-05,12.81,13.00,12.63,12.78,833700,12.78
2015-03-04,12.54,12.78,12.54,12.77,774700,12.77
2015-03-03,12.59,12.91,12.54,12.82,1078600,12.82
2015-03-02,12.78,12.95,12.58,12.65,383500,12.65
2015-02-27,12.87,13.00,12.76,12.76,500400,12.76
2015-02-26,12.62,12.90,12.62,12.86,447200,12.86
2015-02-25,12.49,12.62,12.45,12.61,523200,12.61
2015-02-24,12.34,12.59,12.29,12.47,639200,12.47
2015-02-23,12.27,12.36,12.13,12.36,238000,12.36
2015-02-20,12.20,12.38,12.14,12.28,828300,12.28
2015-02-19,12.24,12.56,12.15,12.21,1420700,12.21
2015-02-18,12.20,12.46,12.18,12.24,1670300,12.24
2015-02-17,12.49,12.61,12.20,12.26,553400,12.26
2015-02-13,12.12,12.54,11.99,12.49,1042600,12.49
2015-02-12,12.87,12.87,12.20,12.22,1821500,12.22
2015-02-11,12.72,13.03,12.71,12.80,228000,12.80
2015-02-10,12.92,12.94,12.42,12.78,355200,12.78
2015-02-09,13.03,13.13,12.74,12.81,181600,12.81
2015-02-06,12.82,13.07,12.73,13.06,214600,13.06
2015-02-05,13.00,13.07,12.67,12.85,279400,12.85
2015-02-04,12.87,13.10,12.78,12.94,314500,12.94
2015-02-03,12.85,13.06,12.77,12.97,392700,12.97
2015-02-02,12.49,12.79,12.27,12.77,314900,12.77
2015-01-30,12.87,12.95,12.46,12.48,452200,12.48
2015-01-29,12.87,13.02,12.61,13.00,264700,13.00
2015-01-28,13.26,13.26,12.67,12.86,760600,12.86
2015-01-27,13.00,13.23,12.91,13.19,246800,13.19
2015-01-26,13.24,13.25,13.04,13.20,338900,13.20
2015-01-23,13.23,13.54,13.15,13.29,291900,13.29
2015-01-22,13.42,13.44,13.09,13.27,398900,13.27
2015-01-21,13.47,13.57,13.09,13.32,271900,13.32
2015-01-20,13.15,13.55,12.91,13.53,499100,13.53
2015-01-16,12.29,13.24,12.24,13.14,1206600,13.14
2015-01-15,12.54,12.54,12.11,12.30,367100,12.30
2015-01-14,12.1
9,12.51,12.13,12.47,154900,12.47
2015-01-13,12.36,12.74,12.09,12.36,378400,12.36
2015-01-12,12.21,12.31,11.90,12.25,302400,12.25
2015-01-09,12.45,12.45,12.14,12.25,292100,12.25
2015-01-08,12.13,12.55,11.96,12.43,212700,12.43
2015-01-07,12.04,12.10,11.75,12.05,271500,12.05
2015-01-06,12.18,12.32,11.79,11.96,370200,11.96
2015-01-05,12.24,12.41,12.01,12.12,263100,12.12
2015-01-02,12.47,12.50,11.95,12.35,303100,12.35
2014-12-31,12.57,12.60,12.37,12.43,191800,12.43
2014-12-30,12.38,12.57,12.33,12.57,142000,12.57
2014-12-29,12.60,12.66,12.24,12.44,307500,12.44
2014-12-26,12.71,12.71,12.33,12.60,202900,12.60
2014-12-24,12.69,12.74,12.59,12.63,160100,12.63
2014-12-23,12.69,12.79,12.53,12.64,298100,12.64
2014-12-22,12.55,12.64,12.39,12.64,202100,12.64
2014-12-19,12.04,12.63,12.04,12.51,1093400,12.51
2014-12-18,11.70,12.18,11.69,12.02,764400,12.02
2014-12-17,11.23,11.54,11.23,11.53,619900,11.53
2014-12-16,11.15,11.41,11.06,11.23,399700,11.23
2014-12-15,11.30,11.41,11.16,11.19,266700,11.19
2014-12-12,11.18,11.50,11.18,11.22,281600,11.22
2014-12-11,11.49,11.63,11.29,11.33,209300,11.33
2014-12-10,11.66,11.75,11.37,11.41,467300,11.41
2014-12-09,11.22,11.70,11.14,11.70,254800,11.70
2014-12-08,11.68,11.79,11.22,11.36,463100,11.36
2014-12-05,11.74,11.93,11.65,11.84,280800,11.84
2014-12-04,11.84,11.87,11.60,11.70,215300,11.70
2014-12-03,11.98,12.19,11.92,11.93,259600,11.93
2014-12-02,11.90,12.23,11.90,11.96,402400,11.96
2014-12-01,11.64,12.02,11.49,11.91,336400,11.91
2014-11-28,11.83,11.87,11.69,11.69,120700,11.69
2014-11-26,11.91,11.92,11.77,11.83,268400,11.83
2014-11-25,12.04,12.11,11.85,11.93,206700,11.93
2014-11-24,12.12,12.16,11.88,12.00,364000,12.00
2014-11-21,12.08,12.17,11.95,12.08,381700,12.08
2014-11-20,11.64,12.07,11.63,11.87,242400,11.87
2014-11-19,11.90,11.98,11.59,11.70,454100,11.70
2014-11-18,12.09,12.22,11.93,11.95,438700,11.95
2014-11-17,12.15,12.41,11.95,12.05,941700,12.05
2014-11-14,12.03,12.59,11.95,12.15,1091100,12.15
2014-11-13,12.13,12.21,11.84,12.04,499900,12.04
2014-11-12,11.82,12.17,11.75,12.15,509000,12.15
2014-11-11,11.52,11.91,11.40,11.90,743400,11.90
2014-11-10,10.65,11.51,10.65,11.51,513300,11.51
2014-11-07,10.76,10.92,10.40,10.80,615600,10.80
2014-11-06,10.81,10.97,10.75,10.83,354800,10.83
2014-11-05,10.82,10.90,10.73,10.81,397100,10.81
2014-11-04,10.70,10.85,10.59,10.74,333900,10.74
2014-11-03,10.84,11.19,10.65,10.75,498300,10.75
2014-10-31,10.85,10.90,10.60,10.86,373400,10.86
2014-10-30,10.30,10.72,10.09,10.59,1088800,10.59
2014-10-29,10.64,10.66,10.21,10.35,461500,10.35
2014-10-28,10.27,10.74,10.21,10.63,1509300,10.63
2014-10-27,10.09,10.36,9.97,10.28,1528400,10.28
2014-10-24,10.19,10.19,9.97,10.13,241200,10.13
2014-10-23,9.99,10.26,9.86,10.15,761200,10.15
2014-10-22,10.32,10.37,9.80,9.83,290300,9.83
2014-10-21,10.15,10.41,10.05,10.33,758900,10.33
2014-10-20,9.97,10.15,9.93,10.10,426100,10.10
2014-10-17,10.28,10.33,9.94,9.96,466800,9.96
2014-10-16,9.90,10.35,9.88,10.15,676200,10.15
2014-10-15,9.81,10.19,9.69,10.04,936800,10.04
2014-10-14,9.77,10.03,9.66,9.89,1028300,9.89
2014-10-13,9.51,9.89,9.39,9.66,661100,9.66
2014-10-10,10.89,10.97,9.74,9.75,2284000,9.75
2014-10-09,11.18,11.20,10.77,10.98,914700,10.98
2014-10-08,10.88,11.27,10.72,11.22,445000,11.22
2014-10-07,11.16,11.20,10.86,10.87,313800,10.87
2014-10-06,11.27,11.
42,11.12,11.23,357100,11.23
2014-10-03,11.56,11.60,11.24,11.25,314900,11.25
2014-10-02,11.22,11.52,11.13,11.42,761800,11.42
2014-10-01,11.34,11.36,10.98,11.21,1546200,11.21
2014-09-30,11.57,11.74,11.36,11.36,433500,11.36
2014-09-29,11.59,11.76,11.48,11.55,679100,11.55
2014-09-26,11.62,11.84,11.55,11.73,221500,11.73
2014-09-25,11.91,11.96,11.47,11.58,438000,11.58
2014-09-24,11.89,12.03,11.78,11.89,352100,11.89
2014-09-23,11.86,12.07,11.79,11.88,694100,11.88
2014-09-22,11.99,12.03,11.72,11.89,406500,11.89
2014-09-19,12.11,12.33,11.90,12.07,639300,12.07
2014-09-18,11.91,12.14,11.78,12.09,482000,12.09
2014-09-17,11.66,11.98,11.52,11.89,1725000,11.89
2014-09-16,11.36,11.91,11.11,11.70,3761000,11.70
2014-09-15,13.36,13.36,10.66,11.92,3924200,11.92
2014-09-12,13.80,13.97,13.65,13.82,459200,13.82
2014-09-11,13.62,13.85,13.50,13.80,290500,13.80
2014-09-10,13.63,13.79,13.50,13.70,426900,13.70
2014-09-09,13.97,14.06,13.57,13.60,504300,13.60
2014-09-08,13.62,14.05,13.55,14.02,815700,14.02
2014-09-05,13.47,13.75,13.20,13.60,1055300,13.60
2014-09-04,13.77,13.91,13.41,13.52,890900,13.52
2014-09-03,14.12,14.20,13.74,13.76,676800,13.76
2014-09-02,13.99,14.13,13.95,14.03,493900,14.03
2014-08-29,14.03,14.21,13.99,14.04,1208700,14.04
2014-08-28,14.26,14.26,14.03,14.04,496900,14.04
2014-08-27,14.54,14.54,14.25,14.31,613100,14.31
2014-08-26,14.55,14.71,14.42,14.53,869800,14.53
2014-08-25,14.90,14.99,14.52,14.54,613500,14.54
2014-08-22,15.05,15.15,14.67,14.79,1015100,14.79
2014-08-21,15.08,15.25,14.93,15.06,474800,15.06
2014-08-20,15.13,15.30,15.06,15.09,470400,15.09
2014-08-19,15.51,15.55,15.16,15.21,722200,15.21
2014-08-18,15.31,15.63,15.28,15.47,1151200,15.47
2014-08-15,15.15,15.38,14.96,15.21,1191600,15.21
2014-08-14,14.72,15.04,14.72,15.03,646500,15.03
2014-08-13,14.32,14.87,14.23,14.68,1016300,14.68
2014-08-12,14.25,14.48,14.09,14.20,1806700,14.20
2014-08-11,14.10,14.37,13.96,14.31,944400,14.31
2014-08-08,13.68,14.74,13.45,14.12,4896000,14.12
2014-08-07,16.58,16.84,16.309999,16.49,593100,16.49
2014-08-06,16.290001,16.98,16.200001,16.540001,733300,16.540001
2014-08-05,16.559999,16.620001,16.24,16.379999,419900,16.379999
2014-08-04,16.700001,16.870001,16.450001,16.67,350600,16.67
2014-08-01,16.879999,16.969999,16.309999,16.629999,432700,16.629999
2014-07-31,17.139999,17.280001,16.860001,16.860001,337000,16.860001
2014-07-30,17.459999,17.530001,17.18,17.389999,434000,17.389999
2014-07-29,17.190001,17.32,17.139999,17.209999,223400,17.209999
2014-07-28,17.50,17.50,16.98,17.139999,258800,17.139999
2014-07-25,17.02,17.58,16.93,17.43,435900,17.43
2014-07-24,17.370001,17.43,17.07,17.209999,364300,17.209999
2014-07-23,17.51,17.51,17.219999,17.309999,222200,17.309999
2014-07-22,17.50,17.67,17.440001,17.49,237900,17.49
2014-07-21,17.610001,17.639999,17.34,17.42,318700,17.42
2014-07-18,17.58,17.889999,17.51,17.709999,525100,17.709999
2014-07-17,17.889999,18.00,17.469999,17.57,322300,17.57
2014-07-16,17.790001,18.110001,17.709999,17.950001,421600,17.950001
2014-07-15,17.73,17.799999,17.41,17.639999,658100,17.639999
2014-07-14,17.92,18.09,17.719999,17.75,212400,17.75
2014-07-11,17.530001,17.860001,17.52,17.76,227200,17.76
2014-07-10,17.35,17.83,
17.219999,17.58,297400,17.58
2014-07-09,17.719999,17.959999,17.459999,17.809999,537800,17.809999
2014-07-08,18.02,18.02,17.540001,17.719999,584900,17.719999
2014-07-07,18.129999,18.15,17.870001,18.00,477500,18.00
2014-07-03,17.690001,18.190001,17.65,18.17,555500,18.17
2014-07-02,17.77,17.93,17.559999,17.620001,406900,17.620001
2014-07-01,17.610001,18.07,17.610001,17.82,562500,17.82
2014-06-30,17.610001,17.83,17.469999,17.540001,591200,17.540001
2014-06-27,17.60,17.879999,17.34,17.620001,2327700,17.620001
2014-06-26,17.91,17.940001,17.35,17.639999,596500,17.639999
2014-06-25,17.43,17.969999,17.049999,17.92,1037300,17.92
2014-06-24,17.16,17.860001,17.049999,17.48,795200,17.48
2014-06-23,17.120001,17.26,16.879999,17.16,628100,17.16
2014-06-20,16.950001,17.200001,16.68,17.120001,1005000,17.120001
2014-06-19,17.200001,17.32,16.75,16.99,662900,16.99
2014-06-18,17.110001,17.25,16.870001,17.139999,1087500,17.139999
2014-06-17,17.07,17.66,16.98,17.09,1012200,17.09
2014-06-16,17.09,17.469999,17.049999,17.459999,419200,17.459999
2014-06-13,16.93,17.35,16.780001,17.16,507300,17.16
2014-06-12,16.42,16.92,16.299999,16.84,663100,16.84
2014-06-11,16.280001,16.52,16.23,16.33,395000,16.33
2014-06-10,16.40,16.68,16.309999,16.360001,488400,16.360001
2014-06-09,16.120001,16.49,16.08,16.41,475900,16.41
2014-06-06,15.73,16.190001,15.61,16.15,637700,16.15
2014-06-05,15.58,16.25,15.48,15.66,820600,15.66
2014-06-04,14.66,15.09,14.44,14.94,603200,14.94
2014-06-03,14.84,14.96,14.73,14.73,271400,14.73
2014-06-02,15.24,15.24,14.80,14.87,253300,14.87
2014-05-30,15.56,15.56,14.90,15.15,519500,15.15
2014-05-29,15.45,15.75,15.30,15.54,397000,15.54
2014-05-28,15.45,15.55,15.30,15.45,353300,15.45
2014-05-27,15.04,15.59,15.04,15.45,444800,15.45
2014-05-23,14.63,15.09,14.55,15.02,440900,15.02
2014-05-22,14.83,14.85,14.64,14.70,441600,14.70
2014-05-21,14.79,14.90,14.64,14.80,342100,14.80
2014-05-20,15.02,15.11,14.69,14.74,364900,14.74
2014-05-19,14.69,15.25,14.69,15.10,358200,15.10
2014-05-16,14.80,14.97,14.64,14.79,543100,14.79
2014-05-15,15.08,15.30,14.76,14.83,785600,14.83
2014-05-14,15.30,15.32,14.77,14.77,421100,14.77
2014-05-13,15.33,15.57,15.10,15.30,506400,15.30
2014-05-12,15.20,15.58,15.17,15.32,928000,15.32
2014-05-09,15.67,15.76,14.86,15.16,1651200,15.16
2014-05-08,16.549999,16.549999,15.11,15.77,2044300,15.77
2014-05-07,16.889999,16.889999,15.44,15.65,1641800,15.65
2014-05-06,17.16,17.219999,16.58,16.809999,497200,16.809999
2014-05-05,16.76,17.309999,16.690001,17.24,307600,17.24
2014-05-02,16.75,16.93,16.58,16.879999,393500,16.879999
2014-05-01,17.60,17.60,16.51,16.700001,472400,16.700001
2014-04-30,16.690001,17.540001,16.40,17.52,505900,17.52
2014-04-29,16.620001,16.969999,16.43,16.83,313000,16.83
2014-04-28,16.82,16.98,16.190001,16.549999,533000,16.549999
2014-04-25,17.139999,17.16,16.639999,16.76,356200,16.76
2014-04-24,17.629999,17.629999,17.00,17.27,283300,17.27
2014-04-23,17.709999,17.73,17.290001,17.469999,243800,17.469999
2014-04-22,17.360001,17.950001,17.200001,17.76,495700,17.76
2014-04-21,17.280001,17.48,16.879999,17.299999,280700,17.299999
2014-04-17,17.10,17.48,16.860001,17.27,351000,17.27
2014-04-16,17.049999,17.459999,16.799999,17.15,504600,17.15
2014-04-15,16.620001,17.00,16.120001,16.889999,596000,16.889999
2014-04-14,16.18,16.73,16.040001,16.559999,597700,16.559999
2014-04-11,16.120001,16.440001,15.91,16.030001,429
500,16.030001
2014-04-10,16.93,16.940001,16.25,16.32,330000,16.32
2014-04-09,16.82,17.00,16.59,16.99,418400,16.99
2014-04-08,16.530001,16.85,16.41,16.709999,457900,16.709999
2014-04-07,16.43,16.74,16.27,16.51,1094200,16.51
2014-04-04,16.969999,16.969999,16.43,16.469999,672400,16.469999
2014-04-03,17.33,17.360001,16.66,16.82,418700,16.82
2014-04-02,17.07,17.469999,17.049999,17.35,362600,17.35
2014-04-01,16.950001,17.110001,16.799999,17.040001,712300,17.040001
2014-03-31,17.07,17.280001,16.84,16.940001,765100,16.940001
2014-03-28,16.969999,17.379999,16.879999,17.01,523900,17.01
2014-03-27,16.969999,17.040001,16.51,16.879999,816900,16.879999
2014-03-26,17.02,17.15,16.889999,17.00,832000,17.00
2014-03-25,16.98,17.219999,16.65,16.85,734200,16.85
2014-03-24,17.200001,17.200001,16.52,16.91,544200,16.91
2014-03-21,17.290001,17.379999,16.92,17.110001,944400,17.110001
2014-03-20,17.360001,17.43,17.00,17.209999,438900,17.209999
2014-03-19,17.690001,17.76,17.32,17.42,688600,17.42
2014-03-18,16.950001,18.040001,16.92,17.75,1563400,17.75
2014-03-17,17.10,17.200001,16.709999,16.98,816400,16.98
2014-03-14,16.40,17.309999,16.34,16.93,1231100,16.93
2014-03-13,17.40,17.41,15.81,16.40,2259400,16.40
2014-03-12,17.389999,17.57,17.040001,17.309999,1344800,17.309999
2014-03-11,18.52,18.549999,17.299999,17.50,1838100,17.50
2014-03-10,19.059999,19.07,18.35,18.530001,673500,18.530001
2014-03-07,18.860001,19.16,18.35,19.139999,1104200,19.139999
2014-03-06,19.120001,19.219999,18.629999,18.709999,1319500,18.709999
2014-03-05,18.030001,19.24,18.02,19.110001,11852800,19.110001
2014-03-04,19.639999,19.639999,18.629999,18.959999,1892600,18.959999
2014-03-03,19.85,19.85,19.23,19.48,533400,19.48
2014-02-28,20.799999,21.49,20.110001,20.129999,931900,20.129999
2014-02-27,20.469999,20.90,20.370001,20.82,340800,20.82
2014-02-26,19.940001,20.530001,19.940001,20.450001,349400,20.450001
2014-02-25,19.51,19.879999,19.389999,19.860001,522600,19.860001
2014-02-24,19.860001,19.959999,19.49,19.52,413900,19.52
2014-02-21,20.07,20.08,19.85,19.860001,416900,19.860001
2014-02-20,19.860001,20.120001,19.57,19.98,834400,19.98
2014-02-19,20.780001,20.870001,19.540001,19.84,1646900,19.84
2014-02-18,20.799999,21.25,20.559999,21.15,1221500,21.15
2014-02-14,18.50,21.07,18.50,20.799999,3796000,20.799999
2014-02-13,17.43,17.450001,17.25,17.40,917700,17.40
2014-02-12,17.34,17.559999,17.129999,17.559999,685400,17.559999
2014-02-11,16.290001,17.360001,16.290001,17.280001,609400,17.280001
2014-02-10,16.049999,16.280001,15.78,16.23,216300,16.23
2014-02-07,16.280001,16.370001,15.96,16.00,334300,16.00
2014-02-06,16.030001,16.559999,16.030001,16.219999,405800,16.219999
2014-02-05,16.50,16.610001,15.80,16.049999,442900,16.049999
2014-02-04,16.10,16.74,15.90,16.58,376500,16.58
2014-02-03,16.58,16.76,15.90,16.059999,565600,16.059999
2014-01-31,16.299999,16.860001,16.24,16.59,270500,16.59
2014-01-30,16.360001,16.709999,16.309999,16.60,434100,16.60
2014-01-29,15.97,16.209999,15.76,16.00,243200,16.00
2014-01-28,16.059999,16.26,15.95,16.110001,231600,16.110001
2014-01-27,16.139999,16.27,15.85,16.059999,378700,16.059999
2014-01-24,16.059999,16.139999,15.68,16.059999,378300,16.059999
2014-01-23,15.89,16.17,15.68,16.17,406200,16.17
2014-01-22,15.87,16.09,15.78,15.93,447600,15.93
2014-01-21,16.120001,16.200001,15.73,15.80,1182500,15.80
2014-01-17,16.73,16.75,16.030001,16.059999,366800,16.059999
2014-01-16,16.950001,17.120001,16.700001,16.76,249300,16.76
2014-01-15,16.870001,17.18,16.870001,17.00,240700,17.00
2014-01-14,16.68,16.90,16.639999,16.
809999,257700,16.809999
2014-01-13,16.99,17.09,16.41,16.610001,723900,16.610001
2014-01-10,16.23,17.08,16.120001,16.98,837800,16.98
2014-01-09,16.48,16.540001,15.90,16.200001,569900,16.200001
2014-01-08,16.60,16.68,16.41,16.48,362500,16.48
2014-01-07,16.610001,17.059999,16.49,16.60,1644500,16.60
2014-01-06,17.43,17.50,16.610001,16.639999,638300,16.639999
2014-01-03,17.43,17.52,17.18,17.33,363400,17.33
2014-01-02,17.83,17.92,17.35,17.440001,377500,17.440001
2013-12-31,18.08,18.120001,17.83,17.940001,225100,17.940001
2013-12-30,18.57,18.57,17.93,17.99,999400,17.99
2013-12-27,18.32,18.67,18.219999,18.530001,449600,18.530001
2013-12-26,18.10,18.48,18.08,18.23,248100,18.23
2013-12-24,18.33,18.43,17.959999,18.059999,62100,18.059999
2013-12-23,18.07,18.209999,17.92,18.120001,366100,18.120001
2013-12-20,17.450001,18.030001,17.360001,17.940001,498300,17.940001
2013-12-19,17.639999,17.790001,17.389999,17.50,305200,17.50
2013-12-18,17.32,17.76,17.07,17.700001,480400,17.700001
2013-12-17,17.139999,17.52,16.959999,17.32,516700,17.32
2013-12-16,17.16,17.629999,16.809999,17.09,839900,17.09
2013-12-13,17.030001,17.370001,16.98,17.030001,457000,17.030001
2013-12-12,17.200001,17.35,16.82,16.950001,553900,16.950001
2013-12-11,17.969999,17.969999,17.030001,17.139999,410500,17.139999
2013-12-10,18.00,18.219999,17.84,17.92,249400,17.92
2013-12-09,18.219999,18.26,17.76,18.00,223000,18.00
2013-12-06,18.42,18.48,18.02,18.190001,209500,18.190001
2013-12-05,18.17,18.440001,18.01,18.200001,207700,18.200001
2013-12-04,17.889999,18.219999,17.700001,18.16,320500,18.16
2013-12-03,18.08,18.26,17.93,17.99,290600,17.99
2013-12-02,18.780001,18.780001,17.92,18.08,721000,18.08
2013-11-29,18.90,18.90,18.73,18.74,196300,18.74
2013-11-27,19.07,19.120001,18.85,18.90,150000,18.90
2013-11-26,18.66,19.16,18.57,19.02,264200,19.02
2013-11-25,18.860001,19.08,18.16,18.690001,990300,18.690001
2013-11-22,19.00,19.07,18.790001,18.870001,401800,18.870001
2013-11-21,18.90,19.18,18.90,18.940001,381100,18.940001
2013-11-20,19.139999,19.23,18.799999,18.870001,518000,18.870001
2013-11-19,18.57,19.09,18.41,19.07,675700,19.07
2013-11-18,18.879999,19.16,18.48,18.52,457400,18.52
2013-11-15,18.860001,18.92,18.58,18.799999,513600,18.799999
2013-11-14,18.389999,18.98,18.35,18.780001,539600,18.780001
2013-11-13,18.219999,18.610001,18.219999,18.42,765500,18.42
2013-11-12,17.959999,18.389999,17.90,18.280001,389900,18.280001
2013-11-11,18.129999,18.280001,17.969999,18.00,338900,18.00
2013-11-08,17.40,18.27,17.40,18.200001,799800,18.200001
2013-11-07,17.610001,17.65,17.24,17.43,843900,17.43
2013-11-06,17.51,17.65,17.309999,17.559999,855400,17.559999
2013-11-05,17.07,17.549999,16.950001,17.450001,967400,17.450001
2013-11-04,16.959999,17.16,16.629999,17.120001,1746800,17.120001
2013-11-01,16.82,17.17,16.40,16.90,1234900,16.90
2013-10-31,17.75,18.379999,16.200001,16.84,4983000,16.84
2013-10-30,21.58,21.58,20.879999,20.940001,665900,20.940001
2013-10-29,22.290001,22.360001,21.43,21.610001,733600,21.610001
2013-10-28,21.92,22.60,21.709999,22.290001,615900,22.290001
2013-10-25,22.75,22.85,21.559999,21.870001,838600,21.870001
2013-10-24,22.41,23.139999,22.09,22.690001,348900,22.690001
2013-10-23,22.280001,22.74,21.940001,22.41,250400,22.41
2013-10-22,22.83,22.84,22.040001,22.42,187000,22.42
2013-10-21,22.440001,23.030001,22.440001,22.700001,278400,22.700001
2013-10-18,22.65,22.68,22.049999,22.450001,634400,22.450001
2013-10-17,22.10,22.34,21.950001,22.34,328400,22.34
2013-10-16,21.84,22.
23,21.719999,22.15,359500,22.15
2013-10-15,22.32,22.32,21.58,21.809999,480300,21.809999
2013-10-14,21.870001,22.42,21.629999,22.42,264500,22.42
2013-10-11,21.129999,22.02,21.129999,22.02,256100,22.02
2013-10-10,20.700001,21.219999,20.700001,21.209999,374400,21.209999
2013-10-09,20.76,20.879999,20.200001,20.450001,439500,20.450001
2013-10-08,21.120001,21.15,20.549999,20.75,1149000,20.75
2013-10-07,21.049999,21.24,20.790001,21.030001,263200,21.030001
2013-10-04,21.059999,21.27,20.99,21.129999,305800,21.129999
2013-10-03,20.940001,21.049999,20.549999,20.99,258000,20.99
2013-10-02,20.780001,21.09,20.51,20.98,604900,20.98
2013-10-01,20.629999,20.809999,20.440001,20.77,653900,20.77
2013-09-30,20.02,20.719999,19.969999,20.57,348000,20.57
2013-09-27,19.91,20.049999,19.66,19.99,359300,19.99
2013-09-26,19.530001,20.120001,19.15,19.940001,324800,19.940001
2013-09-25,19.629999,19.77,19.25,19.440001,232100,19.440001
2013-09-24,19.120001,19.57,18.60,19.549999,354600,19.549999
2013-09-23,19.34,19.35,18.700001,19.059999,284500,19.059999
2013-09-20,19.01,19.440001,18.719999,19.42,588600,19.42
2013-09-19,18.799999,19.08,18.799999,19.00,376400,19.00
2013-09-18,18.43,18.84,18.40,18.780001,245200,18.780001
2013-09-17,18.15,18.50,18.15,18.459999,237600,18.459999
2013-09-16,18.049999,18.24,17.950001,18.219999,293900,18.219999
2013-09-13,17.879999,17.969999,17.620001,17.85,130100,17.85
2013-09-12,17.99,18.16,17.75,17.780001,250900,17.780001
2013-09-11,17.65,18.18,17.65,18.02,507200,18.02
2013-09-10,17.77,17.950001,17.51,17.719999,191100,17.719999
2013-09-09,17.610001,17.719999,17.379999,17.709999,242400,17.709999
2013-09-06,17.32,17.610001,17.049999,17.60,300700,17.60
2013-09-05,17.459999,17.530001,17.09,17.26,133100,17.26
2013-09-04,16.93,17.16,16.84,17.120001,306000,17.120001
2013-09-03,17.370001,17.540001,16.60,16.860001,364100,16.860001
2013-08-30,17.370001,17.370001,16.969999,17.200001,366800,17.200001
2013-08-29,16.99,17.530001,16.99,17.389999,319400,17.389999
2013-08-28,17.059999,17.08,16.82,17.00,292900,17.00
2013-08-27,17.23,17.23,16.940001,17.02,466400,17.02
2013-08-26,17.58,17.639999,17.299999,17.379999,206100,17.379999
2013-08-23,17.51,17.709999,17.35,17.58,163800,17.58
2013-08-22,17.41,17.639999,17.27,17.530001,209800,17.530001
2013-08-21,17.280001,17.48,17.139999,17.309999,319700,17.309999
2013-08-20,17.16,17.50,17.030001,17.34,435200,17.34
2013-08-19,17.280001,17.280001,17.00,17.10,1255300,17.10
2013-08-16,17.280001,17.360001,17.040001,17.33,574800,17.33
2013-08-15,17.48,17.60,17.25,17.34,461700,17.34
2013-08-14,17.18,17.690001,17.049999,17.610001,641800,17.610001
2013-08-13,17.18,17.23,16.950001,17.200001,254300,17.200001
2013-08-12,16.940001,17.309999,16.870001,17.110001,467000,17.110001
2013-08-09,17.139999,17.290001,16.90,17.02,455400,17.02
2013-08-08,17.74,17.870001,17.059999,17.219999,601000,17.219999
2013-08-07,17.639999,17.790001,17.209999,17.68,477600,17.68
2013-08-06,18.00,18.00,17.49,17.719999,534300,17.719999
2013-08-05,18.15,18.219999,17.870001,17.98,502700,17.98
2013-08-02,18.09,18.309999,17.92,18.200001,701400,18.200001
2013-08-01,18.09,18.24,17.610001,18.120001,825000,18.120001
2013-07-31,18.58,18.629999,17.59,17.93,1839700,17.93
2013-07-30,18.26,19.75,17.57,18.49,3902900,18.49
2013-07-29,15.65,15.94,15.43,15.78,559900,15.78
2013-07-26,15.82,15.83,15.51,15.72,212200,15.72
2013-07-25,15.57,16.01,15.47,15.89,467900,15.89
2013-07-24,16.049999,16.200001,15.68,15.91,354300,15.91
2013-07-23,16.309999,16.309999,15.91,16.040001,354600,16.040001
2013-07-22,16.16,16.
32,16.110001,16.219999,519100,16.219999
2013-07-19,16.08,16.23,15.98,16.09,397500,16.09
2013-07-18,15.70,16.23,15.66,16.08,363200,16.08
2013-07-17,15.44,15.72,15.35,15.71,262000,15.71
2013-07-16,16.43,16.50,15.14,15.44,646900,15.44
2013-07-15,15.35,16.559999,15.31,16.450001,614200,16.450001
2013-07-12,15.23,15.40,15.14,15.35,137400,15.35
2013-07-11,14.94,15.21,14.92,15.19,231000,15.19
2013-07-10,14.74,14.85,14.60,14.77,100200,14.77
2013-07-09,14.55,14.73,14.45,14.72,162100,14.72
2013-07-08,14.56,14.59,14.33,14.50,193400,14.50
2013-07-05,14.63,14.63,14.34,14.53,106500,14.53
2013-07-03,14.36,14.57,14.36,14.45,53900,14.45
2013-07-02,14.31,14.55,14.23,14.44,526000,14.44
2013-07-01,14.49,14.49,14.11,14.35,573000,14.35
2013-06-28,14.55,14.58,14.31,14.36,1425600,14.36
2013-06-27,14.98,15.14,14.55,14.55,519700,14.55
2013-06-26,14.67,15.16,14.53,14.90,544200,14.90
2013-06-25,14.58,14.70,14.42,14.59,437000,14.59
2013-06-24,14.66,14.79,14.25,14.50,360600,14.50
2013-06-21,14.01,15.05,13.98,14.81,712600,14.81
2013-06-20,14.07,14.32,13.81,13.88,267200,13.88
2013-06-19,14.34,14.44,14.07,14.24,246300,14.24
2013-06-18,13.84,14.48,13.82,14.32,342100,14.32
2013-06-17,13.86,14.05,13.44,13.81,571700,13.81
2013-06-14,14.10,14.15,13.70,13.78,300800,13.78
2013-06-13,14.00,14.13,13.82,14.08,343800,14.08
2013-06-12,14.14,14.24,14.00,14.03,186100,14.03
2013-06-11,14.00,14.45,14.00,14.05,293100,14.05
2013-06-10,14.02,14.18,13.95,14.15,388800,14.15
2013-06-07,13.96,14.15,13.72,14.01,698200,14.01
2013-06-06,14.00,14.09,13.60,13.91,273100,13.91
2013-06-05,13.82,14.10,13.70,13.88,455300,13.88
2013-06-04,13.89,14.00,13.58,13.80,326500,13.80
2013-06-03,14.31,14.44,13.68,13.91,491600,13.91
2013-05-31,13.42,14.36,13.34,14.31,936500,14.31
2013-05-30,13.24,13.57,13.08,13.44,232000,13.44
2013-05-29,13.31,13.33,13.08,13.17,243700,13.17
2013-05-28,13.42,13.55,13.05,13.29,556800,13.29
2013-05-24,13.82,13.85,13.24,13.33,515800,13.33
2013-05-23,13.82,14.03,13.67,13.85,432400,13.85
2013-05-22,14.16,14.23,13.78,13.97,990100,13.97
2013-05-21,13.78,14.25,13.53,14.12,1204400,14.12
2013-05-20,14.03,14.03,13.72,13.80,556000,13.80
2013-05-17,14.09,14.22,13.82,14.02,620100,14.02
2013-05-16,14.46,14.46,14.03,14.06,931600,14.06
2013-05-15,14.84,14.91,14.43,14.46,714000,14.46
2013-05-14,14.66,15.06,14.41,14.77,1440400,14.77
2013-05-13,15.76,15.90,15.24,15.35,396900,15.35
2013-05-10,15.73,15.84,15.63,15.83,376000,15.83
2013-05-09,15.80,15.85,15.56,15.74,338100,15.74
2013-05-08,15.89,15.91,15.72,15.85,448300,15.85
2013-05-07,16.02,16.049999,15.79,15.92,558100,15.92
2013-05-06,15.90,16.07,15.82,15.95,406400,15.95
2013-05-03,15.92,16.049999,15.85,15.85,627200,15.85
2013-05-02,15.37,15.81,15.37,15.79,793800,15.79
2013-05-01,16.129999,16.15,14.98,15.40,1919100,15.40
2013-04-30,13.48,13.53,13.29,13.48,918900,13.48
2013-04-29,13.59,13.72,13.24,13.52,366200,13.52
2013-04-26,13.38,13.71,13.35,13.58,528000,13.58
2013-04-25,13.06,13.77,13.06,13.37,597200,13.37
2013-04-24,13.39,13.42,12.85,13.07,608500,13.07
2013-04-23,12.41,13.62,12.41,13.45,935400,13.45
2013-04-22,13.25,13.32,13.01,13.30,445600,13.30
2013-04-19,13.02,13.30,12.99,13.25,487500,13.25
2013-04-18,13.13,13.17,12
.92,13.01,267900,13.01
2013-04-17,13.17,13.23,12.96,13.06,466900,13.06
2013-04-16,13.02,13.34,12.90,13.30,468200,13.30
2013-04-15,13.42,13.64,12.82,12.91,445500,12.91
2013-04-12,12.88,13.50,12.43,13.47,1643500,13.47
2013-04-11,12.07,12.14,11.89,11.96,206800,11.96
2013-04-10,11.79,12.16,11.79,12.05,209700,12.05
2013-04-09,11.74,11.96,11.74,11.75,241900,11.75
2013-04-08,11.78,11.80,11.56,11.69,339200,11.69
2013-04-05,11.76,11.80,11.62,11.72,207600,11.72
2013-04-04,11.69,12.00,11.58,11.93,223800,11.93
2013-04-03,11.95,11.99,11.61,11.69,214200,11.69
2013-04-02,11.99,12.03,11.81,11.92,244000,11.92
2013-04-01,11.90,12.03,11.71,11.91,399200,11.91
2013-03-28,11.64,12.03,11.52,11.94,666000,11.94
2013-03-27,12.07,12.07,11.82,11.88,285900,11.88
2013-03-26,12.40,12.40,11.99,12.10,356700,12.10
2013-03-25,12.63,12.65,12.18,12.31,464300,12.31
2013-03-22,12.65,12.76,12.50,12.62,374000,12.62
2013-03-21,12.88,12.96,12.56,12.63,430200,12.63
2013-03-20,12.44,12.93,12.40,12.71,622700,12.71
2013-03-19,12.27,12.40,12.21,12.40,836400,12.40
2013-03-18,12.19,12.36,12.13,12.25,280700,12.25
2013-03-15,12.19,12.39,12.14,12.33,701400,12.33
2013-03-14,12.14,12.20,12.00,12.17,257100,12.17
2013-03-13,11.94,12.21,11.94,12.09,338100,12.09
2013-03-12,11.90,11.99,11.79,11.95,249200,11.95
2013-03-11,12.00,12.17,11.88,11.91,439100,11.91
2013-03-08,12.12,12.18,11.97,12.06,288800,12.06
2013-03-07,11.59,12.15,11.51,12.02,504200,12.02
2013-03-06,11.20,11.59,11.06,11.55,766300,11.55
2013-03-05,11.10,11.32,11.05,11.15,201600,11.15
2013-03-04,11.02,11.32,10.91,11.01,707700,11.01
2013-03-01,11.16,11.17,10.94,11.05,434700,11.05
2013-02-28,11.26,11.32,11.16,11.25,350000,11.25
2013-02-27,10.91,11.41,10.91,11.30,714100,11.30
2013-02-26,10.86,10.98,10.73,10.78,301600,10.78
2013-02-25,11.22,11.50,10.64,10.83,965300,10.83
2013-02-22,10.80,11.21,10.75,11.19,679300,11.19
2013-02-21,10.74,10.80,10.44,10.71,447800,10.71
2013-02-20,10.51,10.76,10.39,10.71,790700,10.71
2013-02-19,10.34,10.55,10.30,10.48,274100,10.48
2013-02-15,10.33,10.60,10.25,10.30,982100,10.30
2013-02-14,10.39,10.51,10.20,10.41,722900,10.41
2013-02-13,10.10,10.67,9.90,10.45,5520300,10.45
2013-02-12,12.38,12.43,12.25,12.38,860600,12.38
2013-02-11,11.99,12.35,11.94,12.34,324300,12.34
2013-02-08,12.24,12.39,11.84,11.96,303000,11.96
2013-02-07,12.21,12.37,12.07,12.19,193700,12.19
2013-02-06,11.93,12.30,11.78,12.20,389600,12.20
2013-02-05,12.08,12.13,11.97,12.00,202400,12.00
2013-02-04,12.46,12.51,11.99,12.02,307600,12.02
2013-02-01,12.46,12.89,12.41,12.55,364600,12.55
2013-01-31,12.34,12.51,12.25,12.37,206100,12.37
2013-01-30,12.57,12.63,12.20,12.39,358300,12.39
2013-01-29,12.64,12.72,12.44,12.55,314700,12.55
2013-01-28,12.81,12.82,12.63,12.69,359300,12.69
2013-01-25,12.73,12.82,12.63,12.77,201500,12.77
2013-01-24,12.73,12.80,12.56,12.69,381500,12.69
2013-01-23,12.79,12.93,12.58,12.75,250800,12.75
2013-01-22,12.81,12.82,12.64,12.77,206700,12.77
2013-01-18,12.55,12.85,12.45,12.77,467800,12.77
2013-01-17,12.69,12.71,12.43,12.57,402900,12.57
2013-01-16,12.75,12.76,12.56,12.58,233600,12.58
2013-01-15,12.77,12.81,12.61,12.75,202500,12.75
2013-01-14,13.26,13.26,12.76,12.86,237400,12.86
2013-01-11,13.37,13.37,13.
13,13.26,111600,13.26
2013-01-10,13.25,13.37,13.10,13.35,129600,13.35
2013-01-09,13.08,13.23,13.00,13.17,111600,13.17
2013-01-08,13.25,13.25,12.83,13.05,193000,13.05
2013-01-07,13.33,13.54,13.24,13.24,230700,13.24
2013-01-04,12.95,13.57,12.95,13.43,279800,13.43
2013-01-03,12.82,13.19,12.82,12.87,151600,12.87
2013-01-02,12.62,13.03,12.61,12.81,348800,12.81
2012-12-31,12.46,12.49,12.24,12.45,173500,12.45
2012-12-28,12.11,12.48,12.11,12.48,136500,12.48
2012-12-27,12.35,12.35,11.93,12.18,383800,12.18
2012-12-26,12.85,12.87,12.22,12.32,383300,12.32
2012-12-24,12.70,12.79,12.56,12.79,34300,12.79
2012-12-21,12.82,12.82,12.20,12.75,575300,12.75
2012-12-20,13.21,13.28,12.73,12.90,374700,12.90
2012-12-19,13.05,13.39,13.03,13.16,236600,13.16
2012-12-18,12.81,13.15,12.81,13.01,230800,13.01
2012-12-17,12.75,12.97,12.69,12.76,289000,12.76
2012-12-14,12.49,12.76,12.38,12.72,249100,12.72
2012-12-13,12.45,12.75,12.27,12.55,284600,12.55
2012-12-12,12.41,12.52,12.27,12.41,454100,12.41
2012-12-11,11.93,12.36,11.82,12.35,444400,12.35
2012-12-10,11.64,11.90,11.62,11.85,215600,11.85
2012-12-07,11.55,11.69,11.43,11.64,364400,11.64
2012-12-06,11.30,11.53,11.28,11.51,421400,11.51
2012-12-05,11.25,11.48,10.98,11.39,687300,11.39
2012-12-04,11.15,11.27,10.93,11.09,605200,11.09
2012-12-03,11.30,11.56,10.85,11.17,1221300,11.17
2012-11-30,11.82,12.08,11.78,12.03,529400,12.03
2012-11-29,11.79,12.00,11.68,11.79,321700,11.79
2012-11-28,11.80,11.88,11.55,11.69,495300,11.69
2012-11-27,11.93,11.99,11.71,11.87,545100,11.87
2012-11-26,11.42,12.07,11.41,11.96,531200,11.96
2012-11-23,11.24,11.33,11.12,11.33,126500,11.33
2012-11-21,11.24,11.34,11.00,11.20,319700,11.20
2012-11-20,11.79,11.79,11.23,11.23,336100,11.23
2012-11-19,11.27,11.95,11.16,11.79,802600,11.79
2012-11-16,10.83,11.27,10.75,11.15,906500,11.15
2012-11-15,10.72,10.90,10.57,10.88,502700,10.88
2012-11-14,10.51,10.99,10.51,10.77,490600,10.77
2012-11-13,10.25,10.42,10.17,10.26,221200,10.26
2012-11-12,10.59,10.74,10.17,10.25,394500,10.25
2012-11-09,10.11,10.59,10.02,10.55,417200,10.55
2012-11-08,10.27,10.37,10.01,10.17,497800,10.17
2012-11-07,10.75,10.75,10.37,10.52,411600,10.52
2012-11-06,11.03,11.05,10.80,10.83,503100,10.83
2012-11-05,11.00,11.08,10.83,10.93,404300,10.93
2012-11-02,11.33,11.49,10.94,11.03,524800,11.03
2012-11-01,10.75,11.05,10.73,11.05,474200,11.05
2012-10-31,10.70,10.89,10.57,10.73,549300,10.73
2012-10-26,10.72,10.79,10.59,10.70,1216400,10.70
2012-10-25,10.83,10.88,10.56,10.70,648300,10.70
2012-10-24,10.78,10.87,10.62,10.72,539900,10.72
2012-10-23,10.77,10.88,10.70,10.74,868700,10.74
2012-10-22,10.93,11.06,10.85,10.88,194900,10.88
2012-10-19,11.12,11.13,10.83,10.97,504400,10.97
2012-10-18,11.22,11.28,11.01,11.14,643400,11.14
2012-10-17,11.18,11.32,10.95,11.24,955400,11.24
2012-10-16,10.58,11.26,10.27,11.26,10950100,11.26
2012-10-15,14.70,14.74,13.93,14.50,2585800,14.50
2012-10-12,15.09,15.25,14.62,14.67,578700,14.67
2012-10-11,15.54,15.54,15.06,15.11,761000,15.11
2012-10-10,15.75,15.77,15.28,15.49,266200,15.49
2012-10-09,16.129999,16.18,15.63,15.73,286300,15.73
2012-10-08,15.91,16.35,15.82,16.139999,420500,16.139999
2012-10-05,16.469999,16.50,15.93,15.93,271200,15.93
2012-10-04,16.49,16.52,16.23,16.459999,389300,16.459999
2012-10-03,16.50,16.530001,16.370001,16.450001,5406
00,16.450001
2012-10-02,16.43,16.610001,16.280001,16.52,385000,16.52
2012-10-01,15.68,16.41,15.54,16.389999,606700,16.389999
2012-09-28,16.00,16.16,15.58,15.58,321400,15.58
2012-09-27,15.76,16.33,15.54,16.10,611600,16.10
2012-09-26,16.190001,16.25,15.54,15.59,314500,15.59
2012-09-25,16.49,16.66,16.120001,16.17,855200,16.17
2012-09-24,16.049999,16.459999,15.99,16.450001,338200,16.450001
2012-09-21,16.00,16.129999,15.89,16.049999,976600,16.049999
2012-09-20,15.89,15.99,15.65,15.95,418800,15.95
2012-09-19,16.059999,16.16,15.82,15.96,600400,15.96
2012-09-18,15.97,16.200001,15.88,15.98,640500,15.98
2012-09-17,16.610001,16.620001,15.63,16.030001,535500,16.030001
2012-09-14,17.049999,17.15,16.620001,16.66,460200,16.66
2012-09-13,17.10,17.15,16.629999,16.940001,221900,16.940001
2012-09-12,17.49,17.610001,17.10,17.129999,117300,17.129999
2012-09-11,17.67,17.780001,17.309999,17.379999,116100,17.379999
2012-09-10,17.709999,17.84,17.50,17.67,239700,17.67
2012-09-07,18.59,18.780001,17.610001,17.76,227700,17.76
2012-09-06,18.280001,18.66,18.10,18.49,543000,18.49
2012-09-05,17.780001,18.25,17.68,18.190001,287200,18.190001
2012-09-04,17.24,17.90,17.10,17.809999,338600,17.809999
2012-08-31,17.34,17.379999,17.09,17.18,143100,17.18
2012-08-30,17.74,17.90,16.950001,17.25,278300,17.25
2012-08-29,17.639999,17.91,17.459999,17.790001,196100,17.790001
2012-08-28,17.559999,17.709999,17.389999,17.629999,176500,17.629999
2012-08-27,17.76,17.98,17.469999,17.549999,144100,17.549999
2012-08-24,17.58,17.889999,17.51,17.719999,260500,17.719999
2012-08-23,17.93,18.02,17.34,17.60,336800,17.60
2012-08-22,18.25,18.25,17.690001,17.879999,378800,17.879999
2012-08-21,18.58,18.860001,18.219999,18.34,202600,18.34
2012-08-20,18.700001,18.719999,18.25,18.450001,328500,18.450001
2012-08-17,19.030001,19.24,18.65,18.790001,560400,18.790001
2012-08-16,18.83,19.24,18.719999,19.110001,279000,19.110001
2012-08-15,18.870001,19.219999,18.65,18.889999,222300,18.889999
2012-08-14,19.290001,19.33,18.700001,18.77,331400,18.77
2012-08-13,19.040001,19.450001,18.75,19.25,343700,19.25
2012-08-10,19.280001,19.66,18.93,19.10,311600,19.10
2012-08-09,19.190001,19.58,18.92,19.379999,500300,19.379999
2012-08-08,19.360001,19.48,18.93,19.24,578900,19.24
2012-08-07,18.34,19.68,18.219999,19.530001,897800,19.530001
2012-08-06,17.940001,18.40,17.799999,18.26,950800,18.26
2012-08-03,17.620001,18.00,17.360001,17.969999,524200,17.969999
2012-08-02,17.17,17.93,16.98,17.530001,765100,17.530001
2012-08-01,16.92,18.780001,15.83,17.57,2816900,17.57
2012-07-31,17.290001,17.50,15.72,15.95,1685000,15.95
2012-07-30,17.620001,17.84,17.10,17.280001,538300,17.280001
2012-07-27,16.860001,17.799999,16.60,17.66,261800,17.66
2012-07-26,16.620001,16.91,16.57,16.83,290800,16.83
2012-07-25,16.57,16.700001,16.299999,16.43,527500,16.43
2012-07-24,16.09,16.799999,15.97,16.459999,637800,16.459999
2012-07-23,15.85,16.09,15.41,16.00,386800,16.00
2012-07-20,16.49,16.50,15.80,16.00,981100,16.00
2012-07-19,17.219999,17.469999,16.440001,16.610001,613300,16.610001
2012-07-18,17.07,17.48,16.950001,17.200001,450900,17.200001
2012-07-17,17.139999,17.139999,16.65,17.049999,323300,17.049999
2012-07-16,16.870001,17.09,16.530001,17.02,386700,17.02
2012-07-13,17.040001,17.16,16.860001,16.950001,186200,16.950001
2012-07-12,17.049999,17.190001,16.719999,16.969999,234900,16.969999
2012-07-11,17.450001,17.700001,17.09,17.15,384100,17.15
2012-07-10,17.93,18.049999,17.26,17.35,901800,17.35
2012-07-09,17.780001,18.139999,17.66
,17.90,518000,17.90
2012-07-06,18.120001,18.25,17.73,17.76,685200,17.76
2012-07-05,18.43,18.780001,18.200001,18.290001,266200,18.290001
2012-07-03,18.549999,18.610001,18.379999,18.52,106300,18.52
2012-07-02,18.24,18.73,18.18,18.50,479800,18.50
2012-06-29,17.99,18.51,17.58,18.389999,1040400,18.389999
2012-06-28,18.01,18.379999,17.559999,17.700001,527800,17.700001
2012-06-27,17.85,18.34,17.68,18.09,831500,18.09
2012-06-26,17.66,18.02,17.559999,17.790001,903900,17.790001
2012-06-25,17.959999,18.10,17.43,17.440001,663200,17.440001
2012-06-22,18.35,18.35,17.959999,18.190001,3479800,18.190001
2012-06-21,18.700001,18.83,18.09,18.24,489400,18.24
2012-06-20,19.92,20.00,18.620001,18.700001,1014100,18.700001
2012-06-19,20.360001,20.65,19.84,20.08,676200,20.08
2012-06-18,19.67,20.459999,19.60,20.32,525800,20.32
2012-06-15,19.280001,19.889999,18.870001,19.84,593800,19.84
2012-06-14,18.73,19.49,18.629999,19.42,549600,19.42
2012-06-13,18.84,19.17,18.60,18.799999,537200,18.799999
2012-06-12,18.370001,18.99,18.139999,18.93,441400,18.93
2012-06-11,18.459999,18.709999,18.01,18.309999,525900,18.309999
2012-06-08,17.870001,18.360001,17.73,18.299999,252400,18.299999
2012-06-07,18.15,18.23,17.85,18.00,379500,18.00
2012-06-06,16.860001,18.00,16.75,17.870001,522300,17.870001
2012-06-05,16.73,16.969999,16.60,16.73,839700,16.73
2012-06-04,16.74,17.02,16.629999,16.76,580100,16.76
2012-06-01,17.120001,17.440001,16.57,16.719999,1494700,16.719999
2012-05-31,17.41,17.65,17.10,17.379999,733600,17.379999
2012-05-30,17.73,17.73,17.10,17.299999,554000,17.299999
2012-05-29,18.129999,18.16,17.57,17.799999,598600,17.799999
2012-05-25,18.07,18.34,18.00,18.09,264000,18.09
2012-05-24,18.48,18.540001,17.92,18.049999,276500,18.049999
2012-05-23,18.10,18.450001,18.00,18.450001,577000,18.450001
2012-05-22,18.41,18.700001,18.02,18.190001,405300,18.190001
2012-05-21,18.52,18.690001,18.15,18.469999,403000,18.469999
2012-05-18,18.639999,19.209999,18.360001,18.52,1201000,18.52
2012-05-17,18.950001,19.50,18.75,19.34,571600,19.34
2012-05-16,18.42,19.309999,18.41,18.950001,785100,18.950001
2012-05-15,19.07,19.07,18.299999,18.389999,313200,18.389999
2012-05-14,18.370001,18.49,18.00,18.33,464700,18.33
2012-05-11,18.620001,18.950001,18.49,18.51,536700,18.51
2012-05-10,19.07,19.299999,18.66,18.73,381700,18.73
2012-05-09,19.290001,19.309999,18.860001,18.959999,270300,18.959999
2012-05-08,19.26,19.52,18.700001,19.450001,476800,19.450001
2012-05-07,19.940001,20.190001,19.17,19.379999,479000,19.379999
2012-05-04,19.799999,20.35,19.549999,20.07,1279500,20.07
2012-05-03,20.219999,20.219999,19.16,19.82,1061400,19.82
2012-05-02,20.799999,22.469999,17.25,20.190001,4515600,20.190001
2012-05-01,23.440001,23.93,22.82,23.709999,1490300,23.709999
2012-04-30,23.549999,23.91,23.219999,23.42,376900,23.42
2012-04-27,23.559999,23.93,23.34,23.559999,219700,23.559999
2012-04-26,23.299999,23.83,23.299999,23.559999,103500,23.559999
2012-04-25,23.23,23.549999,23.10,23.360001,272100,23.360001
2012-04-24,22.870001,23.08,22.870001,23.02,231900,23.02
2012-04-23,23.129999,23.17,22.76,22.940001,389500,22.940001
2012-04-20,24.209999,24.290001,23.24,23.360001,599700,23.360001
2012-04-19,23.540001,23.950001,22.99,23.809999,327000,23.809999
2012-04-18,23.860001,24.030001,23.42,23.540001,332900,23.540001
2012-04-17,23.290001,23.67,23.059999,23.51,270200,23.51
2012-04-16,23.41,23.41,22.57,23.190001,463500,23.190001
2012-04-13,22.889999,23.35,22.889999,23.290001,242300,23.290001
2012-04-12,22.6
29999,23.24,22.60,22.99,189600,22.99
2012-04-11,22.52,22.68,22.120001,22.66,341700,22.66
2012-04-10,22.950001,23.02,22.23,22.370001,187300,22.370001
2012-04-09,22.969999,23.16,22.67,22.90,213700,22.90
2012-04-05,24.25,24.33,22.83,23.25,1029800,23.25
2012-04-04,24.34,24.540001,23.969999,24.33,211200,24.33
2012-04-03,24.799999,24.90,24.17,24.540001,166100,24.540001
2012-04-02,24.68,24.940001,24.25,24.92,319900,24.92
2012-03-30,24.98,25.10,24.57,24.75,387700,24.75
2012-03-29,24.950001,25.33,24.709999,24.90,453700,24.90
2012-03-28,24.700001,25.49,24.48,25.049999,1213800,25.049999
2012-03-27,23.52,24.790001,23.26,24.719999,668100,24.719999
2012-03-26,23.620001,23.690001,23.40,23.530001,411000,23.530001
2012-03-23,23.389999,23.58,23.26,23.43,243800,23.43
2012-03-22,23.34,23.65,23.18,23.41,266500,23.41
2012-03-21,23.040001,23.540001,22.98,23.440001,168100,23.440001
2012-03-20,23.08,23.09,22.799999,22.92,321100,22.92
2012-03-19,23.02,23.299999,22.790001,23.190001,193300,23.190001
2012-03-16,22.639999,23.950001,22.639999,22.959999,505700,22.959999
2012-03-15,23.049999,23.15,22.530001,22.549999,365700,22.549999
2012-03-14,23.379999,23.379999,22.09,23.09,530400,23.09
2012-03-13,23.299999,23.469999,23.15,23.40,301700,23.40
2012-03-12,23.379999,23.379999,22.969999,23.16,135000,23.16
2012-03-09,22.83,23.60,22.83,23.33,149500,23.33
2012-03-08,23.709999,23.709999,22.440001,22.780001,630000,22.780001
2012-03-07,23.780001,24.059999,23.42,23.620001,356100,23.620001
2012-03-06,23.59,23.77,23.219999,23.76,354300,23.76
2012-03-05,23.66,24.18,23.66,23.82,228300,23.82
2012-03-02,24.25,24.309999,23.26,23.73,522100,23.73
2012-03-01,23.860001,24.41,23.690001,24.25,172000,24.25
2012-02-29,24.440001,24.65,23.42,23.84,318900,23.84
2012-02-28,25.190001,25.32,24.18,24.33,802800,24.33
2012-02-27,24.98,25.950001,24.93,25.24,593700,25.24
2012-02-24,24.23,25.030001,23.959999,25.00,356500,25.00
2012-02-23,24.299999,24.35,23.99,24.200001,238500,24.200001
2012-02-22,24.549999,24.73,23.92,24.200001,306900,24.200001
2012-02-21,24.18,24.76,23.870001,24.610001,208200,24.610001
2012-02-17,23.559999,24.379999,23.559999,24.190001,457700,24.190001
2012-02-16,23.190001,23.66,23.040001,23.49,160600,23.49
2012-02-15,23.959999,23.959999,23.00,23.219999,275800,23.219999
2012-02-14,24.040001,24.08,23.549999,23.780001,220900,23.780001
2012-02-13,24.50,24.50,24.030001,24.200001,247700,24.200001
2012-02-10,23.950001,24.33,23.85,24.309999,292700,24.309999
2012-02-09,24.110001,24.629999,23.98,24.10,390100,24.10
2012-02-08,23.93,24.40,23.77,24.08,1278100,24.08
2012-02-07,23.200001,25.65,23.200001,23.98,1101000,23.98
2012-02-06,24.52,24.93,23.889999,24.389999,417100,24.389999
2012-02-03,24.82,25.49,24.290001,24.76,465000,24.76
2012-02-02,23.860001,24.50,23.780001,24.49,376900,24.49
2012-02-01,23.52,23.84,23.139999,23.790001,492100,23.790001
2012-01-31,23.940001,24.049999,23.07,23.389999,221000,23.389999
2012-01-30,23.82,24.16,23.41,23.77,367300,23.77
2012-01-27,23.40,24.10,23.209999,23.889999,325200,23.889999
2012-01-26,23.73,23.90,23.120001,23.379999,349900,23.379999
2012-01-25,23.700001,23.700001,23.25,23.530001,366900,23.530001
2012-01-24,22.65,23.91,22.51,23.469999,495600,23.469999
2012-01-23,23.02,23.08,22.50,22.66,176200,22.66
2012-01-20,23.219999,23.50,22.73,22.99,407000,22.99
2012-01-19,23.23,23.49,23.059999,23.27,253200,23.27
2012-01-18,23.190001,23.290001,22.93,23.290001,209300,23.290001
2012-01
-17,23.09,23.48,23.01,23.219999,352800,23.219999
2012-01-13,23.24,23.24,22.74,22.85,517700,22.85
2012-01-12,22.65,23.620001,22.59,23.41,372900,23.41
2012-01-11,22.43,22.610001,22.09,22.57,119900,22.57
2012-01-10,21.75,22.639999,21.690001,22.459999,432800,22.459999
2012-01-09,21.67,21.73,21.33,21.559999,377800,21.559999
2012-01-06,22.08,22.08,21.58,21.58,376100,21.58
2012-01-05,22.299999,22.74,22.00,22.09,532700,22.09
2012-01-04,22.459999,22.52,22.030001,22.34,393100,22.34
2012-01-03,21.870001,23.08,21.76,22.389999,473900,22.389999
2011-12-30,21.00,21.610001,21.00,21.50,343700,21.50
2011-12-29,20.57,21.309999,20.33,21.24,407600,21.24
2011-12-28,20.200001,20.690001,19.73,20.48,520800,20.48
2011-12-27,19.969999,20.360001,19.59,20.32,159500,20.32
2011-12-23,19.41,20.08,19.17,20.049999,363900,20.049999
2011-12-22,19.42,19.66,19.25,19.370001,297400,19.370001
2011-12-21,19.719999,19.719999,19.07,19.35,512800,19.35
2011-12-20,19.540001,19.98,19.360001,19.83,431300,19.83
2011-12-19,19.34,19.65,19.139999,19.219999,285500,19.219999
2011-12-16,18.969999,19.52,18.48,19.389999,712500,19.389999
2011-12-15,17.85,19.25,17.85,18.959999,345000,18.959999
2011-12-14,18.469999,19.440001,18.42,18.84,532800,18.84
2011-12-13,18.889999,19.049999,18.450001,18.549999,493200,18.549999
2011-12-12,19.190001,19.32,18.58,18.83,433800,18.83
2011-12-09,19.43,19.82,19.059999,19.43,626800,19.43
2011-12-08,18.83,19.950001,18.73,19.540001,1033200,19.540001
2011-12-07,18.00,19.379999,18.00,19.209999,5075500,19.209999
2011-12-06,17.40,17.84,17.110001,17.690001,386000,17.690001
2011-12-05,17.450001,17.74,16.790001,17.43,367800,17.43
2011-12-02,17.879999,17.950001,17.200001,17.25,215700,17.25
2011-12-01,18.00,18.35,17.139999,17.549999,380700,17.549999
2011-11-30,19.059999,19.059999,17.91,18.129999,1409700,18.129999
2011-11-29,18.780001,18.780001,18.08,18.35,311300,18.35
2011-11-28,18.75,19.049999,18.450001,18.790001,438400,18.790001
2011-11-25,17.889999,18.540001,17.889999,18.309999,89900,18.309999
2011-11-23,19.52,19.52,17.83,17.969999,961300,17.969999
2011-11-22,18.92,20.17,18.92,19.870001,288200,19.870001
2011-11-21,19.639999,19.709999,18.790001,18.889999,325100,18.889999
2011-11-18,20.040001,20.26,19.549999,19.969999,754700,19.969999
2011-11-17,21.049999,21.049999,19.879999,19.99,486800,19.99
2011-11-16,19.91,21.35,19.82,21.08,810600,21.08
2011-11-15,19.75,20.219999,19.43,20.10,274200,20.10
2011-11-14,19.82,19.99,19.549999,19.879999,601600,19.879999
2011-11-11,19.43,19.959999,19.299999,19.809999,325600,19.809999
2011-11-10,21.940001,21.940001,18.93,19.25,262800,19.25
2011-11-09,19.459999,19.459999,18.51,18.559999,308000,18.559999
2011-11-08,20.139999,20.139999,19.41,19.879999,196200,19.879999
2011-11-07,20.629999,20.879999,19.870001,19.940001,357200,19.940001
2011-11-04,20.379999,20.879999,20.32,20.58,336800,20.58
2011-11-03,20.559999,20.99,20.35,20.58,381700,20.58
2011-11-02,20.10,20.48,19.780001,20.27,308700,20.27
2011-11-01,18.74,19.809999,18.74,19.790001,218300,19.790001
2011-10-31,17.969999,20.120001,17.82,19.469999,470200,19.469999
2011-10-28,18.25,19.17,17.43,18.200001,1471400,18.200001
2011-10-27,17.15,17.299999,16.690001,16.93,187800,16.93
2011-10-26,16.799999,16.799999,16.26,16.58,77800,16.58
2011-10-25,16.74,16.83,16.290001,16.549999,139800,16.549999
2011-10-24,16.620001,16.90,16.620001,16.82,178900,16.82
2011-10-21,16.49,16.73,16.379999,16.59,173000,16.59
2011-10-20,16.66,16.66,15.92,16.200001,112900,16.
200001
2011-10-19,16.950001,17.00,16.51,16.610001,55800,16.610001
2011-10-18,16.629999,17.26,16.35,17.00,196300,17.00
2011-10-17,16.85,17.07,16.32,16.57,104700,16.57
2011-10-14,16.74,17.190001,16.60,17.00,312300,17.00
2011-10-13,16.00,16.870001,15.90,16.60,65700,16.60
2011-10-12,16.200001,16.34,15.85,16.110001,134900,16.110001
2011-10-11,15.71,16.43,15.63,16.200001,115200,16.200001
2011-10-10,15.52,16.00,15.38,15.81,124300,15.81
2011-10-07,15.93,16.08,15.12,15.20,76400,15.20
2011-10-06,15.16,15.90,15.12,15.86,130000,15.86
2011-10-05,15.50,15.63,15.05,15.26,103400,15.26
2011-10-04,14.17,15.66,13.78,15.49,160800,15.49
2011-10-03,15.08,15.54,14.31,14.32,366800,14.32
2011-09-30,15.51,15.68,14.70,15.21,2398500,15.21
2011-09-29,16.200001,16.379999,15.14,15.60,165500,15.60
2011-09-28,15.99,16.120001,15.25,15.95,113500,15.95
2011-09-27,16.48,16.48,15.69,16.01,131200,16.01
2011-09-26,16.469999,16.469999,15.78,16.02,145500,16.02
2011-09-23,16.01,16.49,15.71,16.27,70800,16.27
2011-09-22,15.57,16.50,14.99,16.110001,152400,16.110001
2011-09-21,17.41,17.459999,15.76,15.99,127700,15.99
2011-09-20,16.450001,17.60,16.450001,17.27,356900,17.27
2011-09-19,15.98,16.68,15.97,16.440001,96000,16.440001
2011-09-16,16.08,16.370001,15.80,16.280001,115200,16.280001
2011-09-15,15.60,15.99,15.19,15.99,173000,15.99
2011-09-14,15.61,15.92,15.05,15.70,65200,15.70
2011-09-13,15.74,15.82,15.19,15.63,174900,15.63
2011-09-12,15.67,16.01,15.49,15.71,144100,15.71
2011-09-09,15.73,15.86,15.26,15.83,124500,15.83
2011-09-08,17.01,17.01,15.74,15.78,205400,15.78
2011-09-07,16.85,17.15,16.549999,17.00,134200,17.00
2011-09-06,15.64,16.66,15.45,16.59,137400,16.59
2011-09-02,15.96,16.15,15.48,16.00,18900,16.00
2011-09-01,16.610001,16.610001,15.92,16.219999,129200,16.219999
2011-08-31,16.90,17.00,16.379999,16.65,51400,16.65
2011-08-30,16.299999,17.18,16.00,16.83,48700,16.83
2011-08-29,15.84,16.68,15.18,16.25,177800,16.25
2011-08-26,14.55,16.41,14.41,15.61,60700,15.61
2011-08-25,13.94,14.87,13.94,14.55,86400,14.55
2011-08-24,13.91,14.15,13.86,13.99,22700,13.99
2011-08-23,13.88,14.15,13.86,13.98,50500,13.98
2011-08-22,15.20,15.38,13.38,13.97,197800,13.97
2011-08-19,14.82,14.95,14.73,14.85,39600,14.85
2011-08-18,14.90,15.37,14.53,14.94,201000,14.94
2011-08-17,15.39,15.40,15.22,15.38,18700,15.38
2011-08-16,15.46,15.56,15.03,15.40,92400,15.40
2011-08-15,15.43,15.69,15.13,15.67,37200,15.67
2011-08-12,16.129999,16.209999,15.23,15.40,192300,15.40
2011-08-11,16.469999,16.48,15.36,16.00,81400,16.00
2011-08-10,15.57,16.040001,14.88,15.48,358700,15.48
2011-08-09,15.39,16.00,15.01,15.90,217900,15.90
2011-08-08,15.21,15.42,14.61,15.26,256700,15.26
2011-08-05,16.110001,16.27,15.00,15.56,187100,15.56
2011-08-04,16.48,16.48,15.74,15.96,111500,15.96
2011-08-03,17.639999,17.639999,16.58,16.74,192100,16.74
2011-08-02,18.23,18.360001,17.450001,17.67,83700,17.67
2011-08-01,18.530001,18.530001,18.190001,18.290001,58600,18.290001
2011-07-29,18.17,18.32,17.98,18.290001,55100,18.290001
2011-07-28,18.379999,18.76,18.030001,18.389999,64600,18.389999
2011-07-27,18.309999,18.84,18.08,18.440001,99800,18.440001
2011-07-26,18.139999,18.700001,18.139999,18.60,112500,18.60
2011-07-25,18.15,18.309999,18.049999,18.209999,99300,18.209999
2011-07-22,18.040001,18.50,17.940001,18.34,95100,18.34
2011-07-2
1,18.09,18.18,17.82,18.08,118000,18.08
2011-07-20,17.91,18.440001,17.83,17.959999,120300,17.959999
2011-07-19,17.610001,18.129999,17.440001,17.82,193400,17.82
2011-07-18,18.24,18.24,17.129999,17.629999,276600,17.629999
2011-07-15,17.379999,18.889999,17.379999,17.940001,727900,17.940001
2011-07-14,17.139999,17.809999,17.139999,17.370001,145200,17.370001
2011-07-13,16.799999,17.15,16.719999,17.09,55800,17.09
2011-07-12,16.77,17.00,16.34,16.76,90500,16.76
2011-07-11,16.799999,17.25,16.700001,16.940001,84400,16.940001
2011-07-08,17.059999,17.25,16.60,16.639999,71400,16.639999
2011-07-07,17.27,17.66,17.030001,17.209999,92100,17.209999
2011-07-06,17.02,17.450001,16.85,17.16,146000,17.16
2011-07-05,17.33,17.530001,16.68,17.040001,116600,17.040001
2011-07-01,16.48,17.889999,16.459999,17.129999,240500,17.129999
2011-06-30,16.24,17.00,15.66,16.58,170000,16.58
2011-06-29,16.00,16.110001,15.45,16.110001,303400,16.110001
2011-06-28,15.59,16.50,15.44,16.00,197600,16.00
2011-06-27,15.50,15.79,15.36,15.60,288000,15.60
2011-06-24,15.38,15.50,15.21,15.30,262000,15.30
2011-06-23,15.32,15.50,15.00,15.40,246600,15.40
2011-06-22,15.35,15.45,15.12,15.25,303200,15.25
2011-06-21,15.41,15.49,15.02,15.35,1399100,15.35
2011-06-20,15.10,15.52,15.10,15.35,917300,15.35
2011-06-17,14.00,15.34,13.81,15.34,9348200,15.34