Date,Open,High,Low,Close,Volume,Adj Close
2016-08-05,23.139999,23.308001,22.93,23.17,10100,23.17
2016-08-04,23.209999,23.35,23.200001,23.24,1600,23.24
2016-08-03,23.07,23.440001,23.07,23.08,18800,23.08
2016-08-02,23.40,23.40,23.014999,23.25,6200,23.25
2016-08-01,23.40,23.549999,23.40,23.499001,18600,23.499001
2016-07-29,23.059999,23.450001,23.059999,23.450001,7500,23.450001
2016-07-28,23.41,23.41,23.267,23.267,1500,23.267
2016-07-27,23.530001,23.540001,23.337999,23.50,4700,23.50
2016-07-26,23.17,23.52,23.120001,23.50,7000,23.50
2016-07-25,23.381001,23.381001,23.25,23.26,4200,23.26
2016-07-22,23.091,23.49,23.091,23.139999,4300,23.139999
2016-07-21,23.200001,23.200001,23.09,23.125999,8400,23.125999
2016-07-20,22.893999,23.190001,22.893999,23.16,6500,23.16
2016-07-19,22.620001,23.099001,22.620001,23.099001,2200,23.099001
2016-07-18,23.200001,23.25,22.76,22.879999,14000,22.879999
2016-07-15,23.136,23.219999,23.136,23.201,1400,23.201
2016-07-14,22.58,23.15,22.58,23.040001,9200,23.040001
2016-07-13,22.60,22.90,22.50,22.90,10400,22.90
2016-07-12,22.58,22.60,22.504999,22.59,7700,22.59
2016-07-11,22.440001,22.60,22.370001,22.59,6500,22.59
2016-07-08,22.10,22.41,22.10,22.309999,4800,22.309999
2016-07-07,22.17,22.23,22.00,22.10,4100,22.10
2016-07-06,22.26,22.389999,22.26,22.389999,700,22.389999
2016-07-05,22.10,22.24,22.10,22.169001,2600,22.169001
2016-07-01,22.299999,22.299999,22.094999,22.110001,2700,22.110001
2016-06-30,22.129999,22.280001,22.01,22.01,8100,22.01
2016-06-29,22.200001,22.200001,21.99,22.120001,3600,22.120001
2016-06-28,22.190001,22.74,22.15,22.60,25400,22.123001
2016-06-27,22.080999,22.389999,21.892,22.190001,11400,21.721654
2016-06-24,21.75,22.40,21.75,22.40,5900,21.927221
2016-06-23,22.40,22.43,22.26,22.43,2500,21.956589
2016-06-22,22.33,22.40,22.33,22.40,1100,21.927221
2016-06-21,22.66,22.66,22.247999,22.299999,4000,21.829331
2016-06-20,22.41,22.51,22.056,22.280001,9900,21.809755
2016-06-17,22.049999,22.469999,22.040001,22.41,8100,21.93701
2016-06-16,21.799999,21.99,21.799999,21.959999,8100,21.496507
2016-06-15,21.959999,21.959999,21.799999,21.82,1600,21.359463
2016-06-14,21.98,22.011999,21.870001,21.870001,3400,21.408409
2016-06-13,21.969999,22.15,21.969999,21.99,6900,21.525875
2016-06-10,22.040001,22.16,21.99,21.99,5500,21.525875
2016-06-09,21.799999,22.266001,21.799999,22.209999,22400,21.741231
2016-06-08,21.76,21.98,21.719999,21.799999,7100,21.339884
2016-06-07,21.530001,21.969999,21.50,21.76,7000,21.30073
2016-06-06,21.84,22.02,21.66,21.93,9300,21.467142
2016-06-03,21.82,21.99,21.549999,21.76,12700,21.30073
2016-06-02,21.82,21.85,21.700001,21.84,3400,21.379041
2016-06-01,21.950001,21.959999,21.67,21.889999,7200,21.427985
2016-05-31,22.01,22.01,21.709999,21.879999,11900,21.418196
2016-05-27,21.858999,22.030001,21.858999,22.030001,3500,21.565031
2016-05-26,21.50,21.950001,21.405001,21.77,19200,21.310519
2016-05-25,21.26,21.620001,21.26,21.50,21300,21.046217
2016-05-24,21.285,21.440001,21.10,21.440001,6100,20.987484
2016-05-23,21.08,21.450001,21.08,21.448,8700,20.995315
2016-05-20,21.34,21.40,21.02,21.17,19300,20.723182
2016-05-19,21.50,21.549999,21.43,21.440001,3000,20.987484
2016-05-18,21.559999,21.77,21.50,21.591999,10700,21.136274
2016-05-1
7,21.690001,21.73,21.50,21.57,10800,21.114739
2016-05-16,21.41,21.60,21.40,21.50,11400,21.046217
2016-05-13,21.450001,21.50,21.311001,21.389999,28800,20.938538
2016-05-12,21.51,21.58,21.299999,21.469999,7700,21.01685
2016-05-11,21.34,21.75,21.10,21.42,32200,20.967906
2016-05-10,20.785999,21.385,20.60,21.190001,58500,20.74276
2016-05-09,20.049999,20.60,20.049999,20.549999,33900,20.116267
2016-05-06,19.870001,19.959999,19.870001,19.959999,4600,19.53872
2016-05-05,19.725,20.07,19.719999,19.84,7500,19.421253
2016-05-04,19.879999,20.17,19.719999,19.950001,12300,19.528932
2016-05-03,20.049999,20.049999,19.879999,19.885,10200,19.465304
2016-05-02,19.879999,20.07,19.870001,20.003,33800,19.580813
2016-04-29,19.65,19.780001,19.60,19.780001,5200,19.36252
2016-04-28,19.90,19.98,19.49,19.65,41800,19.235263
2016-04-27,20.00,20.059999,19.809999,19.90,36800,19.479987
2016-04-26,19.990999,20.02,19.90,20.02,9600,19.597455
2016-04-25,19.950001,20.00,19.895,19.90,13200,19.479987
2016-04-22,19.851999,19.98,19.85,19.98,5700,19.558298
2016-04-21,19.915001,19.915001,19.889999,19.889999,3000,19.470197
2016-04-20,19.91,19.91,19.879999,19.889999,9200,19.470197
2016-04-19,19.989,19.989,19.90,19.90,4000,19.479987
2016-04-18,19.799999,19.91,19.799999,19.85,1700,19.431043
2016-04-15,19.950001,19.950001,19.84,19.844999,7200,19.426147
2016-04-14,19.950001,20.00,19.90,20.00,7000,19.577876
2016-04-13,19.99,20.049999,19.940001,19.940001,2300,19.519143
2016-04-12,19.83,19.83,19.799999,19.799999,4300,19.382097
2016-04-11,19.790001,19.790001,19.74,19.740999,4900,19.324342
2016-04-08,19.67,19.75,19.60,19.60,9000,19.186319
2016-04-07,19.700001,19.75,19.620001,19.620001,4500,19.205898
2016-04-06,19.813999,19.895,19.780001,19.780001,12100,19.36252
2016-04-05,19.924999,19.950001,19.85,19.85,4900,19.431043
2016-04-04,20.040001,20.08,19.92,20.08,1700,19.656188
2016-04-01,19.75,20.00,19.75,20.00,900,19.577876
2016-03-31,19.83,20.059999,19.83,19.879999,2300,19.460408
2016-03-30,20.059999,20.09,19.75,20.09,5400,19.665977
2016-03-29,20.049999,20.27,20.030001,20.27,10600,19.375246
2016-03-28,20.059999,20.129999,20.059999,20.08,2200,19.193632
2016-03-24,19.997999,19.997999,19.997999,19.997999,500,19.115251
2016-03-23,20.162001,20.162001,19.796,20.00,6100,19.117163
2016-03-22,19.50,20.48,19.49,20.389999,3600,19.489948
2016-03-21,19.299999,19.49,19.299999,19.49,1700,18.629676
2016-03-18,19.414,19.450001,19.280001,19.280001,1200,18.428946
2016-03-17,19.379999,19.40,19.218,19.218,2300,18.369683
2016-03-16,19.07,19.25,19.07,19.25,1500,18.40027
2016-03-15,19.379999,19.379999,19.200001,19.200001,1600,18.352478
2016-03-14,19.43,19.450001,19.129999,19.313,6900,18.460489
2016-03-11,19.200001,19.35,18.809,18.809,7900,17.978736
2016-03-10,18.90,18.92,18.73,18.73,1300,17.903223
2016-03-09,19.00,19.00,19.00,19.00,400,18.161305
2016-03-08,19.200001,19.200001,19.200001,19.200001,000,18.352478
2016-03-07,19.219999,19.219999,19.10,19.200001,900,18.352478
2016-03-04,18.50,18.99,18.50,18.92,2300,18.084837
2016-03-03,18.200001,18.549999,18.200001,18.549999,400,17.731168
2016-03-02,17.889999,18.98,17.889999,18.110001,12700,17.310592
2016-03-01,17.90,18.10,17.90,18.10,1700,17.301033
2016-02-29,17.98,18.23,17.976,17.99,11700,17.195888
2016-02-26,17.35,17.66,17.35,17.66,1700,16.880455
2016-02-25,16.959999,17.200001,16.93,17.200001,1600,16.440761
2016-02-24,17.40,17.40,17.40,17.40,000,16.631932
2016-02-23,17.41,17.41,17.40,17.40,1600,16.631932
2016-02-22,17.559999,17.743999,17.50,17.50,4200,16.727518
2016-02-19,17.75,17.75,17.50,17.50,5300,16.727518
2016-02-18,17.950001,17.950001,17.57,17.59,2200,16.81354
5
2016-02-17,17.93,18.10,17.07,18.10,6500,17.301033
2016-02-16,16.709,17.389999,16.709,17.33,4000,16.565022
2016-02-12,16.200001,16.66,16.059999,16.66,3400,15.924597
2016-02-11,16.121,16.593,15.38,16.10,9700,15.389317
2016-02-10,16.50,16.853001,16.50,16.75,2600,16.010624
2016-02-09,17.51,17.57,16.24,16.24,4000,15.523136
2016-02-08,17.780001,18.136,17.753,17.799999,6300,17.014275
2016-02-05,18.129999,18.139999,18.049999,18.09,4000,17.291474
2016-02-04,18.10,18.10,18.08,18.10,1000,17.301033
2016-02-03,18.32,18.32,18.00,18.00,400,17.205447
2016-02-02,18.25,18.25,18.00,18.18,1400,17.377502
2016-02-01,18.549999,18.549999,18.549999,18.549999,000,17.731168
2016-01-29,18.00,18.785,17.747,18.549999,2200,17.731168
2016-01-28,18.00,18.17,17.51,17.85,1500,17.062069
2016-01-27,17.00,18.02,17.00,17.99,6100,17.195888
2016-01-26,16.40,17.25,16.261,17.25,4600,16.488553
2016-01-25,16.74,16.74,16.219999,16.440001,5500,15.714309
2016-01-22,16.08,16.950001,16.08,16.75,6500,16.010624
2016-01-21,14.74,15.77,14.74,15.77,6700,15.073884
2016-01-20,14.80,14.91,13.75,14.77,24400,14.118026
2016-01-19,15.08,15.656,15.00,15.20,5600,14.529044
2016-01-15,15.48,15.838,14.76,15.35,8100,14.672423
2016-01-14,16.09,16.09,15.01,15.93,53700,15.226821
2016-01-13,16.08,16.17,16.02,16.030001,12200,15.322407
2016-01-12,17.10,17.129999,16.049999,16.309999,38800,15.590046
2016-01-11,17.618999,17.90,17.00,17.040001,9200,16.287824
2016-01-08,18.049999,18.049999,17.841999,17.969999,1400,17.176771
2016-01-07,18.99,19.10,18.059999,18.25,35900,17.444412
2016-01-06,19.42,19.42,19.26,19.26,2600,18.409829
2016-01-05,19.690001,19.690001,19.52,19.559999,4000,18.696585
2016-01-04,19.40,19.40,19.40,19.40,000,18.543648
2015-12-31,18.35,19.450001,18.35,19.40,13400,18.543648
2015-12-30,18.40,18.700001,18.40,18.60,19700,17.778962
2015-12-29,18.950001,19.024,18.51,18.77,8800,17.485514
2015-12-28,18.52,18.75,18.51,18.690001,2200,17.410989
2015-12-24,17.889999,18.549999,17.889999,18.540001,10700,17.271254
2015-12-23,17.41,18.219999,17.41,17.90,12800,16.67505
2015-12-22,16.76,17.26,16.50,17.059999,45500,15.892534
2015-12-21,18.10,18.382,16.559999,17.059999,46600,15.892534
2015-12-18,18.41,18.530001,18.120001,18.48,14600,17.215359
2015-12-17,18.700001,18.719999,18.40,18.60,3200,17.327148
2015-12-16,17.00,18.851999,17.00,18.549999,36500,17.280568
2015-12-15,16.719999,17.18,16.541,16.950001,38100,15.790063
2015-12-14,16.25,16.27,15.50,16.27,17500,15.156597
2015-12-11,17.35,17.60,16.59,16.59,35000,15.454698
2015-12-10,18.254,18.254,17.00,17.139999,27200,15.967059
2015-12-09,17.983,18.280001,17.799999,17.99,19100,16.758891
2015-12-08,19.450001,19.450001,17.917999,17.952,50600,16.723492
2015-12-07,20.549999,20.549999,20.450001,20.450001,700,19.050547
2015-12-04,20.360001,20.549999,20.35,20.549999,3500,19.143703
2015-12-03,20.450001,20.459999,20.35,20.35,8600,18.95739
2015-12-02,20.65,20.65,20.459999,20.469999,6200,19.069177
2015-12-01,20.639,20.639,20.50,20.50,500,19.097125
2015-11-30,20.40,20.60,20.40,20.60,5500,19.190282
2015-11-27,20.25,20.584,20.209999,20.584,2200,19.175376
2015-11-25,20.805,20.805,20.40,20.40,3900,19.003968
2015-11-24,20.639999,20.66,20.546,20.60,7600,19.190282
2015-11-23,21.00,21.049999,20.65,20.68,10000,19.264807
2015-11-20,21.00,21.00,20.74,20.74,5300,19.320
701
2015-11-19,20.99,20.99,20.99,20.99,100,19.553593
2015-11-18,21.299999,21.34,20.870001,20.870001,4100,19.441806
2015-11-17,21.01,21.08,21.00,21.00,6600,19.562909
2015-11-16,21.096001,21.225,21.096001,21.17,5000,19.721275
2015-11-13,21.15,21.15,21.00,21.00,4700,19.562909
2015-11-12,21.51,21.620001,20.860001,21.09,6300,19.64675
2015-11-11,21.32,21.50,21.299999,21.50,1400,20.028692
2015-11-10,21.50,21.50,21.459999,21.50,700,20.028692
2015-11-09,21.49,21.59,21.440001,21.52,4200,20.047324
2015-11-06,21.469999,21.60,21.42,21.60,2100,20.121849
2015-11-05,21.52,21.57,21.52,21.57,500,20.093901
2015-11-04,21.587999,21.587999,21.469999,21.540001,4900,20.065956
2015-11-03,21.370001,21.59,21.299999,21.57,4800,20.093901
2015-11-02,21.50,21.60,21.50,21.50,3100,20.028692
2015-10-30,21.450001,21.49,21.440001,21.49,1500,20.019376
2015-10-29,21.514,21.514,21.50,21.50,3500,20.028692
2015-10-28,21.66,21.67,21.549999,21.60,500,20.121849
2015-10-27,21.73,21.73,21.530001,21.530001,300,20.05664
2015-10-26,21.50,21.83,21.50,21.75,2700,20.261584
2015-10-23,21.24,21.50,21.24,21.50,3000,20.028692
2015-10-22,21.50,21.50,21.299999,21.34,4400,19.879641
2015-10-21,21.33,21.33,21.299999,21.299999,1400,19.842378
2015-10-20,21.35,21.40,21.35,21.370001,1200,19.907589
2015-10-19,21.34,21.50,21.25,21.42,4000,19.954167
2015-10-16,21.10,21.299999,21.10,21.10,3000,19.656066
2015-10-15,21.469999,21.469999,21.25,21.440001,700,19.972799
2015-10-14,21.60,21.700001,21.309999,21.60,5400,20.121849
2015-10-13,21.780001,21.790001,21.479,21.50,3400,20.028692
2015-10-12,21.379999,21.65,21.379999,21.575001,3800,20.09856
2015-10-09,21.01,21.549999,21.00,21.32,9100,19.86101
2015-10-08,21.379999,21.40,21.25,21.25,3000,19.7958
2015-10-07,20.712,21.68,20.712,21.40,6400,19.935535
2015-10-06,21.02,21.049999,20.837999,20.99,4500,19.553593
2015-10-05,20.684,20.879999,20.684,20.799999,4400,19.376594
2015-10-02,20.860001,20.879999,20.66,20.66,11700,19.246176
2015-10-01,21.120001,21.120001,20.719999,20.889999,9300,19.460436
2015-09-30,21.530001,21.530001,21.25,21.440001,2600,19.972799
2015-09-29,21.497,21.882999,21.360001,21.49,3400,20.019376
2015-09-28,22.00,22.10,21.84,22.049999,3200,20.541053
2015-09-25,22.10,22.10,22.10,22.10,200,20.587633
2015-09-24,22.066,22.066,22.066,22.066,100,20.555959
2015-09-23,22.120001,22.120001,21.93,22.02,3800,20.513107
2015-09-22,22.200001,22.200001,22.120001,22.146999,1200,20.631415
2015-09-21,22.10,22.10,22.09,22.10,1800,20.587633
2015-09-18,22.08,22.10,22.066,22.066,500,20.555959
2015-09-17,22.011,22.16,22.01,22.129999,2000,20.615579
2015-09-16,22.17,22.17,22.15,22.15,500,20.63421
2015-09-15,22.313999,22.313999,21.639999,22.16,13500,20.643526
2015-09-14,22.25,22.25,22.059999,22.059999,2200,20.550369
2015-09-11,22.15,22.15,22.059999,22.059999,600,20.550369
2015-09-10,22.299999,22.299999,22.15,22.15,1400,20.63421
2015-09-09,22.110001,22.35,22.110001,22.299999,3500,20.773945
2015-09-08,22.35,22.35,22.25,22.280001,1400,20.755315
2015-09-04,22.450001,22.50,22.27,22.382999,6800,20.851265
2015-09-03,22.450001,22.50,22.450001,22.48,1600,20.941627
2015-09-02,22.51,22.51,22.48,22.48,1900,20.941627
2015-09-01,22.639999,22.639999,22.450001,22.497999,1400,20.958395
2015-08-31,22.25,22.73,22.25,22.73,5500,21.174519
2015-08-28,22.50,22.50,22.50,22.50,000,20.960259
2015-08-27,22.50,22.75,22.49,22.50,2300,20.960259
2015-08-26,22.50,22.50,22.049999,22.50,6600,20.960259
2015-08-25,22.48,22.499001,22.48,22.48,300,20.941627
2015-08-24,22.750999,22.750999,22.450001,22.50,3900,20.960259
2015-08-21,22.90,22.90,22.899,22.899,1000,21.331955
2015-08-20,22.799999,22.85,22.799999,22.85,4300,21.286308
2015-08-19,22.76,22.801001,22.75,22.801001,4300,21.240661
2015-08-18,22.85,22.93,22.629999,22.85,4600,21.286308
2015-08-17,22.49,22.49,22.49,22.49,000,20.950943
2015-08-14,22.40,22.49,22.40,22.49,2900,20.950943
2015-08-13,22.60,22.60,22.60,22.60,700,21.053416
2015-08-12,22.60,22.60,22.52,22.60,2700,21.053416
2015-08-11,22.50,22.
50,22.450001,22.450001,1000,20.913681
2015-08-10,22.60,22.60,22.443001,22.443001,1500,20.907161
2015-08-07,22.597,22.60,22.49,22.49,1800,20.950943
2015-08-06,22.60,22.60,22.60,22.60,800,21.053416
2015-08-05,22.799999,22.799999,22.60,22.60,1400,21.053416
2015-08-04,22.50,22.799999,22.50,22.68,1200,21.127941
2015-08-03,22.799999,22.799999,22.799999,22.799999,900,21.239729
2015-07-31,22.629999,22.719999,22.50,22.719999,8700,21.165203
2015-07-30,22.50,22.870001,22.459999,22.73,5200,21.174519
2015-07-29,22.280001,22.42,22.110001,22.32,5600,20.792577
2015-07-28,22.639999,22.639999,22.10,22.24,14700,20.718051
2015-07-27,22.98,22.98,22.85,22.85,300,21.286308
2015-07-24,23.08,23.08,22.959999,22.959999,500,21.388779
2015-07-23,23.049999,23.076,23.049999,23.076,500,21.496842
2015-07-22,23.040001,23.09,23.040001,23.09,500,21.509884
2015-07-21,23.00,23.190001,22.90,23.190001,1400,21.603041
2015-07-20,23.299999,23.299999,22.92,22.92,2600,21.351517
2015-07-17,23.201,23.40,23.201,23.40,600,21.798669
2015-07-16,23.51,23.549999,23.16,23.280001,4300,21.686882
2015-07-15,23.440001,23.48,23.440001,23.48,400,21.873194
2015-07-14,22.90,23.48,22.82,23.450001,13500,21.845249
2015-07-13,23.00,23.049999,22.950001,22.950001,1400,21.379465
2015-07-10,22.959999,22.959999,22.959999,22.959999,000,21.388779
2015-07-09,23.200001,23.200001,22.959999,22.959999,6400,21.388779
2015-07-08,23.25,23.25,23.25,23.25,000,21.658934
2015-07-07,23.246,23.35,23.246,23.25,1300,21.658934
2015-07-06,23.379999,23.40,23.200001,23.40,1800,21.798669
2015-07-02,23.440001,23.440001,23.40,23.40,200,21.798669
2015-07-01,23.00,23.10,22.90,23.049999,1900,21.47262
2015-06-30,23.040001,23.10,23.040001,23.10,300,21.5192
2015-06-29,23.049999,23.16,22.91,23.16,2500,21.575093
2015-06-26,23.559999,23.559999,23.51,23.559999,1800,21.94772
2015-06-25,23.549999,23.59,23.469999,23.559999,5000,21.94772
2015-06-24,23.612,23.629999,23.450001,23.450001,4800,21.845249
2015-06-23,23.700001,23.700001,23.50,23.60,5900,21.984983
2015-06-22,23.450001,23.52,23.41,23.52,5700,21.910458
2015-06-19,23.700001,23.700001,23.700001,23.700001,000,22.07814
2015-06-18,23.700001,23.700001,23.50,23.700001,2300,22.07814
2015-06-17,23.700001,23.700001,23.450001,23.48,1600,21.873194
2015-06-16,23.450001,23.469999,23.450001,23.450001,1700,21.845249
2015-06-15,23.40,23.450001,23.389999,23.43,1700,21.826617
2015-06-12,23.40,23.40,23.40,23.40,000,21.798669
2015-06-11,23.32,23.450001,23.32,23.40,1000,21.798669
2015-06-10,23.40,23.40,23.34,23.35,1600,21.752092
2015-06-09,23.379999,23.389999,23.181999,23.389999,14200,21.789353
2015-06-08,23.511,23.511,23.511,23.511,300,21.902073
2015-06-05,23.610001,23.610001,23.50,23.51,4000,21.901142
2015-06-04,23.65,23.799999,23.65,23.700001,1100,22.07814
2015-06-03,23.68,23.68,23.67,23.67,500,22.050193
2015-06-02,23.75,23.75,23.66,23.68,1700,22.059509
2015-06-01,23.60,23.891001,23.50,23.82,8700,22.189927
2015-05-29,23.83,23.83,23.65,23.65,3600,22.031561
2015-05-28,23.83,23.83,23.690001,23.709999,1200,22.087454
2015-05-27,23.59,23.690001,23.559999,23.690001,4000,22.068824
2015-05-26,23.629999,23.639999,23.559999,23.59,3100,21.975667
2015-05-22,23.33,23.57,23.299999,23.559999,1700,21.94772
2015-05-21,23.57,23.57,23.23,23.569,5600,21.956105
2015-05-20,23.40,23.639999,23.40,23.639999,1200,22.022245
2015-05-19,23.639999,23.639999,23.639999,23.639999,100,22.022245
2015-05-18,23.27,23.65,23.08,23.639999,2000,22.022245
2015-05-15,23.60,23.870001,23.60,23.65,9100,22.031561
2015-05-14,23.73,23.73,23.605,23.65,3000,22.031561
2015-05-13,23.32,23.75,23.32,23.641001,3700,22.023178
2015-05-12,23.309999,23.60,23.309999,23.496,4500,21.8881
2015-05-11,23.40,23.540001,23.40,23.540001,1900,21.92909
2015-05-08,23.549999,23.690001,23.49,23.49,7900,21.88251
2015-05-07,23.73,23.73,23.50,23.549999,3300,21.938404
2015-05-06,23.51,23.790001,23.51,23.719999,9200,22.09677
2015-05-05,23.59,23.700001,23.50,23.66,4500,22.040877
2015-05-04,23.601,23.629999,23.559999,23.559999,1300,21.94772
2015-05-01,23.643,23.643,23.538,23.610001,1400,21.994299
2015-04-30,23.549999,23.68,23.50,23.646,3300,22.027835
2015-04-29,
23.700001,23.700001,23.577999,23.577999,1600,21.964488
2015-04-28,23.700001,23.700001,23.627001,23.65,1900,22.031561
2015-04-27,23.610001,23.68,23.610001,23.67,2300,22.050193
2015-04-24,23.639999,23.639999,23.540001,23.614,700,21.998025
2015-04-23,23.57,23.57,23.469999,23.469999,2900,21.863879
2015-04-22,23.58,23.667999,23.559999,23.559999,5000,21.94772
2015-04-21,23.60,23.634001,23.559999,23.60,3100,21.984983
2015-04-20,23.66,23.66,23.60,23.629999,3300,22.012929
2015-04-17,23.67,23.722,23.549999,23.59,4800,21.975667
2015-04-16,23.65,23.73,23.610001,23.73,5700,22.106086
2015-04-15,23.60,23.66,23.549999,23.629999,6200,22.012929
2015-04-14,23.52,23.59,23.51,23.59,2600,21.975667
2015-04-13,23.530001,23.59,23.459999,23.549999,13500,21.938404
2015-04-10,23.65,23.690001,23.42,23.549999,16600,21.938404
2015-04-09,23.690001,23.700001,23.60,23.60,4400,21.984983
2015-04-08,23.620001,23.65,23.549999,23.65,9200,22.031561
2015-04-07,23.59,23.646999,23.59,23.646999,1100,22.028766
2015-04-06,23.459999,23.549999,23.459999,23.540001,4700,21.92909
2015-04-02,23.59,23.59,23.48,23.50,8800,21.891826
2015-04-01,23.41,23.68,23.41,23.65,9200,22.031561
2015-03-31,23.389999,23.610001,23.389999,23.610001,2900,21.994299
2015-03-30,23.66,23.82,23.59,23.59,6100,21.975667
2015-03-27,24.15,24.15,24.030001,24.040001,1700,22.394873
2015-03-26,24.17,24.17,24.17,24.17,500,22.515976
2015-03-25,24.16,24.16,24.00,24.00,9400,22.35761
2015-03-24,23.84,24.290001,23.84,24.290001,3900,22.627765
2015-03-23,23.950001,24.15,23.950001,24.15,400,22.497344
2015-03-20,24.18,24.33,24.049999,24.15,4200,22.497344
2015-03-19,24.10,24.10,23.93,24.030001,3400,22.385557
2015-03-18,24.07,24.08,24.07,24.08,700,22.432135
2015-03-17,24.00,24.07,24.00,24.016001,900,22.372516
2015-03-16,23.940001,23.940001,23.940001,23.940001,400,22.301716
2015-03-13,23.809999,23.82,23.809999,23.82,1900,22.189927
2015-03-12,24.030001,24.030001,23.799999,23.82,7200,22.189927
2015-03-11,24.15,24.15,24.02,24.02,5100,22.376242
2015-03-10,24.120001,24.139999,24.120001,24.120001,1600,22.469399
2015-03-09,24.25,24.280001,24.190001,24.190001,7400,22.534608
2015-03-06,24.33,24.33,24.25,24.25,10100,22.590502
2015-03-05,24.450001,24.469999,24.379999,24.379999,1800,22.711604
2015-03-04,24.469999,24.50,24.26,24.450001,3000,22.776816
2015-03-03,24.51,24.639999,24.450001,24.49,6200,22.814077
2015-03-02,24.58,24.629999,24.58,24.58,1900,22.897919
2015-02-27,24.469999,24.58,24.469999,24.58,2000,22.897919
2015-02-26,24.299999,24.440001,24.25,24.440001,9800,22.7675
2015-02-25,24.35,24.40,24.32,24.33,3500,22.665027
2015-02-24,24.24,24.48,24.24,24.35,4100,22.683659
2015-02-23,24.475,24.489,24.42,24.438,2200,22.765636
2015-02-20,24.17,24.469999,24.17,24.450001,2100,22.776816
2015-02-19,24.344999,24.450001,24.25,24.450001,13300,22.776816
2015-02-18,24.391001,24.440001,24.27,24.27,2500,22.609133
2015-02-17,24.450001,24.48,24.200001,24.450001,4900,22.776816
2015-02-13,24.450001,24.450001,24.450001,24.450001,500,22.776816
2015-02-12,24.389999,24.440001,24.309999,24.43,6800,22.758184
2015-02-11,24.389999,24.389999,24.360001,24.389999,3900,22.72092
2015-02-10,24.33,24.389999,24.280001,24.389999,10800,22.72092
2015-02-09,24.34,24.370001,24.329,24.370001,1700,22.70229
2015-02-06,24.34,24.389999,24.33,24.360001,4300,22.692974
2015-02-05,24.17,24.34,24.16,24.34,6000,22.674343
2015-02-04,24.299999,24.309999,24.200001,24.200001,6800,22.543924
2015-02-03,24.440001,24.440001,24.25,24.299,13100,22.636148
2015-02-02,24.35,24.40,24.34,24.360001,4800,22.692974
2015-01-30,24.18,24.360001,24.16,24.35,11100,22.683659
2015-01-29,24.01,24.18,24.01,24.120001,7000,22.469399
2015-01-28,23.99,24.08,23.969999,23.98,5500,22.338978
2015-01-27,23.85,24.219999,23.82,24.02,24600,22.376242
2015-01-26,23.719999,23.889999,23.642,23.85,8700,22.217875
2015-01-23,23.67,23.74,23.67,23.700001,3500,22.07814
2015-01-22,23.540001,23.639999,23.48,23.639999,10100,22.022245
2015-01-21,23.52,23.629999,23.51,23.559999,7000,21.94772
2015-01-20,23.35,23.559999,23.35,23.52,24
300,21.910458
2015-01-16,23.07,23.540001,23.068001,23.33,20300,21.73346
2015-01-15,23.00,23.190001,22.85,22.860001,19600,21.295624
2015-01-14,23.41,23.41,22.959999,22.969999,13000,21.398095
2015-01-13,23.438999,23.49,23.386,23.400999,4800,21.7996
2015-01-12,23.60,23.639999,23.110001,23.48,15600,21.873194
2015-01-09,23.530001,23.76,23.49,23.68,4000,22.059509
2015-01-08,23.299999,23.58,23.290001,23.58,3400,21.966352
2015-01-07,23.16,23.59,23.142,23.211,6100,21.622604
2015-01-06,23.290001,23.290001,22.73,23.049999,38100,21.47262
2015-01-05,23.389999,23.389999,23.23,23.280001,3600,21.686882
2015-01-02,23.27,23.389999,23.26,23.389999,2300,21.789353
2014-12-31,23.209999,23.35,23.030001,23.34,14000,21.742776
2014-12-30,23.209999,23.209999,23.110001,23.15,2200,21.565777
2014-12-29,23.15,23.379999,23.059999,23.200001,7500,21.612357
2014-12-26,23.528999,23.620001,23.50,23.549999,7000,21.494046
2014-12-24,23.50,23.549999,23.48,23.51,4700,21.457539
2014-12-23,23.75,23.75,23.360001,23.48,14200,21.430158
2014-12-22,23.16,23.25,23.10,23.25,5900,21.220238
2014-12-19,22.799999,22.950001,22.780001,22.879999,9600,20.882538
2014-12-18,22.809999,22.91,22.809999,22.83,10600,20.836904
2014-12-17,22.51,22.93,22.51,22.860001,5400,20.864286
2014-12-16,22.969999,22.969999,22.60,22.700001,16400,20.718254
2014-12-15,23.030001,23.049999,23.01,23.01,6800,21.00119
2014-12-12,23.33,23.33,22.969999,23.059999,5400,21.046824
2014-12-11,23.16,23.299999,23.110001,23.200001,8900,21.174603
2014-12-10,23.110001,23.200001,23.110001,23.129999,5700,21.110713
2014-12-09,23.08,23.290001,23.059999,23.25,5600,21.220238
2014-12-08,23.190001,23.40,23.15,23.190001,6800,21.165476
2014-12-05,23.188999,23.198999,23.16,23.16,2800,21.138095
2014-12-04,23.18,23.200001,23.049999,23.059999,10000,21.046824
2014-12-03,23.10,23.190001,23.07,23.183001,6200,21.159087
2014-12-02,23.17,23.190001,23.049999,23.072001,4400,21.057778
2014-12-01,23.030001,23.10,22.98,23.040001,7500,21.028572
2014-11-28,23.17,23.219999,23.040001,23.040001,5100,21.028572
2014-11-26,23.08,23.15,23.059999,23.09,2700,21.074206
2014-11-25,23.25,23.309999,23.040001,23.059999,11300,21.046824
2014-11-24,23.370001,23.370001,23.25,23.280001,17300,21.247619
2014-11-21,23.110001,23.370001,23.110001,23.370001,5800,21.329762
2014-11-20,23.10,23.15,23.01,23.030001,13300,21.019445
2014-11-19,23.040001,23.139999,22.948,23.10,12700,21.083333
2014-11-18,23.200001,23.26,23.030001,23.059999,10400,21.046824
2014-11-17,23.316,23.35,23.24,23.25,8000,21.220238
2014-11-14,23.290001,23.35,23.290001,23.35,2400,21.311508
2014-11-13,23.250999,23.309999,23.25,23.299999,2500,21.265872
2014-11-12,23.32,23.40,23.309999,23.360001,8600,21.320635
2014-11-11,23.40,23.40,23.27,23.299999,8300,21.265872
2014-11-10,23.309,23.42,23.309,23.370001,10200,21.329762
2014-11-07,23.219999,23.379999,23.219999,23.311001,12100,21.275913
2014-11-06,23.35,23.35,23.200001,23.24,10200,21.21111
2014-11-05,23.49,23.49,23.32,23.40,11500,21.357142
2014-11-04,23.57,23.57,23.41,23.50,2600,21.448412
2014-11-03,23.620001,23.620001,23.57,23.577999,2400,21.519602
2014-10-31,23.549999,23.629,23.549999,23.549999,1900,21.494046
2014-10-30,23.49,23.610001,23.440001,23.549999,7600,21.494046
2014-10-29,23.65,23.65,23.440001,23.440001,16800,21.393651
2014-10-28,23.556,23.66,23.549999,23.641001,4200,21.577103
2014-10-27,23.60,23.629999,23.48,23.58,25000,21.521428
2014-10-24,23.809999,23.809999,23.559999,23.639999,25200,21.576189
2014-10-23,23.92,23.92,23.549999,23.83,39900,21.749603
2014-10-22,23.85,23.879999,23.799999,23.879999,2100,21.795237
2014-10-21,23.799999,23.90,23.709999,23.83,10100,21.749603
2014-10-20,23.778999,23.90,23.73,23.799999,5200,21.722221
2014-10-17,23.530001,23.700001,23.530001,23.67,7200,21.603571
2014-10-16,23.23,23.51
,23.190001,23.49,12700,21.439285
2014-10-15,23.549999,23.610001,23.197001,23.200001,13000,21.174603
2014-10-14,23.690001,23.690001,23.58,23.58,9300,21.521428
2014-10-13,23.799999,23.799999,23.620001,23.75,9700,21.676587
2014-10-10,23.860001,23.860001,23.792999,23.84,3700,21.75873
2014-10-09,24.014,24.040001,23.90,23.90,4300,21.813491
2014-10-08,24.07,24.07,23.90,23.93,6100,21.840873
2014-10-07,24.049999,24.08,24.045,24.08,5400,21.977777
2014-10-06,24.09,24.09,24.066,24.066,1500,21.964999
2014-10-03,24.10,24.10,24.08,24.08,4200,21.977777
2014-10-02,24.00,24.10,23.92,24.066,8100,21.964999
2014-10-01,24.01,24.01,23.940001,23.950001,8800,21.859127
2014-09-30,24.01,24.040001,23.959999,24.01,5200,21.913889
2014-09-29,24.00,24.10,23.964001,24.00,6200,21.904761
2014-09-26,24.35,24.450001,24.32,24.450001,6800,21.880118
2014-09-25,24.356001,24.386999,24.32,24.339001,3400,21.780785
2014-09-24,24.35,24.450001,24.299999,24.351,11400,21.791523
2014-09-23,24.33,24.35,24.290001,24.35,3800,21.790629
2014-09-22,24.35,24.35,24.290001,24.35,2600,21.790629
2014-09-19,24.33,24.379999,24.33,24.35,3500,21.790629
2014-09-18,24.440001,24.440001,24.309999,24.360001,6600,21.799578
2014-09-17,24.219999,24.370001,24.190001,24.329,14900,21.771836
2014-09-16,24.139999,24.190001,24.120001,24.188,7600,21.645656
2014-09-15,24.200001,24.23,24.110001,24.18,20200,21.638497
2014-09-12,24.27,24.309999,24.110001,24.26,9900,21.710088
2014-09-11,24.360001,24.75,24.34,24.35,10200,21.790629
2014-09-10,24.618,24.618,24.299999,24.33,13100,21.77273
2014-09-09,24.594999,24.620001,24.549999,24.620001,10400,22.03225
2014-09-08,24.60,24.629999,24.549999,24.60,6100,22.014352
2014-09-05,24.799999,24.83,24.440001,24.530001,32700,21.95171
2014-09-04,24.85,24.85,24.780001,24.788,9900,22.182591
2014-09-03,24.82,24.870001,24.799999,24.85,4400,22.238075
2014-09-02,24.940001,24.940001,24.799999,24.809999,22000,22.202278
2014-08-29,24.76,24.93,24.76,24.867001,12300,22.253288
2014-08-28,24.75,24.75,24.707001,24.73,5700,22.130687
2014-08-27,24.74,24.75,24.74,24.75,500,22.148585
2014-08-26,24.719999,24.73,24.719999,24.73,2500,22.130687
2014-08-25,24.65,24.719999,24.610001,24.719999,12800,22.121738
2014-08-22,24.639999,24.639999,24.559999,24.629999,2500,22.041197
2014-08-21,24.561001,24.68,24.561001,24.68,7400,22.085943
2014-08-20,24.582001,24.66,24.549999,24.549999,8700,21.969606
2014-08-19,24.48,24.629999,24.48,24.549999,14100,21.969606
2014-08-18,24.389999,24.48,24.360001,24.469999,16200,21.898015
2014-08-15,24.370001,24.379999,24.17,24.34,14900,21.78168
2014-08-14,24.309999,24.370001,24.271999,24.360001,11800,21.799578
2014-08-13,24.120001,24.290001,24.059999,24.280001,19200,21.727987
2014-08-12,24.200001,24.26,24.02,24.049999,79900,21.52216
2014-08-11,24.341999,24.389999,24.18,24.190001,64400,21.647446
2014-08-08,24.299999,24.35,24.27,24.290001,26000,21.736936
2014-08-07,24.49,24.49,24.280001,24.299999,27000,21.745883
2014-08-06,24.450001,24.49,24.450001,24.489,42200,21.915019
2014-08-05,24.532,24.549999,24.41,24.448,15200,21.878328
2014-08-04,24.690001,24.690001,24.549999,24.561001,6800,21.979451
2014-08-01,24.549999,24.65,24.50,24.65,4300,22.059096
2014-07-31,24.809999,24.809999,24.559999,24.59,7100,22.005403
2014-07-30,24.91,24.93,24.799999,24.809999,5500,22.202278
2014-07-29,24.938999,24.938999,24.809999,24.827,3100,22.217492
2014-07-28,24.870001,24.950001,24.860001,24.870001,3100,22.255973
2014-07-25,24.860001,24.860001,24.841999,24.860001,1600,22.247024
2014-07-24,24.85,25.00,24.85,24.90,5800,22.282819
2014-07-23,24.90,24.99,24.90,24.98,4000,22.35441
2014-07-22,24.879999,24.99,24.860001,24.98,16400,22.35441
2014-07-21,24.82,24.90,24.82,24.879999,3200,22.264921
2014-07-18,24.889999,24.90,24.
799999,24.90,4500,22.282819
2014-07-17,24.879999,24.90,24.73,24.799999,2600,22.193329
2014-07-16,24.85,24.879999,24.719999,24.870001,2800,22.255973
2014-07-15,24.90,24.90,24.65,24.799999,7100,22.193329
2014-07-14,24.940001,24.950001,24.82,24.889999,6000,22.27387
2014-07-11,24.950001,24.950001,24.719999,24.860001,8200,22.247024
2014-07-10,24.85,24.929001,24.67,24.879999,6500,22.264921
2014-07-09,24.90,24.90,24.85,24.879999,4600,22.264921
2014-07-08,24.950001,24.950001,24.85,24.889999,9000,22.27387
2014-07-07,24.82,24.98,24.82,24.950001,19800,22.327564
2014-07-03,24.799999,24.799999,24.75,24.799999,8300,22.193329
2014-07-02,24.75,24.83,24.75,24.83,7900,22.220177
2014-07-01,24.799999,24.83,24.799999,24.820999,5000,22.212122
2014-06-30,24.809999,24.83,24.780001,24.780001,12400,22.175433
2014-06-27,24.780001,24.82,24.778999,24.799999,18100,22.193329
2014-06-26,25.110001,25.15,25.110001,25.139999,11800,22.066255
2014-06-25,25.15,25.200001,25.139999,25.15,25100,22.075032
2014-06-24,25.049999,25.24,25.049999,25.15,31500,22.075032
2014-06-23,24.99,25.15,24.99,25.15,12000,22.075032
2014-06-20,25.059999,25.059999,25.00,25.01,16300,21.95215
2014-06-19,24.950001,25.01,24.950001,24.959999,6400,21.908262
2014-06-18,24.940001,24.959999,24.91,24.91,10400,21.864376
2014-06-17,24.959999,25.030001,24.90,24.91,13600,21.864376
2014-06-16,25.08,25.08,24.950001,24.950001,36300,21.899486
2014-06-13,25.16,25.190001,25.02,25.08,1400,22.013591
2014-06-12,25.10,25.198999,25.00,25.01,13300,21.95215
2014-06-11,25.17,25.17,25.049999,25.079,12100,22.012714
2014-06-10,25.27,25.27,25.16,25.16,4000,22.08381
2014-06-09,25.049999,25.50,25.049999,25.26,8000,22.171584
2014-06-06,25.27,25.299999,25.117001,25.299999,24700,22.206692
2014-06-05,24.93,25.02,24.93,25.02,9400,21.960928
2014-06-04,24.886,24.950001,24.84,24.91,29100,21.864376
2014-06-03,24.959999,24.959999,24.85,24.889999,13900,21.846821
2014-06-02,24.950001,24.99,24.90,24.99,4200,21.934595
2014-05-30,24.90,25.01,24.780001,25.01,13600,21.95215
2014-05-29,24.889999,25.049999,24.860001,24.950001,13600,21.899486
2014-05-28,24.90,24.950001,24.879999,24.940001,12300,21.890709
2014-05-27,24.90,24.969999,24.90,24.950001,3300,21.899486
2014-05-23,24.948999,24.948999,24.90,24.90,2800,21.855599
2014-05-22,24.948,24.950001,24.919001,24.922001,2900,21.87491
2014-05-21,24.870001,24.90,24.870001,24.90,39400,21.855599
2014-05-20,24.909,24.91,24.860001,24.879999,6500,21.838044
2014-05-19,24.860001,24.938999,24.860001,24.92,5400,21.873154
2014-05-16,24.790001,24.950001,24.790001,24.858999,4600,21.819611
2014-05-15,24.799999,24.84,24.799999,24.833,6100,21.796791
2014-05-14,24.84,24.860001,24.818001,24.82,9500,21.78538
2014-05-13,24.85,24.860001,24.799999,24.809999,20700,21.776602
2014-05-12,24.83,24.860001,24.82,24.85,12300,21.811713
2014-05-09,24.84,24.860001,24.809999,24.82,5000,21.78538
2014-05-08,24.860001,24.870001,24.809999,24.832001,8800,21.795914
2014-05-07,24.870001,24.879999,24.790001,24.802,22600,21.769581
2014-05-06,24.889999,24.940001,24.82,24.84,20700,21.802935
2014-05-05,24.93,25.200001,24.860001,24.879999,35900,21.838044
2014-05-02,24.92,24.950001,24.870001,24.879999,20100,21.838044
2014-05-01,24.93,24.93,24.75,24.860001,15800,21.82049
2014-04-30,24.969999,24.969999,24.879999,24.879999,22900,21.838044
2014-04-29,24.940001,24.959999,24.879999,24.884001,15900,21.841556
2014-04-28,24.98,24.98,24.879999,24.879999,22200,21.838044
2014-04-25,24.974001,25.00,24.919001,24.92,41300,21.873154
2014-04-24,24.98,24.99,24.959999,24.98,33500,21.925817
2014-04-23,25.00,25.00,24.92,24.98,106800,21.925817
2014-04-22,25.00,25.00,24.959999,25.00,59800,21.943372
2014-04-21,24.92,25.01,24.92,24.98,74200,21.925817
2014-04-17,24.99,25.00,24.75,24.92,52900,21.873154