Date,Open,High,Low,Close,Volume,Adj Close
2016-08-05,12.91,12.91,12.18,12.25,4426900,12.25
2016-08-04,15.19,15.19,12.80,12.91,5613400,12.91
2016-08-03,14.63,15.96,14.36,15.83,893700,15.83
2016-08-02,14.30,14.94,13.66,14.42,1317400,14.42
2016-08-01,13.71,13.79,13.08,13.48,846500,13.48
2016-07-29,14.00,14.00,13.24,13.77,493400,13.77
2016-07-28,14.44,14.57,13.91,13.97,510800,13.97
2016-07-27,14.68,15.06,14.38,14.48,415200,14.48
2016-07-26,15.04,15.18,14.48,14.78,543400,14.78
2016-07-25,14.47,15.14,14.45,15.08,467700,15.08
2016-07-22,15.18,15.39,15.00,15.19,240000,15.19
2016-07-21,15.04,15.54,14.99,15.25,279800,15.25
2016-07-20,14.74,15.25,14.67,15.01,220300,15.01
2016-07-19,14.96,15.22,14.82,14.94,299900,14.94
2016-07-18,14.74,15.34,14.69,15.16,476900,15.16
2016-07-15,15.04,15.04,14.59,14.85,229000,14.85
2016-07-14,14.95,15.39,14.92,14.97,486200,14.97
2016-07-13,14.57,14.85,14.46,14.81,487300,14.81
2016-07-12,14.36,14.80,14.25,14.64,462500,14.64
2016-07-11,13.70,14.24,13.52,14.17,410000,14.17
2016-07-08,13.31,13.84,13.31,13.60,522600,13.60
2016-07-07,13.15,13.53,12.93,13.19,476200,13.19
2016-07-06,12.74,13.43,12.50,13.13,331300,13.13
2016-07-05,13.90,13.91,12.66,12.96,540300,12.96
2016-07-01,13.48,14.02,13.48,14.01,469900,14.01
2016-06-30,12.99,13.62,12.80,13.59,578600,13.59
2016-06-29,12.37,13.15,12.37,12.94,431500,12.94
2016-06-28,12.14,12.42,12.03,12.42,508100,12.42
2016-06-27,12.85,12.85,11.76,11.98,569600,11.98
2016-06-24,13.15,13.29,12.90,13.07,1360600,13.07
2016-06-23,13.42,13.76,13.27,13.70,543900,13.70
2016-06-22,13.12,13.27,12.97,13.25,407100,13.25
2016-06-21,13.21,13.22,12.66,13.02,304700,13.02
2016-06-20,12.87,13.34,12.87,13.24,452700,13.24
2016-06-17,12.46,13.14,12.43,12.75,505900,12.75
2016-06-16,12.32,12.43,11.94,12.39,460100,12.39
2016-06-15,12.63,12.77,12.37,12.39,321400,12.39
2016-06-14,12.28,12.61,12.04,12.57,579300,12.57
2016-06-13,12.91,13.18,12.33,12.35,470000,12.28
2016-06-10,13.22,13.26,12.71,12.91,386600,12.836825
2016-06-09,13.45,13.48,13.01,13.35,334500,13.274332
2016-06-08,13.78,13.91,13.41,13.60,337500,13.522915
2016-06-07,13.76,13.91,13.56,13.66,353900,13.582574
2016-06-06,13.40,13.87,13.37,13.73,496800,13.652177
2016-06-03,13.34,13.80,13.31,13.34,390100,13.264388
2016-06-02,12.88,13.35,12.59,13.25,714000,13.174898
2016-06-01,12.98,13.05,12.44,12.97,466300,12.896486
2016-05-31,13.00,13.13,12.72,12.96,664900,12.886542
2016-05-27,12.85,13.04,12.68,12.85,276500,12.777166
2016-05-26,13.11,13.21,12.78,12.87,446000,12.797052
2016-05-25,12.91,13.11,12.82,12.95,381500,12.876599
2016-05-24,13.14,13.25,12.82,12.86,543000,12.787109
2016-05-23,13.15,13.32,12.79,12.87,467400,12.797052
2016-05-20,12.87,13.28,12.73,13.24,405500,13.164955
2016-05-19,12.66,13.15,12.66,12.80,382100,12.
727449
2016-05-18,13.08,13.37,12.82,12.84,297300,12.767222
2016-05-17,13.54,13.78,13.06,13.21,365200,13.135125
2016-05-16,13.21,13.84,13.09,13.53,332200,13.453311
2016-05-13,13.42,13.64,12.98,13.04,534600,12.966089
2016-05-12,13.92,14.16,13.01,13.47,448500,13.393652
2016-05-11,13.78,14.31,13.55,13.83,502800,13.751611
2016-05-10,13.37,13.88,13.28,13.75,741800,13.672064
2016-05-09,14.26,14.26,13.21,13.24,693200,13.164955
2016-05-06,13.54,14.90,13.54,14.40,669800,14.31838
2016-05-05,13.58,14.02,13.31,13.57,1215900,13.493084
2016-05-04,13.65,14.21,13.18,13.20,1578700,13.125182
2016-05-03,10.85,13.93,10.74,13.73,3254500,13.652177
2016-05-02,10.25,10.52,9.94,10.19,494600,10.132242
2016-04-29,10.62,10.78,10.14,10.25,424000,10.191903
2016-04-28,10.69,10.89,10.41,10.53,653000,10.470315
2016-04-27,10.79,11.26,10.64,10.67,487800,10.609522
2016-04-26,10.50,10.94,10.28,10.83,431900,10.768615
2016-04-25,11.36,11.36,9.59,10.48,1677600,10.420598
2016-04-22,11.54,11.91,11.44,11.73,593400,11.663513
2016-04-21,11.38,11.70,11.19,11.48,352500,11.41493
2016-04-20,11.50,11.73,11.03,11.38,479300,11.315498
2016-04-19,11.15,11.79,11.15,11.61,583300,11.544194
2016-04-18,10.97,11.34,10.84,11.09,223500,11.027142
2016-04-15,10.93,11.24,10.82,11.10,316600,11.037085
2016-04-14,10.99,11.09,10.86,10.99,266400,10.927708
2016-04-13,10.97,11.29,10.84,10.97,457500,10.907822
2016-04-12,10.00,11.23,9.95,10.92,669100,10.858105
2016-04-11,9.53,10.17,9.48,9.99,452000,9.933376
2016-04-08,9.51,9.66,9.40,9.46,314200,9.40638
2016-04-07,9.44,9.65,9.28,9.40,223900,9.34672
2016-04-06,9.66,9.70,9.30,9.50,387600,9.446154
2016-04-05,9.63,9.76,9.44,9.64,437200,9.58536
2016-04-04,10.02,10.24,9.66,9.73,433300,9.674849
2016-04-01,9.34,10.00,9.26,9.98,529500,9.923432
2016-03-31,9.80,9.95,9.34,9.50,474200,9.446154
2016-03-30,9.56,9.83,9.42,9.79,420600,9.73451
2016-03-29,9.22,9.62,9.06,9.43,493600,9.376551
2016-03-28,9.55,9.73,9.16,9.34,223600,9.287061
2016-03-24,8.96,9.59,8.65,9.56,313300,9.505814
2016-03-23,9.52,9.52,8.97,9.11,421800,9.058364
2016-03-22,9.42,9.66,9.41,9.58,194100,9.5257
2016-03-21,9.79,9.98,9.32,9.53,422100,9.475983
2016-03-18,9.74,9.87,9.37,9.84,901800,9.784227
2016-03-17,8.84,9.62,8.80,9.48,485100,9.426266
2016-03-16,8.89,9.15,8.75,8.83,526400,8.779951
2016-03-15,8.75,8.98,8.62,8.85,371000,8.799838
2016-03-14,8.91,9.09,8.79,8.94,477000,8.819724
2016-03-11,8.98,9.20,8.72,8.98,463500,8.859186
2016-03-10,8.75,9.06,8.49,9.01,471500,8.888783
2016-03-09,8.76,8.93,8.48,8.81,375900,8.691474
2016-03-08,8.31,8.80,8.12,8.65,771800,8.533626
2016-03-07,8.41,8.81,8.11,8.42,995900,8.306721
2016-03-04,8.13,8.60,7.97,8.41,679200,8.296855
2016-03-03,7.78,8.10,7.77,8.08,505200,7.971295
2016-03-02,7.09,7.87,7.04,7.76,741100,7.6556
2016-03-01,7.
55,7.65,6.83,7.09,755300,6.994614
2016-02-29,7.06,7.57,6.96,7.47,752100,7.369501
2016-02-26,7.05,7.27,6.91,7.05,518100,6.955152
2016-02-25,7.04,7.08,6.66,6.98,634600,6.886094
2016-02-24,6.64,7.16,6.53,7.01,608700,6.91569
2016-02-23,6.88,7.08,6.69,6.81,475000,6.718381
2016-02-22,7.00,7.23,6.64,7.02,863400,6.925556
2016-02-19,6.87,6.91,6.50,6.89,529800,6.797305
2016-02-18,6.47,7.00,6.26,6.91,462900,6.817035
2016-02-17,6.58,6.83,6.45,6.46,841100,6.37309
2016-02-16,6.52,6.68,6.27,6.50,758900,6.412552
2016-02-12,6.16,6.65,6.08,6.45,477100,6.363224
2016-02-11,6.40,6.40,5.88,6.00,509300,5.919278
2016-02-10,6.47,6.83,6.37,6.56,489600,6.471744
2016-02-09,6.74,6.93,6.36,6.43,494400,6.343493
2016-02-08,6.72,7.24,6.64,6.91,579100,6.817035
2016-02-05,6.82,7.32,6.71,6.84,625500,6.747978
2016-02-04,7.03,7.92,6.84,6.93,770900,6.836766
2016-02-03,6.90,7.22,5.89,7.15,2465000,7.053807
2016-02-02,7.54,7.54,6.60,6.97,1133600,6.876228
2016-02-01,6.96,7.28,6.51,7.17,896100,7.073538
2016-01-29,7.05,7.36,6.83,7.00,770400,6.905825
2016-01-28,6.75,7.34,6.60,7.00,1412300,6.905825
2016-01-27,7.03,7.04,6.46,6.54,706300,6.452013
2016-01-26,7.08,7.19,6.89,7.04,688000,6.945287
2016-01-25,7.31,7.47,6.67,6.90,444900,6.80717
2016-01-22,7.95,8.18,7.28,7.42,685100,7.320174
2016-01-21,7.22,7.86,7.20,7.71,410800,7.606273
2016-01-20,6.82,7.34,6.54,7.27,485300,7.172192
2016-01-19,8.01,8.10,6.83,7.04,489600,6.945287
2016-01-15,7.69,7.94,7.44,7.93,398300,7.823313
2016-01-14,7.77,8.05,7.60,7.97,425800,7.862775
2016-01-13,7.84,8.19,7.55,7.59,570000,7.487887
2016-01-12,8.50,8.69,7.80,7.84,573500,7.734524
2016-01-11,8.73,8.99,8.32,8.35,807700,8.237663
2016-01-08,8.31,8.67,8.15,8.45,599900,8.336317
2016-01-07,8.65,8.68,8.25,8.26,456400,8.148873
2016-01-06,8.80,8.98,8.67,8.75,594200,8.632281
2016-01-05,9.59,9.59,8.95,8.99,573300,8.869052
2016-01-04,9.53,9.67,9.20,9.52,574200,9.391922
2015-12-31,9.63,9.93,9.61,9.79,312900,9.658289
2015-12-30,9.86,9.97,9.63,9.66,291900,9.530038
2015-12-29,9.50,10.00,9.35,9.88,561600,9.747079
2015-12-28,10.07,10.12,9.09,9.44,434200,9.312998
2015-12-24,9.83,10.20,9.77,10.15,198000,10.013446
2015-12-23,9.63,9.96,9.37,9.90,519300,9.766809
2015-12-22,8.90,9.58,8.84,9.54,539000,9.411653
2015-12-21,9.17,9.29,8.77,8.86,595800,8.740801
2015-12-18,9.47,9.66,9.00,9.11,854400,8.987437
2015-12-17,9.73,9.87,9.41,9.52,427300,9.391922
2015-12-16,9.50,9.79,9.50,9.70,443800,9.5695
2015-12-15,9.35,9.50,9.23,9.49,388400,9.362325
2015-12-14,9.07,9.50,8.97,9.34,391400,9.145285
2015-12-11,9.50,9.50,9.02,9.14,433000,8.949455
2015-12-10,9.52,9.76,9.47,9.62,301500,9.419448
2015-12-09,9.63,9.92,9.38,9.52,378600,9.321533
2015-12-08,9.73,10.10,9.38,9.51,589300,9.311741
2015-12-07,10.58,10.67,9.64,9.84,778200,9.634861
2015-12-04,10.70,11.
05,10.14,10.58,1526000,10.359434
2015-12-03,11.84,12.14,11.70,11.85,536700,11.602958
2015-12-02,11.73,11.87,11.36,11.84,530800,11.593166
2015-12-01,12.52,13.01,11.34,11.91,1088000,11.661707
2015-11-30,10.71,11.81,10.68,11.21,694500,10.9763
2015-11-27,11.29,11.41,10.63,10.65,384000,10.427974
2015-11-25,11.64,11.74,11.13,11.49,824800,11.250463
2015-11-24,10.73,11.72,10.70,11.71,695200,11.465877
2015-11-23,10.59,11.24,10.52,10.70,598300,10.476932
2015-11-20,10.65,10.79,10.40,10.62,519800,10.3986
2015-11-19,10.31,10.68,10.29,10.57,453800,10.349642
2015-11-18,10.11,10.40,10.08,10.38,541300,10.163604
2015-11-17,9.95,10.13,9.63,10.02,660000,9.811109
2015-11-16,9.83,10.16,9.71,9.95,683800,9.742568
2015-11-13,8.98,9.88,8.97,9.79,700800,9.585904
2015-11-12,9.32,9.34,8.91,8.96,550600,8.773207
2015-11-11,9.63,9.66,9.13,9.43,617500,9.233409
2015-11-10,9.88,9.93,9.45,9.62,357300,9.419448
2015-11-09,10.35,10.42,9.75,9.88,335700,9.674027
2015-11-06,9.80,10.40,9.65,10.35,431200,10.134229
2015-11-05,10.07,10.20,9.64,9.84,454000,9.634861
2015-11-04,10.13,10.35,9.96,10.10,407000,9.889441
2015-11-03,9.99,10.41,9.99,10.14,652100,9.928607
2015-11-02,9.20,10.15,9.07,9.99,757500,9.781734
2015-10-30,9.71,9.71,8.99,9.22,1572200,9.027787
2015-10-29,9.04,10.73,8.97,10.00,3624800,9.791526
2015-10-28,7.72,8.14,7.65,7.98,659700,7.813637
2015-10-27,7.62,7.96,7.50,7.72,690300,7.559058
2015-10-26,7.83,7.89,7.54,7.67,395400,7.5101
2015-10-23,7.46,8.08,7.46,7.87,641200,7.705931
2015-10-22,8.05,8.13,7.46,7.50,1241600,7.343644
2015-10-21,8.26,8.28,7.83,7.97,591600,7.803846
2015-10-20,7.87,8.27,7.77,8.25,635600,8.078009
2015-10-19,8.15,8.20,7.54,7.92,660100,7.754888
2015-10-16,8.03,8.25,7.94,8.24,478300,8.068217
2015-10-15,7.81,8.09,7.67,8.01,487000,7.843012
2015-10-14,7.77,7.91,7.68,7.83,428700,7.666764
2015-10-13,7.56,7.84,7.49,7.73,426600,7.568849
2015-10-12,7.92,7.95,7.26,7.67,669400,7.5101
2015-10-09,7.83,8.13,7.77,7.91,471200,7.745097
2015-10-08,7.54,7.90,7.52,7.80,510100,7.63739
2015-10-07,7.52,7.81,7.35,7.54,670500,7.38281
2015-10-06,7.38,7.72,7.25,7.45,773800,7.294686
2015-10-05,7.00,7.41,6.77,7.40,890000,7.245729
2015-10-02,6.43,6.98,6.30,6.93,666500,6.785527
2015-10-01,6.18,6.62,6.13,6.48,810400,6.344909
2015-09-30,6.19,6.28,5.95,6.12,601200,5.992414
2015-09-29,6.41,6.45,6.07,6.14,722700,6.011997
2015-09-28,6.48,6.49,6.31,6.40,511000,6.266576
2015-09-25,6.66,6.76,6.38,6.51,1239600,6.374283
2015-09-24,6.31,6.88,6.29,6.64,1033800,6.501573
2015-09-23,6.15,6.47,6.14,6.40,835600,6.266576
2015-09-22,6.04,6.13,5.90,6.05,589900,5.923873
2015-09-21,6.04,6.27,5.98,6.10,444400,5.972831
2015-09-18,6.17,6.20,5.95,6.04,697700,5.914081
2015-09-17,6.34,6.46,6.23,6.28,483500,6.149078
2015-09-16,6.26,6.43,6.18,6.36,508000,6.22741
2015-09-15,
5.96,6.30,5.95,6.27,512300,6.139287
2015-09-14,6.22,6.31,5.92,6.01,785400,5.884707
2015-09-11,6.47,6.65,6.25,6.36,686400,6.15887
2015-09-10,6.60,6.67,6.32,6.66,984300,6.449382
2015-09-09,6.69,6.96,6.44,6.62,811500,6.410647
2015-09-08,7.05,7.05,6.54,6.62,1114500,6.410647
2015-09-04,6.70,7.11,6.42,6.97,1394500,6.749579
2015-09-03,6.08,6.59,6.08,6.42,947400,6.216972
2015-09-02,6.29,6.32,5.75,6.04,1302800,5.848989
2015-09-01,6.63,6.77,6.22,6.23,1233800,6.032981
2015-08-31,7.00,7.02,6.71,6.82,704500,6.604323
2015-08-28,6.60,7.15,6.53,7.08,1114900,6.8561
2015-08-27,7.05,7.15,6.35,6.53,1448600,6.323494
2015-08-26,6.28,7.06,6.16,6.87,2101200,6.652741
2015-08-25,7.12,7.28,6.15,6.16,2169300,5.965194
2015-08-24,7.09,7.78,6.85,6.90,2391300,6.681793
2015-08-21,6.50,7.44,6.49,7.29,2720100,7.059459
2015-08-20,7.74,7.85,6.49,6.56,5815500,6.352545
2015-08-19,13.02,13.06,6.00,7.62,18114500,7.379023
2015-08-18,13.82,13.82,13.47,13.63,262400,13.198961
2015-08-17,13.84,14.18,13.77,13.84,433700,13.40232
2015-08-14,13.69,13.99,13.69,13.97,376500,13.528209
2015-08-13,13.85,13.90,13.60,13.72,292900,13.286115
2015-08-12,13.52,14.09,13.52,13.81,560900,13.373269
2015-08-11,13.57,13.91,13.38,13.76,623100,13.32485
2015-08-10,12.94,13.79,12.77,13.72,678500,13.286115
2015-08-07,13.19,13.39,12.78,12.89,668200,12.482364
2015-08-06,12.50,13.28,12.37,13.23,1051000,12.811611
2015-08-05,12.70,13.06,12.26,12.50,1226300,12.104697
2015-08-04,12.68,12.91,12.52,12.65,1002400,12.249953
2015-08-03,14.03,14.14,12.62,12.63,970100,12.230586
2015-07-31,13.51,14.08,13.21,14.05,1667700,13.605679
2015-07-30,14.87,15.00,12.81,13.27,2199600,12.850347
2015-07-29,11.98,12.38,11.74,12.18,786500,11.794817
2015-07-28,11.80,12.10,11.41,12.00,498100,11.620509
2015-07-27,11.53,12.03,11.52,11.79,355100,11.41715
2015-07-24,11.88,11.97,11.44,11.63,443400,11.26221
2015-07-23,12.14,12.20,11.80,11.90,318900,11.523671
2015-07-22,12.63,12.63,12.04,12.12,352200,11.736714
2015-07-21,12.97,13.06,12.59,12.67,345200,12.269321
2015-07-20,12.76,13.16,12.59,13.00,522200,12.588885
2015-07-17,13.07,13.08,12.75,12.76,476900,12.356475
2015-07-16,13.39,13.52,13.08,13.10,514900,12.685723
2015-07-15,13.68,13.78,13.47,13.55,355000,13.121491
2015-07-14,13.56,14.09,13.56,13.68,466400,13.24738
2015-07-13,13.45,13.79,13.37,13.54,462000,13.111808
2015-07-10,13.89,14.05,13.32,13.43,376000,13.005287
2015-07-09,14.18,14.31,13.75,13.80,618100,13.363585
2015-07-08,14.72,14.77,14.05,14.07,552800,13.625046
2015-07-07,14.79,15.00,14.38,14.80,460900,14.331961
2015-07-06,14.88,14.96,14.41,14.83,521900,14.361012
2015-07-02,15.00,15.51,14.77,15.04,526100,14.564371
2015-07-01,16.23,16.35,14.93,14.95,854500,14.477217
2015-06-30,16.25,16.389999,16.200001,16.26,492100,15.74579
2015-06-29,16.35,16.360001,16.059999,16.209999,523100,15.69737
2015-06-26,16
.02,16.559999,15.85,16.42,3195400,15.90073
2015-06-25,16.120001,16.17,15.75,16.059999,558600,15.552114
2015-06-24,15.89,16.15,15.77,16.09,426800,15.581166
2015-06-23,16.00,16.190001,15.59,15.96,509300,15.455277
2015-06-22,16.120001,16.25,15.83,16.02,368800,15.51338
2015-06-19,16.24,16.389999,16.01,16.15,327600,15.639268
2015-06-18,16.610001,16.65,16.129999,16.16,251500,15.648952
2015-06-17,16.700001,16.91,16.440001,16.639999,265500,16.113772
2015-06-16,16.77,16.790001,16.49,16.700001,227600,16.171876
2015-06-15,17.129999,17.129999,16.799999,16.860001,219300,16.326816
2015-06-12,16.940001,17.290001,16.940001,17.219999,219800,16.67543
2015-06-11,17.299999,17.360001,16.940001,17.09,674300,16.481755
2015-06-10,17.290001,17.389999,16.48,17.27,621300,16.655349
2015-06-09,17.32,17.610001,17.129999,17.309999,143300,16.693924
2015-06-08,17.40,17.50,17.120001,17.379999,286700,16.761433
2015-06-05,17.290001,17.700001,17.139999,17.469999,383300,16.84823
2015-06-04,17.10,17.530001,16.700001,17.40,471100,16.780721
2015-06-03,17.120001,17.27,17.02,17.18,207800,16.568552
2015-06-02,16.860001,17.190001,16.76,17.10,376300,16.491399
2015-06-01,16.50,17.02,16.50,16.889999,399000,16.288872
2015-05-29,16.27,16.73,16.190001,16.49,358600,15.903109
2015-05-28,16.10,16.360001,16.10,16.27,226900,15.69094
2015-05-27,16.469999,16.469999,16.00,16.08,267400,15.507701
2015-05-26,17.030001,17.059999,16.42,16.469999,242200,15.88382
2015-05-22,17.059999,17.200001,16.870001,17.15,267000,16.539619
2015-05-21,16.65,17.10,16.65,17.040001,232300,16.433535
2015-05-20,16.59,16.809999,16.52,16.68,286300,16.086347
2015-05-19,16.73,16.870001,16.440001,16.530001,345100,15.941686
2015-05-18,16.610001,16.879999,16.530001,16.74,321300,16.144211
2015-05-15,16.60,16.75,16.25,16.639999,247400,16.04777
2015-05-14,16.74,16.870001,16.549999,16.66,171500,16.067059
2015-05-13,16.559999,16.870001,16.50,16.719999,143400,16.124923
2015-05-12,16.870001,16.91,16.360001,16.58,296700,15.989906
2015-05-11,17.16,17.280001,16.90,16.92,275200,16.317805
2015-05-08,17.26,17.66,16.780001,17.25,464000,16.63606
2015-05-07,19.120001,19.139999,17.190001,17.370001,670300,16.75179
2015-05-06,19.459999,19.49,18.860001,19.200001,449300,18.516659
2015-05-05,18.84,19.639999,18.719999,19.35,791300,18.66132
2015-05-04,19.209999,19.41,18.48,18.790001,952500,18.121251
2015-05-01,17.50,19.559999,17.10,19.120001,1184500,18.439506
2015-04-30,16.51,16.77,16.24,16.709999,562800,16.115278
2015-04-29,16.610001,16.74,16.09,16.49,477800,15.903109
2015-04-28,15.65,16.65,15.55,16.610001,572600,16.018839
2015-04-27,15.34,15.68,15.31,15.65,285300,15.093005
2015-04-24,15.20,15.39,15.16,15.32,421900,14.77475
2015-04-23,15.48,15.54,15.09,15.17,535300,14.630089
2015-04-22,15.90,15.90,15.40,15.42,304000,14.871191
2015-04-21,15.52,15.72,15.36,15.52,226600,14.967633
2015-04-20,15.23,15.58,15.18,15.52,316600,14.967633
2015-04-17,15.40,15.50,15.09,15.31,439900,14.765107
2015-04-16,15.24,15.38,15.02,15.29,460200,14.745818
2015-04-15,15.04,15.46,15.00,15.20,577900,14.659021
2015-04-14,15.30,15.33,15.00,15.
04,336000,14.504716
2015-04-13,15.42,15.42,15.03,15.28,399800,14.736174
2015-04-10,15.86,15.86,15.35,15.41,418100,14.861547
2015-04-09,15.33,15.84,15.32,15.83,259900,15.266599
2015-04-08,15.37,15.58,15.15,15.32,351700,14.77475
2015-04-07,15.04,15.38,15.00,15.37,250300,14.822971
2015-04-06,14.90,15.10,14.74,14.99,537000,14.456495
2015-04-02,15.21,15.44,14.81,14.91,301200,14.379342
2015-04-01,14.90,15.33,14.71,15.31,390900,14.765107
2015-03-31,15.47,15.47,14.81,14.90,570100,14.369698
2015-03-30,15.18,15.58,15.18,15.49,377800,14.9387
2015-03-27,14.98,15.30,14.92,15.14,428000,14.601157
2015-03-26,15.59,15.60,14.63,15.01,632100,14.475784
2015-03-25,15.13,15.22,14.94,15.13,308700,14.591513
2015-03-24,15.34,15.35,15.00,15.13,397300,14.591513
2015-03-23,14.88,15.62,14.43,15.37,795000,14.822971
2015-03-20,15.28,15.29,14.80,14.88,662700,14.35041
2015-03-19,15.51,15.65,15.26,15.27,336300,14.72653
2015-03-18,15.50,15.67,15.39,15.58,512400,15.025497
2015-03-17,15.70,15.86,15.49,15.56,373200,15.006209
2015-03-16,15.99,16.07,15.60,15.71,377700,15.15087
2015-03-13,16.00,16.15,15.94,16.00,198500,15.430549
2015-03-12,16.24,16.33,16.09,16.110001,316600,15.469126
2015-03-11,16.41,16.549999,16.200001,16.200001,348300,15.555546
2015-03-10,16.90,16.90,16.299999,16.440001,445700,15.785998
2015-03-09,17.35,17.35,16.620001,16.66,364400,15.997246
2015-03-06,18.030001,18.200001,16.959999,17.01,620500,16.333323
2015-03-05,18.35,18.50,18.01,18.360001,241300,17.629619
2015-03-04,18.35,18.77,18.280001,18.360001,354900,17.629619
2015-03-03,18.43,18.440001,18.15,18.40,214100,17.668026
2015-03-02,18.559999,18.66,18.41,18.459999,298200,17.725639
2015-02-27,18.549999,18.639999,18.299999,18.559999,315100,17.821661
2015-02-26,18.58,18.629999,18.450001,18.540001,300000,17.802458
2015-02-25,19.27,19.27,18.49,18.57,543800,17.831264
2015-02-24,18.00,19.08,18.00,18.85,591700,18.100126
2015-02-23,17.48,18.18,17.200001,18.07,506900,17.351154
2015-02-20,17.35,17.49,17.01,17.450001,374200,16.75582
2015-02-19,17.040001,17.549999,17.040001,17.379999,292200,16.688603
2015-02-18,16.92,17.23,16.719999,17.18,411000,16.49656
2015-02-17,17.450001,17.610001,16.43,16.90,1201100,16.227698
2015-02-13,17.280001,17.700001,17.059999,17.58,374500,16.880647
2015-02-12,17.469999,17.73,17.129999,17.219999,330600,16.534968
2015-02-11,17.280001,17.50,17.190001,17.35,254100,16.659797
2015-02-10,17.32,17.50,17.16,17.299999,465800,16.611785
2015-02-09,17.42,17.57,17.27,17.32,477100,16.63099
2015-02-06,17.299999,17.48,17.200001,17.40,468700,16.707808
2015-02-05,16.82,17.32,16.74,17.290001,734700,16.602185
2015-02-04,16.74,17.15,16.60,16.639999,750500,15.978041
2015-02-03,17.15,17.50,16.84,16.85,1022900,16.179688
2015-02-02,17.120001,17.290001,16.940001,17.02,817800,16.342925
2015-01-30,17.00,17.40,16.709999,17.120001,1913300,16.438947
2015-01-29,17.969999,18.07,17.09,17.129999,1457700,16.448548
2015-01-28,18.33,18.540001,17.450001,17.98,1965700,17.264734
2015-01-27,19.91,19.93,18.85,18.90,1110700,18.148136
2015-01-26,19.10,19.790001,19.01,19.75,1015000,18.9643
22
2015-01-23,21.57,21.620001,19.10,19.35,1811100,18.580235
2015-01-22,21.83,21.90,21.35,21.639999,498900,20.779135
2015-01-21,21.790001,21.950001,21.50,21.809999,541600,20.942373
2015-01-20,21.51,21.99,21.190001,21.809999,904600,20.942373
2015-01-16,21.129999,21.530001,20.860001,21.51,793100,20.654308
2015-01-15,21.290001,21.50,20.50,21.15,818100,20.308628
2015-01-14,21.52,21.60,21.10,21.35,516800,20.500673
2015-01-13,22.26,22.32,21.42,21.73,912300,20.865555
2015-01-12,23.299999,23.370001,22.00,22.219999,475200,21.336062
2015-01-09,23.790001,24.01,23.25,23.280001,261800,22.353895
2015-01-08,23.35,23.959999,23.16,23.77,675400,22.824402
2015-01-07,23.360001,23.49,23.01,23.309999,329700,22.382701
2015-01-06,22.99,23.67,22.68,23.34,636800,22.411508
2015-01-05,22.469999,23.139999,22.35,22.959999,640500,22.046624
2015-01-02,22.23,22.540001,22.190001,22.540001,319700,21.643334
2014-12-31,22.379999,22.50,22.040001,22.299999,368700,21.41288
2014-12-30,22.41,22.719999,22.200001,22.42,1000100,21.528107
2014-12-29,22.35,22.540001,22.16,22.50,551000,21.604924
2014-12-26,22.50,22.60,22.290001,22.40,201800,21.508902
2014-12-24,22.33,22.530001,22.16,22.41,201400,21.518504
2014-12-23,22.030001,22.51,22.030001,22.34,438600,21.451289
2014-12-22,22.219999,22.50,21.92,22.030001,455300,21.153622
2014-12-19,22.41,22.51,21.75,22.42,1204500,21.528107
2014-12-18,22.799999,22.870001,22.25,22.50,515200,21.604924
2014-12-17,21.700001,22.85,21.690001,22.700001,503500,21.796969
2014-12-16,21.530001,22.360001,21.370001,21.82,709700,20.951975
2014-12-15,22.35,22.66,21.68,21.68,723700,20.817545
2014-12-12,23.10,23.200001,22.440001,22.51,569500,21.54731
2014-12-11,23.459999,23.50,23.049999,23.120001,378300,22.131223
2014-12-10,24.08,24.16,23.450001,23.540001,480400,22.53326
2014-12-09,23.610001,24.360001,23.440001,24.200001,475600,23.165034
2014-12-08,23.25,24.00,23.129999,23.77,483600,22.753423
2014-12-05,23.639999,24.00,23.139999,23.280001,587400,22.28438
2014-12-04,24.110001,24.43,23.700001,23.709999,415300,22.695988
2014-12-03,24.559999,24.690001,24.129999,24.34,3154200,23.299046
2014-12-02,24.469999,24.700001,24.139999,24.620001,396600,23.567072
2014-12-01,24.49,25.09,24.25,24.51,1123400,23.461775
2014-11-28,25.02,25.09,24.25,24.65,4835600,23.595787
2014-11-26,25.219999,25.370001,24.65,25.09,487400,24.01697
2014-11-25,25.309999,25.540001,25.15,25.33,369800,24.246706
2014-11-24,25.440001,25.530001,25.25,25.34,491100,24.256279
2014-11-21,25.48,26.00,25.129999,25.440001,644400,24.352002
2014-11-20,25.74,25.98,25.42,25.700001,324200,24.600883
2014-11-19,25.719999,26.200001,25.629999,25.93,246600,24.821046
2014-11-18,25.709999,26.23,25.620001,25.860001,423000,24.75404
2014-11-17,25.82,26.17,25.51,25.860001,391700,24.75404
2014-11-14,25.15,25.809999,25.120001,25.76,404900,24.658316
2014-11-13,25.84,25.860001,25.200001,25.26,256000,24.1797
2014-11-12,24.93,25.950001,24.870001,25.860001,595600,24.75404
2014-11-11,26.00,26.00,24.629999,25.059999,1634900,23.988253
2014-11-10,27.57,27.85,25.67,26.18,2423000,2
5.060354
2014-11-07,28.17,28.17,27.809999,27.969999,365100,26.7738
2014-11-06,27.58,28.120001,27.559999,28.10,306400,26.898241
2014-11-05,28.02,28.10,27.48,27.58,949700,26.40048
2014-11-04,28.43,28.58,27.99,28.030001,352600,26.831235
2014-11-03,28.59,29.030001,28.299999,28.540001,483600,27.319424
2014-10-31,28.00,28.60,27.91,28.530001,813000,27.309852
2014-10-30,28.049999,28.370001,27.559999,27.860001,895000,26.668506
2014-10-29,30.18,31.50,27.049999,28.389999,2141500,27.175838
2014-10-28,29.50,30.43,29.219999,30.33,1081600,29.03287
2014-10-27,28.709999,29.67,28.559999,29.60,713700,28.33409
2014-10-24,28.98,29.91,28.73,29.10,821100,27.855474
2014-10-23,28.959999,29.370001,28.51,28.83,761100,27.597021
2014-10-22,29.030001,30.00,28.73,28.77,719900,27.539587
2014-10-21,29.129999,29.440001,28.52,29.08,817700,27.836329
2014-10-20,29.219999,29.530001,28.969999,29.110001,606200,27.865047
2014-10-17,29.690001,30.00,28.799999,29.24,1076800,27.989486
2014-10-16,29.629999,29.99,29.190001,29.700001,851100,28.429814
2014-10-15,30.00,30.959999,29.42,29.83,1151700,28.554254
2014-10-14,29.83,30.629999,29.549999,29.93,667900,28.649977
2014-10-13,29.860001,30.290001,29.58,29.83,348200,28.554254
2014-10-10,30.01,30.360001,29.530001,29.92,685700,28.640405
2014-10-09,32.360001,32.439999,29.959999,30.049999,1079500,28.764844
2014-10-08,31.83,33.439999,31.219999,32.860001,557000,31.45467
2014-10-07,31.940001,33.07,31.43,31.950001,758000,30.583588
2014-10-06,30.809999,32.00,30.450001,31.73,668300,30.372995
2014-10-03,33.00,33.00,30.219999,30.67,1082700,29.358329
2014-10-02,33.16,33.200001,31.66,31.74,384800,30.382568
2014-10-01,33.080002,33.50,32.799999,33.099998,1154000,31.684403
2014-09-30,31.950001,33.650002,31.75,32.91,1493900,31.50253
2014-09-29,31.15,32.349998,30.950001,32.259998,819200,30.880328
2014-09-26,30.50,30.809999,30.209999,30.65,590400,29.339184
2014-09-25,29.01,30.700001,28.65,30.50,1472100,29.1956
2014-09-24,29.77,29.85,28.91,29.049999,1684700,27.807611
2014-09-23,30.42,30.559999,29.799999,29.799999,1314100,28.525536
2014-09-22,30.59,30.940001,30.35,30.60,1380900,29.291323
2014-09-19,30.389999,30.75,30.32,30.66,1643900,29.348757
2014-09-18,30.110001,30.290001,29.75,30.15,1211700,28.860568
2014-09-17,31.00,31.27,29.76,29.82,1596400,28.544681
2014-09-16,31.34,31.57,30.58,30.59,1244000,29.281751
2014-09-15,32.00,32.150002,30.75,31.030001,1146600,29.702934
2014-09-12,32.400002,32.700001,31.950001,31.99,834700,30.621876
2014-09-11,32.490002,32.610001,32.25,32.450001,801200,30.995199
2014-09-10,33.099998,33.240002,31.799999,32.470001,939400,31.014303
2014-09-09,33.00,33.689999,33.00,33.139999,985800,31.654263
2014-09-08,32.639999,33.23,32.630001,33.009998,603800,31.53009
2014-09-05,32.75,33.189999,32.700001,32.799999,667000,31.329506
2014-09-04,32.830002,33.299999,32.560001,32.709999,773100,31.243541
2014-09-03
,32.860001,33.57,32.799999,33.150002,720900,31.663817
2014-09-02,33.299999,33.650002,32.639999,32.849998,633600,31.377264
2014-08-29,33.18,33.389999,32.959999,33.209999,402500,31.721125
2014-08-28,32.959999,33.220001,32.799999,32.970001,436900,31.491886
2014-08-27,33.25,33.360001,32.799999,32.959999,579800,31.482333
2014-08-26,32.799999,33.25,32.799999,32.970001,385400,31.491886
2014-08-25,32.869999,32.970001,32.599998,32.919998,358800,31.444125
2014-08-22,32.720001,32.880001,32.32,32.669998,534800,31.205333
2014-08-21,33.41,33.66,32.310001,32.720001,1057000,31.253095
2014-08-20,33.200001,33.299999,32.950001,33.09,494200,31.606506
2014-08-19,33.049999,33.43,33.009998,33.189999,793300,31.702021
2014-08-18,32.779999,33.099998,32.349998,32.900002,951100,31.425025
2014-08-15,33.48,33.619999,32.240002,32.290001,1112300,30.842372
2014-08-14,34.00,34.580002,33.34,33.450001,818200,31.950367
2014-08-13,33.700001,34.130001,33.619999,34.060001,842900,32.53302
2014-08-12,33.400002,33.880001,33.32,33.439999,616000,31.940813
2014-08-11,32.689999,33.59,32.689999,33.279999,616900,31.787986
2014-08-08,32.25,32.860001,32.25,32.439999,745800,30.985645
2014-08-07,33.200001,33.349998,32.23,32.41,789100,30.956991
2014-08-06,33.080002,33.419998,32.990002,33.220001,1084700,31.730678
2014-08-05,33.849998,34.169998,33.25,33.349998,722900,31.854848
2014-08-04,33.099998,33.950001,33.099998,33.639999,1215300,32.131847
2014-08-01,33.00,33.66,32.619999,33.50,2298500,31.998124
2014-07-31,32.52,32.810001,31.059999,32.459999,2583800,31.004749
2014-07-30,34.830002,35.00,33.34,33.360001,4337300,31.864401
2014-07-29,37.799999,37.950001,36.82,37.119999,2722300,35.455831
2014-07-28,39.00,39.099998,38.220001,38.290001,1122100,36.573379
2014-07-25,38.549999,39.900002,38.549999,39.119999,1225700,37.366167
2014-07-24,39.919998,40.16,38.970001,39.939999,918400,38.149404
2014-07-23,40.84,40.900002,39.849998,40.049999,785400,38.254473
2014-07-22,41.75,41.75,40.900002,41.040001,674000,39.200091
2014-07-21,41.009998,41.950001,40.52,41.759998,1128400,39.887809
2014-07-18,42.709999,42.98,41.00,41.990002,1042400,40.107501
2014-07-17,43.200001,43.630001,43.00,43.23,514700,41.291907
2014-07-16,43.490002,44.18,43.189999,43.630001,1122200,41.673976
2014-07-15,42.560001,44.130001,42.119999,43.490002,1277400,41.540253
2014-07-14,42.049999,44.130001,41.990002,42.549999,898300,40.642393
2014-07-11,41.02,41.73,40.91,41.619999,699000,39.754087
2014-07-10,40.810001,42.049999,40.73,41.509998,1159900,39.649017
2014-07-09,40.77,42.189999,40.59,41.740002,1427000,39.868709
2014-07-08,41.41,42.759998,39.82,40.919998,2952400,39.085468
2014-07-07,42.310001,42.779999,42.16,42.380001,2210400,40.480016
2014-07-03,40.299999,43.509998,40.240002,43.25,3517300,41.311011
2014-07-02,39.43,40.50,39.360001,40.060001,2179000,38.264027
2014-07-01,38.25,39.939999,38.25,39.07,2169200,37.318409
2014-06-30,36.439999,40.200001,36.439999,38.75,2192000,37.012756
2014-06-27,36.700001,37.77,36.169998,36.93,1731500,35.27435
2014-06-26,36.50,37.060001,35.50,37.00,14
9900,35.341212
2014-06-25,37.299999,38.00,36.549999,36.75,513200,35.10242
2014-06-24,37.900002,37.91,37.50,37.50,83900,35.818796
2014-06-23,38.549999,38.709999,37.75,38.00,71700,36.29638
2014-06-20,39.220001,40.00,37.25,38.299999,85300,36.582929
2014-06-19,39.669998,40.00,38.66,39.09,13200,37.337513
2014-06-18,40.75,40.75,39.25,40.200001,25600,38.39775
2014-06-17,40.650002,40.650002,38.75,40.00,183900,38.206716
2014-06-16,38.50,41.25,38.50,40.650002,525000,38.827576