Date,Open,High,Low,Close,Volume,Adj Close
2016-08-12,3.36,3.39,3.29,3.35,228800,3.35
2016-08-11,3.36,3.41,3.28,3.36,181700,3.36
2016-08-10,3.49,3.50,3.34,3.36,183500,3.36
2016-08-09,3.47,3.50,3.41,3.48,235500,3.48
2016-08-08,3.50,3.54,3.44,3.49,368000,3.49
2016-08-05,3.27,3.49,3.23,3.48,332600,3.48
2016-08-04,3.20,3.31,3.20,3.25,467700,3.25
2016-08-03,3.20,3.37,3.16,3.19,403300,3.19
2016-08-02,3.24,3.34,3.15,3.15,378300,3.15
2016-08-01,3.32,3.32,3.20,3.23,333400,3.23
2016-07-29,3.25,3.57,3.23,3.29,2195500,3.29
2016-07-28,3.30,3.33,3.16,3.26,394900,3.26
2016-07-27,3.25,3.29,3.02,3.26,522400,3.26
2016-07-26,3.16,3.37,3.14,3.24,454000,3.24
2016-07-25,3.07,3.16,3.05,3.15,408800,3.15
2016-07-22,3.10,3.12,3.05,3.06,177100,3.06
2016-07-21,3.05,3.22,3.05,3.11,523200,3.11
2016-07-20,3.06,3.10,2.99,3.07,241500,3.07
2016-07-19,3.09,3.15,3.05,3.05,160100,3.05
2016-07-18,3.07,3.14,3.05,3.12,374200,3.12
2016-07-15,3.13,3.14,3.02,3.08,156900,3.08
2016-07-14,3.20,3.24,3.09,3.10,500400,3.10
2016-07-13,3.21,3.24,2.99,3.15,641700,3.15
2016-07-12,3.10,3.22,3.04,3.15,602200,3.15
2016-07-11,3.08,3.10,3.01,3.05,197200,3.05
2016-07-08,2.96,3.10,2.92,3.05,311100,3.05
2016-07-07,2.98,3.08,2.85,2.91,271100,2.91
2016-07-06,2.90,3.04,2.88,2.95,335700,2.95
2016-07-05,3.09,3.09,2.85,2.94,334300,2.94
2016-07-01,2.80,3.12,2.79,3.04,425500,3.04
2016-06-30,2.94,2.95,2.75,2.79,208700,2.79
2016-06-29,2.89,2.95,2.82,2.92,384100,2.92
2016-06-28,2.72,2.87,2.72,2.84,392600,2.84
2016-06-27,2.74,2.84,2.64,2.65,740900,2.65
2016-06-24,2.85,2.86,2.74,2.85,942900,2.85
2016-06-23,2.83,2.94,2.83,2.93,175800,2.93
2016-06-22,2.80,2.92,2.77,2.83,401800,2.83
2016-06-21,2.92,2.92,2.75,2.80,503200,2.80
2016-06-20,3.04,3.07,2.90,2.91,359500,2.91
2016-06-17,2.92,3.05,2.86,2.96,937300,2.96
2016-06-16,2.96,2.96,2.78,2.87,1467400,2.87
2016-06-15,3.05,3.07,2.90,2.96,3685400,2.96
2016-06-14,3.50,3.56,3.13,3.23,446100,3.23
2016-06-13,3.65,3.74,3.50,3.50,292600,3.50
2016-06-10,3.73,3.79,3.62,3.65,328300,3.65
2016-06-09,3.78,3.90,3.65,3.81,886800,3.81
2016-06-08,3.80,3.89,3.73,3.81,582700,3.81
2016-06-07,3.82,3.95,3.73,3.77,299300,3.77
2016-06-06,3.62,3.87,3.60,3.83,498000,3.83
2016-06-03,3.80,3.80,3.65,3.66,252600,3.66
2016-06-02,3.98,3.99,3.79,3.82,186200,3.82
2016-06-01,3.92,4.00,3.84,3.96,361500,3.96
2016-05-31,3.93,4.01,3.89,3.97,355400,3.97
2016-05-27,3.66,3.87,3.63,3.84,393900,3.84
2016-05-26,3.68,3.69,3.59,3.65,241100,3.65
2016-05-25,3.65,3.67,3.60,3.67,259200,3.67
2016-05-24,3.65,3.68,3.59,3.63,271100,3.63
2016-05-23,3.60,3.70,3.58,3.63,159700,3.63
2016-05-20,3.64,3.68,3.49,3.61,228500,3.61
2016-05-19,3.57,3.71,3.48,3.61,451700,3.61
2016-05-18,3.55,3.70,3.55,3.60,284400,3.60
2016-05-17,3.66,3.89,3.55,3.64,384700,3.64
2016-05-16,3.62,3.79,3.62,3.69,240900,3.69
2016-05-13,3.52,3.70,3.51,3.61,311300,3.61
2016-05-12,3.68,3.89,3.49,3.53,366000,3.53
2016-05-11,3.59,3.81,3.51,3.65,309600,3.65
2016-05-
10,3.52,3.69,3.45,3.63,226700,3.63
2016-05-09,3.60,3.70,3.44,3.52,363600,3.52
2016-05-06,3.59,3.76,3.59,3.64,327000,3.64
2016-05-05,3.69,3.79,3.48,3.64,975800,3.64
2016-05-04,3.91,4.00,3.78,3.86,314500,3.86
2016-05-03,3.50,3.90,3.34,3.86,993200,3.86
2016-05-02,3.93,3.94,3.60,3.76,786700,3.76
2016-04-29,4.10,4.25,3.80,3.85,897700,3.85
2016-04-28,3.94,4.50,3.92,4.05,1563200,4.05
2016-04-27,4.04,4.11,3.90,4.03,329200,4.03
2016-04-26,3.98,4.10,3.80,4.06,379700,4.06
2016-04-25,4.16,4.20,3.85,4.03,875800,4.03
2016-04-22,4.08,4.51,4.08,4.20,699800,4.20
2016-04-21,4.18,4.45,4.10,4.12,1028500,4.12
2016-04-20,4.15,4.40,4.04,4.10,660900,4.10
2016-04-19,4.14,4.29,4.07,4.10,605400,4.10
2016-04-18,3.94,4.14,3.84,4.03,366500,4.03
2016-04-15,3.98,4.08,3.87,3.99,764100,3.99
2016-04-14,4.02,4.36,3.91,3.97,1310700,3.97
2016-04-13,3.69,3.92,3.63,3.86,597000,3.86
2016-04-12,3.88,3.89,3.57,3.68,707300,3.68
2016-04-11,3.50,3.94,3.50,3.85,795300,3.85
2016-04-08,3.42,3.62,3.35,3.45,823200,3.45
2016-04-07,3.24,3.58,3.24,3.35,859700,3.35
2016-04-06,3.25,3.33,3.12,3.28,462600,3.28
2016-04-05,3.16,3.33,3.05,3.25,756700,3.25
2016-04-04,3.24,3.35,3.14,3.19,1305300,3.19
2016-04-01,3.20,3.28,3.08,3.20,639500,3.20
2016-03-31,3.25,3.34,3.18,3.28,2531500,3.28
2016-03-30,3.19,3.35,3.08,3.19,748400,3.19
2016-03-29,3.10,3.24,2.96,3.14,821300,3.14
2016-03-28,3.18,3.25,2.93,3.16,524300,3.16
2016-03-24,2.96,3.22,2.93,3.12,594800,3.12
2016-03-23,3.00,3.25,2.88,3.01,909700,3.01
2016-03-22,2.96,3.12,2.92,3.04,461400,3.04
2016-03-21,2.89,3.07,2.76,3.03,832600,3.03
2016-03-18,2.97,3.01,2.84,2.99,1810500,2.99
2016-03-17,3.13,3.24,2.86,2.95,7028600,2.95
2016-03-16,3.53,3.75,3.50,3.68,239200,3.68
2016-03-15,3.92,4.01,3.42,3.60,478400,3.60
2016-03-14,3.91,4.14,3.84,4.02,520100,4.02
2016-03-11,3.55,3.99,3.55,3.92,584300,3.92
2016-03-10,3.88,4.03,3.41,3.52,1042000,3.52
2016-03-09,4.00,4.00,3.70,3.84,407300,3.84
2016-03-08,4.48,4.57,3.99,4.00,721800,4.00
2016-03-07,4.54,4.92,4.39,4.48,1133700,4.48
2016-03-04,3.93,5.82,3.93,4.67,2186100,4.67
2016-03-03,3.17,4.14,3.15,3.89,1222400,3.89
2016-03-02,2.86,3.17,2.71,3.15,771700,3.15
2016-03-01,3.12,3.27,2.83,2.92,1120700,2.92
2016-02-29,2.36,3.47,2.29,3.15,3118300,3.15
2016-02-26,2.04,2.74,2.01,2.36,1493300,2.36
2016-02-25,2.01,2.05,1.98,2.00,335700,2.00
2016-02-24,2.00,2.13,1.84,2.02,481400,2.02
2016-02-23,2.19,2.32,2.09,2.10,255500,2.10
2016-02-22,2.10,2.30,2.08,2.20,334600,2.20
2016-02-19,2.06,2.12,2.00,2.05,229900,2.05
2016-02-18,2.29,2.29,2.00,2.09,419800,2.09
2016-02-17,2.31,2.45,2.14,2.14,583800,2.14
2016-02-16,2.04,2.40,1.96,2.29,531800,2.29
2016-02-12,1.89,2.02,1.80,1.97,305900,1.97
2016-02-11,1.94,1.99,1.79,1.84,352900,1.84
2016-02-10,2.07,2.12,1.94,1.96,363100,1.96
2016-02-09,2.35,2.35,1.99,2.09,837200,2.09
2016-02-08,2.65,2.76,2.33,2.48,806600,2.48
2016-02-05,2.99,3.08,2.64,2.75,453600,2.75
2016-02-04,3.05,3.33,2.98,3.01,470000,3.01
2016-02-03,3.15,3.28,3.02,3.10,422200,3.10
2016-02-02,3.28,3.34,2.91,2.95,373800,2.95
2016-02-01,3.29,3.44,3.16,3.28,324000,3.28
2016-01
-29,3.53,3.54,3.21,3.28,506800,3.28
2016-01-28,3.76,3.86,3.44,3.49,613200,3.49
2016-01-27,3.80,3.97,3.67,3.72,452400,3.72
2016-01-26,3.63,4.06,3.61,3.78,412000,3.78
2016-01-25,3.77,3.77,3.28,3.38,691500,3.38
2016-01-22,3.81,3.89,3.58,3.75,717300,3.75
2016-01-21,3.85,3.95,3.65,3.67,1077200,3.67
2016-01-20,3.63,3.90,3.33,3.86,908300,3.86
2016-01-19,3.61,3.77,3.41,3.67,644800,3.67
2016-01-15,3.59,3.69,3.36,3.65,561500,3.65
2016-01-14,3.04,4.00,3.04,3.75,917900,3.75
2016-01-13,3.74,3.77,2.83,3.01,1059700,3.01
2016-01-12,4.76,4.76,3.57,3.74,912100,3.74
2016-01-11,4.91,5.02,4.73,4.75,623100,4.75
2016-01-08,4.74,5.07,4.60,4.89,594500,4.89
2016-01-07,5.24,5.24,4.38,4.75,881200,4.75
2016-01-06,6.44,6.61,5.20,5.40,607200,5.40
2016-01-05,8.25,8.25,6.36,6.51,884900,6.51
2016-01-04,9.87,9.87,7.82,8.34,424000,8.34
2015-12-31,8.88,10.68,8.52,9.89,280900,9.89
2015-12-30,0.73,0.77,0.68,0.71,74400,8.519997
2015-12-29,0.72,0.80,0.71,0.72,79200,8.639997
2015-12-28,0.74,0.78,0.72,0.75,67400,8.999996
2015-12-24,0.67,0.82,0.67,0.74,60800,8.879996
2015-12-23,0.61,0.67,0.58,0.66,225300,7.919997
2015-12-22,0.61,0.63,0.57,0.62,113800,7.439997
2015-12-21,0.62,0.63,0.60,0.60,58900,7.199997
2015-12-18,0.62,0.66,0.61,0.62,128000,7.439997
2015-12-17,0.67,0.72,0.61,0.62,62100,7.439997
2015-12-16,0.77,0.77,0.64,0.66,234600,7.919997
2015-12-15,0.79,0.81,0.73,0.76,172700,9.119996
2015-12-14,0.82,0.82,0.79,0.80,64400,9.599996
2015-12-11,0.85,0.88,0.80,0.81,190300,9.719996
2015-12-10,0.85,0.91,0.85,0.88,100100,10.559996
2015-12-09,0.83,0.90,0.78,0.85,142300,10.199996
2015-12-08,0.76,0.83,0.75,0.80,88100,9.599996
2015-12-07,0.85,0.86,0.74,0.78,216000,9.359996
2015-12-04,0.84,0.85,0.83,0.85,279000,10.199996
2015-12-03,0.86,0.87,0.78,0.84,171100,10.079996
2015-12-02,0.87,0.89,0.84,0.85,75200,10.199996
2015-12-01,0.90,0.91,0.84,0.86,87700,10.319995
2015-11-30,0.95,0.95,0.86,0.90,529400,10.799996
2015-11-27,0.88,0.95,0.88,0.94,51700,11.279995
2015-11-25,0.87,0.92,0.85,0.87,69800,10.439995
2015-11-24,0.83,0.88,0.83,0.86,416500,10.319995
2015-11-23,0.83,0.86,0.83,0.84,211500,10.079996
2015-11-20,0.88,0.88,0.80,0.84,177000,10.079996
2015-11-19,0.88,0.89,0.82,0.87,316000,10.439995
2015-11-18,1.13,1.13,0.84,0.87,1017000,10.439995
2015-11-17,1.179999,1.189999,1.14,1.15,63400,13.799994
2015-11-16,1.179999,1.179999,1.15,1.16,40300,13.919994
2015-11-13,1.13,1.179999,1.13,1.17,55400,14.039994
2015-11-12,1.119999,1.199999,1.119999,1.15,92200,13.799994
2015-11-11,1.199999,1.199999,1.11,1.13,126900,13.559995
2015-11-10,1.259999,1.259999,1.189999,1.189999,102600,14.279994
2015-11-09,1.309999,1.309999,1.23,1.269999,63000,15.239993
2015-11-06,1.199999,1.299999,1.199999,1.299999,291800,15.599994
2015-11-05,1.199999,1.21,1.16,1.21,115200,14.519994
2015-11-04,1.259999,1.259999,1.16,1.199999,156000,14.399994
2015-11-03,1.389999,1.399999,1.259999,1.269999,331700,15.239993
2015-11-02,1.429999,1.459999,1.369999,1.399999,48200,16.799992
2015-10-30,1.399999,1.409999,1.369999,1.399999,134100,16.799992
2015-10-29,1.369999,1.429999,1.369999,1.399999,136400,16.799992
2015-10-28,1.369999,1.369999,1.299999,1.359999,132600,16.319993
2015-10-27,1.409999,1.419999,1.339999,1.359999,152000,16.319993
2015-10-26,1.509999,1.509999,1.399999,1.429999,200500,17.159993
2015-10-23,1.469999,1.499999,1.429999,1.499999,46800,17.999992
2015-10-22,1.469999,1.499999,1.429999,1.449999,44600,17.399992
2015-10-21,1.469999,1.489999,1.
409999,1.449999,66500,17.399992
2015-10-20,1.459999,1.529999,1.449999,1.499999,52900,17.999992
2015-10-19,1.519999,1.519999,1.449999,1.459999,37900,17.519993
2015-10-16,1.549999,1.549999,1.449999,1.519999,61700,18.239992
2015-10-15,1.499999,1.559999,1.469999,1.539999,98200,18.479992
2015-10-14,1.489999,1.509999,1.469999,1.489999,20000,17.879992
2015-10-13,1.469999,1.489999,1.459999,1.479999,42500,17.759993
2015-10-12,1.549999,1.549999,1.459999,1.469999,121700,17.639992
2015-10-09,1.559999,1.599999,1.519999,1.539999,98100,18.479992
2015-10-08,1.579999,1.619999,1.529999,1.539999,93500,18.479992
2015-10-07,1.569999,1.599999,1.549999,1.599999,65900,19.199993
2015-10-06,1.629999,1.629999,1.539999,1.549999,84400,18.599993
2015-10-05,1.549999,1.649999,1.529999,1.629999,91200,19.559991
2015-10-02,1.519999,1.549999,1.489999,1.519999,74900,18.239992
2015-10-01,1.469999,1.549999,1.469999,1.519999,58500,18.239992
2015-09-30,1.419999,1.469999,1.399999,1.459999,134300,17.519993
2015-09-29,1.509999,1.509999,1.419999,1.419999,236600,17.039994
2015-09-28,1.559999,1.579999,1.489999,1.499999,139000,17.999992
2015-09-25,1.589999,1.609999,1.539999,1.549999,126100,18.599993
2015-09-24,1.579999,1.609999,1.549999,1.569999,168600,18.839992
2015-09-23,1.649999,1.669999,1.589999,1.589999,87800,19.079992
2015-09-22,1.699999,1.729999,1.619999,1.659999,83400,19.919992
2015-09-21,1.669999,1.749999,1.649999,1.749999,190400,20.999991
2015-09-18,1.639999,1.659999,1.609999,1.659999,142700,19.919992
2015-09-17,1.619999,1.699999,1.619999,1.659999,280000,19.919992
2015-09-16,1.589999,1.729999,1.589999,1.619999,109800,19.439992
2015-09-15,1.559999,1.619999,1.549999,1.599999,100300,19.199993
2015-09-14,1.619999,1.619999,1.559999,1.569999,150300,18.839992
2015-09-11,1.579999,1.629999,1.569999,1.619999,108800,19.439992
2015-09-10,1.599999,1.629999,1.559999,1.599999,72900,19.199993
2015-09-09,1.609999,1.619999,1.589999,1.609999,148200,19.319992
2015-09-08,1.639999,1.649999,1.589999,1.609999,90100,19.319992
2015-09-04,1.619999,1.649999,1.569999,1.619999,92800,19.439992
2015-09-03,1.659999,1.709999,1.629999,1.649999,84000,19.799991
2015-09-02,1.649999,1.669999,1.599999,1.649999,122600,19.799991
2015-09-01,1.619999,1.649999,1.579999,1.629999,100200,19.559991
2015-08-31,1.649999,1.659999,1.629999,1.639999,262400,19.679992
2015-08-28,1.629999,1.709999,1.629999,1.669999,97500,20.039993
2015-08-27,1.659999,1.659999,1.629999,1.649999,75500,19.799991
2015-08-26,1.709999,1.709999,1.599999,1.649999,101800,19.799991
2015-08-25,1.619999,1.669999,1.599999,1.669999,140400,20.039993
2015-08-24,1.469999,1.639999,1.469999,1.609999,194400,19.319992
2015-08-21,1.629999,1.699999,1.589999,1.649999,98400,19.799991
2015-08-20,1.749999,1.759999,1.649999,1.689999,144600,20.279992
2015-08-19,1.749999,1.779999,1.709999,1.759999,105300,21.119992
2015-08-18,1.749999,1.769999,1.729999,1.749999,65100,20.999991
2015-08-17,1.709999,1.789999,1.699999,1.759999,156200,21.119992
2015-08-14,1.709999,1.739999,1.679999,1.709999,145700,20.519992
2015-08-13,1.749999,1.799999,1.709999,1.729999,253800,20.759992
2015-08-12,1.749999,1.789999,1.669999,1.769999,340600,21.239991
2015-08-11,1.839999,1.849999,1.749999,1.789999,130600,21.479991
2015-08-10,1.799999,1.889999,1.799999,1.859999,136100,22.31999
2015-08-07,1.759999,1.829999,1.749999,1.799999,96500,21.599991
2015-08-06,1.819999,1.839999,1.729999,1.779999,233700,21.359992
2015-08-05,1.919999,1.919999,1.759999,1.809999,136100,21.71999
2015-08-04,1.829999,1.919999,1.829999,1.899999,163400,22.79999
2015-08-03,1.819999,1.879999,1.809999,1.839999,225600,22.079991
2015-07-31,1.819999,1.859999,1.769999,1.809999,1678000,21.71999
2015-07-30,1.849999,1.889999,1.789999,1.789999,350000,21.479991
2015-07-29,1.909999,1.949999,1.819999,1.859999,355100,22.31999
2015-07-28,1.579999,1.819999,1.459999,1.789999,430500,21.479991
2015-07-27,1.699999,1.779999,1.619999,1.649999,284600,19.799991
2015-07-24,1.779999,1.789999,1.649999,1.709999,77600,20.519992
2015-07-23,1.809999,1.809999,1.779999,1.789999,237300,21.479991
2015-07-22,1.839999,1.849999,1.789999,1.819999,305500,21.839991
2015-07-21,1.769999,1.849999,1.769999,1.839999,564600,22.079991
2015-07-20,1.769999,1.819999,1.739999,1.769999,793400,21.239991
2015-07-17,1.609999,1.779999,1.609999,1.699999,599900,20.399991
2015-07-16,1.619999,1.639999,1.589999,1.619999,132700,19.439992
2015-07-15,1.609999,1.649999,1.559999,1.589999,190900,19.079992
2015-07-14,1.649999,1.679999,1.549999,1.599999,320700,19.199993
2015-07-13,1.569999,1.699999,1.569999,1.639999,182400,19.679992
2015-07-10,1.589999,1.619999,1.559999,1.569999,77700,18.839992
2015-07-09,1.579999,1.619999,1.539999,1.549999,15
7800,18.599993
2015-07-08,1.589999,1.659999,1.539999,1.549999,128000,18.599993
2015-07-07,1.579999,1.619999,1.519999,1.599999,300100,19.199993
2015-07-06,1.679999,1.699999,1.559999,1.589999,283700,19.079992
2015-07-02,1.649999,1.699999,1.599999,1.679999,112800,20.159991
2015-07-01,1.649999,1.719999,1.559999,1.629999,213200,19.559991
2015-06-30,1.679999,1.679999,1.609999,1.629999,118000,19.559991
2015-06-29,1.689999,1.729999,1.629999,1.669999,148000,20.039993
2015-06-26,1.689999,1.799999,1.659999,1.739999,457700,20.87999
2015-06-25,1.759999,1.769999,1.689999,1.699999,129700,20.399991
2015-06-24,1.769999,1.809999,1.709999,1.739999,258400,20.87999
2015-06-23,1.679999,1.769999,1.649999,1.769999,261600,21.239991
2015-06-22,1.749999,1.749999,1.659999,1.679999,156700,20.159991
2015-06-19,1.709999,1.779999,1.689999,1.739999,208400,20.87999
2015-06-18,1.719999,1.749999,1.599999,1.679999,157200,20.159991
2015-06-17,1.739999,1.789999,1.699999,1.739999,235300,20.87999
2015-06-16,1.659999,1.729999,1.609999,1.719999,238900,20.639991
2015-06-15,1.639999,1.649999,1.599999,1.639999,203800,19.679992
2015-06-12,1.589999,1.689999,1.569999,1.649999,579800,19.799991
2015-06-11,1.549999,1.599999,1.499999,1.589999,3003900,19.079992
2015-06-10,1.849999,1.849999,1.589999,1.599999,1681600,19.199993
2015-06-09,2.409999,2.409999,2.139999,2.169999,85400,26.03999
2015-06-08,2.469999,2.479999,2.409999,2.419999,74500,29.039989
2015-06-05,2.379999,2.469999,2.359999,2.459999,73400,29.519988
2015-06-04,2.499999,2.539999,2.359999,2.379999,82400,28.559989
2015-06-03,2.479999,2.519999,2.439999,2.509999,91900,30.119988
2015-06-02,2.399999,2.479999,2.389999,2.479999,118600,29.759988
2015-06-01,2.389999,2.419999,2.329999,2.399999,111500,28.799989
2015-05-29,2.399999,2.419999,2.319999,2.369999,151300,28.439987
2015-05-28,2.419999,2.449999,2.359999,2.419999,77300,29.039989
2015-05-27,2.279999,2.439999,2.259999,2.419999,95900,29.039989
2015-05-26,2.459999,2.469999,2.249999,2.289999,66500,27.479988
2015-05-22,2.479999,2.509999,2.439999,2.479999,130700,29.759988
2015-05-21,2.499999,2.529999,2.479999,2.499999,92500,29.999987
2015-05-20,2.479999,2.549999,2.419999,2.499999,63700,29.999987
2015-05-19,2.549999,2.569999,2.409999,2.469999,81500,29.639989
2015-05-18,2.569999,2.669999,2.549999,2.559999,55200,30.719986
2015-05-15,2.649999,2.689999,2.559999,2.589999,36700,31.079987
2015-05-14,2.679999,2.709999,2.579999,2.659999,85900,31.919989
2015-05-13,2.729999,2.739999,2.579999,2.679999,56800,32.159986
2015-05-12,2.639999,2.949999,2.639999,2.649999,149300,31.799988
2015-05-11,2.629999,2.689999,2.599999,2.649999,34900,31.799988
2015-05-08,2.609999,2.729999,2.569999,2.649999,101100,31.799988
2015-05-07,2.549999,2.589999,2.519999,2.579999,41700,30.959986
2015-05-06,2.539999,2.589999,2.489999,2.569999,99400,30.839987
2015-05-05,2.639999,2.659999,2.499999,2.529999,105800,30.359988
2015-05-04,2.449999,2.539999,2.449999,2.499999,85300,29.999987
2015-05-01,2.419999,2.469999,2.349999,2.459999,67900,29.519988
2015-04-30,2.429999,2.469999,2.309999,2.409999,123600,28.91999
2015-04-29,2.459999,2.539999,2.399999,2.459999,99600,29.519988
2015-04-28,2.509999,2.579999,2.369999,2.509999,121300,30.119988
2015-04-27,2.499999,2.569999,2.449999,2.569999,149800,30.839987
2015-04-24,2.349999,2.719999,2.349999,2.479999,162400,29.759988
2015-04-23,2.199999,2.349999,2.179999,2.339999,96200,28.079988
2015-04-22,2.159999,2.249999,2.159999,2.199999,91100,26.399991
2015-04-21,2.249999,2.259999,2.079999,2.099999,69900,25.199988
2015-04-20,2.039999,2.229999,2.019999,2.219999,146600,26.63999
2015-04-17,2.099999,2.119999,2.019999,2.019999,61000,24.23999
2015-04-16,2.089999,2.159999,2.039999,2.099999,51200,25.199988
2015-04-15,2.039999,2.129999,2.009999,2.089999,92000,25.079989
2015-04-14,2.029999,2.059999,1.959999,1.999999,48500,23.99999
2015-04-13,2.129999,2.199999,1.989999,2.019999,90200,24.23999
2015-04-10,2.039999,2.129999,2.029999,2.119999,40600,25.439988
2015-04-09,2.049999,2.129999,1.989999,2.019999,86100,24.23999
2015-04-08,2.249999,2.299999,2.049999,2.059999,91500,24.719989
2015-04-07,2.199999,2.309999,2.199999,2.239999,99000,26.87999
2015-04-06,2.229999,2.299999,2.199999,2.209999,89900,26.519989
2015-04-02,2.189999,2.269999,2.109999,2.2
29999,117400,26.759989
2015-04-01,2.349999,2.399999,2.069999,2.209999,145600,26.519989
2015-03-31,2.309999,2.399999,2.309999,2.369999,67200,28.439987
2015-03-30,2.309999,2.369999,2.289999,2.329999,53500,27.959987
2015-03-27,2.279999,2.349999,2.249999,2.299999,78400,27.599989
2015-03-26,2.359999,2.429999,2.279999,2.289999,59200,27.479988
2015-03-25,2.499999,2.499999,2.369999,2.369999,55800,28.439987
2015-03-24,2.499999,2.519999,2.469999,2.489999,33000,29.879989
2015-03-23,2.409999,2.629999,2.409999,2.499999,75500,29.999987
2015-03-20,2.409999,2.449999,2.309999,2.419999,76700,29.039989
2015-03-19,2.369999,2.509999,2.339999,2.409999,128700,28.91999
2015-03-18,2.269999,2.379999,2.259999,2.369999,71000,28.439987
2015-03-17,2.259999,2.339999,2.249999,2.289999,72800,27.479988
2015-03-16,2.319999,2.499999,2.249999,2.279999,99400,27.359989
2015-03-13,2.179999,2.319999,2.109999,2.299999,98200,27.599989
2015-03-12,2.169999,2.209999,2.139999,2.189999,70300,26.27999
2015-03-11,2.079999,2.199999,2.069999,2.159999,110800,25.919991
2015-03-10,2.309999,2.339999,2.079999,2.089999,144700,25.079989
2015-03-09,2.509999,2.569999,2.339999,2.359999,149300,28.319988
2015-03-06,2.509999,2.539999,2.449999,2.499999,113100,29.999987
2015-03-05,2.559999,2.699999,2.519999,2.569999,197400,30.839987
2015-03-04,2.589999,2.769999,2.449999,2.759999,272900,33.119985
2015-03-03,2.709999,2.719999,2.569999,2.699999,357900,32.399988
2015-03-02,2.569999,2.759999,2.369999,2.709999,381900,32.519987
2015-02-27,2.469999,2.549999,2.339999,2.549999,260800,30.599988
2015-02-26,2.289999,2.449999,2.159999,2.419999,357500,29.039989
2015-02-25,2.099999,2.309999,2.089999,2.289999,138000,27.479988
2015-02-24,2.199999,2.219999,2.059999,2.109999,62300,25.319989
2015-02-23,2.289999,2.319999,2.109999,2.199999,112300,26.399991
2015-02-20,2.219999,2.309999,2.179999,2.239999,138700,26.87999
2015-02-19,2.099999,2.209999,2.069999,2.169999,109700,26.03999
2015-02-18,2.009999,2.139999,1.979999,2.089999,102700,25.079989
2015-02-17,2.179999,2.179999,1.989999,2.009999,150000,24.119991
2015-02-13,2.019999,2.199999,1.939999,2.169999,356900,26.03999
2015-02-12,1.989999,1.999999,1.949999,1.989999,87700,23.879991
2015-02-11,1.999999,2.039999,1.919999,1.989999,622800,23.879991
2015-02-10,2.049999,2.109999,1.969999,1.999999,140200,23.99999
2015-02-09,2.049999,2.129999,1.989999,2.039999,182500,24.479989
2015-02-06,2.189999,2.289999,1.979999,2.089999,257500,25.079989
2015-02-05,2.069999,2.229999,1.999999,2.199999,641200,26.399991
2015-02-04,1.999999,2.139999,1.899999,2.119999,459300,25.439988
2015-02-03,1.679999,1.999999,1.659999,1.979999,236300,23.75999
2015-02-02,1.509999,1.689999,1.489999,1.659999,263100,19.919992
2015-01-30,1.409999,1.529999,1.33,1.489999,185300,17.879994
2015-01-29,1.33,1.459999,1.299999,1.429999,190700,17.159993
2015-01-28,1.679999,1.699999,1.299999,1.309999,377000,15.719993
2015-01-27,1.729999,1.749999,1.659999,1.659999,127700,19.919992
2015-01-26,1.819999,1.839999,1.709999,1.739999,231900,20.879992
2015-01-23,1.889999,1.899999,1.819999,1.819999,131900,21.839991
2015-01-22,1.939999,1.939999,1.849999,1.889999,384100,22.679991
2015-01-21,1.989999,1.999999,1.909999,1.929999,104700,23.15999
2015-01-20,2.069999,2.109999,1.969999,1.989999,106800,23.879991
2015-01-16,2.039999,2.069999,1.999999,2.059999,66700,24.719989
2015-01-15,2.039999,2.069999,1.999999,2.049999,111700,24.59999
2015-01-14,2.049999,2.149999,1.979999,2.019999,415900,24.23999
2015-01-13,2.149999,2.229999,2.049999,2.079999,403700,24.959989
2015-01-12,2.099999,2.219999,2.059999,2.139999,201200,25.679991
2015-01-09,2.179999,2.189999,2.069999,2.109999,201100,25.319989
2015-01-08,1.949999,2.349999,1.939999,2.209999,310600,26.519989
2015-01-07,1.969999,1.999999,1.849999,1.929999,148100,23.15999
2015-01-06,1.879999,1.979999,1.799999,1.949999,150400,23.399992
2015-01-05,1.889999,1.899999,1.719999,1.859999,95300,22.31999
2015-01-02,1.989999,2.019999,1.879999,1.949999,45800,23.399992
2014-12-31,1.929999,2.079999,1.899999,1.969999,133400,23.639991
2014-12-30,1.939999,1.939999,1.849999,1.919999,70500,23.039989
2014-12-29,1.949999,1.979999,1.919999,1.939999,81300,23.279991
2014-12-26,2.059999,2.089999,1.929999,1.959999,58200,23.519991
2014-12-24,2.099999,2.109999,2.019999,2.059999,82300,24.719989
2014-12-23,2.129999,2.199999,2.099999,2.119999,1938
00,25.439988
2014-12-22,2.049999,2.119999,1.899999,2.079999,293400,24.959989
2014-12-19,1.929999,2.019999,1.919999,2.009999,304100,24.119991
2014-12-18,2.099999,2.109999,1.899999,1.929999,258500,23.15999
2014-12-17,1.899999,2.039999,1.759999,1.949999,865900,23.399992
2014-12-16,1.919999,1.959999,1.899999,1.909999,216500,22.919991
2014-12-15,2.079999,2.089999,1.909999,1.939999,197400,23.279991
2014-12-12,2.009999,2.089999,1.969999,2.049999,198700,24.59999
2014-12-11,2.099999,2.109999,1.909999,2.019999,745300,24.23999
2014-12-10,2.379999,2.389999,2.029999,2.089999,195300,25.079989
2014-12-09,2.459999,2.489999,2.319999,2.399999,101400,28.799989
2014-12-08,2.839999,2.839999,2.479999,2.489999,116400,29.879989
2014-12-05,3.049999,3.109999,2.809999,2.829999,128800,33.959985
2014-12-04,3.039999,3.069999,2.979999,3.049999,77000,36.599983
2014-12-03,2.899999,3.079999,2.899999,3.029999,317700,36.359985
2014-12-02,2.979999,3.109999,2.829999,2.839999,149000,34.079984
2014-12-01,3.269999,3.289999,2.949999,2.959999,279000,35.519986
2014-11-28,3.429999,3.429999,3.269999,3.269999,64900,39.239985
2014-11-26,3.409999,3.459999,3.339998,3.399999,53700,40.799986
2014-11-25,3.579998,3.589998,3.339998,3.389999,350000,40.679983
2014-11-24,3.649999,3.689999,3.529999,3.579998,114700,42.959981
2014-11-21,3.709998,3.819998,3.549998,3.649999,344000,43.799985
2014-11-20,3.659999,3.699999,3.429999,3.619998,235000,43.439981
2014-11-19,3.859998,3.869998,3.669999,3.689999,98500,44.279984
2014-11-18,3.919998,3.959998,3.749998,3.879998,98100,46.559982
2014-11-17,3.799998,4.019998,3.729999,3.899999,200600,46.799984
2014-11-14,4.039998,4.079998,3.599999,4.009999,366700,48.119983
2014-11-13,4.369998,4.429998,4.079998,4.089998,97700,49.079981
2014-11-12,4.429998,4.459998,4.359998,4.399998,299800,52.799981
2014-11-11,4.669998,4.699998,4.429998,4.449998,101000,53.399975
2014-11-10,4.549998,4.599998,4.459998,4.559998,51300,54.719978
2014-11-07,4.479998,4.559998,4.459998,4.539998,77500,54.479977
2014-11-06,4.609998,4.649998,4.489998,4.489998,68500,53.879975
2014-11-05,4.729998,4.729998,4.489998,4.619998,72800,55.439975
2014-11-04,4.839998,4.929998,4.609998,4.689998,91500,56.279979
2014-11-03,4.879998,4.949998,4.829998,4.839998,41700,58.079978
2014-10-31,4.999998,5.039998,4.849998,4.889998,54500,58.679976
2014-10-30,4.849998,4.929998,4.709998,4.849998,95200,58.199976
2014-10-29,4.829998,5.039998,4.599998,4.889998,133900,58.679976
2014-10-28,4.699998,4.909998,4.679998,4.849998,95300,58.199976
2014-10-27,4.609998,4.699998,4.469998,4.679998,104800,56.159976
2014-10-24,4.689998,4.789998,4.579998,4.719998,70600,56.639976
2014-10-23,4.999998,5.059998,4.689998,4.719998,86200,56.639976
2014-10-22,5.299998,5.559998,4.929998,4.959998,109500,59.519976
2014-10-21,5.089998,5.349998,5.079998,5.189998,180500,62.279977
2014-10-20,4.839998,5.109998,4.829998,4.959998,103100,59.519976
2014-10-17,4.819998,4.879998,4.749998,4.849998,192700,58.199976
2014-10-16,4.529998,4.809998,4.379998,4.759998,210600,57.119979
2014-10-15,4.359998,4.469998,3.999998,4.469998,532500,53.639977
2014-10-14,4.549998,4.569998,4.189998,4.459998,177900,53.519978
2014-10-13,4.869998,4.899998,4.469998,4.489998,159400,53.879975
2014-10-10,4.959998,5.019998,4.659998,4.769998,195800,57.239978
2014-10-09,5.299998,5.349998,4.949998,4.989998,168800,59.879972
2014-10-08,5.559998,5.599997,5.099998,5.279998,145200,63.359978
2014-10-07,5.859998,5.869998,5.549998,5.549998,85700,66.599978
2014-10-06,5.999997,6.079997,5.659997,5.759998,121500,69.119974
2014-10-03,5.899998,6.059998,5.899998,5.999997,99900,71.99997
2014-10-02,5.649998,5.829997,5.569998,5.809998,93900,69.7199
72
2014-10-01,5.799998,5.879998,5.619998,5.629998,126200,67.559977
2014-09-30,6.059998,6.149998,5.819998,5.819998,72200,69.839975
2014-09-29,6.049998,6.209998,6.019997,6.059998,75400,72.719971
2014-09-26,6.109997,6.159997,5.969997,6.109997,100700,73.319969
2014-09-25,6.469997,6.479997,5.749998,6.149998,311200,73.799972
2014-09-24,6.629998,6.669997,6.449997,6.489997,494900,77.879965
2014-09-23,6.809997,6.899997,6.559997,6.609997,124600,79.319967
2014-09-22,7.149997,7.279997,6.809997,6.819997,100400,81.83997
2014-09-19,7.639997,7.859997,7.169997,7.209997,70000,86.519968
2014-09-18,7.649997,7.649997,7.449997,7.579997,46900,90.959961
2014-09-17,7.549997,7.709997,7.529997,7.619997,36600,91.439964
2014-09-16,7.569997,7.609997,7.399997,7.549997,74000,90.599968
2014-09-15,7.669997,7.749997,7.499997,7.509997,59200,90.119965
2014-09-12,8.079997,8.079997,7.629997,7.679996,70100,92.159958
2014-09-11,8.099997,8.159996,7.939997,8.059997,53100,96.719968
2014-09-10,8.009997,8.169997,7.939997,8.169997,80600,98.03996
2014-09-09,8.069996,8.089997,7.949997,8.019997,43300,96.239965
2014-09-08,8.139997,8.219997,8.059997,8.099997,53100,97.199964
2014-09-05,8.109997,8.209997,8.079997,8.139997,91200,97.679967
2014-09-04,8.069996,8.229996,8.019997,8.159996,98400,97.919957
2014-09-03,8.139997,8.259997,8.019997,8.039997,77700,96.479963
2014-09-02,8.029997,8.059997,7.839997,7.959997,34000,95.519964
2014-08-29,7.899997,7.999997,7.899997,7.979997,20300,95.759962
2014-08-28,7.939997,8.039997,7.899997,7.899997,15700,94.799963
2014-08-27,8.029997,8.119997,7.929996,7.939997,14300,95.279959
2014-08-26,7.939997,8.049997,7.909997,8.029997,18200,96.35996
2014-08-25,7.999997,8.089997,7.899997,7.909997,33700,94.919959
2014-08-22,8.119997,8.119997,7.979997,7.999997,37200,95.99996
2014-08-21,8.109997,8.209997,7.999997,8.129997,17300,97.559964
2014-08-20,8.089997,8.169997,7.969997,8.149996,33200,97.799955
2014-08-19,8.259997,8.259997,8.119997,8.159996,28900,97.919957
2014-08-18,7.949997,8.259997,7.929996,8.259997,50300,99.119961
2014-08-15,8.069996,8.099997,7.829997,7.839997,60400,94.079963
2014-08-14,7.699997,7.969997,7.659997,7.949997,63700,95.399962
2014-08-13,7.759997,7.759997,7.649997,7.669997,48600,92.039963
2014-08-12,7.789997,7.949997,7.559997,7.699997,61200,92.399963
2014-08-11,7.879997,7.989996,7.739997,7.829997,74800,93.95996
2014-08-08,7.719997,7.819997,7.649997,7.809997,14000,93.719962
2014-08-07,7.869997,7.969997,7.699997,7.749997,26400,92.999961
2014-08-06,7.859997,7.989996,7.849996,7.889997,27100,94.679961
2014-08-05,7.869997,7.969997,7.839997,7.919997,35900,95.039961
2014-08-04,7.859997,7.909997,7.709997,7.879997,55200,94.559966
2014-08-01,7.709997,7.999997,7.659997,7.799997,57500,93.599967
2014-07-31,8.049997,8.069996,7.589997,7.689997,93700,92.27996
2014-07-30,8.539997,8.669996,7.949997,7.999997,34900,95.99996
2014-07-29,8.279997,8.279997,8.069996,8.129997,41800,97.559964
2014-07-28,8.329996,8.349997,8.209997,8.239996,36400,98.879956
2014-07-25,8.259997,8.359996,8.199997,8.289997,23800,99.479962
2014-07-24,8.439996,8.529996,8.319996,8.339997,28100,100.07996
2014-07-23,8.549997,8.609996,8.379997,8.449997,24400,101.399959
2014-07-22,8.559997,8.729996,8.449997,8.559997,29400,102.719966
2014-07-21,8.619997,8.619997,8.489996,8.539997,11200,102.479961
2014-07-18,8.439996,8.709997,8.439996,8.709997,21600,104.519961
2014-07-17,8.549997,8.779996,8.459997,8.489996,27600,101.879955
2014-07-16,8.699996,8.699996,8.519997,8.569996,30500,
102.839953
2014-07-15,8.689996,8.759997,8.529996,8.619997,31300,103.439959
2014-07-14,8.729996,8.779996,8.679997,8.729996,21800,104.759951
2014-07-11,8.609996,8.759997,8.589997,8.599997,34000,103.199962
2014-07-10,8.549997,8.769997,8.509997,8.649996,43600,103.799952
2014-07-09,8.779996,8.829996,8.709997,8.769997,80100,105.239962
2014-07-08,8.829996,8.849997,8.699996,8.749996,43500,104.999956
2014-07-07,8.969997,8.969997,8.709997,8.809997,27900,105.719965
2014-07-03,8.989996,9.059997,8.879997,9.039997,14300,108.479958
2014-07-02,8.949996,9.089996,8.919996,8.949996,33600,107.399957
2014-07-01,8.879997,9.019997,8.799997,8.989996,36800,107.879952
2014-06-30,8.759997,8.899996,8.699996,8.899996,45300,106.799951
2014-06-27,8.649996,8.879997,8.649996,8.809997,112500,105.719965
2014-06-26,8.789997,8.789997,8.649996,8.729996,11700,104.759951
2014-06-25,8.569996,8.799997,8.559997,8.799997,27300,105.599962
2014-06-24,8.989996,8.989996,8.619997,8.649996,67400,103.799952
2014-06-23,9.249996,9.249996,8.999996,9.019997,13400,108.23996
2014-06-20,9.209997,9.249996,9.099997,9.209997,51500,110.519958
2014-06-19,9.369996,9.379997,9.049997,9.149996,30300,109.79995
2014-06-18,9.299997,9.309997,9.199996,9.289996,30900,111.479957
2014-06-17,9.349996,9.349996,9.209997,9.279996,21900,111.359954
2014-06-16,9.149996,9.439996,9.149996,9.349996,45600,112.199958
2014-06-13,9.089996,9.159996,9.019997,9.139997,30400,109.679962
2014-06-12,9.149996,9.179996,8.949996,9.039997,20800,108.479958
2014-06-11,9.279996,9.319996,9.149996,9.179996,16600,110.159958
2014-06-10,9.249996,9.379997,9.199996,9.289996,14700,111.479957
2014-06-09,9.259996,9.459996,9.109996,9.319996,21400,111.83995
2014-06-06,9.279996,9.349996,9.099997,9.299997,29100,111.59996
2014-06-05,9.039997,9.199996,8.959997,9.199996,29200,110.399955
2014-06-04,8.899996,9.049997,8.819996,8.999996,21500,107.999955
2014-06-03,8.899996,9.039997,8.879997,8.969997,23900,107.639962
2014-06-02,9.169996,9.289996,8.809997,8.959997,21500,107.519959
2014-05-30,9.249996,9.319996,9.049997,9.189996,24100,110.279953
2014-05-29,9.279996,9.349996,9.199996,9.209997,12600,110.519958
2014-05-28,9.179996,9.389997,9.179996,9.269997,26700,111.239959
2014-05-27,8.969997,9.239996,8.859996,9.209997,31100,110.519958
2014-05-23,8.819996,8.899996,8.719997,8.869997,17200,106.439958
2014-05-22,8.759997,8.899996,8.759997,8.779996,17500,105.359957
2014-05-21,8.729996,8.779996,8.679997,8.759997,35900,105.119959
2014-05-20,8.779996,8.779996,8.639997,8.669996,51400,104.039958
2014-05-19,8.689996,8.889997,8.649996,8.759997,34900,105.119959
2014-05-16,8.659996,8.769997,8.589997,8.759997,28000,105.119959
2014-05-15,8.539997,8.729996,8.539997,8.699996,47300,104.399958
2014-05-14,8.789997,8.829996,8.539997,8.609996,42100,103.319957
2014-05-13,8.939996,8.939996,8.769997,8.809997,45000,105.719965
2014-05-12,8.529996,8.979996,8.529996,8.929997,35300,107.159959
2014-05-09,8.329996,8.509997,8.299997,8.509997,67700,102.11996
2014-05-08,8.529996,8.699996,8.299997,8.369997,69600,100.439961
2014-05-07,8.809997,8.839996,8.449997,8.489996,45700,101.879955
2014-05-06,8.939996,8.989996,8.649996,8.769997,52000,105.239962
2014-05-05,8.889997,9.049997,8.789997,9.009996,49000,108.119958
2014-05-02,8.789997,8.949996,8.789997,8.929997,38300,107.159959
2014-05-01,8.899996,8.989996,8.709997,8.759997,69000,105.119959
2014-04-30,8.679997,9.029996,8.399996,8.949996,83000,107.399957
2014-04-29,8.879997,8.879997,8.649996,8.849997,45000,106.19996
2014-04-28,9.029996,9.049997,8.739996,8.799997,86700,105.599962
2014-04-25,9.119996,9.249996,8.969997,9.029996,46700,108.359955
2014-04-24,9.329996,9.399996,9.149996,9.189996,30900,110.279953
2014-04-23,9.409996,9.429996,9.199996,9.299997,36100,111.59996
2014-04-22,9.279996,9.479996,9.159996,9.369996,33000,112.439956
2014-04-21,9.289996,9.369996,9.209997,9.289996,14800,111.479957
2014-04-17,9.219997,9.339996,9.209997,9.319996,34700,111.83995
2014-04-16,9.299997,9.
299997,9.099997,9.259996,38100,111.119956
2014-04-15,9.189996,9.229996,9.089996,9.199996,67600,110.399955
2014-04-14,9.349996,9.349996,9.019997,9.119996,42600,109.439957
2014-04-11,9.449996,9.559997,9.189996,9.219997,80600,110.639961
2014-04-10,9.749996,9.789996,9.479996,9.509996,81900,114.119955
2014-04-09,9.699996,9.799996,9.599996,9.769996,25400,117.239957
2014-04-08,9.629996,9.719997,9.549997,9.629996,50100,115.559957
2014-04-07,9.829996,9.839996,9.619996,9.639997,66500,115.67996
2014-04-04,10.159996,10.189996,9.839996,9.879996,80400,118.559956
2014-04-03,10.079996,10.179996,9.939996,10.049996,51400,120.599956
2014-04-02,10.239995,10.249996,10.039996,10.119996,79700,121.439952
2014-04-01,10.019996,10.329996,9.959996,10.249996,153200,122.999949
2014-03-31,9.899995,10.119996,9.879996,10.109996,1525000,121.319949
2014-03-28,9.889997,9.989996,9.779996,9.889997,96400,118.679958
2014-03-27,9.859996,10.029996,9.749996,9.849996,75200,118.199955
2014-03-26,9.879996,9.929996,9.669996,9.819996,47500,117.839947
2014-03-25,9.929996,10.059997,9.839996,9.849996,98500,118.199955
2014-03-24,9.809997,9.969996,9.699996,9.919996,125800,119.039951
2014-03-21,9.729995,9.929996,9.699996,9.839996,84200,118.079953
2014-03-20,9.749996,9.799996,9.489996,9.749996,42500,116.999951
2014-03-19,9.749996,9.819996,9.659996,9.819996,72600,117.839947
2014-03-18,9.589996,9.749996,9.589996,9.749996,83500,116.999951
2014-03-17,9.299997,9.669996,9.289996,9.639997,75600,115.67996
2014-03-14,9.649996,9.699996,9.269997,9.299997,117000,111.59996
2014-03-13,9.829996,9.999996,9.539996,9.589996,57700,115.079954
2014-03-12,9.899995,9.959996,9.759996,9.849996,130600,118.199955
2014-03-11,9.949996,10.119996,9.729995,10.019996,495000,120.239955
2014-03-10,10.159996,10.199996,9.939996,9.999996,54400,119.99995
2014-03-07,9.919996,10.199996,9.769996,10.159996,156300,121.919947
2014-03-06,10.089996,10.089996,9.709996,9.839996,404300,118.079953
2014-03-05,9.689996,9.799996,9.689996,9.709996,108900,116.519956
2014-03-04,9.439996,9.889997,9.379997,9.629996,84800,115.559957
2014-03-03,9.349996,9.439996,9.239996,9.399996,36700,112.799948
2014-02-28,9.429996,9.639997,9.399996,9.449996,48300,113.399954
2014-02-27,9.399996,9.559997,9.399996,9.449996,136900,113.399954
2014-02-26,9.219997,9.449996,9.189996,9.399996,19200,112.799948
2014-02-25,9.199996,9.319996,9.089996,9.159996,14500,109.919952
2014-02-24,9.329996,9.379997,9.249996,9.259996,10600,111.119956
2014-02-21,9.369996,9.479996,9.199996,9.329996,117300,111.959952
2014-02-20,9.299997,9.369996,9.159996,9.299997,12800,111.59996
2014-02-19,9.549997,9.549997,9.309997,9.309997,29200,111.719962
2014-02-18,9.799996,9.799996,9.489996,9.559997,8200,114.719961
2014-02-14,9.619996,9.699996,9.409996,9.589996,23300,115.079954
2014-02-13,9.619996,9.759996,9.519996,9.699996,7100,116.399953
2014-02-12,9.759996,9.779996,9.509996,9.699996,12600,116.399953
2014-02-11,9.809997,9.809997,9.659996,9.739996,14700,116.879948
2014-02-10,9.699996,9.749996,9.699996,9.729995,8500,116.759946
2014-02-07,9.739996,9.849996,9.699996,9.729995,8300,116.759946
2014-02-06,9.819996,9.929996,9.639997,9.699996,65800,116.399953
2014-02-05,9.899995,9.989996,9.799996,9.819996,18000,117.839947
2014-02-04,9.609996,9.939996,9.299997,9.919996,25700,119.039951
2014-02-03,9.839996,9.949996,9.549997,9.559997,36100,114.719961
2014-01-31,9.819996,9.999996,9.739996,9.819996,15200,117.839947
2014-01-30,9.859996,9.959996,9.729995,9.829996,13500,117.95995
2014-01-29,9.949996,9.979995,9.719997,9.859996,7900,118.31995
2014-01-28,9.829996,9.989996,9.699996,9.959996,14800,119.519954
2014-01-27,9.849996,10.139996,9.599996,9.769996,88700,117.239957
2014-01-24,9.969996,10.009996,9.599996,9.649996,64900,115.799947
2014-01-23,10.159996,10.269996,9.809997,9.899995,61700,118.799946
2014-01-22,10.439996,10.439996,10.119996,10.279996,26500,123.359949
2014-01-21,10.729995,10.729995,10.339996,10.439996,17600,125.2799
47
2014-01-17,10.629996,10.629996,10.279996,10.349996,26000,124.199953
2014-01-16,10.249996,10.669996,10.109996,10.579996,98700,126.959946
2014-01-15,9.829996,10.239995,9.829996,10.239995,102200,122.879946
2014-01-14,9.899995,9.909996,9.709996,9.799996,107500,117.599957
2014-01-13,9.999996,9.999996,9.799996,9.819996,42800,117.839947
2014-01-10,9.989996,9.989996,9.779996,9.899995,15400,118.799946
2014-01-09,10.189996,10.189996,9.799996,9.859996,40800,118.31995
2014-01-08,9.849996,10.049996,9.759996,9.959996,51000,119.519954
2014-01-07,9.799996,10.039996,9.759996,9.799996,224800,117.599957
2014-01-06,9.859996,9.899995,9.729995,9.729995,125800,116.759946
2014-01-03,9.719997,9.779996,9.539996,9.709996,35300,116.519956
2014-01-02,9.949996,10.049996,9.699996,9.719997,55100,116.639958
2013-12-31,9.749996,10.049996,9.749996,10.049996,20100,120.599956
2013-12-30,9.909996,9.909996,9.669996,9.749996,26500,116.999951
2013-12-27,10.109996,10.119996,9.649996,9.989996,57700,119.879947
2013-12-26,10.099996,10.099996,9.789996,9.979995,22900,119.759945
2013-12-24,9.739996,10.179996,9.729995,10.049996,13800,120.599956
2013-12-23,9.399996,9.729995,9.299997,9.699996,67700,116.399953
2013-12-20,9.399996,9.579996,9.379997,9.379997,127200,112.559958
2013-12-19,9.549997,9.679996,9.249996,9.399996,45500,112.799948
2013-12-18,9.609996,9.639997,9.369996,9.589996,25700,115.079954
2013-12-17,9.849996,9.849996,9.579996,9.659996,9800,115.91995
2013-12-16,9.829996,9.849996,9.589996,9.689996,2400,116.27995
2013-12-13,9.419996,9.799996,9.399996,9.749996,59500,116.999951
2013-12-12,9.749996,9.999996,9.039997,9.499996,474600,113.999952