Date,Open,High,Low,Close,Volume,Adj Close
2016-08-12,30.040001,30.395,30.01,30.15,737200,30.15
2016-08-11,30.00,30.07,29.610001,29.889999,900800,29.889999
2016-08-10,30.030001,30.129999,29.940001,30.00,787100,30.00
2016-08-09,29.620001,30.059999,29.309999,29.959999,956600,29.959999
2016-08-08,29.709999,29.709999,29.26,29.549999,1426900,29.549999
2016-08-05,30.10,30.10,29.309999,29.67,1316400,29.67
2016-08-04,30.49,30.98,29.91,30.08,1060300,30.08
2016-08-03,30.450001,30.540001,30.01,30.309999,1120500,30.309999
2016-08-02,31.120001,31.219999,30.459999,30.52,1183400,30.52
2016-08-01,31.15,31.299999,30.99,31.18,1335300,31.18
2016-07-29,30.629999,31.440001,30.629999,31.190001,1688100,31.190001
2016-07-28,30.049999,30.83,30.049999,30.690001,1232500,30.690001
2016-07-27,30.059999,30.15,29.84,30.049999,1323800,30.049999
2016-07-26,30.10,30.18,29.93,30.10,863200,30.10
2016-07-25,30.139999,30.139999,29.73,29.98,694800,29.98
2016-07-22,29.809999,30.17,29.809999,30.049999,537300,30.049999
2016-07-21,29.58,29.83,29.410999,29.799999,1004300,29.799999
2016-07-20,29.719999,29.719999,29.530001,29.65,611800,29.65
2016-07-19,29.49,29.65,29.440001,29.639999,654900,29.639999
2016-07-18,29.35,29.559999,29.264999,29.49,552700,29.49
2016-07-15,29.34,29.465,29.09,29.290001,997700,29.290001
2016-07-14,29.34,29.485001,29.209999,29.24,972800,29.24
2016-07-13,29.51,29.75,29.309999,29.60,1138400,29.60
2016-07-12,29.610001,29.75,29.120001,29.459999,1873800,29.459999
2016-07-11,29.76,29.809999,29.450001,29.68,1076400,29.68
2016-07-08,29.530001,29.83,29.32,29.66,1352400,29.66
2016-07-07,29.58,29.59,29.040001,29.440001,1708600,29.440001
2016-07-06,29.610001,29.84,29.41,29.620001,1438000,29.620001
2016-07-05,29.309999,29.695,29.239,29.60,1160300,29.60
2016-07-01,29.549999,29.67,29.120001,29.27,1217300,29.27
2016-06-30,28.709999,29.469999,28.559999,29.450001,3066600,29.450001
2016-06-29,28.40,28.77,28.34,28.73,1407800,28.73
2016-06-28,27.85,28.299999,27.643,28.280001,2158700,28.280001
2016-06-27,27.76,27.91,27.33,27.85,2250200,27.58
2016-06-24,26.690001,27.93,26.68,27.790001,10718400,27.520582
2016-06-23,27.24,27.379999,27.01,27.040001,1208300,26.777853
2016-06-22,27.16,27.27,27.00,27.190001,1307300,26.926399
2016-06-21,26.860001,27.205,26.860001,27.16,1392300,26.896689
2016-06-20,27.02,27.139999,26.83,26.879999,1175100,26.619403
2016-06-17,27.15,27.219999,26.635,26.950001,1980800,26.688725
2016-06-16,26.75,27.219999,26.74,27.139999,1636600,26.876882
2016-06-15,26.59,26.92,26.370001,26.860001,1742500,26.599598
2016-06-14,26.450001,26.610001,26.26,26.60,1835700,26.342118
2016-06-13,26.540001,26.809999,26.43,26.459999,1405500,26.203474
2016-06-10,26.57,26.959999,26.530001,26.68,1047500,26.421343
2016-06-09,26.540001,26.940001,26.389999,26.780001,1086600,26.520374
2016-06-08,26.469999,26.66,26.309999,26.549999,824100,26.292602
2016-06-07,26.33,26.50,26.305,26.469999,1105500,26.213378
2016-06-06,26.1
8,26.450001,26.17,26.299999,2634300,26.045026
2016-06-03,26.120001,26.27,26.030001,26.219999,1438400,25.965801
2016-06-02,25.52,25.83,25.43,25.799999,1329500,25.549873
2016-06-01,25.43,25.690001,25.379999,25.51,1423300,25.262686
2016-05-31,25.76,25.805,25.405001,25.530001,2321700,25.282492
2016-05-27,25.40,25.799999,25.40,25.690001,1277400,25.440941
2016-05-26,25.370001,25.52,25.17,25.370001,920500,25.124043
2016-05-25,25.469999,25.52,25.040001,25.32,1500400,25.074527
2016-05-24,25.299999,25.52,25.073,25.389999,3372000,25.143848
2016-05-23,25.00,25.35,24.98,25.27,1534700,25.025012
2016-05-20,25.209999,25.24,24.889999,25.059999,1290700,24.817047
2016-05-19,25.33,25.33,24.809999,25.049999,1722200,24.807144
2016-05-18,25.68,25.809999,25.290001,25.49,3187800,25.242879
2016-05-17,25.92,26.15,25.59,25.73,9068500,25.480552
2016-05-16,26.049999,26.427,25.895,26.24,1244700,25.985608
2016-05-13,26.26,26.290001,25.77,25.950001,1411600,25.69842
2016-05-12,26.42,26.559999,26.09,26.35,2535800,26.094542
2016-05-11,26.50,26.610001,25.940001,26.280001,1232400,26.025221
2016-05-10,26.74,26.85,26.41,26.52,1103500,26.262894
2016-05-09,26.48,26.799999,26.370001,26.610001,1461200,26.352022
2016-05-06,26.48,26.74,26.34,26.43,2060400,26.173766
2016-05-05,25.93,26.889999,25.02,26.459999,3068500,26.203474
2016-05-04,26.049999,26.75,26.00,26.59,2422700,26.332215
2016-05-03,25.85,26.200001,25.84,26.129999,1268800,25.876674
2016-05-02,25.889999,26.299999,25.83,25.91,1934100,25.658807
2016-04-29,25.700001,25.870001,25.42,25.67,1137100,25.421134
2016-04-28,25.719999,25.99,25.719999,25.85,747400,25.599389
2016-04-27,25.91,26.00,25.549999,25.90,787900,25.648904
2016-04-26,25.90,26.15,25.780001,25.940001,1151800,25.688517
2016-04-25,25.57,25.90,25.32,25.90,820900,25.648904
2016-04-22,25.309999,25.540001,25.171,25.52,992500,25.272589
2016-04-21,26.120001,26.139999,25.18,25.190001,1417600,24.945788
2016-04-20,26.950001,26.950001,26.110001,26.18,1471400,25.92619
2016-04-19,26.57,26.950001,26.48,26.950001,1661100,26.688725
2016-04-18,26.450001,26.59,26.400999,26.58,969700,26.322312
2016-04-15,26.290001,26.49,26.25,26.40,1427800,26.144057
2016-04-14,26.559999,26.639999,26.209999,26.23,1029100,25.975705
2016-04-13,26.90,26.90,26.309999,26.629999,1697800,26.371826
2016-04-12,26.60,26.790001,26.450001,26.790001,2905100,26.530277
2016-04-11,26.24,26.690001,26.24,26.49,2471400,26.233184
2016-04-08,26.01,26.225,25.82,26.200001,3384200,25.945997
2016-04-07,25.870001,26.02,25.639999,25.92,1399100,25.66871
2016-04-06,25.940001,26.040001,25.67,25.879999,1479900,25.629097
2016-04-05,25.51,25.90,25.379999,25.860001,2129600,25.609293
2016-04-04,25.700001,25.75,25.26,25.639999,1927900,25.391424
2016-04-01,25.809999,25.889999,25.315001,25.58,2612600,25.332007
2016-03-31,25.65,26.040001,25.65,25.879999,3809200,25.629097
2016-03-30,25.42,25.969999,25.309999,25.709999,15289400,25.460745
2016-03-29,25.280001,25.98,25.25,25.98,1538800,25.728128
2016-03-28,25.889999,25.93,25.42,25.57,2096500,25.054721
2016-03-24,25.709999,25.870001,25.620001,25.809999,1236800,25.289885
2016-03-23,25.719999,25.879999,25.65,25.76,972500,25.240893
2016-03-22,25.780001,26.00,25.57,25.76,1285400,25.240893
2016-03-21,25.77,26.030001,25.530001,25.780001,1314100,25.26049
2016-03-18,25.
860001,25.995001,25.60,25.90,2428200,25.378071
2016-03-17,25.549999,26.08,25.43,25.75,1694700,25.231094
2016-03-16,25.10,25.549999,24.959999,25.540001,869100,25.025327
2016-03-15,24.92,25.219999,24.889999,25.110001,1063700,24.603992
2016-03-14,25.02,25.139999,24.955,24.99,632500,24.486409
2016-03-11,24.870001,25.08,24.82,24.950001,2110800,24.447216
2016-03-10,24.700001,24.799999,24.40,24.65,1427500,24.153261
2016-03-09,24.52,24.77,24.43,24.629999,1995200,24.133663
2016-03-08,24.280001,24.469999,24.139999,24.43,1830600,23.937695
2016-03-07,24.10,24.280001,24.049999,24.25,2111200,23.761322
2016-03-04,24.360001,24.379999,24.10,24.120001,1682500,23.633942
2016-03-03,24.389999,24.41,24.25,24.370001,1185400,23.878905
2016-03-02,24.309999,24.379999,24.10,24.32,2151500,23.829911
2016-03-01,24.23,24.42,24.15,24.33,2818800,23.83971
2016-02-29,24.17,24.25,24.10,24.15,2781900,23.663337
2016-02-26,24.23,24.43,24.00,24.10,9456600,23.614345
2016-02-25,24.60,25.07,24.60,24.85,803800,24.349231
2016-02-24,24.809999,24.98,24.25,24.559999,1004400,24.065074
2016-02-23,26.24,26.35,24.370001,24.83,1730500,24.329634
2016-02-22,25.719999,25.940001,25.530001,25.639999,929200,25.12331
2016-02-19,25.33,25.65,25.25,25.51,954600,24.995931
2016-02-18,25.48,25.49,25.110001,25.299999,985100,24.790162
2016-02-17,25.700001,25.780001,25.27,25.50,1050400,24.986132
2016-02-16,25.42,25.545,25.059999,25.52,661900,25.00573
2016-02-12,25.219999,25.275,24.549999,25.09,713600,24.584395
2016-02-11,24.59,25.24,24.50,24.99,1159400,24.486409
2016-02-10,25.25,25.57,24.825001,24.92,732800,24.41782
2016-02-09,24.58,25.26,24.57,25.16,1517300,24.652984
2016-02-08,25.290001,25.325001,24.34,24.83,1513300,24.329634
2016-02-05,25.58,25.65,25.309999,25.40,1280100,24.888147
2016-02-04,25.309999,25.610001,25.15,25.58,1108800,25.06452
2016-02-03,25.280001,25.690001,24.924999,25.32,1628200,24.809759
2016-02-02,25.219999,25.469999,24.98,25.469999,1227300,24.956736
2016-02-01,24.66,25.35,24.50,25.219999,1576700,24.711774
2016-01-29,24.610001,25.559999,24.450001,24.790001,2652800,24.290441
2016-01-28,23.870001,24.469999,23.719999,24.389999,3436500,23.8985
2016-01-27,23.25,24.10,23.25,23.73,6021100,23.2518
2016-01-26,23.67,23.959999,23.43,23.75,820600,23.271398
2016-01-25,23.68,23.940001,23.309999,23.50,938300,23.026436
2016-01-22,23.129999,23.792999,22.98,23.68,1238900,23.202809
2016-01-21,22.629999,23.10,22.51,22.879999,1294500,22.418929
2016-01-20,22.76,22.795,22.01,22.540001,1112000,22.085782
2016-01-19,22.549999,22.879999,22.51,22.82,704100,22.360138
2016-01-15,22.120001,22.450001,22.004999,22.379999,912100,21.929005
2016-01-14,22.60,22.610001,22.23,22.450001,642100,21.997596
2016-01-13,23.030001,23.040001,22.34,22.450001,755700,21.997596
2016-01-12,23.219999,23.219999,22.91,23.030001,922300,22.565908
2016-01-11,22.75,23.10,22.709999,22.98,501200,22.516914
2016-01-08,22.799999,22.950001,22.620001,22.709999,652500,22.252355
2016-01-07,22.75,22.93,22.620001,22.74,530400,22.281751
2016-01-06,23.110001,23.23,22.98,22.99,638100,22.526713
2016-01-05,22.809999,23.219999,22.809999,23.16,1864600,22.693287
2016-01-04,23.059999,23.059999,22.58,22.76,623300,22.301348
2015-12-31,23
.40,23.459999,23.09,23.200001,503800,22.732482
2015-12-30,23.33,23.540001,23.27,23.32,515400,22.850063
2015-12-29,22.780001,23.290001,22.780001,23.290001,558500,22.820668
2015-12-28,22.93,23.07,22.77,23.040001,217900,22.311147
2015-12-24,23.09,23.098,22.860001,22.91,96300,22.185259
2015-12-23,22.84,23.07,22.73,23.040001,433400,22.311147
2015-12-22,22.83,22.91,22.74,22.790001,535700,22.069056
2015-12-21,22.99,23.07,22.639999,22.809999,456900,22.088422
2015-12-18,22.91,23.030001,22.75,22.889999,1756200,22.165891
2015-12-17,22.950001,23.049999,22.83,22.950001,583900,22.223994
2015-12-16,22.60,22.99,22.459999,22.940001,940200,22.21431
2015-12-15,22.620001,22.77,22.40,22.450001,1064700,21.739811
2015-12-14,22.67,22.83,22.385,22.48,1061800,21.768861
2015-12-11,22.23,22.950001,22.15,22.67,1766100,21.952851
2015-12-10,22.940001,23.02,22.67,22.719999,742700,22.001269
2015-12-09,22.85,23.049999,22.67,22.90,806800,22.175575
2015-12-08,22.83,23.17,22.74,23.00,915900,22.272412
2015-12-07,22.969999,22.969999,22.690001,22.940001,739000,22.21431
2015-12-04,22.469999,22.969999,22.440001,22.76,845300,22.040004
2015-12-03,22.799999,22.84,22.389999,22.440001,1198800,21.730127
2015-12-02,22.450001,22.889999,22.27,22.75,8280100,22.03032
2015-12-01,22.780001,23.059999,22.684999,23.049999,327500,22.320829
2015-11-30,23.040001,23.09,22.73,22.76,415100,22.040004
2015-11-27,22.67,22.969999,22.645,22.90,136400,22.175575
2015-11-25,22.610001,22.75,22.549999,22.73,192600,22.010953
2015-11-24,22.450001,22.67,22.25,22.540001,233900,21.826964
2015-11-23,22.26,22.545,22.25,22.530001,305200,21.817281
2015-11-20,22.07,22.290001,22.02,22.25,252100,21.546137
2015-11-19,21.969999,22.040001,21.85,21.93,224800,21.236261
2015-11-18,21.860001,21.995001,21.73,21.950001,182900,21.255628
2015-11-17,21.75,21.975,21.57,21.870001,343700,21.178159
2015-11-16,21.60,21.85,21.559999,21.780001,252900,21.091006
2015-11-13,21.84,22.00,21.48,21.65,358700,20.965118
2015-11-12,22.85,22.85,21.790001,21.82,426900,21.12974
2015-11-11,21.530001,21.75,21.42,21.66,518800,20.974802
2015-11-10,21.35,21.610001,21.290001,21.50,423900,20.819863
2015-11-09,21.67,21.67,21.190001,21.32,570200,20.645557
2015-11-06,22.219999,22.360001,21.65,21.75,820200,21.061955
2015-11-05,22.59,22.67,22.34,22.450001,703100,21.739811
2015-11-04,22.92,22.92,22.43,22.549999,462000,21.836646
2015-11-03,22.76,22.92,22.530001,22.82,423700,22.098106
2015-11-02,22.620001,22.83,22.440001,22.83,920600,22.10779
2015-10-30,22.83,22.870001,22.450001,22.67,444400,21.952851
2015-10-29,23.02,23.112,22.52,22.780001,660700,22.059372
2015-10-28,22.879999,23.049999,22.610001,23.049999,735000,22.320829
2015-10-27,23.00,23.129999,22.58,22.879999,691800,22.156207
2015-10-26,22.540001,22.68,22.42,22.639999,451700,21.9238
2015-10-23,22.639999,22.780001,22.35,22.51,633200,21.797913
2015-10-22,22.219999,22.860001,22.18,22.629999,431900,21.914116
2015-10-21,22.27,22.365,22.10,22.139999,256000,21.439617
2015-10-20,22.219999,22.42,22.120001,22.26,378400,21.555821
2015-10-19,21.74,22.25,21.610001,22.24,429500,21.536454
2015-10-16,21.620001,22.10,21.549999,22.08,588400,21.381515
2015-10-15,21.40,21.620001,21.040001,21.57,663400,20.887648
2015-10-14,21.629999,21.75,21.309999,21.370001,409600,20.693976
2015-10-13,21.68,21.77,21.469999,21.60,417400,20.9167
2015-10-12,21.65,21.92,21.639999,21.709999,4
43700,21.023219
2015-10-09,21.610001,21.77,21.48,21.620001,449400,20.936068
2015-10-08,21.50,21.709999,21.440001,21.57,413600,20.887648
2015-10-07,21.370001,21.610001,21.299999,21.540001,347100,20.858599
2015-10-06,21.190001,21.40,21.120001,21.309999,328600,20.635873
2015-10-05,20.99,21.25,20.924,21.16,604100,20.490619
2015-10-02,20.629999,20.940001,20.360001,20.93,793800,20.267895
2015-10-01,20.709999,20.809999,20.549999,20.700001,449200,20.045171
2015-09-30,20.889999,20.889999,20.540001,20.66,698900,20.006436
2015-09-29,20.629999,20.959999,20.563999,20.77,760000,20.112957
2015-09-28,20.91,20.98,20.41,20.559999,435200,19.909599
2015-09-25,21.389999,21.455,21.129999,21.18,727800,20.248528
2015-09-24,21.51,21.59,21.225,21.309999,451900,20.37281
2015-09-23,21.389999,21.629999,21.209999,21.52,491500,20.573575
2015-09-22,21.35,21.51,21.08,21.33,824800,20.391931
2015-09-21,21.73,21.809999,21.43,21.530001,508400,20.583136
2015-09-18,21.209999,21.83,21.209999,21.58,2180800,20.630936
2015-09-17,21.02,21.709999,20.879999,21.40,602700,20.458852
2015-09-16,20.389999,21.15,20.389999,21.08,616500,20.152925
2015-09-15,20.51,20.622,20.32,20.459999,402000,19.560191
2015-09-14,20.50,20.57,20.34,20.48,436200,19.579312
2015-09-11,20.09,20.459999,20.09,20.40,1219700,19.502831
2015-09-10,19.799999,20.32,19.700001,20.139999,1273700,19.254265
2015-09-09,20.440001,20.50,19.82,19.860001,603600,18.98658
2015-09-08,20.040001,20.42,19.91,20.309999,543800,19.416789
2015-09-04,19.92,20.209999,19.73,19.82,423000,18.948339
2015-09-03,19.91,20.280001,19.91,20.110001,358300,19.225586
2015-09-02,19.940001,19.99,19.65,19.98,931000,19.101302
2015-09-01,19.91,20.200001,19.629999,19.790001,452600,18.919659
2015-08-31,20.50,20.60,20.08,20.16,553800,19.273386
2015-08-28,20.610001,20.83,20.450001,20.629999,414000,19.722715
2015-08-27,20.35,20.77,20.139999,20.59,542600,19.684475
2015-08-26,20.48,20.49,20.025,20.23,618200,19.340307
2015-08-25,20.790001,20.790001,20.09,20.129999,741900,19.244705
2015-08-24,20.690001,20.690001,19.84,20.26,576400,19.368988
2015-08-21,21.129999,21.540001,21.030001,21.059999,506900,20.133804
2015-08-20,21.469999,21.549999,21.299999,21.35,229600,20.411051
2015-08-19,21.52,21.709999,21.34,21.559999,202800,20.611815
2015-08-18,21.719999,21.799999,21.540001,21.66,419800,20.707418
2015-08-17,21.690001,21.870001,21.65,21.84,316600,20.879502
2015-08-14,21.700001,21.879999,21.48,21.76,255500,20.80302
2015-08-13,22.00,22.370001,21.360001,21.780001,891700,20.822141
2015-08-12,21.219999,21.40,21.10,21.35,592800,20.411051
2015-08-11,20.93,21.450001,20.90,21.299999,460000,20.363249
2015-08-10,21.34,21.379999,20.950001,20.969999,256300,20.047762
2015-08-07,21.09,21.309999,20.934999,21.309999,300800,20.37281
2015-08-06,21.07,21.290001,20.809999,21.200001,348300,20.267649
2015-08-05,21.549999,21.57,20.950001,21.10,289000,20.172046
2015-08-04,21.459999,21.639999,21.309999,21.49,554200,20.544894
2015-08-03,20.950001,21.50,20.91,21.440001,387100,20.497094
2015-07-31,21.110001,21.23,20.959999,21.00,627300,20.076444
2015-07-30,21.15,21.200001,20.92,20.959999,496400,20.038202
2015-07-29,20.93,21.27,20.700001,21.209999,343000,20.277207
2015-07-28,20.93,21.690001,20.68,20.969999,295100,20.047762
2015-07-27,20.809999,21.209999,20.719999,20.870001,208900,19.95
2162
2015-07-24,20.91,21.08,20.780001,20.780001,253300,19.86612
2015-07-23,21.50,21.568001,20.870001,20.91,647500,19.990402
2015-07-22,21.01,21.24,20.959999,21.10,210500,20.172046
2015-07-21,20.99,21.15,20.84,20.950001,213500,20.028643
2015-07-20,21.10,21.25,20.959999,21.030001,217400,20.105125
2015-07-17,20.969999,21.129999,20.889999,21.120001,222300,20.191167
2015-07-16,20.950001,21.08,20.870001,20.969999,209800,20.047762
2015-07-15,20.66,20.905001,20.66,20.860001,291000,19.942601
2015-07-14,20.68,20.799999,20.620001,20.76,300500,19.846999
2015-07-13,20.75,21.02,20.559999,20.690001,267600,19.780078
2015-07-10,20.60,20.780001,20.57,20.719999,228000,19.808757
2015-07-09,20.709999,20.74,20.49,20.50,345900,19.598433
2015-07-08,20.459999,20.620001,20.40,20.58,616000,19.674915
2015-07-07,20.40,20.629999,20.290001,20.57,883500,19.665354
2015-07-06,20.10,20.50,20.01,20.35,732800,19.45503
2015-07-02,20.35,20.52,20.02,20.16,1042000,19.273386
2015-07-01,20.110001,20.40,19.91,20.379999,425100,19.48371
2015-06-30,20.440001,20.440001,19.98,20.10,494500,19.216025
2015-06-29,20.450001,20.700001,20.200001,20.26,575400,19.368988
2015-06-26,20.219999,20.50,20.07,20.50,368100,19.598433
2015-06-25,20.559999,20.66,20.440001,20.469999,1228700,19.330746
2015-06-24,20.68,20.780001,20.50,20.559999,904100,19.415738
2015-06-23,21.00,21.035,20.639999,20.65,690200,19.500729
2015-06-22,21.280001,21.360001,21.030001,21.040001,417900,19.869025
2015-06-19,21.370001,21.40,21.08,21.26,653100,20.07678
2015-06-18,21.00,21.440001,20.98,21.360001,427900,20.171215
2015-06-17,20.91,21.059999,20.73,21.01,386500,19.840694
2015-06-16,20.959999,20.988001,20.809999,20.85,546400,19.689599
2015-06-15,20.77,20.91,20.700001,20.83,384100,19.670711
2015-06-12,20.709999,21.09,20.705,20.860001,1367600,19.699042
2015-06-11,20.559999,20.82,20.469999,20.75,737400,19.595164
2015-06-10,20.379999,20.59,20.299999,20.469999,589800,19.330746
2015-06-09,20.559999,20.67,20.280001,20.35,603900,19.217426
2015-06-08,20.719999,20.798,20.559999,20.620001,866000,19.4724
2015-06-05,20.35,20.945,20.35,20.799999,1792300,19.64238
2015-06-04,20.195,20.84,19.959999,20.700001,8698000,19.547947
2015-06-03,20.90,20.90,20.315001,20.370001,1060900,19.236313
2015-06-02,20.889999,20.99,20.60,20.98,572700,19.812363
2015-06-01,20.90,21.15,20.76,21.040001,495300,19.869025
2015-05-29,21.25,21.525,20.799999,20.860001,2518700,19.699042
2015-05-28,21.49,21.525,21.15,21.26,280200,20.07678
2015-05-27,21.48,21.629999,21.41,21.530001,322500,20.331754
2015-05-26,21.59,21.635,21.370001,21.48,373800,20.284535
2015-05-22,21.48,21.68,21.325001,21.610001,242400,20.407301
2015-05-21,21.629999,21.719999,21.370001,21.49,229200,20.293979
2015-05-20,21.809999,21.90,21.58,21.620001,263000,20.416745
2015-05-19,21.889999,21.969999,21.67,21.83,363800,20.615056
2015-05-18,21.940001,22.17,21.83,22.15,485600,20.917247
2015-05-15,21.75,22.049999,21.690001,22.02,1077500,20.794483
2015-05-14,21.76,21.940001,21.23,21.75,791500,20.539509
2015-05-13,21.59,21.959999,21.33,21.43,708000,20.237319
2015-05-12,21.309999,21.58,20.879999,21.49,454700,20.293979
2015-05-11,21.469999,21.74,21.299999,21.469999,827100,20.275092
2015-05-08,21.26,21.639999,21.209999,21.57,469800,20.369526
2015-05-07,20.719999,21.08,20.57,21.02,211300,19.850137
2015-05-06,20.799999,20.903999,20.48,20.719999,202300,19.566833
2015-05-05,21.01,21.10,20.76,20.790001,469100,19.632938
2015-05-04,21.145,21.370001,20.969999,21.10,1028700,19.925685
2015-05-01,21.040001,21.200001,20.790001,21.
00,587700,19.83125
2015-04-30,21.35,21.35,20.84,21.00,392500,19.83125
2015-04-29,21.48,21.57,21.214001,21.33,464600,20.142884
2015-04-28,21.799999,21.85,21.60,21.690001,507700,20.482849
2015-04-27,22.00,22.094999,21.639999,21.790001,386000,20.577284
2015-04-24,21.860001,22.124001,21.65,21.959999,862500,20.737821
2015-04-23,22.379999,22.50,21.790001,21.879999,708800,20.662273
2015-04-22,22.860001,22.874001,22.389999,22.40,403700,21.153333
2015-04-21,22.84,22.969999,22.709999,22.790001,379800,21.521629
2015-04-20,22.879999,22.99,22.700001,22.709999,288600,21.446079
2015-04-17,23.139999,23.309999,22.75,22.790001,548600,21.521629
2015-04-16,23.34,23.49,23.049999,23.290001,541700,21.993801
2015-04-15,23.559999,23.59,23.32,23.360001,516200,22.059905
2015-04-14,23.530001,23.969999,23.299999,23.43,456000,22.126009
2015-04-13,23.450001,23.690001,23.290001,23.379999,195800,22.078791
2015-04-10,23.58,23.76,23.219999,23.360001,671000,22.059905
2015-04-09,23.58,23.68,23.139999,23.23,439600,21.937139
2015-04-08,23.50,23.780001,23.459999,23.67,341100,22.352652
2015-04-07,23.74,23.82,23.469999,23.549999,337800,22.23933
2015-04-06,23.469999,23.895,23.34,23.77,541900,22.447087
2015-04-02,23.32,23.559999,23.200001,23.50,254900,22.192113
2015-04-01,23.26,23.440001,23.110001,23.34,278700,22.041018
2015-03-31,23.459999,23.700001,23.24,23.35,611500,22.050462
2015-03-30,23.35,23.52,23.110001,23.42,539100,22.116565
2015-03-27,22.66,23.35,22.656,23.18,727800,21.889923
2015-03-26,22.74,23.059999,22.572001,22.92,846200,21.408306
2015-03-25,23.139999,23.469999,22.68,22.799999,335200,21.29622
2015-03-24,23.690001,23.879999,23.059999,23.16,517700,21.632477
2015-03-23,23.549999,24.059999,23.24,23.540001,601800,21.987415
2015-03-20,22.639999,23.83,22.60,23.549999,2726600,21.996754
2015-03-19,22.26,22.77,22.15,22.67,330400,21.174795
2015-03-18,21.85,22.51,21.700001,22.370001,396400,20.894582
2015-03-17,21.969999,22.200001,21.610001,21.83,346400,20.390197
2015-03-16,21.780001,22.02,21.459999,22.01,548900,20.558326
2015-03-13,21.780001,21.91,21.50,21.58,254400,20.156686
2015-03-12,21.629999,22.07,21.450001,21.76,270300,20.324815
2015-03-11,21.370001,21.780001,21.290001,21.49,337100,20.072622
2015-03-10,21.280001,21.58,21.26,21.280001,415100,19.876474
2015-03-09,21.34,21.645,21.25,21.440001,640600,20.025921
2015-03-06,21.84,21.85,21.09,21.290001,397300,19.885814
2015-03-05,21.83,22.120001,21.68,22.040001,182200,20.586348
2015-03-04,21.950001,22.32,21.83,21.85,268000,20.408879
2015-03-03,22.50,22.50,21.98,22.08,549600,20.623709
2015-03-02,22.639999,23.030001,22.52,22.60,463200,21.109412
2015-02-27,22.23,22.76,22.23,22.639999,544300,21.146773
2015-02-26,22.620001,23.02,22.18,22.25,706800,20.782496
2015-02-25,22.110001,22.709999,22.048,22.209999,388500,20.745134
2015-02-24,22.610001,22.68,21.99,22.059999,407700,20.605027
2015-02-23,22.309999,22.76,22.24,22.610001,430300,21.118753
2015-02-20,22.27,22.870001,22.162001,22.299999,430600,20.829198
2015-02-19,22.719999,22.940001,22.26,22.34,245600,20.86656
2015-02-18,22.629999,22.940001,22.469999,22.84,482400,21.333583
2015-02-17,22.42,22.780001,22.290001,22.67,305800,21.174795
2015-02-13,22.690001,22.82,22.209999,22.40,308100,20.922603
2015-02-12,22.370001,22.93,22.219999,22.67,54
8200,21.174795
2015-02-11,22.08,22.43,21.879999,22.299999,464300,20.829198
2015-02-10,22.299999,22.34,21.809999,22.16,402900,20.698432
2015-02-09,22.18,22.48,22.042999,22.15,268900,20.689091
2015-02-06,23.01,23.167999,22.16,22.200001,264600,20.735795
2015-02-05,23.00,23.290001,22.794001,23.07,255500,21.548413
2015-02-04,23.190001,23.23,22.84,22.93,231300,21.417647
2015-02-03,22.67,23.360001,22.57,23.35,809100,21.809946
2015-02-02,22.92,22.959999,21.971001,22.48,602400,20.997326
2015-01-30,23.389999,23.67,22.709999,22.959999,455200,21.445667
2015-01-29,23.190001,23.594999,23.01,23.540001,372800,21.987415
2015-01-28,23.299999,23.370001,22.92,23.209999,323100,21.679178
2015-01-27,23.15,23.379999,23.049999,23.27,221100,21.735222
2015-01-26,22.99,23.33,22.93,23.200001,192000,21.66984
2015-01-23,22.99,23.313999,22.91,22.969999,198700,21.455008
2015-01-22,22.530001,22.915001,22.448999,22.91,676600,21.398966
2015-01-21,22.58,22.91,22.290001,22.440001,499400,20.959965
2015-01-20,23.07,23.15,22.42,22.690001,204300,21.193477
2015-01-16,22.82,23.23,22.40,23.129999,251200,21.604455
2015-01-15,22.83,22.889999,22.450001,22.799999,407200,21.29622
2015-01-14,21.959999,22.870001,21.82,22.76,231500,21.258859
2015-01-13,22.200001,22.42,21.549999,22.09,333600,20.633049
2015-01-12,21.940001,22.93,21.799999,22.049999,253100,20.595687
2015-01-09,21.879999,22.040001,21.799999,21.870001,290700,20.42756
2015-01-08,22.040001,22.09,21.76,21.950001,188600,20.502284
2015-01-07,21.360001,22.00,21.139999,21.940001,375300,20.492943
2015-01-06,21.41,21.742001,20.799999,21.200001,1020700,19.80175
2015-01-05,21.35,21.75,21.23,21.48,435200,20.063281
2015-01-02,21.66,21.66,21.18,21.43,271300,20.01658
2014-12-31,22.09,22.290001,21.60,21.610001,194700,20.184708
2014-12-30,21.76,22.242001,21.629999,22.040001,186500,20.586348
2014-12-29,21.719999,21.91,21.120001,21.780001,220000,20.343496
2014-12-26,21.629999,22.17,21.24,21.799999,189100,20.255695
2014-12-24,21.68,21.875,21.370001,21.58,54000,20.05128
2014-12-23,21.59,21.629999,21.195,21.52,179400,19.995531
2014-12-22,21.08,21.58,20.83,21.48,842500,19.958364
2014-12-19,21.290001,21.50,20.795,21.059999,3087500,19.568117
2014-12-18,21.43,22.462999,20.450001,21.389999,646400,19.874739
2014-12-17,20.51,21.440001,20.32,21.190001,615000,19.688908
2014-12-16,20.389999,20.860001,20.389999,20.57,794700,19.112828
2014-12-15,20.540001,20.780001,20.34,20.57,535500,19.112828
2014-12-12,20.23,20.98,20.23,20.40,431500,18.954871
2014-12-11,20.26,20.530001,20.10,20.42,306500,18.973455
2014-12-10,20.530001,21.014999,20.030001,20.24,297000,18.806205
2014-12-09,20.34,20.530001,19.98,20.51,292600,19.057079
2014-12-08,20.16,20.341999,19.85,20.120001,736400,18.694707
2014-12-05,20.49,20.49,20.01,20.299999,306500,18.861955
2014-12-04,19.90,20.41,19.75,20.27,569300,18.834081
2014-12-03,20.59,20.60,20.030001,20.129999,654800,18.703997
2014-12-02,20.42,20.879999,20.42,20.50,519400,19.047787
2014-12-01,21.049999,21.129999,20.07,20.35,376200,18.908414
2014-11-28,20.790001,21.069,20.469999,20.860001,339100,19.382286
2014-11-26,20.09,20.690001,20.02,20.59,486400,19.131412
2014-11-25,19.950001,20.18,19.77,20.00,481100,18.583207
2014-11-24,19.790001,19.99,19.70
0001,19.98,712200,18.564623
2014-11-21,19.879999,19.950001,19.75,19.85,283600,18.443833
2014-11-20,19.879999,19.950001,19.639999,19.860001,577400,18.453125
2014-11-19,19.50,19.90,19.50,19.780001,1367100,18.378792
2014-11-18,19.65,19.799999,19.25,19.50,10252800,18.118627