Date,Open,High,Low,Close,Volume,Adj Close
2016-08-12,1.82,1.86,1.80,1.82,69400,1.82
2016-08-11,1.81,1.88,1.79,1.82,72400,1.82
2016-08-10,1.92,1.94,1.78,1.79,111900,1.79
2016-08-09,1.92,1.95,1.89,1.93,66900,1.93
2016-08-08,1.86,1.92,1.80,1.92,124000,1.92
2016-08-05,1.85,1.89,1.77,1.80,129400,1.80
2016-08-04,1.75,1.84,1.74,1.76,201800,1.76
2016-08-03,1.75,1.79,1.70,1.79,120900,1.79
2016-08-02,1.80,1.80,1.70,1.74,118400,1.74
2016-08-01,1.90,1.91,1.63,1.76,466900,1.76
2016-07-29,1.89,1.95,1.86,1.89,77500,1.89
2016-07-28,1.93,1.93,1.86,1.90,131400,1.90
2016-07-27,1.94,1.98,1.89,1.90,82800,1.90
2016-07-26,1.95,1.99,1.85,1.92,188700,1.92
2016-07-25,1.94,1.95,1.86,1.92,143000,1.92
2016-07-22,1.88,1.96,1.88,1.95,39200,1.95
2016-07-21,2.00,2.05,1.84,1.89,277800,1.89
2016-07-20,2.02,2.05,1.96,1.96,176900,1.96
2016-07-19,2.09,2.09,2.00,2.04,125100,2.04
2016-07-18,2.06,2.09,2.01,2.07,92800,2.07
2016-07-15,2.03,2.09,2.02,2.06,79500,2.06
2016-07-14,2.03,2.08,2.01,2.04,46000,2.04
2016-07-13,2.03,2.05,2.00,2.01,116700,2.01
2016-07-12,2.05,2.10,2.01,2.06,141700,2.06
2016-07-11,2.00,2.05,2.00,2.01,38600,2.01
2016-07-08,2.00,2.05,1.98,1.99,126200,1.99
2016-07-07,2.07,2.10,1.90,2.00,129600,2.00
2016-07-06,2.00,2.04,1.94,2.04,58500,2.04
2016-07-05,2.06,2.06,1.91,2.00,113000,2.00
2016-07-01,1.99,2.10,1.98,2.07,134700,2.07
2016-06-30,2.06,2.10,1.92,2.01,277000,2.01
2016-06-29,2.12,2.16,2.01,2.10,122200,2.10
2016-06-28,1.92,2.10,1.90,2.10,182000,2.10
2016-06-27,2.00,2.00,1.85,1.86,190800,1.86
2016-06-24,2.06,2.06,1.89,2.03,370700,2.03
2016-06-23,2.10,2.11,2.01,2.04,172700,2.04
2016-06-22,2.14,2.16,2.04,2.04,270500,2.04
2016-06-21,2.17,2.19,2.06,2.14,174900,2.14
2016-06-20,2.26,2.32,2.16,2.16,167800,2.16
2016-06-17,2.27,2.32,2.23,2.23,170000,2.23
2016-06-16,2.20,2.28,2.20,2.24,65500,2.24
2016-06-15,2.22,2.34,2.20,2.26,186500,2.26
2016-06-14,2.20,2.32,2.18,2.22,258900,2.22
2016-06-13,2.07,2.37,2.07,2.21,431500,2.21
2016-06-10,2.24,2.26,2.05,2.05,155300,2.05
2016-06-09,2.29,2.30,2.20,2.28,84200,2.28
2016-06-08,2.17,2.39,2.16,2.30,348400,2.30
2016-06-07,2.22,2.22,2.14,2.17,151500,2.17
2016-06-06,2.16,2.23,2.16,2.20,161000,2.20
2016-06-03,2.25,2.25,2.11,2.14,89500,2.14
2016-06-02,2.24,2.25,2.20,2.23,108200,2.23
2016-06-01,2.23,2.28,2.17,2.24,236900,2.24
2016-05-31,2.11,2.25,2.11,2.22,240600,2.22
2016-05-27,2.10,2.17,2.00,2.11,70900,2.11
2016-05-26,2.22,2.28,2.08,2.09,227000,2.09
2016-05-25,2.17,2.35,2.09,2.19,437600,2.19
2016-05-24,2.05,2.14,2.01,2.11,140000,2.11
2016-05-23,2.04,2.07,1.96,2.02,181900,2.02
2016-05-20,1.92,2.04,1.90,2.00,164500,2.00
2016-05-19,1.85,2.00,1.74,1.91,300700,1.91
2016-05-18,1.97,2.00,1.82,1.84,327000,1.84
2016-05-17,2.10,2.16,1.96,1.99,242000,1.99
2016-05-16,2.23,2.30,2.06,2.09,266300,2.09
2016-05-13,2.16,2.22,2.07,2.14,176300,2.14
2016-05-12,2.35,2.46,2.15,2.15,466600,2.15
2016-05-11,1.95,2.23,1.91,2.15,428200,2.15
2016-05-10,1.76,2.05,1.75,1.95,338900,1.95
2016-05-09,2.03,2.03,1.81,1.90,412500,1.90
2016-05-06,2.09,2.14,2.00,2.02,172800,2.02
2016-05-05,2.24,2.25,1.98,2.07,341600,2.07
2016-05-04,2.05,2.25,2.05,2.09,261100,2.09
2016-05-
03,2.04,2.25,1.85,2.08,588500,2.08
2016-05-02,2.17,2.25,2.05,2.10,367300,2.10
2016-04-29,2.28,2.40,2.11,2.22,427500,2.22
2016-04-28,2.26,2.45,2.26,2.26,422700,2.26
2016-04-27,2.39,2.57,2.23,2.24,868300,2.24
2016-04-26,2.21,2.25,2.04,2.20,600700,2.20
2016-04-25,2.22,2.36,2.12,2.21,796700,2.21
2016-04-22,2.82,3.02,2.15,2.35,2471600,2.35
2016-04-21,2.80,3.10,2.67,2.79,2166100,2.79
2016-04-20,2.38,3.65,2.38,2.60,4567100,2.60
2016-04-19,2.05,2.45,2.05,2.38,929900,2.38
2016-04-18,1.95,2.08,1.90,2.04,418800,2.04
2016-04-15,2.03,2.12,1.92,2.02,473900,2.02
2016-04-14,2.00,2.22,1.95,1.99,958700,1.99
2016-04-13,1.85,1.97,1.56,1.96,927100,1.96
2016-04-12,1.67,1.89,1.66,1.82,1020900,1.82
2016-04-11,1.40,1.62,1.29,1.59,1025800,1.59
2016-04-08,1.26,1.34,1.25,1.26,251700,1.26
2016-04-07,1.25,1.40,1.21,1.25,532700,1.25
2016-04-06,1.05,1.15,1.05,1.15,227100,1.15
2016-04-05,1.13,1.13,1.02,1.05,200400,1.05
2016-04-04,1.12,1.14,1.06,1.12,231100,1.12
2016-04-01,1.05,1.09,1.05,1.09,180000,1.09
2016-03-31,1.10,1.10,0.98,1.05,291500,1.05
2016-03-30,1.10,1.17,1.02,1.08,508300,1.08
2016-03-29,1.09,1.15,0.97,1.07,534700,1.07
2016-03-28,1.23,1.29,1.08,1.13,979300,1.13
2016-03-24,1.37,1.39,1.22,1.28,814900,1.28
2016-03-23,1.27,1.69,1.17,1.33,3298800,1.33
2016-03-22,0.64,1.47,0.62,1.30,5309800,1.30
2016-03-21,0.82,0.82,0.66,0.68,593900,0.68
2016-03-18,0.84,0.85,0.78,0.82,540500,0.82
2016-03-17,0.70,1.04,0.70,0.85,2919600,0.85
2016-03-16,1.17,1.29,1.11,1.21,501100,1.21
2016-03-15,1.24,1.30,1.13,1.17,439800,1.17
2016-03-14,1.20,1.30,1.17,1.24,668000,1.24
2016-03-11,1.18,1.49,1.17,1.17,1451900,1.17
2016-03-10,1.32,1.41,1.05,1.09,797800,1.09
2016-03-09,2.06,2.14,1.20,1.41,2226600,1.41
2016-03-08,1.32,2.00,1.26,1.75,2201000,1.75
2016-03-07,0.98,1.25,0.88,1.11,1354800,1.11
2016-03-04,0.88,0.97,0.79,0.83,1081400,0.83
2016-03-03,0.62,0.84,0.62,0.79,543700,0.79
2016-03-02,0.62,0.64,0.59,0.61,115400,0.61
2016-03-01,0.59,0.65,0.58,0.62,299700,0.62
2016-02-29,0.53,0.62,0.53,0.57,427700,0.57
2016-02-26,0.53,0.58,0.53,0.54,226000,0.54
2016-02-25,0.56,0.56,0.52,0.53,83600,0.53
2016-02-24,0.51,0.57,0.50,0.55,306500,0.55
2016-02-23,0.64,0.65,0.52,0.54,291800,0.54
2016-02-22,0.61,0.65,0.61,0.62,299000,0.62
2016-02-19,0.61,0.63,0.58,0.60,195000,0.60
2016-02-18,0.64,0.65,0.56,0.64,406100,0.64
2016-02-17,0.57,0.63,0.51,0.60,481700,0.60
2016-02-16,0.44,0.50,0.41,0.49,549200,0.49
2016-02-12,0.45,0.48,0.39,0.42,315200,0.42
2016-02-11,0.42,0.42,0.38,0.39,295600,0.39
2016-02-10,0.44,0.44,0.40,0.42,304300,0.42
2016-02-09,0.46,0.47,0.41,0.42,309200,0.42
2016-02-08,0.50,0.52,0.44,0.44,365600,0.44
2016-02-05,0.57,0.58,0.48,0.50,586800,0.50
2016-02-04,0.56,0.59,0.52,0.55,393400,0.55
2016-02-03,0.54,0.57,0.51,0.54,337400,0.54
2016-02-02,0.58,0.60,0.52,0.52,389200,0.52
2016-02-01,0.55,0.59,0.51,0.59,396800,0.59
2016-01-29,0.57,0.61,0.50,0.50,829000,0.50
2016-01-28,0.64,0.64,0.54,0.55,513600,0.55
2016-01-27,0.63,0.64,0.55,0.56,337400,0.56
2016-01-26,0.61,0.64,0.58,0.62,388700,0.62
2016-01-25,0.59,0.66,0.57,0.58,568100,0.58
2016-01-22,0.63,0.74,0.52,0.66,875700,0.66
2016-01-21,0.49,0.66,0.46,0.60,638600,0.60
2016-01-20,0.50,0.53,0.42,0.50,500100,0.50
2016-01-19,0.59,0.65,0.43,0.46,942600,0.46
2016-01-
15,0.64,0.69,0.55,0.55,592000,0.55
2016-01-14,0.70,0.73,0.58,0.69,1132900,0.69
2016-01-13,0.75,0.88,0.63,0.70,1251000,0.70
2016-01-12,1.17,1.44,0.72,0.75,1670100,0.75
2016-01-11,1.40,1.50,1.06,1.13,954100,1.13
2016-01-08,2.15,2.29,1.19,1.30,2550200,1.30
2016-01-07,3.00,3.10,2.60,2.62,237900,2.62
2016-01-06,3.30,3.30,3.01,3.05,185300,3.05
2016-01-05,3.56,3.63,3.25,3.30,188300,3.30
2016-01-04,3.14,3.73,3.10,3.53,319100,3.53
2015-12-31,3.26,3.84,3.26,3.56,598000,3.56
2015-12-30,3.39,3.55,3.27,3.31,124200,3.31
2015-12-29,3.80,3.93,3.10,3.49,321300,3.49
2015-12-28,3.91,4.00,3.73,3.77,164000,3.77
2015-12-24,4.16,4.25,3.60,3.93,278400,3.93
2015-12-23,3.02,4.16,3.02,4.12,596800,4.12
2015-12-22,2.40,3.37,2.40,3.00,687300,3.00
2015-12-21,2.42,2.51,2.28,2.39,222500,2.39
2015-12-18,2.35,2.77,2.33,2.39,317000,2.39
2015-12-17,2.72,2.78,2.34,2.40,535300,2.40
2015-12-16,2.79,2.89,2.65,2.72,292100,2.72
2015-12-15,2.95,3.09,2.69,2.74,212000,2.74
2015-12-14,3.19,3.25,2.83,2.88,301900,2.88
2015-12-11,3.32,3.37,3.08,3.19,178400,3.19
2015-12-10,3.25,3.50,3.25,3.33,157600,3.33
2015-12-09,3.08,3.53,3.08,3.25,213600,3.25
2015-12-08,3.00,3.38,3.00,3.13,174100,3.13
2015-12-07,3.32,3.32,2.74,3.11,347700,3.11
2015-12-04,3.60,3.69,3.29,3.42,260000,3.42
2015-12-03,4.01,4.05,3.62,3.73,511400,3.73
2015-12-02,4.24,4.24,3.87,4.03,252700,4.03
2015-12-01,4.56,4.60,4.16,4.25,171000,4.25
2015-11-30,4.47,4.70,4.45,4.60,98000,4.60
2015-11-27,4.35,4.70,4.29,4.50,117200,4.50
2015-11-25,4.36,4.49,4.21,4.43,65600,4.43
2015-11-24,4.24,4.49,4.16,4.40,116200,4.40
2015-11-23,4.40,4.43,4.16,4.24,147800,4.24
2015-11-20,4.76,4.76,4.35,4.39,380200,4.39
2015-11-19,4.77,4.88,4.68,4.79,185100,4.79
2015-11-18,4.99,5.23,4.71,4.77,191600,4.77
2015-11-17,5.39,5.39,4.92,4.99,99300,4.99
2015-11-16,4.84,5.36,4.84,5.35,117500,5.35
2015-11-13,4.95,4.99,4.71,4.82,149000,4.82
2015-11-12,5.05,5.07,4.75,4.76,200400,4.76
2015-11-11,6.01,6.10,4.77,5.04,473900,5.04
2015-11-10,5.90,6.17,5.82,5.96,108900,5.96
2015-11-09,6.04,6.43,5.82,5.87,90700,5.87
2015-11-06,5.53,6.42,5.53,6.12,319500,6.12
2015-11-05,5.96,6.00,5.38,5.47,173200,5.47
2015-11-04,6.31,6.40,5.95,6.16,355300,5.76
2015-11-03,6.23,6.48,6.02,6.30,490100,5.890909
2015-11-02,6.00,6.30,5.96,6.11,216300,5.713247
2015-10-30,6.00,6.17,5.92,5.96,303600,5.572987
2015-10-29,6.10,6.42,5.84,5.93,427500,5.544935
2015-10-28,5.17,5.17,4.94,4.97,96200,4.647272
2015-10-27,5.27,5.27,4.77,5.15,152500,4.815584
2015-10-26,5.32,5.39,5.26,5.29,44600,4.946493
2015-10-23,5.30,5.37,5.10,5.34,42700,4.993247
2015-10-22,5.37,5.37,5.17,5.24,55300,4.89974
2015-10-21,5.70,5.75,5.21,5.32,68600,4.974545
2015-10-20,5.77,5.87,5.50,5.56,94700,5.198961
2015-10-19,5.80,5.82,5.50,5.61,88500,5.245714
2015-10-16,6.17,6.17,5.75,5.80,82700,5.423377
2015-10-15,6.13,6.25,5.99,6.0
7,103200,5.675844
2015-10-14,6.17,6.26,6.11,6.12,37400,5.722597
2015-10-13,6.17,6.21,6.05,6.20,65900,5.797402
2015-10-12,6.37,6.37,6.18,6.20,80100,5.797402
2015-10-09,6.17,6.48,6.08,6.37,74000,5.956363
2015-10-08,6.17,6.31,6.03,6.11,140400,5.713247
2015-10-07,6.26,6.60,6.11,6.19,97200,5.788052
2015-10-06,6.17,6.37,6.13,6.13,98100,5.731948
2015-10-05,5.89,6.36,5.89,6.26,197100,5.853507
2015-10-02,5.02,5.92,5.02,5.85,127000,5.47013
2015-10-01,4.98,5.40,4.98,5.10,62000,4.768831
2015-09-30,4.87,5.17,4.84,4.93,187900,4.60987
2015-09-29,5.21,5.25,4.77,4.78,117500,4.46961
2015-09-28,5.60,5.65,5.00,5.23,124700,4.89039
2015-09-25,5.65,5.75,5.50,5.61,71000,5.245714
2015-09-24,5.65,5.71,5.39,5.57,103800,5.208312
2015-09-23,5.32,5.76,5.29,5.71,83200,5.339221
2015-09-22,5.61,5.80,5.32,5.36,119900,5.011948
2015-09-21,5.62,6.38,5.62,5.74,54100,5.367272
2015-09-18,5.66,6.04,5.62,5.65,86500,5.283117
2015-09-17,5.86,6.07,5.67,5.75,43700,5.376623
2015-09-16,5.55,5.88,5.44,5.88,116100,5.498182
2015-09-15,5.70,5.94,5.46,5.46,89300,5.105454
2015-09-14,6.00,6.04,5.68,5.71,45000,5.339221
2015-09-11,6.00,6.05,5.75,5.98,92800,5.591688
2015-09-10,6.38,6.38,5.92,6.02,103200,5.629091
2015-09-09,6.74,6.75,6.28,6.30,86600,5.890909
2015-09-08,6.97,7.05,6.55,6.64,112200,6.208831
2015-09-04,6.82,6.88,6.51,6.75,96700,6.311688
2015-09-03,6.79,6.92,6.60,6.74,99600,6.302337
2015-09-02,7.19,7.27,6.61,6.70,149000,6.264935
2015-09-01,7.42,7.55,6.99,7.17,113000,6.704415
2015-08-31,7.49,7.62,7.30,7.50,100700,7.012987
2015-08-28,7.41,7.62,7.26,7.45,135900,6.966233
2015-08-27,7.42,7.69,7.25,7.42,130000,6.938182
2015-08-26,7.38,7.39,7.11,7.13,127600,6.667013
2015-08-25,7.76,9.41,7.21,7.25,176700,6.779221
2015-08-24,7.50,8.35,7.13,7.29,151500,6.816623
2015-08-21,7.87,8.24,7.30,8.00,229900,7.480519
2015-08-20,8.70,8.86,7.66,8.40,188700,7.854545
2015-08-19,7.17,9.60,7.17,8.98,1011800,8.396882
2015-08-18,7.37,7.38,7.01,7.03,66600,6.573507
2015-08-17,7.07,7.50,7.02,7.45,100500,6.966233
2015-08-14,7.27,7.31,7.04,7.23,81000,6.760519
2015-08-13,7.35,7.49,7.01,7.11,168000,6.648312
2015-08-12,7.87,7.89,7.32,7.49,106300,7.003636
2015-08-11,8.04,8.04,7.40,7.60,91400,7.106493
2015-08-10,8.60,8.61,7.26,8.21,327500,7.676883
2015-08-07,9.52,9.52,7.50,8.78,584500,8.20987
2015-08-06,9.53,9.79,8.67,9.40,100100,8.78961
2015-08-05,10.00,10.39,9.33,9.51,104200,8.518442
2015-08-04,10.10,10.72,9.85,10.02,59400,8.975267
2015-08-03,10.46,10.60,9.79,10.00,64500,8.957352
2015-07-31,10.44,10.69,10.33,10.41,45200,9.324603
2015-07-30,10.35,10.43,10.14,10.33,58400,9.252945
2015-07-29,10.17,10.43,10.17,10.36,53500,9.279816
2015-07-28,10.08,10.31,9.98,10.22,30500,9.154414
2015-07-27,9.81,10.04,9.60,10.04,42200,8.993181
2015-07-24,9.63,9.98,9.63,9.96,56800,8.921523
2015-07-23,9.61
,10.17,9.25,9.55,345900,8.554271
2015-07-22,9.95,10.03,9.25,9.63,185800,8.62593
2015-07-21,10.58,10.88,9.98,9.98,133700,8.939437
2015-07-20,11.21,11.21,10.58,10.61,64000,9.50375
2015-07-17,11.64,11.64,11.07,11.21,298600,10.041192
2015-07-16,11.99,12.19,11.61,11.64,60000,10.426358
2015-07-15,12.26,12.40,11.92,11.99,46900,10.739865
2015-07-14,12.52,12.81,12.16,12.26,35700,10.981714
2015-07-13,12.02,12.62,12.02,12.48,61300,11.178775
2015-07-10,11.80,12.40,11.77,12.00,88500,10.748822
2015-07-09,11.80,11.80,11.55,11.80,27000,10.569676
2015-07-08,11.57,11.89,11.55,11.61,42100,10.399485
2015-07-07,11.35,11.80,11.26,11.60,64600,10.390529
2015-07-06,11.07,11.43,10.77,11.36,54500,10.175552
2015-07-02,10.81,11.18,10.71,11.07,48200,9.915788
2015-07-01,11.05,11.27,10.89,10.90,45200,9.763513
2015-06-30,11.71,11.80,10.88,11.10,162200,9.942661
2015-06-29,12.00,12.11,11.70,11.73,97300,10.506974
2015-06-26,12.17,12.17,12.00,12.05,37900,10.793609
2015-06-25,12.08,12.23,12.08,12.16,29000,10.89214
2015-06-24,12.21,12.27,12.02,12.16,72700,10.89214
2015-06-23,11.67,12.22,11.62,12.20,49400,10.927969
2015-06-22,11.65,11.88,11.51,11.72,51400,10.498017
2015-06-19,12.04,12.19,11.70,11.71,67200,10.489059
2015-06-18,12.23,12.29,11.94,12.03,89600,10.775694
2015-06-17,11.90,12.16,11.77,12.12,101400,10.856311
2015-06-16,11.94,12.02,11.39,11.81,79200,10.578633
2015-06-15,12.11,12.40,11.81,11.94,120400,10.695078
2015-06-12,12.35,12.67,12.03,12.09,81300,10.829439
2015-06-11,12.80,12.81,12.30,12.35,50100,11.06233
2015-06-10,12.80,12.86,12.68,12.74,24300,11.411666
2015-06-09,12.66,12.86,12.66,12.71,51000,11.384794
2015-06-08,12.68,12.93,12.65,12.65,67100,11.33105
2015-06-05,12.36,12.74,12.33,12.65,113300,11.33105
2015-06-04,12.97,13.20,12.18,12.41,147000,11.116074
2015-06-03,13.30,13.47,12.77,13.07,236100,11.707259
2015-06-02,13.82,14.04,13.15,13.31,90700,11.922236
2015-06-01,13.41,13.88,13.41,13.82,72400,12.37906
2015-05-29,13.56,13.72,13.25,13.46,49300,12.056596
2015-05-28,13.70,13.93,13.41,13.66,56300,12.235743
2015-05-27,14.16,14.21,13.70,13.84,106700,12.396975
2015-05-26,14.40,14.61,14.00,14.04,111800,12.576122
2015-05-22,14.70,14.83,14.39,14.47,122600,12.961289
2015-05-21,14.57,14.84,14.55,14.70,43500,13.167307
2015-05-20,14.75,14.75,14.45,14.47,62300,12.961289
2015-05-19,14.64,15.24,14.50,14.60,178600,13.077734
2015-05-18,14.52,14.81,14.10,14.64,143500,13.113564
2015-05-15,14.36,14.71,14.06,14.49,204300,12.979203
2015-05-14,14.39,14.94,14.19,14.47,395000,12.961289
2015-05-13,14.30,14.58,14.14,14.22,124000,12.737355
2015-05-12,14.34,14.49,14.00,14.27,171900,12.782142
2015-05-11,14.55,14.74,14.20,14.23,122300,12.746312
2015-05-08,13.80,14.95,13.13,14.49,178000,12.979203
2015-05-07,13.93,14.00,13.03,13.92,462400,12.468634
2015-05-06,13.76,14.15,13.62,13.91,154700,12.459677
2015-05-05,14.89,15.08,14.47,14.55,178400,12.674653
2015-05-04,15.
32,15.34,14.38,14.79,215800,12.883719
2015-05-01,15.29,15.32,14.94,15.16,132700,13.20603
2015-04-30,15.43,15.43,15.11,15.31,158700,13.336697
2015-04-29,15.09,15.45,14.80,15.35,147900,13.371541
2015-04-28,15.18,15.25,14.80,15.02,148700,13.084075
2015-04-27,15.89,15.89,15.13,15.20,159400,13.240874
2015-04-24,15.71,16.00,15.56,15.86,137700,13.815807
2015-04-23,15.08,15.66,15.01,15.58,143400,13.571896
2015-04-22,15.31,15.55,14.75,15.11,138300,13.162474
2015-04-21,15.54,15.82,15.26,15.37,118600,13.388963
2015-04-20,15.39,15.86,15.19,15.69,106600,13.667718
2015-04-17,15.43,15.60,15.00,15.39,112000,13.406385
2015-04-16,15.84,16.200001,15.38,15.45,169800,13.458652
2015-04-15,15.07,15.76,14.98,15.68,157400,13.659007
2015-04-14,14.34,15.24,14.34,14.96,129300,13.031808
2015-04-13,14.71,14.90,14.39,14.71,163400,12.81403
2015-04-10,15.24,15.24,14.77,14.84,112200,12.927275
2015-04-09,14.66,15.43,14.64,15.19,111300,13.232163
2015-04-08,14.88,15.17,14.64,14.74,151300,12.840163
2015-04-07,14.82,15.28,14.50,14.96,619400,13.031808
2015-04-06,13.88,15.15,13.88,14.94,158000,13.014385
2015-04-02,14.28,14.56,13.79,13.96,149100,12.160698
2015-04-01,13.92,14.51,13.54,14.35,170200,12.500431
2015-03-31,13.75,14.05,13.27,14.00,605300,12.195542
2015-03-30,14.00,14.16,13.71,13.77,72600,11.995187
2015-03-27,13.90,14.00,13.57,13.98,116100,12.178119
2015-03-26,14.25,14.40,13.90,13.95,108300,12.151986
2015-03-25,14.02,14.40,13.95,14.16,131100,12.334919
2015-03-24,14.22,14.60,13.90,13.98,152900,12.178119
2015-03-23,14.00,14.53,13.94,14.25,150400,12.41332
2015-03-20,13.98,14.00,13.71,13.97,95300,12.169409
2015-03-19,13.86,14.14,13.52,13.90,175800,12.108431
2015-03-18,13.80,14.08,13.51,13.84,285500,12.056164
2015-03-17,12.78,13.83,12.77,13.65,214000,11.890653
2015-03-16,13.18,13.18,12.50,12.72,156700,11.080521
2015-03-13,13.80,13.84,13.00,13.35,136700,11.629321
2015-03-12,13.62,14.22,13.50,13.70,492400,11.934209
2015-03-11,13.61,13.87,13.31,13.60,123100,11.847098
2015-03-10,13.55,14.22,13.04,13.63,144700,11.873231
2015-03-09,13.38,13.92,13.00,13.58,205000,11.829676
2015-03-06,12.72,13.70,12.65,13.41,334200,11.681587
2015-03-05,12.77,13.17,12.56,13.08,90300,11.394121
2015-03-04,12.95,12.95,12.50,12.77,95800,11.124077
2015-03-03,12.90,12.99,12.74,12.96,91900,11.289587
2015-03-02,12.53,12.99,12.41,12.76,68500,11.115366
2015-02-27,13.04,13.09,12.19,12.53,207600,10.91501
2015-02-26,13.12,13.12,12.70,12.83,57200,11.176343
2015-02-25,12.99,13.26,12.83,13.01,53000,11.333143
2015-02-24,13.41,13.49,13.01,13.02,41800,11.341854
2015-02-23,13.21,13.59,13.14,13.42,83300,11.690298
2015-02-20,13.10,13.28,12.82,13.17,46800,11.472521
2015-02-19,13.49,13.65,13.06,13.07,43800,11.385409
2015-02-18,13.59,13.99,13.58,13.60,110200,11.847098
2015-02-17,12.70,13.74,12.70,13.61,102300,11.855809
2015-02-13,12.81,12.81,12.60,12.66,76700,11.028254
2015-02-12,12.35,12.74,12.17,12.68,95000,11.045677
2015-02-11,12.06,12.35,12.06,12.20,71400,10.627544
2015-02-10,12.46,12.47,12.02,12.12,86200,10.557855
2015-02-09,12.15,12.50,12.15,12.33,66200,10.740788
2015-02-06,12.28,12.41,12.10,12.11,57300,10.5
49144
2015-02-05,12.38,12.41,12.19,12.30,136800,10.714655
2015-02-04,12.73,13.01,12.55,12.78,127100,10.784344
2015-02-03,12.60,12.96,12.52,12.82,182900,10.818097
2015-02-02,12.93,12.95,12.40,12.46,153200,10.514313
2015-01-30,12.27,12.98,12.27,12.80,201800,10.801221
2015-01-29,12.62,12.96,12.24,12.31,211100,10.387737
2015-01-28,12.48,12.61,12.21,12.26,76700,10.345544
2015-01-27,12.34,12.63,12.29,12.50,52400,10.548067
2015-01-26,12.18,12.51,12.15,12.38,88600,10.446806
2015-01-23,12.53,12.65,12.05,12.12,117700,10.227406
2015-01-22,13.00,13.13,12.42,12.44,304900,10.497436
2015-01-21,12.85,13.35,12.64,12.92,254000,10.902482
2015-01-20,13.35,13.35,12.50,12.79,274200,10.792782
2015-01-16,12.54,13.47,12.43,13.25,301000,11.180951
2015-01-15,12.15,12.63,11.76,12.43,276500,10.488998
2015-01-14,12.34,12.61,11.98,11.98,386700,10.109267
2015-01-13,13.19,13.36,12.34,12.38,247000,10.446806
2015-01-12,12.85,12.85,12.05,12.24,347200,10.328667
2015-01-09,12.84,12.94,12.00,12.68,291600,10.69996
2015-01-08,12.45,12.96,12.16,12.71,276000,10.725275
2015-01-07,13.35,13.41,12.21,12.41,292300,10.472121
2015-01-06,14.70,14.89,13.01,13.27,208000,11.197828
2015-01-05,16.00,16.200001,14.69,14.77,115900,12.463596
2015-01-02,15.94,16.35,15.64,16.18,25800,13.653418
2014-12-31,15.02,16.50,14.85,15.90,293300,13.417141
2014-12-30,14.05,15.54,14.01,15.38,267200,12.978342
2014-12-29,15.13,15.13,13.99,14.19,93500,11.974165
2014-12-26,14.57,15.16,14.50,14.98,41000,12.640803
2014-12-24,14.27,14.97,14.24,14.64,71800,12.353896
2014-12-23,14.60,15.27,13.98,14.34,106700,12.100743
2014-12-22,15.33,15.69,14.09,14.46,173400,12.202004
2014-12-19,15.95,16.290001,15.27,15.28,77400,12.893957
2014-12-18,15.78,16.309999,15.43,16.02,77000,13.518403
2014-12-17,14.94,16.32,14.91,15.62,126100,13.180865
2014-12-16,15.23,15.28,14.49,14.98,138700,12.640803
2014-12-15,14.44,15.12,14.06,15.04,123200,12.691434
2014-12-12,14.10,14.52,13.27,14.50,209000,12.235758
2014-12-11,13.00,14.50,13.00,14.04,159300,11.847589
2014-12-10,13.00,13.20,12.16,12.99,162500,10.961551
2014-12-09,11.63,13.91,11.22,13.17,279700,11.113444
2014-12-08,14.37,14.93,12.12,12.46,139700,10.514313
2014-12-05,14.00,15.00,14.00,14.30,69800,12.066989
2014-12-04,14.69,14.72,14.00,14.06,118400,11.864466
2014-12-03,15.34,15.71,14.48,14.74,150300,12.438281
2014-12-02,15.00,15.69,14.51,15.43,152300,13.020534
2014-12-01,17.219999,17.219999,14.03,14.95,299800,12.615488
2014-11-28,18.58,18.58,17.219999,17.440001,79000,14.716664
2014-11-26,18.809999,18.809999,18.629999,18.74,18900,15.813662
2014-11-25,18.940001,19.219999,18.85,18.91,39200,15.957116
2014-11-24,19.09,19.190001,18.860001,19.01,23400,16.041501
2014-11-21,19.00,19.01,18.33,19.00,41400,16.033062
2014-11-20,18.67,18.99,18.290001,18.870001,319800,15.923363
2014-11-19,18.73,19.25,18.73,18.780001,23900,15.847417
2014-11-18,18.440001,18.889999,18.23,18.879999,21900,15.9318
2014-11-17,17.98,18.370001,17.98,18.34,28600,15.476124
2014-11-14,18.77,18.85,17.90,17.90,83000,1
5.104832
2014-11-13,18.85,18.92,18.540001,18.639999,30400,15.729277
2014-11-12,18.959999,19.07,18.780001,18.82,23200,15.88117
2014-11-11,18.969999,19.059999,18.75,18.98,39200,16.016185
2014-11-10,19.200001,19.26,18.76,18.92,83400,15.965554
2014-11-07,18.450001,19.190001,18.450001,19.040001,45000,16.066817
2014-11-06,18.16,18.629999,18.110001,18.469999,34300,15.585823
2014-11-05,18.040001,18.940001,17.57,18.41,51400,15.535193
2014-11-04,18.73,19.10,17.60,17.969999,105500,15.163901
2014-11-03,19.58,19.74,18.700001,18.82,25500,15.88117
2014-10-31,19.84,19.889999,19.57,19.870001,43500,16.42967
2014-10-30,20.059999,20.059999,19.620001,19.75,40000,16.330446
2014-10-29,20.23,20.280001,19.700001,19.91,71600,16.462744
2014-10-28,20.27,20.389999,20.00,20.139999,47100,16.65292
2014-10-27,20.24,20.719999,20.049999,20.24,48700,16.735607
2014-10-24,20.049999,20.50,20.049999,20.35,23000,16.826562
2014-10-23,20.309999,20.41,19.620001,19.879999,59900,16.437937
2014-10-22,20.530001,20.65,19.969999,20.00,22800,16.537161
2014-10-21,20.66,21.040001,19.700001,20.459999,117900,16.917515
2014-10-20,20.440001,20.809999,20.35,20.709999,10000,17.124229
2014-10-17,20.01,21.26,19.950001,20.48,80200,16.934052
2014-10-16,18.120001,20.00,18.120001,19.85,37000,16.413132
2014-10-15,18.48,18.60,17.700001,18.379999,145900,15.19765
2014-10-14,18.879999,18.879999,17.24,18.780001,109800,15.528395
2014-10-13,19.00,19.219999,18.00,18.610001,123600,15.387829
2014-10-10,18.700001,19.42,17.43,19.01,179400,15.718572
2014-10-09,20.950001,21.049999,18.030001,19.07,324500,15.768183
2014-10-08,21.50,21.66,20.700001,20.969999,106000,17.339213
2014-10-07,21.559999,21.860001,21.450001,21.450001,38800,17.736106
2014-10-06,21.76,21.98,21.530001,21.790001,25400,18.017238
2014-10-03,21.76,22.17,21.51,21.76,61000,17.992431
2014-10-02,21.74,21.74,21.459999,21.52,26000,17.793985
2014-10-01,21.52,21.790001,21.280001,21.65,80900,17.901476
2014-09-30,22.209999,22.209999,21.25,21.35,40800,17.65342
2014-09-29,21.969999,22.299999,21.879999,22.10,32400,18.273563
2014-09-26,21.26,22.02,21.23,21.969999,53900,18.166071
2014-09-25,22.540001,22.540001,21.15,21.15,52100,17.488047
2014-09-24,22.50,22.50,21.860001,21.860001,26800,18.075117
2014-09-23,22.049999,22.370001,22.00,22.09,18900,18.265294
2014-09-22,22.389999,22.879999,22.110001,22.17,23100,18.331443
2014-09-19,22.50,22.66,22.459999,22.51,16000,18.612575
2014-09-18,22.58,22.58,22.469999,22.50,57300,18.604306
2014-09-17,22.58,22.60,22.440001,22.50,18100,18.604306
2014-09-16,22.370001,22.68,22.370001,22.440001,30000,18.554695
2014-09-15,22.41,22.639999,22.379999,22.389999,64300,18.513351
2014-09-12,22.75,22.75,22.389999,22.52,26000,18.620844
2014-09-11,22.59,22.90,22.360001,22.809999,29600,18.860632
2014-09-10,22.559999,22.74,22.35,22.469999,26700,18.5795
2014-09-09,22.83,22.83,22.42,22.540001,29100,18.637381
2014-09-08,22.25,22.93,22.25,22.77,71500,18.827558
2014-09-05,22.48,22.48,22.10,22.27,46300,18.414129
2014-09-04,22.620001,22.620001,22.040001,22.25,66400,18.397591
2014-09-03,22.780001,22.83,22.290001,22.559999,85900,18.653917
2014-09-02,22.23,22.74,22.00,22.66,49400,18.736603
2014-08-29,21.
719999,22.16,21.719999,22.110001,26200,18.281832
2014-08-28,21.549999,22.129999,21.549999,21.709999,34200,17.951087
2014-08-27,22.049999,22.10,21.110001,21.690001,92900,17.934551
2014-08-26,22.299999,22.639999,22.09,22.15,68800,18.314905
2014-08-25,22.59,22.719999,22.42,22.51,70600,18.612575
2014-08-22,22.52,22.77,22.48,22.50,38200,18.604306
2014-08-21,22.629999,22.84,22.35,22.52,113900,18.620844
2014-08-20,22.91,23.09,22.32,22.52,42400,18.620844
2014-08-19,23.18,23.49,22.84,22.93,18300,18.959855
2014-08-18,23.60,23.690001,22.91,23.18,21300,19.16657
2014-08-15,23.23,23.50,23.09,23.48,31700,19.414626
2014-08-14,22.889999,23.379999,22.85,23.10,59300,19.100421
2014-08-13,22.08,23.129999,21.93,22.889999,79200,18.92678
2014-08-12,21.93,22.209999,21.83,22.18,92900,18.339712
2014-08-11,21.809999,22.280001,21.76,22.129999,63300,18.298368
2014-08-08,22.190001,22.190001,21.48,21.82,36800,18.042042
2014-08-07,22.10,22.280001,21.60,21.74,23200,17.975894
2014-08-06,21.309999,22.18,21.15,21.98,66700,18.174339
2014-08-05,22.10,22.16,21.870001,21.959999,112900,17.827058
2014-08-04,21.799999,22.17,21.68,22.17,107700,17.997536
2014-08-01,21.799999,22.040001,21.42,21.959999,62500,17.827058
2014-07-31,22.26,22.26,21.51,21.68,51700,17.599756
2014-07-30,22.18,22.700001,22.02,22.16,66500,17.989418
2014-07-29,22.16,22.299999,22.00,22.299999,56800,18.103069
2014-07-28,22.219999,22.219999,21.90,22.09,58000,17.932592
2014-07-25,22.33,22.459999,21.950001,22.16,88100,17.989418
2014-07-24,23.10,23.49,21.99,22.450001,132900,18.22484
2014-07-23,23.219999,23.43,23.02,23.200001,29300,18.833687
2014-07-22,23.860001,23.93,23.030001,23.219999,80400,18.849922
2014-07-21,23.540001,23.98,23.450001,23.940001,44100,19.434417
2014-07-18,23.93,24.00,23.540001,23.690001,26300,19.231468
2014-07-17,23.440001,24.00,23.25,23.82,43100,19.337001
2014-07-16,23.219999,23.780001,23.10,23.639999,32100,19.190877
2014-07-15,23.51,23.67,23.049999,23.07,112000,18.728153
2014-07-14,23.629999,24.00,23.49,23.540001,31000,19.109698
2014-07-11,23.75,23.85,23.35,23.540001,86200,19.109698
2014-07-10,23.700001,24.00,23.52,23.719999,53900,19.255821
2014-07-09,23.74,23.799999,23.700001,23.74,43600,19.272057
2014-07-08,23.75,23.860001,23.620001,23.790001,22900,19.312648
2014-07-07,24.790001,24.879999,23.549999,23.719999,127600,19.255821
2014-07-03,23.42,24.09,23.23,23.93,143800,19.426299
2014-07-02,22.950001,23.50,22.950001,23.23,63600,18.85804
2014-07-01,23.190001,23.219999,22.780001,23.08,46600,18.736271
2014-06-30,23.190001,23.33,22.91,23.00,57500,18.671327
2014-06-27,23.030001,23.200001,22.790001,23.00,30500,18.671327
2014-06-26,22.91,23.190001,22.76,23.01,40600,18.679446
2014-06-25,22.98,23.18,22.690001,23.02,56900,18.687564
2014-06-24,23.209999,23.40,22.610001,22.950001,60300,18.630738
2014-06-23,22.67,23.50,22.43,23.10,88400,18.752507
2014-06-20,22.139999,22.98,22.139999,22.77,98500,18.484615
2014-06-19,22.01,22.35,22.01,22.34,102300,18.135542
2014-06-18,22.040001,22.440001,21.34,22.02,82300,17.875767
2014-06-17,22.040001,22.75,22.00,22.129999,136900,17.965063
2014-06-16,22.950001,23.48,22.190001,22.41,224400,18.192367
2014-06-13,21.610001,22.73,21.610001,22.530001,292900,18.289783
2014-06-12,18.879999,21.379999,18.879999,21.16,683600,17.177621
2014-06-11,19.00,19.049999,18.35,18.559999,85000,15.
066949
2014-06-10,19.110001,19.129999,18.950001,19.030001,24300,15.448494
2014-06-09,18.98,19.25,18.82,19.120001,75900,15.521556
2014-06-06,18.93,19.23,18.76,18.809999,73700,15.269898
2014-06-05,18.90,19.219999,18.75,18.85,189000,15.302371
2014-06-04,18.620001,19.379999,18.50,18.99,136900,15.416022
2014-06-03,18.34,18.700001,18.209999,18.549999,84800,15.058831
2014-06-02,17.85,18.299999,17.709999,18.25,66500,14.815292
2014-05-30,17.700001,17.950001,17.540001,17.870001,80200,14.50681
2014-05-29,17.48,17.73,17.370001,17.690001,41500,14.360687
2014-05-28,17.690001,17.719999,17.41,17.559999,48100,14.255152
2014-05-27,17.59,17.73,17.57,17.629999,71600,14.311978
2014-05-23,17.65,17.74,17.559999,17.58,37000,14.271388
2014-05-22,17.389999,17.66,17.33,17.610001,43100,14.295743
2014-05-21,17.40,17.50,17.299999,17.34,29800,14.076557
2014-05-20,17.32,17.48,17.219999,17.379999,38500,14.109028
2014-05-19,17.209999,17.48,17.209999,17.27,80100,14.019732
2014-05-16,17.17,17.34,17.17,17.25,59000,14.003496
2014-05-15,17.049999,17.360001,17.02,17.24,114200,13.995377
2014-05-14,16.950001,17.08,16.90,17.08,49900,13.86549
2014-05-13,16.950001,17.02,16.799999,17.02,155500,13.816783
2014-05-12,17.190001,17.219999,16.98,17.01,117500,13.808665
2014-05-09,16.90,17.23,16.51,17.16,209200,13.930434
2014-05-08,17.24,17.24,16.92,16.98,153600,13.78431
2014-05-07,17.10,17.50,17.10,17.33,319700,14.068439
2014-05-06,17.01,17.18,16.950001,17.10,160800,13.557008
2014-05-05,16.91,17.049999,16.91,17.01,110100,13.485655
2014-05-02,17.059999,17.200001,16.90,16.969999,119200,13.453942
2014-05-01,17.139999,17.15,17.01,17.08,132000,13.541151
2014-04-30,17.200001,17.200001,17.10,17.200001,94900,13.636289
2014-04-29,17.129999,17.17,16.98,17.17,64500,13.612504
2014-04-28,17.200001,17.200001,16.889999,17.10,109700,13.557008
2014-04-25,17.040001,17.219999,16.969999,17.15,113000,13.596648
2014-04-24,17.200001,17.24,16.98,17.02,39500,13.493583
2014-04-23,17.129999,17.25,17.07,17.25,45000,13.675929
2014-04-22,17.08,17.25,17.02,17.059999,22400,13.525295
2014-04-21,17.040001,17.15,16.85,17.10,44100,13.557008
2014-04-17,17.15,17.200001,16.809999,17.00,57900,13.477727
2014-04-16,17.120001,17.190001,17.09,17.09,133700,13.54908
2014-04-15,17.129999,17.129999,16.950001,17.10,54700,13.557008
2014-04-14,16.92,17.209999,16.92,17.040001,47800,13.50944
2014-04-11,17.209999,17.209999,16.700001,16.98,27900,13.46187
2014-04-10,17.08,17.18,16.809999,16.82,47200,13.335021
2014-04-09,17.059999,17.059999,16.90,17.02,60900,13.493583
2014-04-08,16.889999,17.120001,16.799999,17.01,57500,13.485655
2014-04-07,17.18,17.200001,16.92,16.969999,53300,13.453942
2014-04-04,17.030001,17.32,16.99,17.08,36400,13.541151
2014-04-03,17.030001,17.389999,16.85,17.07,95300,13.533223
2014-04-02,16.969999,17.129999,16.610001,17.00,122800,13.477727
2014-04-01,16.83,17.219999,16.83,17.09,95600,13.54908
2014-03-31,16.959999,17.059999,16.809999,16.950001,80000,13.438087
2014-03-28,17.17,17.17,16.90,16.969999,69900,13.453942
2014-03-27,17.059999,17.18,16.99,17.08,82900,13.541151
2014-03-26,17.32,17.49,17.049999,17.049999,91400,13.517367
2014-03-25,17.440001,17.49,17.209999,17.209999,31100,13.644216
2014-03-24,17.280001,17.48,17.26,17.440001,70700,13.826563
2014-03-21,17.360001,17.360001,17.049999,17.209999,61500,13.644216
2014-03-20,17.059999,17.17,17.049999,17.110001,24300,13.564936
2014-03-19,17.129999,17.
299999,17.049999,17.120001,21600,13.572864
2014-03-18,17.200001,17.35,16.950001,17.059999,205000,13.525295
2014-03-17,17.16,17.32,17.09,17.32,49300,13.731425
2014-03-14,17.15,17.290001,17.15,17.190001,26000,13.628361
2014-03-13,17.08,17.23,17.08,17.129999,77300,13.580791
2014-03-12,17.00,17.299999,16.959999,17.10,45700,13.557008
2014-03-11,17.10,17.10,16.860001,17.040001,34100,13.50944
2014-03-10,16.620001,17.09,16.620001,17.040001,57900,13.50944
2014-03-07,16.48,16.719999,16.48,16.620001,72400,13.176461
2014-03-06,17.25,17.25,14.92,16.48,468400,13.065467
2014-03-05,17.67,17.870001,17.290001,17.370001,43500,13.771066
2014-03-04,17.690001,18.00,17.690001,17.780001,58800,14.096117
2014-03-03,17.639999,17.709999,17.440001,17.67,38500,14.008908
2014-02-28,17.85,17.90,17.60,17.60,52800,13.953412
2014-02-27,17.85,17.950001,17.549999,17.76,33600,14.080261
2014-02-26,17.90,17.90,17.50,17.870001,110900,14.16747
2014-02-25,17.809999,17.93,17.719999,17.84,50600,14.143685
2014-02-24,17.870001,17.93,17.66,17.700001,73000,14.032693
2014-02-21,17.57,17.84,17.540001,17.780001,44200,14.096117
2014-02-20,17.52,17.76,17.43,17.639999,67200,13.985123
2014-02-19,17.629999,17.940001,17.440001,17.450001,56600,13.834491
2014-02-18,17.799999,17.950001,17.51,17.540001,84200,13.905844
2014-02-14,17.969999,17.98,17.57,17.799999,76200,14.111972
2014-02-13,18.00,18.200001,17.809999,17.969999,144200,14.24675
2014-02-12,18.110001,18.15,17.799999,18.07,69200,14.326031
2014-02-11,17.90,18.27,17.67,18.110001,183500,14.357744
2014-02-10,18.200001,18.40,17.50,17.809999,157000,14.1199
2014-02-07,17.790001,18.00,17.440001,17.92,149800,14.20711
2014-02-06,17.67,17.85,17.43,17.66,138000,14.00098
2014-02-05,17.790001,17.860001,16.969999,17.66,209300,14.00098
2014-02-04,18.01,18.07,17.450001,17.860001,299100,14.159542
2014-02-03,17.309999,18.110001,17.00,18.00,463700,14.270534
2014-01-31,16.200001,17.85,16.16,17.84,5394400,13.826562
2014-01-30,17.139999,17.370001,16.790001,16.91,284300,13.105783
2014-01-29,17.85,18.299999,17.84,18.01,30700,13.958318
2014-01-28,18.24,18.360001,17.84,17.940001,18700,13.904066
2014-01-27,18.110001,18.389999,17.60,17.799999,31400,13.79556
2014-01-24,17.90,18.18,17.48,18.01,44300,13.958318
2014-01-23,18.10,18.24,17.77,17.77,17000,13.77231
2014-01-22,18.299999,18.42,18.01,18.01,32700,13.958318
2014-01-21,18.209999,18.290001,18.02,18.02,38900,13.966068
2014-01-17,18.40,18.40,18.00,18.00,32000,13.950567
2014-01-16,18.889999,18.889999,18.27,18.40,53800,14.260579
2014-01-15,18.709999,19.120001,18.65,18.780001,436600,14.555092
2014-01-14,18.049999,18.700001,18.049999,18.620001,20200,14.431087
2014-01-13,18.99,19.290001,18.57,18.57,43400,14.392335
2014-01-10,18.77,19.07,18.24,18.870001,36900,14.624845
2014-01-09,18.120001,19.00,18.040001,18.75,31300,14.531841
2014-01-08,18.43,18.799999,18.139999,18.23,29300,14.128824
2014-01-07,18.52,19.00,18.26,18.26,33400,14.152075
2014-01-06,18.540001,18.93,18.33,18.42,29800,14.27608
2014-01-03,18.26,18.82,18.10,18.17,51000,14.082323
2014-01-02,18.09,18.51,17.959999,18.040001,31100,13.981569
2013-12-31,17.74,18.40,17.700001,18.030001,14700,13.973819
2013-12-30,17.35,17.809999,17.290001,17.809999,46500,13.803311
2013-12-27,17.60,17.700001,16.83,17.33,35700,13.431296
2013-12-26,17.60,17.940001,17.60,17.75,18300,13.756809
2013-12-24,17.719999,17.950001,17.49,17.68,5700,13.702557
2013-12-23,17.34,17.77,17.34,17.59,27500,13.632804
201
3-12-20,17.389999,17.700001,17.200001,17.48,248400,13.54755
2013-12-19,17.23,17.49,16.99,17.290001,38900,13.400295
2013-12-18,16.700001,17.110001,16.65,17.110001,39500,13.26079
2013-12-17,16.75,16.93,16.50,16.639999,124500,12.896524
2013-12-16,17.030001,17.10,16.42,16.68,40100,12.927526
2013-12-13,16.76,17.75,16.75,16.75,35900,12.981778
2013-12-12,17.290001,17.52,16.77,16.860001,19500,13.067032
2013-12-11,17.50,17.76,17.25,17.50,26400,13.563051
2013-12-10,17.799999,17.85,17.50,17.549999,20300,13.601802
2013-12-09,17.379999,18.66,17.35,17.75,15900,13.756809
2013-12-06,18.02,18.129999,17.35,17.379999,8500,13.470047
2013-12-05,18.879999,18.879999,17.68,18.00,22600,13.950567
2013-12-04,19.25,19.33,18.66,18.790001,11400,14.562843
2013-12-03,19.27,19.50,19.02,19.10,9200,14.803102
2013-12-02,19.370001,19.799999,19.209999,19.24,5700,14.911606
2013-11-29,19.129999,19.40,19.110001,19.26,15700,14.927107
2013-11-27,19.67,19.67,19.049999,19.16,25000,14.849604
2013-11-26,19.940001,19.940001,19.40,19.40,37800,15.035611
2013-11-25,19.799999,20.10,19.40,20.00,40000,15.50063
2013-11-22,19.809999,20.00,19.60,19.879999,26700,15.407626
2013-11-21,19.68,20.00,19.60,19.809999,6300,15.353374
2013-11-20,19.620001,19.75,19.51,19.51,3800,15.120865
2013-11-19,19.870001,19.91,19.40,19.620001,16300,15.206119
2013-11-18,20.09,20.209999,19.50,19.65,21500,15.229369
2013-11-15,19.799999,20.139999,19.629999,20.09,2200,15.570383
2013-11-14,20.110001,20.110001,19.65,19.76,9200,15.314623
2013-11-13,20.360001,20.65,19.530001,20.24,35300,15.686638
2013-11-12,20.50,20.540001,19.92,20.530001,7400,15.911397
2013-11-11,20.49,20.75,19.91,20.200001,5900,15.655637
2013-11-08,19.780001,20.51,19.40,20.25,28200,15.694388
2013-11-07,19.799999,20.049999,19.75,19.780001,7600,15.330124
2013-11-06,19.860001,20.200001,19.75,19.77,6500,15.322373
2013-11-05,19.540001,20.049999,19.40,19.870001,16700,15.399877
2013-11-04,20.200001,20.49,19.799999,19.799999,15200,15.035611
2013-11-01,20.08,20.299999,19.50,20.15,11600,15.301392
2013-10-31,20.00,20.41,19.68,20.200001,56500,15.339362
2013-10-30,20.10,20.360001,19.450001,20.190001,21700,15.331768
2013-10-29,19.790001,20.25,19.35,19.98,24800,15.172299
2013-10-28,20.440001,20.59,19.629999,19.91,15400,15.119143
2013-10-25,21.00,21.00,20.18,20.40,35400,15.491236
2013-10-24,20.450001,20.98,20.120001,20.98,24000,15.931673
2013-10-23,20.00,20.219999,19.700001,20.120001,22000,15.278612
2013-10-22,20.50,20.50,19.290001,20.17,35600,15.31658
2013-10-21,20.780001,20.780001,20.219999,20.280001,27800,15.400112
2013-10-18,20.76,21.00,20.059999,20.59,21300,15.635517
2013-10-17,20.200001,20.43,19.66,20.190001,68700,15.331768
2013-10-16,20.290001,20.49,20.040001,20.280001,26000,15.400112
2013-10-15,20.379999,20.469999,20.10,20.41,21000,15.49883
2013-10-14,19.99,20.59,19.90,20.549999,43000,15.605142
2013-10-11,18.51,20.00,18.219999,19.92,33700,15.126737
2013-10-10,17.17,18.299999,17.120001,18.290001,29300,13.888957
2013-10-09,17.75,17.75,16.50,17.200001,212200,13.061239
2013-10-08,16.48,16.66,16.209999,16.34,13000,12.408177
2013-10-07,16.77,16.799999,16.450001,16.549999,17100,12.567644
2013-10-04,16.799999,17.120001,16.58,16.780001,118100,12.742302
2013-10-03,16.780001,17.10,16.51,16.790001,35000,12.749896
2013-10-02,16.799999,16.98,16.549999,16.780001,46700,12.742302
2013-10-01,16.85,17.059999,16.75,16.76,14300,12.7
27114
2013-09-30,17.09,17.110001,16.73,16.799999,21600,12.757488
2013-09-27,17.23,17.23,17.00,17.129999,39800,13.008081
2013-09-26,17.40,17.610001,17.25,17.26,13000,13.106801
2013-09-25,17.40,17.68,17.40,17.41,8800,13.220707
2013-09-24,17.48,17.90,17.440001,17.440001,16800,13.243489
2013-09-23,17.43,17.799999,17.43,17.469999,44500,13.266269
2013-09-20,17.75,17.84,17.43,17.43,27200,13.235895
2013-09-19,18.200001,18.290001,17.50,17.530001,44900,13.311832
2013-09-18,18.24,18.610001,17.969999,18.120001,22700,13.759863
2013-09-17,18.49,18.49,18.02,18.24,36200,13.850987
2013-09-16,17.950001,18.299999,17.879999,18.01,25400,13.676332
2013-09-13,18.07,18.540001,18.07,18.07,18200,13.721894
2013-09-12,18.700001,18.82,18.02,18.02,33600,13.683926
2013-09-11,18.690001,18.91,18.34,18.50,45500,14.048425
2013-09-10,18.32,18.32,18.049999,18.25,36800,13.858581
2013-09-09,18.17,18.450001,18.07,18.360001,36700,13.942113
2013-09-06,18.66,18.799999,18.10,18.219999,12600,13.8358
2013-09-05,18.799999,19.00,18.57,18.85,9300,14.314206
2013-09-04,18.90,19.209999,18.66,18.66,8500,14.169925
2013-09-03,18.809999,19.440001,18.620001,18.76,12400,14.245862
2013-08-30,19.040001,19.43,18.639999,18.809999,7200,14.283831
2013-08-29,19.049999,19.120001,18.610001,18.84,6100,14.306612
2013-08-28,19.719999,21.08,18.809999,18.809999,26000,14.283831
2013-08-27,19.50,20.33,19.50,19.66,9400,14.929299
2013-08-26,19.16,19.870001,18.74,19.469999,34100,14.785017
2013-08-23,19.35,19.68,18.860001,19.290001,7000,14.648331
2013-08-22,18.950001,19.870001,18.50,19.209999,30900,14.58758
2013-08-21,19.049999,19.49,17.84,18.77,65600,14.253456
2013-08-20,19.290001,20.209999,19.00,19.00,27700,14.428112
2013-08-19,19.50,19.50,19.030001,19.110001,38700,14.511644
2013-08-16,19.00,19.809999,19.00,19.200001,39600,14.579988
2013-08-15,20.50,20.50,18.309999,19.00,123700,14.428112
2013-08-14,20.85,21.10,20.50,20.50,13200,15.567174
2013-08-13,20.65,21.129999,20.60,20.75,22200,15.757017
2013-08-12,20.66,21.219999,20.18,20.65,17900,15.681079
2013-08-09,20.809999,20.98,20.200001,20.98,25300,15.931673
2013-08-08,21.57,22.00,21.10,21.10,5100,16.022798
2013-08-07,22.610001,22.610001,21.200001,21.49,59200,16.318954
2013-08-06,23.25,23.68,22.799999,22.99,49500,17.154266
2013-08-05,22.57,23.379999,22.41,23.25,92500,17.348268
2013-08-02,23.190001,23.190001,22.389999,22.43,13100,16.736415
2013-08-01,22.90,22.950001,22.07,22.35,4900,16.676722
2013-07-31,22.190001,23.110001,21.68,22.780001,17100,16.997572
2013-07-30,23.32,23.32,22.00,22.01,30900,16.423027
2013-07-29,23.10,23.290001,22.709999,22.809999,12700,17.019956
2013-07-26,23.309999,23.40,22.700001,22.82,19700,17.027418
2013-07-25,24.780001,24.780001,22.620001,23.16,78400,17.281113
2013-07-24,23.610001,23.610001,23.00,23.60,23000,17.609425
2013-07-23,23.610001,23.610001,23.00,23.41,82200,17.467654
2013-07-22,23.43,23.65,23.00,23.24,107400,17.340806
2013-07-19,23.34,23.83,22.219999,22.77,387600,16.99011
2013-07-18,23.00,23.60,22.92,23.219999,31600,17.325882
2013-07-17,23.219999,23.48,22.780001,22.790001,11400,17.005034
2013-07-16,22.959999,23.049999,22.700001,23.049999,102300,17.199035
2013-07-15,23.129999,23.25,22.99,23.02,9300,17.176651
2013-07-12,23.190001,23.299999,22.83,22.959999,12000,17.13188
2013-07-11,23.200001,23.25,23.049999,23.25,9200,17.348268
2013-07-10,22.969999,2
3.200001,22.889999,23.139999,12100,17.26619
2013-07-09,22.91,23.190001,22.809999,23.139999,33300,17.26619
2013-07-08,22.969999,23.120001,22.68,23.00,21700,17.161727
2013-07-05,23.110001,23.139999,22.85,22.85,4600,17.049803
2013-07-03,22.780001,23.34,22.67,23.23,13900,17.333344
2013-07-02,22.82,23.00,22.59,22.889999,5200,17.079649
2013-07-01,22.99,23.00,22.84,23.00,3900,17.161727
2013-06-28,22.99,23.15,22.99,22.99,3500,17.154266
2013-06-27,23.15,23.32,22.98,23.15,25800,17.273651
2013-06-26,22.549999,23.67,22.549999,23.09,65700,17.228882
2013-06-25,22.459999,22.700001,22.40,22.41,9700,16.721492
2013-06-24,22.65,22.65,22.35,22.51,24000,16.796108
2013-06-21,23.059999,23.059999,22.610001,22.799999,21200,17.012494
2013-06-20,22.809999,22.969999,22.60,22.879999,27900,17.072187
2013-06-19,22.92,23.00,22.85,22.950001,2500,17.12442
2013-06-18,23.01,23.16,22.92,23.049999,13400,17.199035
2013-06-17,22.959999,23.040001,22.860001,23.00,8300,17.161727
2013-06-14,22.700001,22.969999,22.52,22.969999,10000,17.139342
2013-06-13,22.860001,22.98,22.74,22.85,19000,17.049803
2013-06-12,22.60,22.82,22.23,22.82,12100,17.027418
2013-06-11,22.77,22.91,22.50,22.77,17400,16.99011
2013-06-10,22.66,22.90,22.530001,22.76,16900,16.982649
2013-06-07,22.35,22.540001,22.200001,22.50,10500,16.788646
2013-06-06,21.950001,22.09,21.90,22.01,2100,16.423027
2013-06-05,21.629999,21.90,21.49,21.780001,25400,16.25141
2013-06-04,22.200001,22.200001,21.59,21.77,44600,16.243948
2013-06-03,22.459999,22.459999,22.02,22.219999,45200,16.57972
2013-05-31,22.60,22.700001,22.459999,22.459999,6600,16.758799
2013-05-30,22.690001,22.75,22.60,22.67,8700,16.915494
2013-05-29,22.48,23.389999,22.42,22.690001,66600,16.930417
2013-05-28,21.75,22.65,21.719999,22.639999,32700,16.893109
2013-05-24,21.49,21.66,21.40,21.66,6800,16.16187
2013-05-23,21.440001,21.51,21.280001,21.49,20900,16.035022
2013-05-22,21.00,21.41,21.00,21.370001,18900,15.945484
2013-05-21,21.129999,21.27,20.950001,21.129999,92900,15.766404
2013-05-20,20.629999,21.129999,20.360001,20.950001,201100,15.632096
2013-05-17,21.00,21.10,20.25,20.549999,121000,15.33363
2013-05-16,21.43,21.59,20.719999,20.969999,104000,15.647018
2013-05-15,21.01,21.620001,21.00,21.26,60000,15.863406
2013-05-14,21.01,21.639999,20.92,21.129999,55500,15.766404
2013-05-13,21.370001,21.559999,21.120001,21.120001,50000,15.758943
2013-05-10,21.16,21.40,21.16,21.18,74000,15.803713
2013-05-09,20.950001,21.120001,20.790001,20.940001,34400,15.624634
2013-05-08,21.200001,21.549999,20.74,20.85,173500,15.557479
2013-05-07,21.469999,21.469999,20.76,21.00,61800,15.370938
2013-05-06,21.60,21.75,21.389999,21.469999,71600,15.714954
2013-05-03,21.59,21.940001,21.120001,21.610001,120700,15.817428
2013-05-02,21.98,21.98,21.540001,21.559999,111000,15.78083
2013-05-01,21.83,21.98,21.780001,21.950001,35200,16.066291
2013-04-30,21.200001,21.719999,21.15,21.629999,483500,15.832066
2013-04-29,21.32,21.40,21.049999,21.27,27500,15.568565
2013-04-26,21.08,21.32,20.809999,21.23,34900,15.539286
2013-04-25,21.26,21.43,21.09,21.129999,15200,15.466091
2013-04-24,21.280001,21.379999,21.120001,21.35,76400,15.627121
2013-04-23,20.870001,21.129999,20.76,21.129999,20700,15.466091
2013-04-22,21.209999,21.209999,20.77,20.99,20000,15.363619
2013-04-19,20.50,20.93,20.33,20.860001,38700,15.268466
2013-04-18,19.85,20.65,19.74,20.32,17500,14.873213
2013-04-17,20.00,20.10,19.690001,20.01,44300,14.64630
9
2013-04-16,20.77,20.879999,20.08,20.08,52200,14.697545
2013-04-15,20.43,20.66,20.200001,20.66,26700,15.122075
2013-04-12,20.25,20.620001,20.049999,20.530001,41100,15.026923
2013-04-11,20.379999,20.84,20.379999,20.629999,74300,15.100117
2013-04-10,20.09,21.15,20.040001,20.610001,98800,15.085479
2013-04-09,18.809999,20.01,18.809999,19.98,81000,14.62435
2013-04-08,18.60,19.049999,18.40,18.85,190300,13.797247
2013-04-05,18.610001,19.00,18.48,18.73,435400,13.709413
2013-04-04,18.790001,19.15,18.719999,19.01,199700,13.914359
2013-04-03,19.030001,19.25,18.34,18.90,344600,13.833844
2013-04-02,19.879999,19.93,18.83,19.01,211900,13.914359
2013-04-01,20.51,20.51,19.67,19.83,349200,14.514558
2013-03-28,25.200001,25.200001,20.15,20.25,1234400,14.821976
2013-03-27,25.389999,25.91,25.27,25.75,75000,18.847698
2013-03-26,25.690001,25.690001,25.209999,25.559999,3100,18.708628
2013-03-25,25.620001,25.690001,25.02,25.690001,103100,18.803782
2013-03-22,25.190001,25.790001,25.110001,25.459999,23500,18.635432
2013-03-21,24.40,25.42,24.40,25.120001,31900,18.386571
2013-03-20,25.450001,25.450001,25.15,25.23,11700,18.467084
2013-03-19,25.90,25.90,25.450001,25.49,7400,18.657391
2013-03-18,26.02,26.08,25.65,25.75,22100,18.847698
2013-03-15,26.219999,26.49,25.82,26.25,20200,19.213673
2013-03-14,25.50,26.09,25.450001,26.059999,168300,19.074602
2013-03-13,24.219999,25.709999,23.719999,25.50,38700,18.664711
2013-03-12,24.139999,24.309999,24.00,24.10,21200,17.639982
2013-03-11,24.00,24.049999,23.75,24.00,116500,17.566787
2013-03-08,23.360001,24.00,23.129999,23.780001,318500,17.405758
2013-03-07,22.58,23.309999,22.58,23.209999,7000,16.988546
2013-03-06,22.57,22.82,22.549999,22.690001,24800,16.607933
2013-03-05,22.50,23.200001,22.450001,22.51,20300,16.476182
2013-03-04,22.52,22.559999,22.27,22.43,27100,16.417626
2013-03-01,23.00,23.25,22.559999,22.60,14800,16.542058
2013-02-28,23.51,23.57,22.799999,22.91,19900,16.768962
2013-02-27,23.379999,23.879999,23.129999,23.40,26900,17.127617
2013-02-26,22.940001,23.58,22.940001,23.309999,7600,17.061741
2013-02-25,22.92,23.17,22.780001,22.83,18400,16.710406
2013-02-22,22.92,23.18,22.76,22.809999,25900,16.695767
2013-02-21,22.870001,22.870001,22.389999,22.780001,19200,16.673809
2013-02-20,22.40,22.98,22.02,22.719999,255800,16.629891
2013-02-19,22.879999,23.09,22.360001,22.49,29800,16.461543
2013-02-15,23.139999,23.139999,22.799999,22.889999,37000,16.754322
2013-02-14,22.809999,23.200001,22.60,22.90,90400,16.761642
2013-02-13,22.620001,23.25,22.620001,22.969999,37900,16.812878
2013-02-12,22.76,22.969999,22.65,22.709999,98000,16.622571
2013-02-11,23.059999,23.059999,22.610001,22.790001,127700,16.681129
2013-02-08,23.219999,23.219999,22.610001,22.84,28700,16.717726
2013-02-07,23.09,23.219999,23.09,23.110001,88700,16.915352
2013-02-06,23.049999,23.40,23.049999,23.15,69500,16.768961
2013-02-05,23.60,23.66,22.98,23.120001,132500,16.747231
2013-02-04,23.700001,23.98,23.540001,23.58,12700,17.080437
2013-02-01,23.719999,24.41,23.08,23.629999,34400,17.116654
2013-01-31,23.48,23.58,22.799999,23.52,107800,17.036975
2013-01-30,23.950001,24.10,23.15,23.57,29000,17.073193
2013-01-29,23.799999,24.26,23.799999,24.040001,26100,17.413643
2013-01-28,24.309999,24.309999,23.91,23.98,29600,17.3
70181
2013-01-25,24.49,24.49,24.00,24.00,36300,17.384668
2013-01-24,24.25,24.49,23.709999,24.34,16800,17.630951
2013-01-23,24.15,24.360001,23.90,24.01,11000,17.391912
2013-01-22,24.01,24.200001,23.75,24.17,17900,17.50781
2013-01-18,24.040001,24.26,23.700001,24.040001,15000,17.413643
2013-01-17,24.030001,24.40,23.629999,24.35,30000,17.638195
2013-01-16,24.030001,24.280001,23.51,23.889999,31100,17.304988
2013-01-15,24.25,24.379999,23.92,24.24,19700,17.558515
2013-01-14,24.43,24.440001,24.15,24.299999,59000,17.601976
2013-01-11,24.379999,24.59,24.10,24.309999,6700,17.60922
2013-01-10,24.440001,24.690001,24.00,24.26,181900,17.573002
2013-01-09,24.110001,24.799999,24.00,24.469999,114600,17.725118
2013-01-08,24.290001,24.59,24.01,24.10,30500,17.457105
2013-01-07,24.440001,24.50,24.01,24.41,13600,17.681656
2013-01-04,24.809999,24.809999,24.23,24.559999,34400,17.79031
2013-01-03,24.709999,25.00,24.209999,24.620001,16100,17.833773
2013-01-02,24.120001,24.90,23.50,24.690001,31700,17.884478
2012-12-31,23.780001,24.75,23.60,23.780001,25400,17.225309
2012-12-28,23.91,24.10,23.190001,23.780001,5700,17.225309
2012-12-27,23.959999,24.200001,23.75,23.76,8600,17.210822
2012-12-26,23.75,24.00,23.469999,23.799999,11900,17.239796
2012-12-24,22.950001,23.77,22.950001,23.35,7300,16.913834
2012-12-21,23.43,24.219999,23.049999,23.190001,20200,16.797936
2012-12-20,23.530001,23.879999,23.40,23.610001,13100,17.102168
2012-12-19,23.049999,23.57,22.799999,23.40,24500,16.950051
2012-12-18,23.33,23.469999,23.02,23.139999,22300,16.761717
2012-12-17,23.26,23.32,23.030001,23.110001,11900,16.739987
2012-12-14,23.60,23.60,23.00,23.18,42300,16.790692
2012-12-13,23.040001,23.889999,22.209999,23.24,76500,16.834154
2012-12-12,23.52,23.52,23.129999,23.40,26500,16.950051
2012-12-11,23.030001,23.85,23.030001,23.799999,54600,17.239796
2012-12-10,23.66,24.040001,23.32,23.48,33500,17.008
2012-12-07,23.68,23.82,23.16,23.540001,28200,17.051463
2012-12-06,24.08,24.309999,23.66,23.809999,37300,17.247039
2012-12-05,23.65,24.60,23.34,23.959999,99000,17.355693
2012-12-04,23.42,23.959999,23.209999,23.65,182900,17.131142
2012-12-03,23.48,23.690001,23.33,23.540001,42600,17.051463
2012-11-30,23.639999,23.639999,23.16,23.48,177400,17.008
2012-11-29,23.709999,23.709999,23.16,23.48,46400,17.008
2012-11-28,23.49,23.66,23.25,23.549999,128100,17.058705
2012-11-27,23.32,23.50,23.110001,23.389999,112400,16.942808
2012-11-26,22.92,23.049999,22.67,22.90,103500,16.587871
2012-11-23,22.799999,23.08,22.799999,23.049999,13300,16.696525
2012-11-21,22.75,23.09,22.40,22.68,188600,16.428512
2012-11-20,23.00,23.040001,22.879999,23.00,34800,16.660307
2012-11-19,23.25,23.280001,22.77,23.030001,88000,16.682039
2012-11-16,22.01,23.18,22.01,23.049999,151800,16.696525
2012-11-15,22.50,22.959999,22.01,22.08,38700,15.993895
2012-11-14,22.799999,23.09,22.200001,22.75,262100,16.479217
2012-11-13,23.040001,23.190001,22.65,22.889999,123800,16.580627
2012-11-12,23.67,23.90,23.02,23.41,124700,16.957295
2012-11-09,23.00,23.629999,22.809999,23.59,65700,17.08768
2012-11-08,23.00,23.299999,22.84,23.01,76300,16.667551
2012-11-07,22.879999,23.459999,22.26,23.129999,145700,16.754474
2012-11-06,23.299999,23.59,23.00,23.09,152500,16.7255
2012-11-05,22.40,23.15,22.129999,23.139999,312900,16.761717
2012-11-02,22.00,23.200001,22.00,22.35,6690600,16.189473