Date,Open,High,Low,Close,Volume,Adj Close
2016-08-11,19.24,19.35,19.17,19.32,55200,19.32
2016-08-10,19.129999,19.129999,18.91,18.99,104300,18.99
2016-08-09,19.32,19.33,18.969999,19.10,56500,19.10
2016-08-08,19.07,19.32,19.07,19.24,46800,19.24
2016-08-05,19.00,19.08,18.700001,19.049999,24000,19.049999
2016-08-04,18.610001,18.950001,18.59,18.85,61400,18.85
2016-08-03,18.059999,18.530001,17.99,18.52,52200,18.52
2016-08-02,17.860001,18.299999,17.83,17.91,75300,17.91
2016-08-01,18.75,18.75,18.059999,18.17,71700,18.17
2016-07-29,18.48,18.780001,18.40,18.77,38900,18.77
2016-07-28,18.719999,18.719999,18.43,18.50,36200,18.50
2016-07-27,19.02,19.17,18.610001,18.66,45000,18.66
2016-07-26,18.959999,19.059999,18.809999,18.91,44400,18.91
2016-07-25,19.389999,19.389999,18.950001,18.99,29200,18.99
2016-07-22,19.23,19.459999,19.23,19.41,38400,19.41
2016-07-21,19.51,19.610001,19.26,19.370001,105200,19.370001
2016-07-20,19.200001,19.48,19.08,19.42,41000,19.42
2016-07-19,19.18,19.25,19.059999,19.24,44300,19.24
2016-07-18,19.059999,19.23,18.91,19.190001,61200,19.190001
2016-07-15,19.16,19.16,18.92,19.07,60000,19.07
2016-07-14,18.99,19.09,18.90,19.00,46200,19.00
2016-07-13,19.190001,19.209999,18.77,18.84,60100,18.84
2016-07-12,18.870001,19.200001,18.870001,19.139999,49500,19.139999
2016-07-11,18.75,18.780001,18.50,18.559999,77000,18.559999
2016-07-08,18.65,18.65,18.42,18.57,84700,18.57
2016-07-07,18.719999,18.93,18.360001,18.40,119900,18.40
2016-07-06,18.280001,18.459999,18.139999,18.459999,101800,18.459999
2016-07-05,18.360001,18.49,18.16,18.41,71600,18.41
2016-07-01,18.76,18.809999,18.60,18.65,55400,18.65
2016-06-30,18.51,18.66,18.42,18.610001,99800,18.610001
2016-06-29,18.52,18.59,18.290001,18.459999,127000,18.459999
2016-06-28,18.08,18.16,17.620001,18.09,154900,18.09
2016-06-27,18.030001,18.030001,17.129999,17.389999,100700,17.389999
2016-06-24,18.34,18.700001,18.09,18.17,94100,18.17
2016-06-23,18.860001,18.91,18.559999,18.84,86800,18.84
2016-06-22,18.610001,18.67,18.40,18.52,39600,18.52
2016-06-21,18.139999,18.540001,18.059999,18.540001,94200,18.540001
2016-06-20,18.32,18.35,18.10,18.200001,62500,18.200001
2016-06-17,18.16,18.16,17.860001,18.040001,75800,18.040001
2016-06-16,17.68,17.85,17.26,17.85,112600,17.85
2016-06-15,17.65,17.940001,17.450001,17.799999,89900,17.799999
2016-06-14,17.690001,17.879999,17.43,17.719999,131500,17.719999
2016-06-13,17.93,18.139999,17.860001,17.870001,69800,17.870001
2016-06-10,18.51,18.52,18.030001,18.10,87100,18.10
2016-06-09,18.48,18.82,18.469999,18.74,87100,18.74
2016-06-08,18.879999,19.09,18.73,18.83,98200,18.83
2016-06-07,18.52,18.77,18.370001,18.76,102600,18.76
2016-06-06,18.01,18.35,17.92,18.299999,102700,18.299999
2016-06-03,17.780001,17.91,17.59,17.809999,96900,17.809999
2016-06-02,17.57,17.799999,17.549999,17.799999,112900,17.799999
2016-06-01,17.34,17.66,17.24,17.629999,117500,17.629999
2016-05-31,17.59,17.68,17.299999,17.370001,92600,17.370001
2016-05-27,17.35,17.51,17.200001,17.50,51400,17.50
2016-05-26,17.74,17.77,17.379999,17.50,79000,17.50
2016-05-25,17.780001,17.780001,17.59,17.
59,64400,17.59
2016-05-24,17.65,17.83,17.360001,17.450001,64200,17.450001
2016-05-23,17.57,17.67,17.389999,17.59,67700,17.59
2016-05-20,17.33,17.629999,17.09,17.629999,84000,17.629999
2016-05-19,17.15,17.620001,16.99,17.530001,134500,17.122001
2016-05-18,17.75,17.75,17.209999,17.219999,109300,16.819215
2016-05-17,17.459999,17.959999,17.40,17.68,119400,17.26851
2016-05-16,17.49,17.610001,17.209999,17.610001,111000,17.200139
2016-05-13,16.809999,17.309999,16.809999,17.059999,71700,16.662939
2016-05-12,17.139999,17.190001,16.92,16.93,113500,16.535965
2016-05-11,16.629999,16.99,16.40,16.76,116500,16.369922
2016-05-10,16.48,16.68,16.440001,16.610001,83000,16.223413
2016-05-09,16.629999,16.629999,16.07,16.33,82500,15.94993
2016-05-06,16.84,17.059999,16.60,16.73,36800,16.340619
2016-05-05,17.139999,17.219999,16.780001,16.90,82400,16.506663
2016-05-04,16.709999,16.98,16.389999,16.65,46000,16.262481
2016-05-03,17.09,17.09,16.459999,16.65,118800,16.262481
2016-05-02,17.68,17.709999,17.10,17.299999,30300,16.897353
2016-04-29,17.860001,17.959999,17.42,17.74,85700,17.327113
2016-04-28,18.190001,18.34,17.610001,17.790001,59000,17.37595
2016-04-27,17.77,18.16,17.299999,18.00,57800,17.581061
2016-04-26,17.15,17.42,17.139999,17.379999,45400,16.975491
2016-04-25,17.719999,17.719999,17.00,17.08,65200,16.682474
2016-04-22,17.25,17.709999,17.23,17.66,97500,17.248975
2016-04-21,16.52,17.17,16.52,17.08,215300,16.682474
2016-04-20,16.01,16.610001,15.84,16.49,52400,16.106206
2016-04-19,15.43,16.18,15.43,16.17,46200,15.793654
2016-04-18,14.92,15.54,14.77,15.43,44300,15.070877
2016-04-15,15.20,15.35,15.07,15.16,32100,14.807161
2016-04-14,15.50,15.52,15.35,15.40,70300,15.041574
2016-04-13,15.31,15.54,15.23,15.52,42000,15.158782
2016-04-12,14.72,15.40,14.66,15.37,78100,15.012273
2016-04-11,14.64,14.90,14.61,14.63,29000,14.289496
2016-04-08,14.40,14.71,14.28,14.49,23800,14.152754
2016-04-07,14.11,14.28,14.00,14.14,62300,13.810901
2016-04-06,13.98,14.27,13.97,14.13,58800,13.801133
2016-04-05,14.02,14.03,13.81,13.84,46600,13.517883
2016-04-04,14.36,14.52,14.07,14.10,52500,13.771832
2016-04-01,14.46,14.52,14.18,14.45,63200,14.113685
2016-03-31,14.20,14.74,14.20,14.74,26600,14.396936
2016-03-30,14.08,14.52,14.08,14.21,47800,13.879271
2016-03-29,13.75,14.03,13.64,14.00,56300,13.674159
2016-03-28,14.15,14.19,13.96,13.98,36500,13.654624
2016-03-24,13.91,14.38,13.91,14.11,61300,13.781598
2016-03-23,14.74,14.89,14.36,14.36,64000,14.02578
2016-03-22,14.66,15.07,14.66,15.00,42000,14.650885
2016-03-21,15.02,15.05,14.73,14.80,26700,14.45554
2016-03-18,15.13,15.38,14.85,15.02,30800,14.67042
2016-03-17,14.95,15.41,14.82,15.06,36000,14.709489
2016-03-16,13.91,14.77,13.91,14.69,51700,14.348099
2016-03-15,14.08,14.08,13.79,14.00,55500,13.674159
2016-03-14,14.05,14.39,13.96,14.39,38000,14.055082
2016-03-11,13.77,14.27,13.77,14.20,29700,13.869504
2016-03-10,13.69,13.88,13.63,13.70,63000,13.381141
2016-03-09,13.79,13.87,13.63,13.80,46400,13.478814
2016-03-08,14.14,14.14,13.51,13.53,94400,13.215098
2016-03-07,14.07,14.42,13.93,14.33,76700,13.996478
2016-03-04,13.97,14.34,13.89,14.06,103800,13.732763
2016-03-03,13.25,1
3.96,13.25,13.86,84500,13.537417
2016-03-02,12.76,13.44,12.67,13.44,78400,13.127192
2016-03-01,12.83,12.96,12.67,12.92,47600,12.619295
2016-02-29,12.48,12.83,12.40,12.56,71000,12.267674
2016-02-26,12.25,12.50,12.12,12.30,46400,12.013726
2016-02-25,11.77,11.96,11.62,11.94,34600,11.662104
2016-02-24,11.50,11.92,11.19,11.92,63300,11.64257
2016-02-23,11.98,11.98,11.62,11.68,77400,11.408156
2016-02-22,11.76,12.06,11.68,11.99,99000,11.71094
2016-02-19,11.30,11.36,11.12,11.31,42800,11.046767
2016-02-18,11.52,11.66,11.26,11.61,60800,11.339784
2016-02-17,11.58,11.90,11.45,11.86,92100,11.185462
2016-02-16,10.82,11.27,10.82,11.20,67000,10.562999
2016-02-12,10.14,10.67,10.11,10.63,68600,10.025418
2016-02-11,10.11,10.51,9.61,9.96,109800,9.393525
2016-02-10,10.33,10.79,10.15,10.34,84900,9.751912
2016-02-09,10.55,11.01,10.12,10.44,134800,9.846224
2016-02-08,12.07,12.27,11.14,11.36,76600,10.713899
2016-02-05,12.98,13.09,12.50,12.51,43100,11.798493
2016-02-04,12.78,13.20,12.64,13.17,47600,12.420956
2016-02-03,12.44,12.81,11.88,12.77,80200,12.043706
2016-02-02,12.38,12.39,11.93,12.30,75000,11.600437
2016-02-01,13.00,13.05,12.72,12.72,67100,11.99655
2016-01-29,12.99,13.57,12.99,13.30,49300,12.543562
2016-01-28,12.54,13.02,12.52,12.99,80600,12.251193
2016-01-27,12.13,12.35,11.72,12.10,46800,11.411812
2016-01-26,11.62,12.24,11.54,12.17,66400,11.477831
2016-01-25,11.67,12.35,11.47,11.55,68600,10.893093
2016-01-22,10.71,11.93,10.71,11.85,85300,11.176031
2016-01-21,9.68,10.55,9.65,10.41,141600,9.817931
2016-01-20,10.14,10.14,9.24,9.75,69500,9.195468
2016-01-19,11.15,11.15,10.30,10.62,74800,10.015987
2016-01-15,11.34,11.44,10.99,11.15,103300,10.515843
2016-01-14,10.89,11.71,10.74,11.69,88600,11.02513
2016-01-13,11.92,12.17,10.78,10.95,69100,10.327218
2016-01-12,12.45,12.84,11.28,11.80,147900,11.128875
2016-01-11,13.15,13.15,12.16,12.37,72700,11.666456
2016-01-08,13.10,13.32,12.75,13.05,119800,12.307781
2016-01-07,13.45,13.61,13.11,13.14,61400,12.392662
2016-01-06,14.29,14.29,13.72,13.82,57000,13.033987
2016-01-05,14.75,14.75,14.36,14.59,42800,13.760193
2016-01-04,14.41,14.72,14.14,14.70,63200,13.863937
2015-12-31,13.61,14.51,13.49,14.51,114000,13.684743
2015-12-30,13.60,13.77,13.40,13.59,193200,12.817068
2015-12-29,13.87,14.00,13.51,13.66,123200,12.883087
2015-12-28,14.01,14.02,13.62,13.68,159400,12.90195
2015-12-24,14.45,14.74,14.17,14.29,46300,13.477255
2015-12-23,13.61,14.41,13.55,14.38,200400,13.562137
2015-12-22,12.62,13.47,12.60,13.26,258100,12.505837
2015-12-21,12.67,12.68,12.16,12.62,236000,11.902237
2015-12-18,12.80,12.87,12.53,12.67,116700,11.949393
2015-12-17,12.92,13.00,12.79,12.81,139000,12.081431
2015-12-16,12.72,13.19,12.72,13.03,179000,12.288918
2015-12-15,12.68,13.03,12.50,12.82,120900,12.090862
2015-12-14,13.30,13.30,12.54,12.58,200300,11.864512
2015-12-11,13.60,13.67,13.17,13.35,165500,12.5
90718
2015-12-10,13.48,14.09,13.39,13.84,251100,13.052849
2015-12-09,13.28,13.93,13.16,13.45,221700,12.68503
2015-12-08,12.55,13.65,12.45,13.13,230100,12.383231
2015-12-07,14.48,14.48,12.90,13.23,191400,12.477543
2015-12-04,16.08,16.08,15.15,15.24,158200,14.373224
2015-12-03,16.98,17.00,16.26,16.27,76100,15.344643
2015-12-02,17.40,17.40,16.85,17.040001,76300,16.07085
2015-12-01,17.49,17.530001,17.33,17.49,79700,16.495255
2015-11-30,17.52,17.629999,17.33,17.469999,84700,16.476392
2015-11-27,17.17,17.450001,17.110001,17.379999,33300,16.391511
2015-11-25,17.25,17.50,17.18,17.42,64900,16.429237
2015-11-24,17.16,17.530001,17.139999,17.299999,85000,16.316061
2015-11-23,17.469999,17.67,17.02,17.08,88900,16.108574
2015-11-20,17.25,17.59,16.92,17.58,87400,16.580137
2015-11-19,17.59,17.59,17.23,17.34,70500,16.353787
2015-11-18,17.959999,18.23,17.85,17.969999,44500,16.523548
2015-11-17,18.18,18.41,17.639999,17.809999,91300,16.376427
2015-11-16,17.75,18.200001,17.700001,18.200001,65200,16.735036
2015-11-13,17.799999,18.10,17.50,17.66,68300,16.238501
2015-11-12,18.42,18.43,17.790001,17.809999,44200,16.376427
2015-11-11,19.049999,19.049999,18.41,18.58,36300,17.084448
2015-11-10,19.24,19.559999,19.01,19.120001,66500,17.580983
2015-11-09,19.610001,20.049999,19.309999,19.48,67400,17.912005
2015-11-06,20.190001,20.190001,19.700001,19.870001,47600,18.270614
2015-11-05,20.52,20.889999,20.15,20.42,105900,18.776342
2015-11-04,20.549999,20.690001,20.049999,20.690001,111100,19.02461
2015-11-03,20.17,20.559999,20.15,20.50,117900,18.849903
2015-11-02,19.75,20.299999,19.73,20.219999,42700,18.59244
2015-10-30,19.68,20.110001,19.52,19.969999,57200,18.362563
2015-10-29,19.469999,19.950001,19.469999,19.719999,45400,18.132686
2015-10-28,19.290001,19.77,19.18,19.629999,65700,18.04993
2015-10-27,19.41,19.41,18.91,19.059999,117100,17.525811
2015-10-26,20.219999,20.58,19.57,19.60,46400,18.022346
2015-10-23,20.790001,21.08,20.27,20.379999,94000,18.739561
2015-10-22,21.41,21.51,20.549999,20.74,79000,19.070584
2015-10-21,21.84,21.84,21.200001,21.370001,55300,19.649875
2015-10-20,21.780001,22.08,21.52,21.700001,40300,19.953312
2015-10-19,22.030001,22.110001,21.629999,21.860001,55100,20.100433
2015-10-16,21.440001,22.309999,21.43,22.309999,46900,20.514211
2015-10-15,21.110001,21.50,21.049999,21.370001,44700,19.649875
2015-10-14,21.559999,21.59,20.940001,21.25,45000,19.539533
2015-10-13,21.559999,21.67,21.309999,21.67,53800,19.925726
2015-10-12,22.08,22.08,21.58,21.66,59000,19.916531
2015-10-09,22.00,22.389999,21.92,22.10,106600,20.321115
2015-10-08,21.18,22.110001,21.18,22.00,63200,20.229164
2015-10-07,21.110001,21.440001,20.84,21.35,63700,19.631484
2015-10-06,20.50,21.129999,20.27,20.99,92500,19.300461
2015-10-05,19.52,20.50,19.35,20.10,81200,18.4821
2015-10-02,18.049999,19.16,18.00,19.08,43400,17.544202
2015-10-01,18.16,18.540001,17.879999,18.41,63300,16.928132
2015-09-30,17.620001,18.42,17.370001,17.93,86900,16.486769
2015-09-29,18.610001,18.700001,17.42,17.469999,45400,16.063794
2015-09-28,19.57,19.57,18.610001,18.620001,44700,17.121229
2015-09-25,19.42,19.73,19.139999,
19.68,61300,18.095907
2015-09-24,19.540001,19.540001,18.879999,19.299999,51400,17.746493
2015-09-23,20.290001,20.50,19.559999,19.60,44900,18.022346
2015-09-22,20.42,20.620001,20.290001,20.379999,35500,18.739561
2015-09-21,20.82,20.92,20.59,20.74,37700,19.070584
2015-09-18,20.74,21.27,20.709999,20.950001,122500,19.263682
2015-09-17,20.799999,21.32,20.799999,21.09,79000,19.392412
2015-09-16,20.280001,20.969999,20.10,20.90,67400,19.217705
2015-09-15,20.09,20.23,19.950001,20.16,76100,18.53727
2015-09-14,20.65,20.65,20.049999,20.08,50600,18.463709
2015-09-11,21.219999,21.290001,20.77,20.83,34800,19.15334
2015-09-10,21.540001,21.629999,21.32,21.43,25200,19.705045
2015-09-09,22.030001,22.049999,21.60,21.620001,18200,19.879752
2015-09-08,22.139999,22.32,21.950001,21.969999,21400,20.201578
2015-09-04,22.030001,22.120001,21.889999,22.110001,25200,20.33031
2015-09-03,21.50,22.41,21.42,22.24,183000,20.449845
2015-09-02,22.00,22.219999,21.440001,21.48,286900,19.751019
2015-09-01,21.110001,21.940001,20.92,21.93,101700,20.164799
2015-08-31,21.290001,21.67,20.93,21.549999,69600,19.815385
2015-08-28,20.85,21.700001,20.85,21.309999,87800,19.594703
2015-08-27,20.50,21.620001,20.50,20.98,139000,19.291266
2015-08-26,20.09,20.50,19.57,20.50,522500,18.849903
2015-08-25,20.290001,20.790001,19.790001,20.01,59800,18.399344
2015-08-24,19.15,20.639999,19.049999,19.889999,76200,18.289002
2015-08-21,21.969999,21.969999,21.030001,21.10,80000,19.401607
2015-08-20,22.60,22.60,21.98,21.98,42600,20.210773
2015-08-19,23.26,23.469999,22.799999,23.25,94700,20.964769
2015-08-18,23.50,23.60,23.379999,23.59,53700,21.271351
2015-08-17,23.34,23.74,23.23,23.59,317000,21.271351
2015-08-14,22.799999,23.32,22.799999,23.290001,64600,21.000839
2015-08-13,23.01,23.01,22.52,22.85,63200,20.604086
2015-08-12,22.200001,23.00,22.10,22.99,89200,20.730324
2015-08-11,21.98,22.18,21.83,22.18,54900,19.999939
2015-08-10,21.709999,22.24,21.690001,22.24,95300,20.054042
2015-08-07,21.360001,21.74,21.360001,21.610001,58700,19.485965
2015-08-06,21.59,21.700001,21.030001,21.51,81500,19.395793
2015-08-05,22.559999,22.870001,21.77,21.77,133600,19.630238
2015-08-04,22.76,23.00,22.42,22.43,109400,20.225367
2015-08-03,23.35,23.35,22.799999,22.860001,75900,20.613103
2015-07-31,23.58,23.74,23.35,23.450001,55200,21.145112
2015-07-30,23.85,23.959999,23.51,23.73,77300,21.39759
2015-07-29,23.42,24.00,23.299999,23.85,64300,21.505796
2015-07-28,23.00,23.690001,22.85,23.530001,87500,21.217249
2015-07-27,22.84,23.200001,22.68,23.09,52800,20.820496
2015-07-24,22.98,23.26,22.950001,23.07,50200,20.802461
2015-07-23,23.00,23.370001,22.98,23.01,57500,20.748359
2015-07-22,23.33,23.43,22.940001,23.00,90500,20.739342
2015-07-21,24.16,24.469999,23.389999,23.540001,97500,21.226266
2015-07-20,24.620001,24.620001,24.129999,24.129999,53800,21.758274
2015-07-17,24.860001,24.889999,24.67,24.889999,25000,22.443574
2015-07-16,25.200001,25.219999,25.01,25.02,26000,22.560797
2015-07-15,25.60,25.780001,25.309999,25.370001,54300,22.876396
2015-07-14,25.379999,25.799999,25.379999,25.68,22200,23.155926
2015-07-13,25.360001,25.57,25.26,25.50,58400,22.993618
2015-07-10,25.200001,25.389999,25.190001,25.280001,42300,22.795242
2015-07-0
9,25.540001,25.540001,25.08,25.09,24200,22.623917
2015-07-08,25.57,25.57,24.969999,25.120001,27800,22.650969
2015-07-07,25.110001,25.639999,24.59,25.639999,55600,23.119857
2015-07-06,25.23,25.24,25.07,25.17,40800,22.696054
2015-07-02,25.379999,25.639999,25.290001,25.379999,47000,22.885412
2015-07-01,25.60,25.68,25.18,25.27,33700,22.786225
2015-06-30,25.59,25.68,25.40,25.59,53300,23.074772
2015-06-29,25.969999,25.969999,25.459999,25.52,112100,23.011653
2015-06-26,26.549999,26.549999,26.110001,26.24,69500,23.660884
2015-06-25,26.709999,26.790001,26.58,26.60,37500,23.9855
2015-06-24,26.709999,27.01,26.67,26.83,55100,24.192893
2015-06-23,26.48,26.790001,26.48,26.76,99200,24.129773
2015-06-22,26.219999,26.389999,26.200001,26.309999,107900,23.724003
2015-06-19,25.76,26.190001,25.690001,25.870001,111800,23.327252
2015-06-18,26.049999,26.25,25.870001,25.889999,47800,23.345285
2015-06-17,26.049999,26.190001,25.93,26.129999,56400,23.561695
2015-06-16,26.08,26.16,25.959999,26.049999,40200,23.489558
2015-06-15,26.00,26.139999,25.879999,26.049999,42100,23.489558
2015-06-12,26.360001,26.360001,25.959999,26.030001,85500,23.471525
2015-06-11,26.50,26.620001,26.49,26.620001,19100,24.003535
2015-06-10,26.57,26.700001,26.51,26.59,36800,23.976483
2015-06-09,26.50,26.639999,26.43,26.559999,45400,23.949431
2015-06-08,26.76,26.76,26.50,26.60,28100,23.9855
2015-06-05,26.379999,26.76,26.32,26.76,38400,24.129773
2015-06-04,26.99,27.049999,26.66,26.690001,31200,24.066654
2015-06-03,27.450001,27.48,27.17,27.190001,24700,24.517509
2015-06-02,27.360001,27.66,27.360001,27.530001,51300,24.824091
2015-06-01,27.690001,27.700001,27.48,27.50,39400,24.797039
2015-05-29,27.82,27.82,27.629999,27.719999,24700,24.995415
2015-05-28,28.139999,28.18,27.639999,27.690001,104300,24.968365
2015-05-27,28.27,28.32,28.059999,28.32,42700,25.536441
2015-05-26,28.65,28.65,28.10,28.32,42400,25.536441
2015-05-22,28.629999,28.66,28.440001,28.65,15200,25.834006
2015-05-21,28.549999,28.65,28.49,28.620001,55400,25.806956
2015-05-20,28.370001,28.530001,28.35,28.440001,32900,25.644647
2015-05-19,29.030001,29.059999,28.92,28.969999,51000,25.716783
2015-05-18,29.049999,29.26,29.00,29.18,27400,25.903202
2015-05-15,28.90,29.040001,28.65,29.030001,58900,25.770046
2015-05-14,28.92,28.93,28.790001,28.85,32300,25.610259
2015-05-13,28.620001,29.190001,28.49,28.66,90000,25.441595
2015-05-12,28.16,28.450001,28.15,28.440001,39800,25.246301
2015-05-11,28.540001,28.559999,28.299999,28.33,64200,25.148653
2015-05-08,28.540001,28.77,28.360001,28.68,55100,25.45935
2015-05-07,28.77,28.77,28.35,28.440001,70700,25.246301
2015-05-06,29.559999,29.60,28.77,28.940001,57300,25.690153
2015-05-05,29.780001,29.879999,29.43,29.57,62700,26.249406
2015-05-04,29.889999,29.91,29.60,29.700001,52700,26.364808
2015-05-01,29.879999,29.959999,29.559999,29.940001,49800,26.577857
2015-04-30,29.91,29.969999,29.700001,29.879999,60400,26.524593
2015-04-29,29.50,30.040001,29.50,29.950001,85900,26.586734
2015-04-28,29.799999,29.889999,29.639999,29.76,66800,26.41807
2015-04-27,30.02,30.15,29.879999,29.90,48200,26.542348
2015-04-24,29.98,30.10,29.91,30.040001,29900,26.666628
2015-04-23,29.700001,30.07,29.66,30.049999,49900,26.675503
2015-04-22,29.540001,29.67,29.42,29.57,36900,26.249406
2015-0
4-21,29.60,29.75,29.40,29.459999,55200,26.151758
2015-04-20,29.530001,30.030001,29.530001,29.59,43300,26.26716
2015-04-17,29.639999,29.73,29.51,29.559999,21800,26.240528
2015-04-16,29.530001,29.940001,29.52,29.82,75200,26.471332
2015-04-15,29.110001,29.690001,29.059999,29.65,87500,26.320422
2015-04-14,28.690001,29.120001,28.67,29.049999,72900,25.787799
2015-04-13,29.01,29.09,28.73,28.74,16000,25.512611
2015-04-10,28.950001,29.110001,28.870001,28.98,22900,25.72566
2015-04-09,28.76,29.030001,28.76,28.92,26000,25.672398
2015-04-08,28.940001,29.030001,28.709999,28.809999,20700,25.57475
2015-04-07,28.74,29.139999,28.73,28.959999,15300,25.707906
2015-04-06,28.52,28.889999,28.52,28.809999,18500,25.57475
2015-04-02,28.43,28.60,28.32,28.52,45100,25.317317
2015-04-01,28.60,28.73,28.48,28.48,20300,25.281808
2015-03-31,28.42,28.719999,28.379999,28.51,29200,25.30844
2015-03-30,28.450001,28.690001,28.450001,28.67,44800,25.450472
2015-03-27,28.309999,28.469999,28.10,28.309999,25600,25.130898
2015-03-26,28.32,28.530001,28.15,28.360001,24700,25.175285
2015-03-25,28.32,28.360001,28.110001,28.24,40700,25.068759
2015-03-24,28.629999,28.780001,28.120001,28.24,29600,25.068759
2015-03-23,28.25,28.629999,28.200001,28.629999,44700,25.414963
2015-03-20,27.969999,28.200001,27.879999,28.15,58700,24.988866
2015-03-19,27.790001,28.00,27.610001,27.879999,81700,24.749186
2015-03-18,27.10,28.040001,27.10,27.959999,57600,24.820202
2015-03-17,27.030001,27.40,27.01,27.24,47100,24.181056
2015-03-16,27.49,27.49,26.959999,27.26,66500,24.19881
2015-03-13,28.10,28.10,27.299999,27.440001,40800,24.358597
2015-03-12,28.360001,28.48,28.00,28.129999,34400,24.971112
2015-03-11,28.780001,28.790001,28.34,28.41,32800,25.219669
2015-03-10,28.66,28.889999,28.459999,28.790001,17800,25.556998
2015-03-09,29.049999,29.17,28.76,28.860001,17300,25.619137
2015-03-06,29.25,29.389999,28.92,29.110001,20300,25.841063
2015-03-05,29.09,29.51,29.09,29.40,26500,26.098496
2015-03-04,29.10,29.15,28.860001,29.049999,24400,25.787799
2015-03-03,29.07,29.139999,28.969999,29.059999,18900,25.796676
2015-03-02,29.120001,29.209999,28.93,29.00,23200,25.743415
2015-02-27,29.360001,29.360001,29.209999,29.280001,34200,25.991972
2015-02-26,29.540001,29.540001,29.110001,29.25,32700,25.965341
2015-02-25,29.440001,29.67,29.370001,29.60,31100,26.276037
2015-02-24,29.440001,29.50,29.299999,29.370001,47000,26.071866
2015-02-23,29.360001,29.440001,28.99,29.24,41100,25.956463
2015-02-20,29.15,29.379999,29.08,29.379999,27300,26.080741
2015-02-19,29.00,29.18,28.870001,29.09,45100,25.823308
2015-02-18,29.27,29.32,29.08,29.17,41000,25.894324
2015-02-17,29.700001,29.74,29.18,29.68,90400,25.947588
2015-02-13,29.59,29.84,29.59,29.700001,29700,25.965073
2015-02-12,29.02,29.52,29.02,29.360001,52200,25.66783
2015-02-11,28.93,29.02,28.780001,28.940001,26200,25.300647
2015-02-10,29.33,29.33,28.66,29.139999,47000,25.475495
2015-02-09,29.620001,29.620001,29.139999,29.26,24400,25.580405
2015-02-06,29.51,29.65,29.299999,29.48,22000,25.772738
2015-02-05,29.139999,29.549999,29.10,29.50,52700,25.790224
2015-02-04,29.139999,29.190001,28.85,29.040001,33600,25.388072
2015-02-03,28.969999,29.309999,28.75,29.25,72500,25.571662
2015-02-02,28.690001,28.98,28.25,28.66,32700,25.055858
2015-01-30,28.02,28.66,27.77,28.49,33700,24.907236
2015-01-29,28.25,28.25,27.299999,28.02,17500,24.496342
2015-01-28,28.82,28.82,27.889999,2
7.889999,74400,24.382689
2015-01-27,28.35,28.549999,28.09,28.540001,30900,24.950949
2015-01-26,28.07,28.440001,27.799999,28.379999,45400,24.811069
2015-01-23,27.91,28.440001,27.799999,28.059999,157100,24.531311
2015-01-22,28.469999,28.49,27.879999,28.18,89300,24.636221
2015-01-21,28.110001,28.190001,27.76,28.16,41300,24.618735
2015-01-20,28.24,28.24,27.48,27.66,66700,24.181613
2015-01-16,27.10,28.34,27.10,28.34,113000,24.7761
2015-01-15,27.540001,28.59,27.280001,27.43,68100,23.980537
2015-01-14,27.870001,28.360001,26.91,27.50,49600,24.041734
2015-01-13,28.700001,29.16,27.52,27.940001,43100,24.426402
2015-01-12,29.40,29.459999,28.719999,29.040001,72500,25.388072
2015-01-09,29.00,29.74,28.639999,29.50,37200,25.790224
2015-01-08,29.610001,30.309999,29.15,29.26,20100,25.580405
2015-01-07,28.52,29.85,28.52,29.040001,24700,25.388072
2015-01-06,29.40,29.77,28.23,28.459999,43700,24.881008
2015-01-05,30.57,30.940001,29.01,29.18,56500,25.510466
2015-01-02,30.48,31.219999,30.280001,31.17,30200,27.250213
2014-12-31,30.83,30.83,30.34,30.74,28300,26.874287
2014-12-30,30.450001,31.08,30.200001,30.83,50400,26.952969
2014-12-29,30.10,30.60,30.02,30.48,33000,26.646983
2014-12-26,30.67,30.67,30.32,30.360001,15900,26.542075
2014-12-24,30.370001,30.73,29.91,30.40,17700,26.577044
2014-12-23,30.639999,31.24,29.639999,30.82,49500,26.944227
2014-12-22,30.190001,30.190001,29.280001,29.799999,41400,26.052496
2014-12-19,29.00,29.98,28.00,29.98,53200,26.078724
2014-12-18,28.629999,29.690001,28.040001,29.379999,70100,25.556801
2014-12-17,26.620001,28.24,26.52,28.24,122300,24.565149
2014-12-16,26.469999,27.219999,25.65,26.780001,136000,23.295139
2014-12-15,27.40,27.889999,26.60,26.809999,96100,23.321234
2014-12-12,28.00,28.48,27.10,27.360001,50800,23.799663
2014-12-11,28.950001,29.559999,28.200001,28.48,76600,24.773918
2014-12-10,29.299999,29.450001,28.639999,29.34,65500,25.522007
2014-12-09,28.809999,29.66,28.51,29.66,70200,25.800365
2014-12-08,30.360001,30.360001,29.299999,29.309999,42600,25.49591
2014-12-05,30.83,31.200001,30.540001,30.629999,24400,26.644139
2014-12-04,31.059999,31.549999,30.75,30.92,42800,26.896403
2014-12-03,31.049999,31.440001,30.959999,31.290001,55700,27.218256
2014-12-02,30.870001,31.48,30.120001,30.969999,62400,26.939896
2014-12-01,31.93,31.93,30.18,30.709999,159600,26.713729
2014-11-28,33.599998,33.650002,32.259998,32.259998,24500,28.062028
2014-11-26,34.349998,34.349998,33.41,33.82,33200,29.419028
2014-11-25,34.700001,35.150002,33.880001,34.209999,29000,29.758277
2014-11-24,34.240002,34.779999,33.799999,34.450001,25100,29.967047
2014-11-21,34.32,34.50,33.919998,34.50,28600,30.01054
2014-11-20,33.25,33.98,33.220001,33.950001,36800,29.532112
2014-11-19,32.950001,33.849998,32.43,33.630001,60500,29.253753
2014-11-18,33.150002,33.599998,33.09,33.189999,14700,28.516101
2014-11-17,32.59,33.279999,32.290001,33.27,30500,28.584837
2014-11-14,32.150002,32.650002,32.099998,32.59,17100,28.000596
2014-11-13,32.200001,32.52,32.00,32.34,41400,27.785801
2014-11-12,31.90,32.43,31.889999,32.220001,40300,27.682701
2014-11-11,32.139999,32.41,31.889999,32.
369999,42400,27.811576
2014-11-10,32.619999,32.959999,32.189999,32.439999,33400,27.871718
2014-11-07,32.220001,32.849998,32.220001,32.84,37100,28.21539
2014-11-06,32.16,32.450001,32.00,32.450001,29900,27.880311
2014-11-05,31.700001,32.369999,31.51,32.360001,35600,27.802985
2014-11-04,33.119999,33.119999,31.639999,31.65,43100,27.192968
2014-11-03,33.84,33.849998,33.02,33.119999,30900,28.455959
2014-10-31,33.50,33.77,33.09,33.77,46700,29.014426
2014-10-30,33.540001,33.779999,33.27,33.68,12500,28.937099
2014-10-29,33.290001,33.849998,33.099998,33.849998,17200,29.083158
2014-10-28,33.130001,33.950001,33.09,33.419998,23300,28.713711
2014-10-27,33.450001,33.650002,32.68,33.299999,11400,28.610611
2014-10-24,32.990002,33.50,32.990002,33.50,15700,28.782447
2014-10-23,33.529999,33.73,33.040001,33.040001,28700,28.387226
2014-10-22,32.43,32.98,32.130001,32.799999,99900,28.181022
2014-10-21,31.85,32.48,31.85,32.150002,54600,27.622559
2014-10-20,31.360001,31.98,31.17,31.82,20900,27.339029
2014-10-17,31.379999,32.259998,30.83,31.139999,52600,26.754788
2014-10-16,29.48,31.33,28.950001,30.610001,64000,26.299425
2014-10-15,29.68,29.870001,28.43,29.620001,84500,25.448839
2014-10-14,30.75,31.049999,29.469999,29.73,104500,25.543348
2014-10-13,31.35,31.540001,30.23,30.639999,51700,26.325199
2014-10-10,31.84,31.98,30.35,31.139999,59700,26.754788
2014-10-09,33.459999,33.689999,31.940001,32.189999,21200,27.656924
2014-10-08,33.66,33.939999,33.02,33.439999,62000,28.730895
2014-10-07,33.860001,34.080002,33.669998,33.82,20700,29.057384
2014-10-06,34.209999,34.560001,34.02,34.110001,13500,29.306546
2014-10-03,34.279999,34.400002,33.970001,34.200001,15400,29.383872
2014-10-02,34.400002,34.529999,33.169998,34.040001,26700,29.246404
2014-10-01,34.700001,34.900002,34.139999,34.27,24400,29.444014
2014-09-30,34.82,35.110001,34.169998,34.459999,32900,29.607257
2014-09-29,34.790001,34.959999,34.34,34.959999,11700,30.036846
2014-09-26,34.580002,34.98,34.23,34.799999,33600,29.899377
2014-09-25,34.23,34.77,34.029999,34.279999,41900,29.452605
2014-09-24,33.669998,34.07,33.040001,34.07,42500,29.272178
2014-09-23,34.41,34.610001,33.68,33.860001,74200,29.091752
2014-09-22,35.099998,35.099998,34.169998,34.41,52200,29.564299
2014-09-19,35.110001,35.310001,34.84,34.959999,20100,30.036846
2014-09-18,35.330002,35.330002,34.669998,35.240002,25400,30.277418
2014-09-17,35.400002,35.400002,34.900002,35.18,76900,30.225866
2014-09-16,35.029999,35.34,34.709999,35.18,44000,30.225866
2014-09-15,35.02,35.240002,34.41,35.240002,49700,30.277418
2014-09-12,35.380001,35.549999,35.00,35.25,47500,30.286008
2014-09-11,35.650002,35.720001,35.290001,35.619999,30300,30.603903
2014-09-10,36.290001,36.549999,35.720001,35.860001,45100,30.810107
2014-09-09,36.549999,36.709999,36.110001,36.259998,20700,31.153776
2014-09-08,36.110001,36.669998,36.110001,36.43,24400,31.299838
2014-09-05,35.990002,36.279999,35.599998,36.279999,53700,31.17096
2014-09-04,36.860001,36.860001,36.16,36.259998,22200,31.153776
2014-09-03,36.68,36.830002,36.23,36.830002,27800,31.64351
2014-09-02,36.52,36.849998,36.279999,36.439999,30600,31.308428
2014-08-29,37.040001,37.599998,36.459999,36.459999,57800,31.325612
2014-08-28,36.470001,37.040001,36.470001,36.790001,42400,31.609142
2014-08-27,36.00,36.50,35.830002,36.
439999,35300,31.308428
2014-08-26,36.139999,36.16,35.669998,35.799999,39700,30.758555
2014-08-25,36.049999,36.049999,35.549999,35.830002,24100,30.784332
2014-08-22,36.189999,36.41,35.709999,35.709999,30700,30.681229
2014-08-21,36.09,36.279999,35.700001,35.950001,29900,30.887433
2014-08-20,35.700001,35.860001,35.52,35.810001,42500,30.767149
2014-08-19,35.59,35.950001,35.380001,35.950001,31900,30.536888
2014-08-18,35.450001,35.450001,35.200001,35.299999,25300,29.984759
2014-08-15,34.990002,35.279999,34.889999,35.279999,38300,29.96777
2014-08-14,34.630001,34.939999,34.50,34.900002,27500,29.644991
2014-08-13,34.439999,34.580002,34.07,34.580002,26200,29.373174
2014-08-12,34.380001,34.490002,34.07,34.330002,17500,29.160818
2014-08-11,33.66,34.400002,33.66,34.310001,27900,29.143829
2014-08-08,32.990002,33.41,32.919998,33.41,17200,28.379343
2014-08-07,33.130001,33.360001,32.919998,33.07,19100,28.090538
2014-08-06,33.009998,33.139999,32.700001,33.130001,35900,28.141505
2014-08-05,33.549999,33.549999,33.130001,33.220001,29800,28.217954
2014-08-04,33.91,33.990002,33.41,33.810001,64900,28.719115
2014-08-01,34.25,34.389999,33.77,34.200001,52500,29.050391
2014-07-31,34.98,34.98,34.18,34.450001,25900,29.262748
2014-07-30,35.549999,35.549999,34.849998,35.099998,34000,29.814873
2014-07-29,35.43,35.450001,35.220001,35.43,12200,30.095186
2014-07-28,35.369999,35.369999,35.200001,35.279999,9800,29.96777
2014-07-25,35.57,35.57,35.049999,35.220001,28600,29.916807
2014-07-24,35.59,35.669998,35.389999,35.549999,29000,30.197116
2014-07-23,35.41,35.50,35.220001,35.470001,23100,30.129164
2014-07-22,34.98,35.189999,34.959999,35.189999,24700,29.891322
2014-07-21,34.990002,34.990002,34.709999,34.849998,25100,29.602517
2014-07-18,34.66,34.970001,34.610001,34.849998,19300,29.602517
2014-07-17,34.880001,34.970001,34.509998,34.580002,31300,29.373174
2014-07-16,35.040001,35.080002,34.610001,34.810001,63700,29.568542
2014-07-15,34.919998,34.950001,34.700001,34.799999,39900,29.560046
2014-07-14,34.439999,35.119999,34.439999,34.790001,59600,29.551553
2014-07-11,34.07,34.360001,33.98,34.25,38200,29.092862
2014-07-10,33.91,34.290001,33.91,34.290001,33400,29.12684
2014-07-09,34.09,34.369999,33.98,34.369999,53900,29.194792
2014-07-08,34.200001,34.330002,33.959999,34.110001,37900,28.973943
2014-07-07,34.599998,34.709999,34.07,34.380001,38900,29.203288
2014-07-03,35.049999,35.330002,34.360001,34.59,38800,29.381667
2014-07-02,35.400002,35.57,34.950001,35.110001,72400,29.823369
2014-07-01,35.509998,35.59,35.200001,35.470001,42400,30.129164
2014-06-30,35.130001,35.59,35.029999,35.59,80000,30.231094
2014-06-27,34.990002,35.189999,34.990002,35.189999,38800,29.891322
2014-06-26,35.32,35.32,34.82,34.98,70100,29.712943
2014-06-25,34.91,35.209999,34.880001,35.00,51700,29.729932
2014-06-24,35.040001,35.610001,34.900002,35.060001,98200,29.780899
2014-06-23,34.27,34.439999,34.00,34.439999,57400,29.254252
2014-06-20,33.880001,34.189999,33.619999,34.189999,71300,29.041895
2014-06-19,33.939999,34.099998,33.389999,34.099998,68400,28.965447
2014-06-18,34.119999,34.119999,33.209999,33.790001,69900,28.702127
2014-06-17,34.369999,34.490002,33.82,33.98,52500,28.863516
2014-06-16,33.91,34.50,33.599998,34.23,55600,29.075873
2014-06-13,33.689999,33.82,33.48,33.540001,27300,28.48977
2014-06-12,33.509998,33.759998,33.200001,33.43,23500,28.396332
2014-06-11,33.139999,33.48,33.119999,33.360001,22500,28.336873
2014-06-10,32.759998,33.110001,32.759998,33.110001,18900,28.124516
2014-06-09,32.82,32.82,32.52,32.619999,28000,27.708296
2014-06-06,32.970001,32.970001,32.5
60001,32.700001,28200,27.776251
2014-06-05,33.00,33.00,32.66,32.799999,25800,27.861193
2014-06-04,33.040001,33.189999,32.799999,33.00,28900,28.031079
2014-06-03,33.07,33.099998,32.849998,32.91,18400,27.95463
2014-06-02,33.130001,33.240002,32.709999,32.990002,29400,28.022586
2014-05-30,33.07,33.290001,32.900002,32.950001,36300,27.988608
2014-05-29,33.689999,33.720001,32.900002,32.990002,87600,28.022586
2014-05-28,33.720001,33.73,33.279999,33.349998,73400,28.328377
2014-05-27,33.139999,33.200001,32.689999,32.970001,26500,28.005597
2014-05-23,33.00,33.080002,32.919998,32.959999,24100,27.997101
2014-05-22,32.689999,32.990002,32.689999,32.959999,38500,27.997101
2014-05-21,32.279999,32.560001,32.18,32.560001,26400,27.657332
2014-05-20,31.950001,32.209999,31.889999,32.080002,31700,27.249608
2014-05-19,32.52,32.52,32.34,32.439999,32200,27.208832
2014-05-16,31.969999,32.57,31.780001,32.389999,71200,27.166896
2014-05-15,31.719999,31.82,31.49,31.73,57100,26.613325
2014-05-14,31.48,31.60,31.370001,31.60,29400,26.50429
2014-05-13,31.41,31.48,31.26,31.48,25700,26.40364
2014-05-12,31.09,31.389999,31.049999,31.389999,34800,26.328153
2014-05-09,31.209999,31.209999,30.860001,31.02,22200,26.017818
2014-05-08,31.469999,31.469999,31.200001,31.33,56100,26.277828
2014-05-07,31.379999,31.49,31.110001,31.49,27700,26.412027
2014-05-06,31.15,31.34,31.10,31.34,22700,26.286216
2014-05-05,31.209999,31.27,30.950001,31.24,32800,26.202341
2014-05-02,31.190001,31.440001,31.129999,31.209999,23400,26.177179
2014-05-01,31.48,31.549999,31.299999,31.299999,24400,26.252666
2014-04-30,31.200001,31.42,31.17,31.42,25600,26.353315
2014-04-29,31.540001,31.65,30.85,31.08,39100,26.068143
2014-04-28,31.540001,31.58,31.299999,31.43,17500,26.361703
2014-04-25,31.35,31.35,31.18,31.299999,18800,26.252666
2014-04-24,31.15,31.370001,31.02,31.370001,29600,26.311379
2014-04-23,30.549999,30.99,30.549999,30.99,29900,25.992656
2014-04-22,30.48,30.77,30.43,30.690001,33000,25.741033
2014-04-21,30.299999,30.42,30.299999,30.42,35700,25.514572
2014-04-17,30.02,30.26,29.99,30.26,26300,25.380373
2014-04-16,29.950001,30.02,29.950001,30.02,12000,25.179075
2014-04-15,29.90,29.98,29.76,29.860001,11900,25.044876
2014-04-14,29.530001,29.879999,29.459999,29.879999,38100,25.06165
2014-04-11,29.389999,29.459999,29.24,29.40,12400,24.659054
2014-04-10,29.65,29.700001,29.280001,29.389999,25400,24.650666
2014-04-09,29.530001,29.65,29.50,29.65,17600,24.868739
2014-04-08,29.309999,29.440001,29.209999,29.440001,15300,24.692604
2014-04-07,29.559999,29.559999,29.16,29.219999,18600,24.508079
2014-04-04,29.58,29.60,29.33,29.450001,26800,24.700992
2014-04-03,29.26,29.40,29.17,29.34,20400,24.608729
2014-04-02,29.27,29.27,29.15,29.209999,23400,24.499692
2014-04-01,29.190001,29.25,29.08,29.25,33100,24.533242
2014-03-31,29.16,29.16,29.01,29.120001,20300,24.424206
2014-03-28,28.92,29.09,28.879999,29.09,22100,24.399044
2014-03-27,28.76,28.77,28.67,28.77,29000,24.130646
2014-03-26,28.799999,28.860001,28.620001,28.66,29700,24.038384
2014-03-25,28.610001,28.719999,28.60,28.66,25200,24.038384
2014-03-24,28.959999,29.00,28.57,28.60,39500,23.98806
2014-03-21,28.84,28.98,28.83,28.860001,19800,24.206133
2014-03-20,28.82,28.870001,28.58,28.709999,35300,24.08032
2014-03-19,29.030001,29.049999,28.809999,28.85,23800,24.197745
2014-03-18,29.030001,29.0
7,28.91,28.93,24000,24.264845
2014-03-17,28.99,29.09,28.860001,28.940001,32500,24.273232
2014-03-14,28.98,29.10,28.799999,28.889999,33800,24.231294
2014-03-13,29.08,29.09,28.90,29.01,25900,24.331944
2014-03-12,28.98,29.00,28.879999,28.959999,14300,24.290006
2014-03-11,28.809999,29.00,28.809999,29.00,11700,24.323557
2014-03-10,28.85,29.00,28.76,28.85,20400,24.197745
2014-03-07,29.00,29.00,28.799999,28.879999,16200,24.222907
2014-03-06,29.00,29.00,28.83,28.92,21200,24.256457
2014-03-05,29.08,29.17,29.00,29.049999,16000,24.365493
2014-03-04,29.209999,29.209999,29.02,29.059999,20300,24.373881
2014-03-03,29.00,29.16,28.879999,28.950001,24200,24.28162
2014-02-28,28.940001,29.08,28.790001,29.040001,31300,24.357107
2014-02-27,28.950001,28.950001,28.67,28.799999,37700,24.155807
2014-02-26,28.780001,28.84,28.629999,28.84,31700,24.189358
2014-02-25,28.709999,28.76,28.309999,28.559999,30300,23.954509
2014-02-24,28.82,28.82,28.50,28.51,25600,23.912573
2014-02-21,28.99,29.139999,28.82,28.85,42400,24.197745
2014-02-20,28.620001,28.870001,28.52,28.84,28300,24.189358
2014-02-19,28.73,28.73,28.469999,28.469999,26800,23.879022
2014-02-18,29.10,29.110001,28.93,28.969999,27000,23.956187
2014-02-14,28.77,28.940001,28.60,28.93,20800,23.923111
2014-02-13,28.360001,28.77,28.360001,28.690001,44100,23.724647
2014-02-12,28.50,28.639999,28.41,28.440001,37200,23.517915
2014-02-11,28.00,28.40,27.860001,28.370001,32500,23.46003
2014-02-10,28.049999,28.07,27.75,28.01,34900,23.162334
2014-02-07,27.860001,28.120001,27.65,28.08,25500,23.220219
2014-02-06,27.57,27.67,27.42,27.65,35000,22.864639
2014-02-05,27.40,27.559999,27.209999,27.459999,94600,22.707521
2014-02-04,27.110001,27.370001,27.00,27.360001,29800,22.624829
2014-02-03,27.74,27.84,26.969999,27.08,41600,22.393288
2014-01-31,27.559999,27.700001,27.42,27.700001,14300,22.905986
2014-01-30,27.549999,27.719999,27.549999,27.639999,33800,22.856369
2014-01-29,27.68,27.790001,27.49,27.530001,19600,22.765408
2014-01-28,27.559999,27.92,27.559999,27.889999,24100,23.063102
2014-01-27,27.84,27.84,27.190001,27.610001,47500,22.831562
2014-01-24,28.07,28.07,27.620001,27.620001,34900,22.839832
2014-01-23,28.24,28.24,28.120001,28.15,24700,23.278104
2014-01-22,28.02,28.18,27.92,28.17,18500,23.294643
2014-01-21,27.76,28.02,27.76,28.02,22000,23.170604
2014-01-17,27.74,27.950001,27.60,27.77,22100,22.963871
2014-01-16,27.610001,27.67,27.459999,27.67,21100,22.881178
2014-01-15,27.440001,27.700001,27.33,27.60,32000,22.823293
2014-01-14,27.51,27.540001,27.40,27.49,19800,22.73233
2014-01-13,27.51,27.68,27.51,27.57,24500,22.798484
2014-01-10,27.639999,27.799999,27.469999,27.67,26400,22.881178
2014-01-09,27.620001,27.75,27.549999,27.709999,18600,22.914254
2014-01-08,28.01,28.02,27.549999,27.620001,31400,22.839832
2014-01-07,28.25,28.309999,27.870001,27.90,55300,23.071371
2014-01-06,28.469999,28.469999,28.18,28.290001,29500,23.393875
2014-01-03,28.379999,28.50,28.07,28.42,23600,23.501376
2014-01-02,28.24,28.360001,27.879999,28.290001,41100,23.393875
2013-12-31,28.24,28.49,28.08,28.450001,58100,23.526184
2013-12-30,27.77,28.23,27.77,28.139999,62300,23.269834
2013-12-27,27.639999,28.15,27.639999,28.10,37200,23.236758
2013-12-26,27.59,27.889999,27.59,27.77,56300,22.963871
2013-12-24,27.02,27.49,27.02,27.49,25700,22.73233
2013-12-23,26.59,27.02,26.50,27.02,75000,22.343673
2013-12-20,26.139999,26.50,26.120001,26.50,48500,21.913668
2013-12-19,26.110001,26.43,25.700001,26.280001,66900,21.7317
44
2013-12-18,26.440001,26.559999,26.209999,26.26,53200,21.715205
2013-12-17,26.75,26.75,26.469999,26.60,49700,21.996362
2013-12-16,26.58,26.879999,26.58,26.83,30700,22.186555
2013-12-13,26.57,26.83,26.57,26.83,56000,22.186555
2013-12-12,26.610001,26.809999,26.280001,26.809999,76300,22.170016
2013-12-11,26.90,27.049999,26.610001,26.73,22700,22.103862
2013-12-10,27.01,27.10,26.85,27.00,18900,22.327134
2013-12-09,27.110001,27.23,26.950001,27.07,40100,22.385019
2013-12-06,27.129999,27.18,27.00,27.17,24000,22.467712
2013-12-05,27.27,27.34,27.01,27.129999,30100,22.434634
2013-12-04,27.459999,27.559999,27.27,27.370001,20900,22.633099
2013-12-03,27.50,27.66,27.42,27.620001,41200,22.839832
2013-12-02,27.85,28.01,27.59,27.75,40300,22.947332
2013-11-29,28.15,28.16,27.809999,28.110001,20700,23.245028
2013-11-27,27.76,28.040001,27.66,28.040001,37100,23.187143
2013-11-26,27.99,27.99,27.709999,27.790001,36500,22.98041
2013-11-25,27.940001,28.01,27.799999,27.91,18100,23.079641
2013-11-22,27.74,28.15,27.74,28.02,52500,23.170604
2013-11-21,27.879999,27.959999,27.66,27.860001,32100,23.038295
2013-11-20,27.709999,27.959999,27.48,27.610001,37400,22.831562
2013-11-19,28.549999,28.549999,27.969999,28.120001,61200,22.916736
2013-11-18,28.549999,28.790001,28.540001,28.65,17300,23.348665
2013-11-15,28.74,28.74,28.16,28.66,32500,23.356815
2013-11-14,28.32,28.48,28.190001,28.360001,25500,23.112327
2013-11-13,27.969999,28.129999,27.870001,28.02,12300,22.83524
2013-11-12,28.07,28.26,27.98,28.139999,20100,22.933034
2013-11-11,28.540001,28.540001,28.08,28.26,15000,23.030831
2013-11-08,28.540001,28.620001,28.120001,28.290001,13100,23.05528
2013-11-07,28.639999,28.790001,28.34,28.35,14800,23.104177
2013-11-06,28.93,28.93,28.65,28.709999,16700,23.397563
2013-11-05,28.700001,28.809999,28.469999,28.73,25500,23.413862
2013-11-04,28.799999,29.00,28.27,28.700001,37600,23.389414
2013-11-01,28.620001,28.90,28.620001,28.799999,26700,23.470909
2013-10-31,29.10,29.120001,28.75,28.85,11800,23.511658
2013-10-30,29.15,29.15,28.870001,28.99,13300,23.625753
2013-10-29,29.17,29.17,28.940001,29.120001,11300,23.731698
2013-10-28,29.389999,29.389999,28.98,29.040001,12900,23.666502
2013-10-25,29.17,29.23,28.969999,29.190001,26100,23.788746
2013-10-24,29.370001,29.440001,29.01,29.209999,19400,23.805044
2013-10-23,29.34,29.34,28.959999,29.18,20000,23.780596
2013-10-22,28.940001,29.32,28.940001,29.299999,9400,23.87839
2013-10-21,28.959999,29.02,28.57,29.02,9000,23.650202
2013-10-18,28.32,28.780001,28.00,28.75,18500,23.430162
2013-10-17,27.59,28.290001,27.58,28.290001,10000,23.05528
2013-10-16,27.620001,27.93,27.620001,27.76,18000,22.623349
2013-10-15,27.940001,28.219999,27.48,27.67,21800,22.550003
2013-10-14,27.719999,28.23,27.66,28.23,12500,23.006381
2013-10-11,27.58,27.98,27.58,27.98,7500,22.802641
2013-10-10,27.57,27.82,27.459999,27.73,13300,22.5989
2013-10-09,27.799999,27.84,27.50,27.540001,16600,22.444058
2013-10-08,28.00,28.01,27.610001,27.629999,15500,22.517403
2013-10-07,27.98,27.98,27.68,27.870001,10000,22.712996
2013-10-04,28.32,28.32,27.92,28.040001,11300,22.851539
2013-10-03,28.190001,28.559999,28.00,28.09,20100,22.892287
2013-10-02,28.02,28.24,28.02,28.24,21300,23.014531
2013-10-01,27.85,28.34,27.66,28.34,18500,23.096027
2013-09-30,27.309999,27.799999,27.309999,27.799999,15500,22.655947
2013-09-27,27.67,27.83,27.51,27.629999,9400,22.517403
2013-09-26,27.65,27.700001,27.42,27.629999,12400,22.517403
2013-09-25,27.49,27.6
7,27.379999,27.57,29800,22.468506
2013-09-24,27.07,27.49,27.040001,27.49,17800,22.403309
2013-09-23,27.120001,27.190001,26.950001,27.08,15800,22.069175
2013-09-20,27.32,27.370001,27.030001,27.07,23200,22.061025
2013-09-19,27.10,27.389999,27.01,27.280001,52900,22.232168
2013-09-18,26.75,27.190001,26.549999,27.049999,24500,22.044725
2013-09-17,26.959999,27.059999,26.60,26.870001,24900,21.898034
2013-09-16,27.18,27.389999,26.68,27.10,19800,22.085475
2013-09-13,27.139999,27.190001,26.950001,27.08,9900,22.069175
2013-09-12,27.129999,27.24,26.82,27.120001,37000,22.101774
2013-09-11,27.200001,27.389999,27.190001,27.23,19300,22.191419
2013-09-10,27.43,27.790001,27.25,27.35,37000,22.289215
2013-09-09,27.18,27.74,27.08,27.540001,20900,22.444058
2013-09-06,27.17,27.190001,26.99,27.15,13100,22.126222
2013-09-05,27.02,27.129999,26.83,27.01,24900,22.012128
2013-09-04,27.549999,27.549999,27.030001,27.139999,26000,22.118072
2013-09-03,27.98,27.98,27.299999,27.43,42100,22.354412
2013-08-30,28.01,28.01,27.540001,27.65,10700,22.533703
2013-08-29,27.65,27.969999,27.469999,27.85,15200,22.696696
2013-08-28,27.440001,27.60,27.27,27.58,20700,22.476656
2013-08-27,27.219999,27.440001,27.09,27.360001,22700,22.297365
2013-08-26,27.969999,27.969999,27.51,27.549999,22600,22.452207
2013-08-23,27.48,27.860001,27.43,27.860001,10500,22.704846
2013-08-22,27.15,27.75,27.00,27.690001,45500,22.566302
2013-08-21,27.540001,27.540001,26.83,26.969999,52500,21.979529
2013-08-20,27.98,27.98,27.700001,27.82,17200,22.340557
2013-08-19,28.299999,28.40,27.809999,27.809999,22000,22.332526
2013-08-16,28.07,28.360001,28.030001,28.110001,13700,22.573439
2013-08-15,29.00,29.00,28.09,28.219999,39600,22.661772
2013-08-14,29.50,29.50,29.01,29.01,18600,23.296174
2013-08-13,29.549999,29.549999,29.02,29.280001,34000,23.512995
2013-08-12,29.50,29.639999,29.280001,29.40,28000,23.609359
2013-08-09,29.59,29.780001,29.43,29.60,15700,23.769967
2013-08-08,29.75,29.82,29.370001,29.50,28300,23.689663
2013-08-07,29.67,29.709999,29.33,29.540001,26300,23.721786
2013-08-06,29.549999,29.68,29.33,29.65,31400,23.810119
2013-08-05,29.74,29.799999,29.389999,29.58,22300,23.753906
2013-08-02,29.60,29.870001,29.559999,29.610001,17000,23.777998
2013-08-01,29.76,29.82,29.389999,29.540001,32400,23.721786
2013-07-31,29.84,29.84,29.50,29.60,24200,23.769967
2013-07-30,29.32,29.90,29.32,29.90,21400,24.010879
2013-07-29,29.59,29.780001,29.209999,29.40,23700,23.609359
2013-07-26,29.77,29.90,29.200001,29.459999,22400,23.657541
2013-07-25,29.889999,29.92,29.450001,29.639999,25300,23.802088
2013-07-24,29.90,29.950001,29.799999,29.940001,24100,24.043001
2013-07-23,29.60,29.99,29.41,29.93,42300,24.03497
2013-07-22,29.67,29.809999,29.41,29.549999,20100,23.729815
2013-07-19,29.940001,29.940001,29.23,29.43,19100,23.633451
2013-07-18,29.58,29.98,29.540001,29.90,25600,24.010879
2013-07-17,29.49,29.58,29.34,29.58,15000,23.753906
2013-07-16,29.299999,29.40,29.07,29.24,15900,23.480873
2013-07-15,29.50,29.58,29.40,29.469999,17100,23.665571
2013-07-12,29.48,29.50,29.290001,29.48,17200,23.673602
2013-07-11,29.50,29.51,29.18,29.32,23000,23.545116
2013-07-10,28.99,29.370001,28.93,29.049999,20000,23.328295
2013-07-09,28.99,29.559999,28.77,28.90,29200,23.207839
2013-07-08,29.18,29.219999,28.620001,28.74,18900,23.079353
2013-07-05,29.299999,29.299999,28.809999,28.950001,13000,23.247992
2013-07-03,28.82,28.98,28.68,28.879999,13900,23.191778
2013-07-02,28.41,29.00,28.41,28.799999,27600,23.1
27535
2013-07-01,28.99,29.00,28.549999,28.620001,21500,22.982989
2013-06-28,28.389999,28.57,28.280001,28.57,21200,22.942836
2013-06-27,27.799999,28.379999,27.50,28.209999,52200,22.653742
2013-06-26,26.950001,27.450001,26.82,27.370001,34800,21.97919
2013-06-25,27.209999,27.33,26.540001,26.700001,36300,21.441153
2013-06-24,27.65,27.65,26.51,27.01,47000,21.690095
2013-06-21,27.99,28.35,27.42,27.700001,59100,22.244193
2013-06-20,28.08,28.08,26.91,27.93,90200,22.428892
2013-06-19,28.290001,28.290001,28.01,28.26,26300,22.693895
2013-06-18,28.040001,28.209999,27.90,28.17,53300,22.621621
2013-06-17,28.15,28.280001,27.700001,27.879999,56100,22.388739
2013-06-14,27.90,28.27,27.719999,27.99,34300,22.477074
2013-06-13,27.799999,28.440001,27.530001,27.780001,44400,22.308436
2013-06-12,28.200001,29.00,27.33,27.57,41900,22.139797
2013-06-11,28.360001,28.530001,27.82,27.92,34200,22.420861
2013-06-10,29.299999,29.42,28.35,28.379999,25100,22.790258
2013-06-07,28.040001,29.32,27.90,29.15,38300,23.408599
2013-06-06,27.82,27.969999,27.41,27.719999,42400,22.260252
2013-06-05,28.82,28.879999,27.450001,27.700001,61500,22.244193
2013-06-04,29.09,29.26,28.610001,28.780001,41400,23.111475
2013-06-03,29.450001,29.58,29.030001,29.25,37300,23.488903
2013-05-31,29.57,29.65,29.00,29.049999,40500,23.328295
2013-05-30,30.57,30.57,28.90,29.42,78100,23.62542
2013-05-29,30.77,31.07,30.01,30.309999,37700,24.340125
2013-05-28,31.00,31.370001,30.549999,30.799999,45200,24.733614
2013-05-24,30.00,30.700001,29.940001,30.700001,70800,24.653311
2013-05-23,29.879999,30.27,29.65,29.879999,52100,23.994818
2013-05-22,30.33,30.629999,29.780001,29.91,45600,24.018909
2013-05-21,30.809999,30.809999,29.799999,29.98,15600,24.075122
2013-05-20,30.690001,31.120001,30.690001,31.00,46200,24.567386
2013-05-17,30.17,30.610001,30.129999,30.610001,73200,24.258313
2013-05-16,29.84,30.049999,29.73,29.92,42900,23.71149
2013-05-15,29.66,29.85,29.459999,29.799999,52600,23.61639
2013-05-14,29.219999,29.84,29.16,29.540001,91500,23.410342
2013-05-13,29.299999,29.799999,29.09,29.190001,85200,23.132968
2013-05-10,29.139999,29.639999,28.98,29.059999,59600,23.029943
2013-05-09,29.459999,30.15,28.99,29.00,100400,22.982393
2013-05-08,29.440001,29.84,29.40,29.620001,31500,23.473742
2013-05-07,29.50,29.57,29.299999,29.450001,42800,23.339017
2013-05-06,29.280001,29.389999,29.02,29.389999,26800,23.291466
2013-05-03,29.030001,29.389999,28.91,29.18,36600,23.125043
2013-05-02,29.43,29.57,28.85,28.98,41900,22.966543
2013-05-01,29.17,29.43,29.02,29.190001,35300,23.132968
2013-04-30,29.139999,29.280001,29.00,29.17,49900,23.117118
2013-04-29,29.00,29.209999,28.76,28.99,51700,22.974468
2013-04-26,28.93,29.290001,28.639999,28.84,39900,22.855594
2013-04-25,29.02,29.290001,28.299999,28.639999,53100,22.697094
2013-04-24,28.67,29.120001,28.620001,29.07,56700,23.037868
2013-04-23,28.610001,28.67,28.32,28.65,50400,22.705019
2013-04-22,28.290001,28.459999,28.290001,28.360001,55800,22.475196
2013-04-19,27.950001,28.280001,27.940001,28.18,32600,22.332547
2013-04-18,27.75,28.00,27.530001,27.83,30600,22.055173
2013-04-17,27.84,27.90,27.23,27.620001,48700,21.888749
2013-04-16,27.549999,28.08,27.549999,27.879999,84000,22.094797
2013-04-15,28.190001,28.389999,27.280001,27.280001,62000,21.6193
2013-04-12,28.690001,28.790001,28.040001,28.24,64200,22.380096
2013-04-11,29.040001,29.040001,28.51,28.57,62700,22.64162
2013-04-10,28.950001,28.950001,28.620001,28.87
9999,42800,22.887293
2013-04-09,28.84,28.870001,28.440001,28.860001,39300,22.871444
2013-04-08,28.24,28.59,28.200001,28.59,33000,22.65747
2013-04-05,27.76,28.15,27.66,28.15,18000,22.308771
2013-04-04,28.32,28.33,27.950001,28.09,34400,22.261222
2013-04-03,28.280001,28.32,27.90,28.299999,56200,22.427645
2013-04-02,27.950001,28.18,27.860001,28.18,46700,22.332547
2013-04-01,27.950001,27.950001,27.74,27.780001,17600,22.015548
2013-03-28,27.74,27.969999,27.690001,27.84,43200,22.063098
2013-03-27,27.719999,27.85,27.549999,27.65,27400,21.912523
2013-03-26,27.60,27.799999,27.540001,27.74,38600,21.983848
2013-03-25,27.549999,27.73,27.41,27.48,30600,21.777799
2013-03-22,27.25,27.49,27.23,27.40,49200,21.714399
2013-03-21,27.290001,27.49,27.10,27.110001,48500,21.484576
2013-03-20,27.049999,27.290001,26.870001,27.24,40800,21.5876
2013-03-19,26.98,27.309999,26.85,26.860001,30200,21.286452
2013-03-18,27.18,27.18,26.790001,26.870001,37000,21.294377
2013-03-15,27.25,27.34,27.049999,27.190001,39100,21.547975
2013-03-14,27.190001,27.389999,27.110001,27.15,28400,21.516275
2013-03-13,27.35,27.40,27.00,27.120001,62400,21.492501
2013-03-12,27.25,27.42,26.91,27.219999,34700,21.571749
2013-03-11,27.59,27.65,27.200001,27.25,37000,21.595525
2013-03-08,27.530001,27.639999,27.24,27.43,56300,21.738174
2013-03-07,27.469999,27.50,26.75,27.26,47200,21.60345
2013-03-06,27.84,27.92,27.17,27.34,53900,21.66685
2013-03-05,27.780001,28.10,27.700001,27.950001,144600,22.150273
2013-03-04,27.16,27.58,27.09,27.58,33600,21.857049
2013-03-01,27.15,27.389999,27.07,27.25,41300,21.595525
2013-02-28,26.969999,27.280001,26.84,27.15,76500,21.516275
2013-02-27,26.549999,26.959999,26.549999,26.93,89100,21.341926
2013-02-26,26.700001,26.700001,26.42,26.58,70600,21.064552
2013-02-25,26.52,26.74,25.90,26.50,73100,21.001153
2013-02-22,26.91,26.92,26.50,26.76,27800,21.207202
2013-02-21,26.799999,26.84,26.23,26.76,75500,21.207202
2013-02-20,27.15,27.25,26.76,26.90,51400,21.318151
2013-02-19,26.99,27.129999,26.91,27.030001,52800,21.421176
2013-02-15,27.719999,27.780001,27.139999,27.25,86300,21.272978
2013-02-14,27.49,27.68,26.66,27.58,106600,21.530595
2013-02-13,27.35,27.49,27.33,27.469999,36500,21.444722
2013-02-12,27.16,27.389999,27.110001,27.280001,68500,21.296398
2013-02-11,26.940001,27.129999,26.93,27.09,84800,21.148072
2013-02-08,26.860001,26.98,26.83,26.92,38400,21.01536
2013-02-07,27.08,27.08,26.65,26.77,77800,20.898261
2013-02-06,27.129999,27.129999,26.93,27.01,41200,21.08562
2013-02-05,27.09,27.129999,26.90,27.129999,60500,21.179298
2013-02-04,26.92,27.00,26.84,26.889999,88800,20.99194
2013-02-01,26.969999,27.139999,26.860001,26.969999,82600,21.054393
2013-01-31,26.93,27.00,26.73,26.950001,63600,21.03878
2013-01-30,27.09,27.16,26.73,26.799999,45900,20.92168
2013-01-29,26.639999,27.00,26.59,26.98,62000,21.062199
2013-01-28,26.639999,26.90,26.370001,26.50,41300,20.687483
2013-01-25,26.82,26.969999,26.67,26.700001,54500,20.843616
2013-01-24,26.790001,26.860001,26.48,26.719999,41000,20.859228
2013-01-23,26.60,26.799999,26.559999,26.66,37000,20.812388
2013-01-22,26.549999,26.75,26.469999,26.65,40300,20.804582
2013-01-18,26.440001,26.469999,26.299999,26.42,30100,20.62503
2013-01-17,26.24,26.530001,26.24,26.309999,85200,20.539157
2013-01-16,26.129999,26.290001,26.02,26.24,56100,20.484511
2013-01-15,26.10,26.139999,26.00,26.09,40200,20.367413
2013-01-14,26.17,26.17,25.84,26.09,5
8900,20.367413
2013-01-11,25.940001,26.120001,25.719999,26.07,83600,20.351799
2013-01-10,25.549999,25.99,25.50,25.799999,53000,20.141021
2013-01-09,25.58,25.799999,25.389999,25.440001,78700,19.859984
2013-01-08,25.450001,25.809999,25.42,25.50,95700,19.906823
2013-01-07,25.09,25.450001,25.09,25.450001,27900,19.867791
2013-01-04,25.200001,25.41,25.120001,25.309999,34800,19.758497
2013-01-03,25.110001,25.48,24.73,25.24,67100,19.703852
2013-01-02,24.559999,24.99,24.50,24.99,29500,19.508687
2012-12-31,24.09,24.469999,24.02,24.379999,20400,19.032484
2012-12-28,24.08,24.190001,23.92,23.99,29100,18.728027
2012-12-27,24.190001,24.190001,23.870001,24.139999,48400,18.845126
2012-12-26,23.98,24.17,23.799999,24.17,48100,18.868546
2012-12-24,23.90,24.190001,23.66,23.85,37500,18.618735
2012-12-21,23.809999,24.219999,23.51,23.969999,65500,18.712413
2012-12-20,24.23,24.23,23.83,23.99,67900,18.728027
2012-12-19,23.99,24.139999,23.76,24.110001,73500,18.821707
2012-12-18,23.709999,24.10,23.67,23.879999,53300,18.642154
2012-12-17,24.34,24.34,23.66,23.84,57600,18.610928
2012-12-14,24.16,24.299999,24.01,24.200001,39600,18.891966
2012-12-13,24.25,24.559999,24.17,24.35,26100,19.009065
2012-12-12,24.450001,24.83,24.24,24.27,70700,18.946612
2012-12-11,24.360001,24.540001,24.120001,24.32,43500,18.985645
2012-12-10,24.57,24.75,24.059999,24.129999,40500,18.837319
2012-12-07,24.549999,24.620001,24.23,24.469999,24300,19.102743
2012-12-06,24.379999,24.379999,24.200001,24.360001,24100,19.016872
2012-12-05,24.35,24.379999,24.18,24.379999,27600,19.032484
2012-12-04,24.309999,24.34,23.85,24.26,65600,18.938805
2012-12-03,24.379999,24.379999,24.059999,24.190001,25900,18.884159
2012-11-30,24.23,24.40,24.00,24.15,45000,18.852932
2012-11-29,24.18,24.33,24.01,24.09,40200,18.806093
2012-11-28,23.85,23.99,23.700001,23.91,66300,18.665574
2012-11-27,24.280001,24.440001,23.690001,23.879999,93800,18.642154
2012-11-26,24.07,24.48,23.99,24.190001,53600,18.884159
2012-11-23,24.35,24.799999,24.26,24.26,11400,18.938805
2012-11-21,24.299999,24.360001,23.969999,24.049999,49000,18.774866
2012-11-20,24.74,24.74,23.629999,24.00,68400,18.735834
2012-11-19,24.379999,25.040001,24.379999,24.90,112300,19.120699
2012-11-16,23.139999,24.299999,23.139999,24.18,64000,18.567812
2012-11-15,23.00,23.459999,22.10,22.85,60700,17.546506
2012-11-14,23.719999,24.10,23.139999,23.139999,71000,17.769196
2012-11-13,24.00,24.00,23.52,23.540001,51500,18.076357
2012-11-12,24.790001,24.860001,24.209999,24.27,33500,18.636923
2012-11-09,24.790001,24.790001,24.34,24.68,49400,18.951762
2012-11-08,25.139999,25.16,24.610001,24.73,47900,18.990156
2012-11-07,25.139999,25.219999,24.82,24.90,40400,19.120699
2012-11-06,25.17,25.209999,24.98,25.15,16700,19.312674
2012-11-05,25.32,25.35,25.049999,25.17,17800,19.328032
2012-11-02,25.41,25.48,25.16,25.200001,29200,19.35107
2012-11-01,25.209999,25.51,25.200001,25.379999,51100,19.489291
2012-10-31,25.25,25.450001,24.950001,25.209999,50900,19.358748
2012-10-26,25.530001,25.57,25.030001,25.450001,28100,19.543045
2012-10-25,25.60,25.75,25.120001,25.42,30400,19.520007
2012-10-24,25.58,25.700001,25.139999,25.450001,44300,19.543045
2012-10-23,25.610001,25.6
20001,25.440001,25.50,34000,19.581439
2012-10-22,25.85,25.90,25.60,25.610001,32500,19.665909
2012-10-19,25.870001,25.870001,25.66,25.799999,18500,19.811808
2012-10-18,26.02,26.07,25.60,25.799999,42400,19.811808
2012-10-17,26.00,26.23,25.65,25.68,39200,19.719661
2012-10-16,26.200001,26.280001,25.74,25.75,20000,19.773414
2012-10-15,26.08,26.10,25.73,25.85,26200,19.850204
2012-10-12,25.940001,25.99,25.75,25.91,27600,19.896278
2012-10-11,25.780001,25.870001,25.73,25.799999,20200,19.811808
2012-10-10,25.84,25.84,25.41,25.67,42500,19.711982
2012-10-09,25.74,25.85,25.459999,25.85,39700,19.850204
2012-10-08,25.75,25.75,25.610001,25.67,13600,19.711982
2012-10-05,25.75,25.870001,25.559999,25.700001,50300,19.73502
2012-10-04,25.75,25.83,25.440001,25.559999,25300,19.627513
2012-10-03,25.50,25.82,25.26,25.549999,75800,19.619834
2012-10-02,25.57,25.77,25.33,25.48,28300,19.566081
2012-10-01,25.40,25.57,25.32,25.559999,52300,19.627513
2012-09-28,25.299999,25.440001,25.00,25.40,28600,19.504649
2012-09-27,25.17,25.40,24.950001,25.40,16800,19.504649
2012-09-26,25.15,25.190001,24.92,25.09,31200,19.2666
2012-09-25,25.120001,25.15,25.02,25.040001,44100,19.228206
2012-09-24,25.07,25.190001,24.959999,25.07,37200,19.251242
2012-09-21,25.23,25.23,25.00,25.07,25400,19.251242
2012-09-20,25.17,25.17,25.02,25.15,29000,19.312674
2012-09-19,25.18,25.209999,24.959999,25.09,44000,19.2666
2012-09-18,25.10,25.10,24.90,25.08,40400,19.258921
2012-09-17,25.219999,25.219999,25.01,25.08,9500,19.258921
2012-09-14,25.10,25.299999,24.959999,25.10,46400,19.27428
2012-09-13,25.07,25.07,24.860001,24.99,23900,19.18981
2012-09-12,25.09,25.129999,24.549999,24.99,54000,19.18981
2012-09-11,25.120001,25.120001,24.790001,25.00,33200,19.197489
2012-09-10,25.129999,25.129999,24.90,24.99,16100,19.18981
2012-09-07,24.82,25.02,24.77,25.00,21500,19.197489
2012-09-06,25.17,25.24,24.66,24.719999,26700,18.982477
2012-09-05,24.90,25.00,24.75,24.940001,21600,19.151416
2012-09-04,25.200001,25.280001,24.82,24.860001,29200,19.089984
2012-08-31,25.15,25.66,24.809999,25.00,42800,19.197489
2012-08-30,24.85,25.110001,24.559999,25.040001,48200,19.228206
2012-08-29,24.639999,24.879999,24.549999,24.879999,16800,19.105341
2012-08-28,24.65,24.76,24.50,24.52,18700,18.828898
2012-08-27,24.799999,24.879999,24.629999,24.799999,23800,19.043909
2012-08-24,24.309999,24.879999,24.309999,24.58,16200,18.874971
2012-08-23,25.08,25.08,24.790001,24.799999,31000,19.043909
2012-08-22,24.98,25.200001,24.799999,25.09,63400,19.2666
2012-08-21,25.16,25.200001,24.99,25.16,34700,19.00705
2012-08-20,25.10,25.16,25.08,25.10,39900,18.961724
2012-08-17,25.00,25.00,24.959999,25.00,18400,18.886179
2012-08-16,25.15,25.15,24.90,24.90,31400,18.810634
2012-08-15,25.129999,25.16,24.99,25.02,15100,18.901288
2012-08-14,24.90,25.15,24.879999,25.07,11700,18.93906
2012-08-13,25.18,25.18,24.879999,24.969999,21100,18.863515
2012-08-10,25.049999,25.139999,24.870001,25.139999,41200,18.991941
2012-08-09,25.120001,25.120001,24.84,25.00,15400,18.886179
2012-08-08,25.040001,25.040001,24.879999,25.00,26600,18.886179
2012-08-07,24.91,25.00,24.57,24.99,23100,18.878624
2012-08-06,24.98,25.08,24.639999,24.700001,22000,18.659545
2012-08-03,25.030001,25.10,24.77,24.860001,38900,18.780417
2012-08-02,24.90,24.969999,24.67,24.969999,45600,18.863515
2012-08-01,24.60,25.16,24.60,24.879999,39300,18.795524
2012-07-31,24.299999,24.610001,24.299999,24.549999,18700,18.546227
2012-07-30,24.43,24.58,24.25,24.43,36700,18.455574
2012-07-27,24.25,24.41,24.23,24.41,21000,18.440465
2012-07-26,24.60,24.60,24.00,24.059999,87000,18.176058
2012-07-25,24.58,24.620001,24.25,24.27,20600,18.334703
2012-07-24,24.3
3,24.469999,24.129999,24.440001,76800,18.463129
2012-07-23,24.190001,24.540001,24.040001,24.280001,52800,18.342257
2012-07-20,24.639999,24.700001,24.43,24.639999,20400,18.614217
2012-07-19,24.59,24.74,24.52,24.65,37200,18.621772
2012-07-18,24.43,24.51,24.34,24.51,21400,18.51601
2012-07-17,24.110001,24.41,24.00,24.299999,20900,18.357365
2012-07-16,23.950001,24.110001,23.940001,24.110001,34000,18.213831
2012-07-13,23.23,23.91,23.23,23.90,25400,18.055187
2012-07-12,23.309999,23.360001,23.10,23.219999,32800,17.541482
2012-07-11,23.290001,23.469999,23.219999,23.469999,39900,17.730344
2012-07-10,23.51,23.66,23.290001,23.459999,19000,17.722789
2012-07-09,23.34,23.52,23.25,23.459999,23700,17.722789
2012-07-06,23.23,23.370001,22.940001,23.27,63000,17.579256
2012-07-05,23.209999,23.25,22.940001,23.25,23300,17.564146
2012-07-03,23.299999,23.309999,23.200001,23.200001,17400,17.526374
2012-07-02,23.25,23.299999,23.049999,23.129999,20900,17.473492
2012-06-29,22.65,23.40,22.65,23.059999,29300,17.420611
2012-06-28,22.450001,22.469999,22.129999,22.43,48600,16.94468
2012-06-27,22.049999,22.50,22.049999,22.40,40500,16.922016
2012-06-26,22.40,22.52,22.09,22.10,61400,16.695382
2012-06-25,22.700001,22.700001,22.15,22.27,42700,16.823808
2012-06-22,23.15,23.309999,22.700001,22.809999,32700,17.231749
2012-06-21,23.370001,23.50,22.98,22.98,38200,17.360175
2012-06-20,23.41,23.530001,23.190001,23.27,32200,17.579256
2012-06-19,23.50,23.50,23.23,23.309999,28200,17.609473
2012-06-18,23.65,23.65,23.17,23.18,22700,17.511265
2012-06-15,23.799999,23.889999,23.50,23.620001,34800,17.843662
2012-06-14,24.08,24.08,23.60,23.700001,22900,17.904098
2012-06-13,23.75,24.620001,23.709999,23.940001,28500,18.085405
2012-06-12,23.83,23.83,23.51,23.74,11600,17.934315
2012-06-11,23.99,23.99,23.040001,23.67,27300,17.881434
2012-06-08,23.00,23.99,22.83,23.98,43900,18.115622
2012-06-07,22.889999,22.98,22.67,22.98,15400,17.360175
2012-06-06,22.389999,22.860001,22.299999,22.74,49900,17.178868
2012-06-05,22.639999,22.639999,21.959999,22.15,17600,16.733154
2012-06-04,22.790001,22.790001,21.82,22.530001,41300,17.020225
2012-06-01,23.129999,23.129999,22.25,22.65,53700,17.110878
2012-05-31,23.52,23.530001,23.00,23.24,20400,17.556592
2012-05-30,23.59,23.60,23.24,23.43,16300,17.700127
2012-05-29,23.48,23.85,23.370001,23.59,30600,17.820998
2012-05-25,23.370001,23.370001,23.200001,23.35,10800,17.639691
2012-05-24,23.639999,23.66,23.139999,23.200001,15800,17.526374
2012-05-23,23.52,23.52,23.110001,23.52,21000,17.768117
2012-05-22,23.68,23.700001,23.25,23.440001,23600,17.707682
2012-05-21,23.35,23.60,23.25,23.58,15100,17.813444
2012-05-18,23.719999,24.02,23.32,23.549999,33700,17.484068
2012-05-17,24.059999,24.07,23.59,23.91,40100,17.751341
2012-05-16,24.50,24.549999,23.950001,24.10,23100,17.892402
2012-05-15,24.43,24.440001,24.15,24.32,18000,18.055734
2012-05-14,24.709999,24.879999,24.00,24.32,44600,18.055734
2012-05-11,24.889999,24.940001,24.76,24.76,23000,18.382401
2012-05-10,24.639999,25.00,24.639999,24.799999,35900,18.412097
2012-05-09,24.620001,24.629999,24.440001,24.52,19800,18.20422
2012-05-08,24.85,24.91,24.50,24.68,26900,18.323007
2012-05-07,24.879999,25.07,24.809999,25.07,42000,18.612552
2012-05-04,25.01,25.01,24.690001,24.83,52300,18.43437
2012-05-03,25.01,25.059999,24.82,25.01,25000,18.568007
2012-05-02,25.030001,25.040001,24.889999,24.99,56000,18.55315
8
2012-05-01,24.719999,25.10,24.719999,24.98,49400,18.545734
2012-04-30,24.58,24.700001,24.58,24.68,28000,18.323007
2012-04-27,24.450001,24.639999,24.43,24.58,24200,18.248765
2012-04-26,24.10,24.370001,24.10,24.33,29600,18.063159
2012-04-25,24.389999,24.450001,24.25,24.25,35000,18.003765
2012-04-24,24.440001,24.450001,24.23,24.35,26300,18.078008
2012-04-23,24.40,24.40,24.110001,24.26,25400,18.011189
2012-04-20,24.50,24.68,24.41,24.42,41400,18.129977
2012-04-19,24.60,24.799999,24.459999,24.60,21200,18.263613
2012-04-18,24.440001,24.639999,24.209999,24.639999,59000,18.29331
2012-04-17,24.90,24.940001,24.60,24.629999,31400,18.285885
2012-04-16,24.889999,24.889999,24.77,24.83,16700,18.43437
2012-04-13,24.57,24.82,24.57,24.65,19500,18.300734
2012-04-12,24.51,24.75,24.51,24.719999,21900,18.352703
2012-04-11,24.190001,24.549999,24.190001,24.42,45600,18.129977
2012-04-10,24.58,24.620001,24.01,24.049999,17800,17.85528
2012-04-09,24.620001,24.690001,24.42,24.440001,38800,18.144826
2012-04-05,24.940001,24.940001,24.58,24.75,29400,18.374977
2012-04-04,24.77,24.85,24.75,24.85,18900,18.449219
2012-04-03,24.700001,24.90,24.700001,24.879999,31400,18.471491
2012-04-02,24.93,25.02,24.610001,24.77,51400,18.389825
2012-03-30,24.809999,24.99,24.809999,24.90,16300,18.48634
2012-03-29,24.90,24.969999,24.719999,24.940001,30700,18.516037
2012-03-28,24.75,24.98,24.60,24.940001,62200,18.516037
2012-03-27,24.549999,24.799999,24.549999,24.700001,38800,18.337856
2012-03-26,24.700001,24.860001,24.51,24.58,50400,18.248765
2012-03-23,24.51,24.85,24.440001,24.719999,23800,18.352703
2012-03-22,24.76,24.790001,24.459999,24.50,42900,18.189371
2012-03-21,24.889999,24.940001,24.790001,24.799999,27100,18.412097
2012-03-20,24.959999,24.959999,24.83,24.85,40200,18.449219
2012-03-19,24.889999,24.98,24.889999,24.940001,16300,18.516037
2012-03-16,24.799999,24.93,24.799999,24.870001,32800,18.464068
2012-03-15,24.98,24.98,24.780001,24.85,51600,18.449219
2012-03-14,24.98,24.98,24.85,24.85,28700,18.449219
2012-03-13,25.10,25.10,24.85,25.00,42700,18.560582
2012-03-12,25.09,25.09,24.90,24.969999,43100,18.538309
2012-03-09,25.059999,25.139999,24.91,24.92,60900,18.501189
2012-03-08,25.040001,25.08,24.90,24.940001,61500,18.516037
2012-03-07,24.98,24.98,24.84,24.940001,30200,18.516037
2012-03-06,25.01,25.01,24.74,24.799999,42200,18.412097
2012-03-05,25.10,25.129999,24.90,25.00,71700,18.560582
2012-03-02,24.99,25.059999,24.85,25.02,75900,18.575431
2012-03-01,25.10,25.120001,24.92,24.940001,80000,18.516037
2012-02-29,24.90,25.02,24.84,24.92,63800,18.501189
2012-02-28,24.90,24.91,24.799999,24.889999,39800,18.478915
2012-02-27,24.969999,24.969999,24.83,24.870001,50400,18.464068
2012-02-24,24.879999,24.950001,24.809999,24.860001,119800,18.456644
2012-02-23,24.940001,24.99,24.799999,24.860001,78400,18.456644
2012-02-22,24.93,24.950001,24.860001,24.91,53400,18.493764
2012-02-21,24.93,24.940001,24.799999,24.940001,46700,18.516037
2012-02-17,24.870001,24.940001,24.75,24.75,32200,18.374977
2012-02-16,25.040001,25.049999,24.950001,25.049999,58600,18.29628
2012-02-15,25.040001,25.120001,24.90,24.92,31000,18.20133
2012-02-14,25.120001,25.120001,24.870001,25.040001,35000,18.288977
2012-02-13,25.049999,25.049999,24.98,25.030001,17300,18.281673
2012-02-10,25.01,25.01,24.85,24.92,29500,18.20133
2012-02-09,25.049999,25.120001,24.91,25.040001,113600,18.288977
2012-02-08,25.139999,25.139999,24.91,25.030001,35200,18.281673
2012-02-07,24.950001,25.10,24.799999,25.00,72800,18.259761
2012-02-06,24.879999,24.959999,24.799999,24.860001,22000,18.157507
2012-02-03,24.889999,24.99,24.780001,24.98,45000,18.245153
2012-02-02,24.879999,25.00,24.85,24.85,39900,18.150202
2012-02-01,24.91,25.00,24.82,24.870001,110200,18.164811
2012-01-31,24.73,24.959999,24.68,24.83,208200,18.135594
2012-01-30,24.549999,24.709999,24.379999,24.690001,47900,18.
03334
2012-01-27,24.50,24.60,24.299999,24.58,53300,17.952997
2012-01-26,24.67,24.75,24.469999,24.540001,36000,17.923782
2012-01-25,24.690001,24.809999,24.559999,24.68,45800,18.026036
2012-01-24,24.459999,24.74,24.450001,24.68,36800,18.026036
2012-01-23,24.309999,24.65,24.309999,24.65,44400,18.004124
2012-01-20,24.49,24.49,24.33,24.370001,41300,17.799615
2012-01-19,24.540001,24.639999,24.360001,24.459999,66400,17.865349
2012-01-18,24.42,24.68,24.34,24.50,62100,17.894566
2012-01-17,24.50,24.700001,24.48,24.530001,72800,17.916478
2012-01-13,24.450001,24.50,24.40,24.469999,22300,17.872653
2012-01-12,24.50,24.549999,24.309999,24.49,34100,17.887261
2012-01-11,24.379999,24.52,24.200001,24.450001,66100,17.858047
2012-01-10,24.450001,24.450001,24.16,24.35,58200,17.785007
2012-01-09,24.290001,24.360001,24.219999,24.309999,27100,17.755791
2012-01-06,24.450001,24.469999,24.07,24.209999,176700,17.682752
2012-01-05,24.17,24.43,24.040001,24.299999,108800,17.748487
2012-01-04,23.950001,24.15,23.799999,24.120001,55800,17.617018
2012-01-03,23.950001,24.16,23.76,23.90,57900,17.456331
2011-12-30,23.50,23.65,23.389999,23.60,53400,17.237214
2011-12-29,23.10,23.67,23.10,23.450001,83700,17.127656
2011-12-28,23.02,23.16,23.00,23.15,41000,16.908538
2011-12-27,23.00,23.139999,22.90,22.969999,57700,16.777068
2011-12-23,23.01,23.23,22.879999,23.030001,64100,16.820892
2011-12-22,23.040001,23.200001,22.99,22.99,47300,16.791676
2011-12-21,22.799999,23.110001,22.709999,22.99,55300,16.791676
2011-12-20,22.84,22.92,22.58,22.76,79700,16.623686
2011-12-19,22.98,22.99,22.42,22.639999,102900,16.536039
2011-12-16,23.00,23.16,22.60,22.709999,78000,16.587166
2011-12-15,23.65,23.65,22.889999,22.91,125200,16.733245
2011-12-14,23.65,23.74,23.35,23.440001,52500,17.120352
2011-12-13,23.49,23.700001,23.27,23.50,50200,17.164175
2011-12-12,23.549999,23.700001,23.35,23.49,46900,17.156871
2011-12-09,23.700001,23.799999,23.50,23.549999,38100,17.200694
2011-12-08,23.85,23.889999,23.60,23.76,36600,17.354077
2011-12-07,23.85,23.889999,23.65,23.84,94700,17.412508
2011-12-06,23.709999,23.93,23.709999,23.73,28100,17.332165
2011-12-05,23.459999,23.860001,23.26,23.629999,82400,17.259125
2011-12-02,24.690001,24.690001,22.35,23.41,451200,17.09844
2011-12-01,25.049999,25.049999,24.950001,24.959999,45500,18.230544
2011-11-30,24.950001,25.15,24.950001,25.01,38800,18.267065
2011-11-29,24.90,25.15,24.879999,24.93,51300,18.208634
2011-11-28,25.00,25.00,24.93,24.950001,75200,18.223242
2011-11-25,25.00,25.02,25.00,25.00,15500,18.259761
2011-11-23,25.00,25.01,25.00,25.01,110400,18.267065
2011-11-22,25.00,25.01,24.99,25.01,39000,18.267065
2011-11-21,25.120001,25.120001,25.00,25.01,47100,18.267065
2011-11-18,25.01,25.059999,25.00,25.059999,6100,18.303584
2011-11-17,25.00,25.02,24.99,25.02,10100,18.274369
2011-11-16,25.030001,25.049999,24.99,25.02,16200,18.274369
2011-11-15,25.049999,25.049999,24.99,25.00,23900,18.259761
2011-11-14,25.00,25.02,24.99,25.00,16200,18.259761
2011-11-11,24.969999,25.00,24.93,25.00,16100,18.259761
2011-11-10,24.969999,25.00,24.940001,25.00,32500,18.259761
2011-11-09,25.10,25.10,24.959999,25.00,30200,18.259761
2011-11-08,25.00,25.02,24.969999,25.00,57400,18.259761
2011-11-07,24.969999,24.99,24.950001,24.950001,19100,18.223242
2011-11-04,24.93,24.99,24.889999,24.99,52000,18.252457
2011-11-03,24.90,24.98,24.83,24.950001,113700,18.223242
2011-11-02,24.90,24.90,24.879999,24.90,23700,18.186721
2011-11-01,24.879999,24.90,24.85,24.90,54400,18.186721
2011-10-31,24.90,24.90,24.82,24.90,75800,18.186721
2011-10-28,24.90,24.90,24.82,24.90,94100,18.186721
2011-10-27,24.969999,24.969999,24.50,24.90,1403100,18.186721