Date,Open,High,Low,Close,Volume,Adj Close
2016-08-12,40.91,42.080002,40.91,41.84,116500,41.84
2016-08-11,40.900002,41.830002,40.470001,40.950001,81200,40.950001
2016-08-10,40.93,41.490002,40.139999,40.549999,80200,40.549999
2016-08-09,42.209999,42.209999,40.68,40.68,172100,40.68
2016-08-08,41.049999,42.48,41.049999,42.200001,79000,42.200001
2016-08-05,41.66,41.959999,40.759998,40.900002,107900,40.900002
2016-08-04,43.150002,43.150002,40.779999,41.720001,81500,41.720001
2016-08-03,41.16,42.349998,40.889999,42.23,87000,42.23
2016-08-02,40.810001,41.75,40.630001,41.09,108400,41.09
2016-08-01,42.66,42.66,41.139999,41.25,77600,41.25
2016-07-29,42.169998,42.93,41.439999,42.610001,89900,42.610001
2016-07-28,42.09,42.50,41.849998,42.02,69500,42.02
2016-07-27,42.599998,42.73,41.75,42.57,115900,42.204999
2016-07-26,42.610001,43.130001,42.200001,42.529999,108200,42.165341
2016-07-25,42.200001,42.84,42.099998,42.580002,139200,42.214915
2016-07-22,42.650002,42.970001,42.16,42.25,157100,41.887743
2016-07-21,43.18,43.529999,42.369999,42.580002,171600,42.214915
2016-07-20,42.66,43.369999,42.509998,43.25,137400,42.879169
2016-07-19,43.439999,43.490002,42.27,42.50,207800,42.1356
2016-07-18,44.080002,44.240002,43.130001,43.439999,198900,43.067539
2016-07-15,44.720001,44.900002,43.599998,44.119999,177500,43.741708
2016-07-14,45.060001,45.310001,44.509998,44.540001,104400,44.158109
2016-07-13,46.279999,46.279999,44.439999,44.939999,94000,44.554677
2016-07-12,45.419998,46.490002,45.00,45.380001,104400,44.990907
2016-07-11,45.00,45.59,44.799999,44.919998,37700,44.534848
2016-07-08,45.700001,45.709999,44.669998,44.869999,30700,44.485278
2016-07-07,45.200001,46.200001,44.709999,45.209999,56300,44.822363
2016-07-06,45.650002,45.650002,44.970001,45.189999,47100,44.802534
2016-07-05,46.509998,46.860001,45.360001,46.099998,75300,45.704731
2016-07-01,46.009998,47.330002,46.009998,46.919998,66200,46.5177
2016-06-30,46.849998,47.389999,46.00,47.009998,142000,46.606929
2016-06-29,46.450001,46.939999,46.049999,46.75,72000,46.34916
2016-06-28,45.099998,46.209999,44.040001,46.130001,80600,45.734477
2016-06-27,45.650002,45.650002,43.52,44.50,78000,44.118451
2016-06-24,45.82,46.830002,45.16,45.549999,122300,45.159448
2016-06-23,46.990002,47.32,46.50,46.639999,162300,46.240102
2016-06-22,45.970001,46.990002,45.799999,46.549999,162800,46.150874
2016-06-21,45.290001,46.369999,44.630001,45.959999,123500,45.565932
2016-06-20,44.75,46.200001,44.330002,45.490002,145800,45.099965
2016-06-17,42.990002,46.169998,42.720001,44.75,564800,44.366308
2016-06-16,43.48,43.48,42.310001,43.00,206300,42.631312
2016-06-15,43.619999,44.48,42.669998,43.880001,128600,43.503768
2016-06-14,44.07,44.07,43.189999,43.389999,119800,43.017968
2016-06-13,43.970001,44.50,43.970001,44.450001,74900,44.068881
2016-06-
10,44.310001,46.02,43.919998,44.450001,178800,44.068881
2016-06-09,46.110001,46.509998,44.389999,44.610001,131500,44.227509
2016-06-08,46.00,46.599998,44.91,46.599998,350600,46.200444
2016-06-07,45.560001,45.689999,45.110001,45.689999,209700,45.298247
2016-06-06,46.330002,46.330002,44.91,45.59,230500,45.199106
2016-06-03,46.82,46.82,45.16,45.669998,160800,45.278418
2016-06-02,46.110001,47.200001,45.860001,46.349998,244200,45.952588
2016-06-01,45.900002,47.57,45.279999,46.50,260400,46.101303
2016-05-31,44.700001,46.34,44.299999,46.27,199700,45.873276
2016-05-27,44.099998,44.950001,43.330002,44.619999,98100,44.237421
2016-05-26,43.419998,44.580002,42.950001,44.169998,206800,43.791279
2016-05-25,43.34,43.73,42.650002,42.98,339300,42.611484
2016-05-24,43.48,44.119999,42.900002,43.220001,206100,42.849427
2016-05-23,44.810001,45.200001,43.360001,43.419998,216400,43.04771
2016-05-20,44.82,46.599998,44.59,45.330002,154300,44.941337
2016-05-19,44.66,45.73,43.700001,44.599998,343900,44.217592
2016-05-18,46.389999,47.299999,44.150002,44.860001,205500,44.475365
2016-05-17,46.029999,46.830002,46.00,46.389999,145000,45.992246
2016-05-16,46.66,48.93,45.759998,46.349998,113600,45.952588
2016-05-13,46.580002,46.759998,46.02,46.25,55500,45.853447
2016-05-12,46.139999,46.900002,45.57,46.509998,52600,46.111216
2016-05-11,46.169998,47.00,45.209999,46.470001,83900,46.071561
2016-05-10,46.68,47.23,45.490002,46.00,89800,45.60559
2016-05-09,47.700001,47.700001,45.959999,46.560001,80300,46.16079
2016-05-06,46.700001,47.790001,45.310001,47.52,78000,47.112558
2016-05-05,47.630001,47.880001,45.740002,46.700001,141200,46.299589
2016-05-04,47.650002,48.16,47.00,47.130001,189900,46.725902
2016-05-03,46.09,48.279999,45.240002,47.57,208200,47.162128
2016-05-02,47.66,47.799999,46.060001,46.77,87000,46.368988
2016-04-29,46.93,47.689999,46.009998,47.689999,139400,47.281098
2016-04-28,47.419998,47.73,46.00,47.009998,125800,46.606929
2016-04-27,48.150002,48.610001,47.900002,47.990002,134500,47.241445
2016-04-26,48.41,48.740002,47.950001,48.150002,155100,47.398949
2016-04-25,47.509998,48.540001,47.509998,48.259998,192900,47.50723
2016-04-22,47.470001,48.049999,47.00,47.57,97900,46.827994
2016-04-21,45.529999,47.459999,45.189999,47.029999,144700,46.296416
2016-04-20,45.41,46.669998,45.009998,45.740002,106000,45.026541
2016-04-19,46.00,46.209999,45.23,45.369999,117700,44.66231
2016-04-18,44.27,46.139999,44.00,45.209999,64300,44.504805
2016-04-15,45.75,46.27,44.98,44.98,169300,44.278394
2016-04-14,45.869999,46.48,44.98,45.900002,70600,45.184045
2016-04-13,47.380001,47.50,45.490002,45.610001,217300,44.898568
2016-04-12,46.700001,47.91,46.700001,47.189999,56100,46.453921
2016-04-11,47.540001,48.380001,46.560001,46.830002,99900,46.099539
2016-04-08,47.23,47.810001,46.380001,47.509998,94600,46.768929
2016-04-07,46.57,47.220001,45.77,46.650002,126100,45.922347
2016-04-06,46.619999,47.599998,45.919998,46.50,100000,45.774685
2016-04-05,47.029999,47.380001,46.009998,46.529999,70200,45.804216
2016-04-04,49.450001,49.450001,47.529999,47.529999,185000,46.788617
2016-04-01,46.880001,49.549999,46.060001,49.209999,206700,48.442413
2016-03-31,45.959999,47.740002,45.77,47.360001,182800,46.621271
2016-03-30,46.25,47.630001,45.799999,46.310001,134100,45.587
65
2016-03-29,45.919998,47.099998,45.75,46.00,244700,45.282484
2016-03-28,47.009998,48.419998,45.990002,46.029999,180700,45.312015
2016-03-24,46.32,48.299999,45.919998,47.00,114700,46.266886
2016-03-23,48.869999,49.310001,46.200001,46.849998,116400,46.119224
2016-03-22,50.400002,50.400002,47.849998,48.93,122700,48.166781
2016-03-21,51.00,51.09,48.799999,48.98,67600,48.216001
2016-03-18,51.299999,51.689999,49.849998,51.00,137300,50.204493
2016-03-17,50.900002,51.689999,49.41,50.869999,220600,50.07652
2016-03-16,49.299999,50.84,49.23,50.400002,128900,49.613853
2016-03-15,48.279999,49.459999,47.700001,48.860001,99300,48.097874
2016-03-14,49.299999,49.57,48.029999,48.599998,66100,47.841927
2016-03-11,50.540001,50.779999,48.419998,49.41,212700,48.639294
2016-03-10,49.189999,51.139999,49.189999,50.799999,242300,50.007612
2016-03-09,48.630001,49.990002,47.77,49.599998,98400,48.826329
2016-03-08,50.040001,50.130001,47.66,48.450001,107000,47.694269
2016-03-07,48.220001,50.75,47.700001,50.18,367500,49.397284
2016-03-04,48.709999,48.77,47.419998,48.029999,131500,47.280818
2016-03-03,47.68,48.669998,47.380001,48.639999,45200,47.881304
2016-03-02,47.450001,48.240002,46.490002,47.299999,136000,46.562205
2016-03-01,47.18,47.759998,45.599998,47.099998,121000,46.365324
2016-02-29,47.060001,48.470001,46.57,46.580002,125300,45.853439
2016-02-26,47.50,48.290001,46.509998,46.57,102700,45.843593
2016-02-25,45.950001,47.959999,45.310001,46.91,242600,46.178289
2016-02-24,44.419998,45.880001,44.009998,45.599998,95700,44.888722
2016-02-23,44.549999,45.849998,43.50,45.169998,74900,44.465429
2016-02-22,45.50,46.25,44.049999,44.369999,62400,43.677908
2016-02-19,43.950001,44.779999,43.25,44.32,43400,43.628688
2016-02-18,45.009998,45.240002,43.799999,44.450001,75800,43.756662
2016-02-17,44.50,45.830002,43.25,43.619999,518100,42.939606
2016-02-16,43.00,44.48,42.689999,44.00,171500,43.31368
2016-02-12,40.639999,42.150002,40.02,42.150002,88600,41.492538
2016-02-11,42.48,42.48,39.25,39.689999,91800,39.070907
2016-02-10,41.98,43.490002,41.200001,42.73,99400,42.063489
2016-02-09,42.209999,42.700001,41.049999,41.84,190900,41.187372
2016-02-08,44.310001,45.639999,41.060001,43.189999,272600,42.516313
2016-02-05,44.52,44.900002,43.32,44.75,86600,44.051982
2016-02-04,44.900002,49.369999,42.860001,44.48,163400,43.786193
2016-02-03,44.41,44.41,42.049999,43.869999,64200,43.185707
2016-02-02,43.650002,44.389999,43.119999,43.759998,44800,43.077422
2016-02-01,44.060001,45.990002,42.759998,44.50,89500,43.490873
2016-01-29,45.049999,46.150002,43.790001,44.380001,167200,43.373596
2016-01-28,46.43,46.43,44.00,44.990002,66800,43.969763
2016-01-27,45.360001,45.360001,43.009998,44.73,75200,43.715657
2016-01-26,46.060001,46.060001,43.880001,45.380001,103000,44.350919
2016-01-25,46.310001,46.970001,44.209999,45.389999,161600,44.36069
2016-01-22,45.740002,46.830002,45.009998,46.810001,153000,45.748491
2016-01-21,42.779999,44.00,41.91,43.220001,103600,42.239901
2016-01-20,42.00,42.41,39.02,42.119999,201800,41.164844
2016-01-19,45.34,45.560001,41.48,42.689999,153200,41.721917
2016-01-15,43.830002,45.790001,43.580002,45.00,113900,43.979535
2016-01-14,45.349998,46.849998,43.830002,46.389999,147
500,45.338013
2016-01-13,48.330002,48.689999,44.619999,44.849998,74300,43.832935
2016-01-12,47.349998,48.279999,45.349998,47.740002,175100,46.657401
2016-01-11,48.630001,50.09,46.389999,46.810001,211300,45.748491
2016-01-08,49.279999,50.700001,47.73,48.790001,113700,47.68359
2016-01-07,49.029999,51.299999,48.32,48.779999,226000,47.673815
2016-01-06,49.669998,52.200001,49.669998,50.110001,104900,48.973656
2016-01-05,50.43,51.32,48.50,51.080002,88300,49.92166
2016-01-04,51.040001,51.299999,49.720001,50.450001,105100,49.305946
2015-12-31,49.16,51.610001,49.110001,51.610001,194400,50.43964
2015-12-30,48.880001,50.029999,47.419998,49.119999,122500,48.006105
2015-12-29,50.060001,51.400002,49.110001,49.700001,101700,48.572954
2015-12-28,51.00,51.439999,49.040001,49.720001,152700,48.592501
2015-12-24,53.25,53.25,51.16,51.470001,82800,50.302816
2015-12-23,51.07,53.130001,51.009998,52.990002,125900,51.788347
2015-12-22,48.150002,51.18,47.59,50.779999,259400,49.628461
2015-12-21,49.110001,49.669998,45.849998,48.610001,181000,47.507671
2015-12-18,48.16,49.50,47.549999,49.310001,327200,48.191798
2015-12-17,47.259998,48.869999,46.23,47.799999,231500,46.716038
2015-12-16,44.900002,48.650002,44.900002,47.029999,451000,45.963499
2015-12-15,43.16,45.529999,42.970001,45.220001,213200,44.194547
2015-12-14,42.799999,43.139999,41.509998,42.66,98900,41.692599
2015-12-11,44.790001,45.00,42.50,43.220001,193000,42.239901
2015-12-10,45.52,46.080002,45.00,45.290001,81600,44.262959
2015-12-09,42.369999,46.669998,42.369999,46.00,342300,44.956858
2015-12-08,42.00,43.080002,40.639999,42.220001,411100,41.262578
2015-12-07,44.330002,44.830002,41.049999,42.099998,261900,41.145297
2015-12-04,45.360001,46.279999,44.689999,45.150002,101500,44.126135
2015-12-03,46.150002,46.459999,44.52,45.860001,105900,44.820033
2015-12-02,46.389999,46.709999,45.25,46.009998,205600,44.966629
2015-12-01,46.599998,47.060001,46.25,46.77,176200,45.709397
2015-11-30,46.560001,46.82,46.00,46.330002,283600,45.279376
2015-11-27,45.790001,46.50,45.720001,46.209999,21300,45.162095
2015-11-25,45.849998,47.080002,45.630001,46.080002,206200,45.035045
2015-11-24,45.919998,46.360001,45.669998,46.299999,284600,45.250054
2015-11-23,45.34,46.299999,44.91,45.939999,189200,44.898217
2015-11-20,46.23,46.369999,45.639999,45.639999,580700,44.605021
2015-11-19,45.25,46.450001,44.50,46.09,2712300,45.044817
2015-11-18,50.18,51.02,49.759998,49.759998,81500,48.631591
2015-11-17,49.84,50.25,49.07,50.240002,50900,49.100709
2015-11-16,49.240002,50.099998,48.830002,49.830002,24500,48.700007
2015-11-13,49.009998,49.57,48.439999,48.860001,87200,47.752002
2015-11-12,49.259998,50.299999,48.209999,48.639999,89000,47.53699
2015-11-11,51.349998,51.349998,49.400002,50.139999,119600,49.002974
2015-11-10,50.200001,52.299999,50.049999,51.279999,45500,50.117122
2015-11-09,50.389999,51.130001,49.310001,50.549999,58200,49.403677
2015-11-06,50.220001,50.790001,49.389999,50.139999,187100,49.002974
2015-11-05,52.060001,52.490002,50.439999,50.93,74100,49.77506
2015-11-04,51.68,52.150002,50.380001,51.02,137200,49.86302
2015-11-03,50.290001,52.00,49.779999,51.369999,67900,50.205081
2015-11-02,49.419998,50.869999,49.209999,50.349998,190300,49.208211
2015-10-30,46.049999,49.990002,46.029999,49.990002,
175600,48.856378
2015-10-29,45.75,47.110001,45.380001,46.529999,111700,45.474838
2015-10-28,44.669998,46.75,44.549999,46.52,47100,45.16405
2015-10-27,44.720001,45.50,43.00,44.650002,90300,43.348557
2015-10-26,47.650002,47.900002,45.119999,45.130001,88200,43.814566
2015-10-23,47.880001,47.939999,46.599998,47.50,69600,46.115485
2015-10-22,48.549999,48.98,46.02,47.650002,77700,46.261114
2015-10-21,49.200001,50.200001,48.009998,49.07,61300,47.639723
2015-10-20,49.060001,49.990002,48.540001,49.209999,65500,47.775642
2015-10-19,48.970001,49.75,48.02,49.41,63700,47.969813
2015-10-16,49.619999,49.93,49.080002,49.080002,46300,47.649433
2015-10-15,48.34,50.119999,48.00,49.68,46800,48.231943
2015-10-14,47.470001,48.689999,47.459999,48.259998,58000,46.853331
2015-10-13,47.009998,49.150002,47.009998,47.740002,83500,46.348491
2015-10-12,49.689999,50.060001,47.849998,48.349998,91500,46.940708
2015-10-09,51.00,51.23,48.759998,49.66,145600,48.212526
2015-10-08,48.099998,50.779999,47.66,50.759998,68200,49.280462
2015-10-07,49.099998,49.110001,47.16,48.52,35900,47.105755
2015-10-06,48.169998,48.759998,47.709999,48.380001,189600,46.969836
2015-10-05,45.91,49.41,45.91,48.34,335700,46.931001
2015-10-02,42.939999,46.040001,42.939999,45.48,130900,44.154363
2015-10-01,44.02,44.990002,41.939999,43.490002,198500,42.222369
2015-09-30,38.50,44.16,38.209999,44.16,294900,42.872838
2015-09-29,40.349998,41.009998,37.959999,38.360001,117300,37.241895
2015-09-28,40.389999,41.389999,39.009998,40.34,164900,39.164183
2015-09-25,41.98,41.98,40.130001,40.389999,277500,39.212724
2015-09-24,43.00,43.34,39.200001,41.91,406900,40.68842
2015-09-23,44.360001,44.450001,41.75,41.790001,263200,40.571919
2015-09-22,45.939999,46.400002,44.110001,44.41,134700,43.115551
2015-09-21,46.619999,47.009998,45.52,46.50,112600,45.144633
2015-09-18,47.240002,47.669998,46.040001,46.400002,126600,45.047549
2015-09-17,48.119999,48.740002,47.189999,47.52,35100,46.134902
2015-09-16,47.490002,48.099998,46.330002,47.830002,112200,46.435868
2015-09-15,48.099998,48.98,46.740002,47.43,148400,46.047526
2015-09-14,49.060001,49.900002,47.580002,47.919998,258200,46.523241
2015-09-11,50.200001,50.700001,48.549999,49.34,239500,47.901853
2015-09-10,50.799999,51.48,50.27,50.419998,101800,48.950372
2015-09-09,51.939999,52.779999,50.310001,50.84,128800,49.358132
2015-09-08,52.43,52.43,51.02,51.529999,41100,50.028019
2015-09-04,51.73,52.759998,51.330002,51.619999,133500,50.115395
2015-09-03,52.849998,54.50,51.889999,51.93,73700,50.416361
2015-09-02,52.34,53.00,51.049999,53.00,114000,51.455173
2015-09-01,51.119999,52.419998,50.599998,51.799999,117600,50.290149
2015-08-31,49.549999,52.09,49.150002,51.830002,84300,50.319277
2015-08-28,49.080002,50.23,49.080002,50.00,117400,48.542616
2015-08-27,47.060001,49.200001,46.220001,48.919998,85000,47.494093
2015-08-26,47.540001,47.540001,45.369999,46.990002,238500,45.620352
2015-08-25,45.77,46.869999,44.950001,46.639999,109900,45.280551
2015-08-24,44.639999,44.639999,40.740002,44.400002,122600,43.105844
2015-08-21,48.200001,48.57,47.110001,47.290001,75300,45.911607
2015-08-20,49.59,49.59,47.610001,48.669998,56900,47.25138
2015-08-19,49.189999,
49.93,48.830002,49.34,35200,47.901853
2015-08-18,49.099998,49.860001,49.099998,49.580002,59300,48.13486
2015-08-17,48.549999,49.490002,48.549999,49.200001,97200,47.765935
2015-08-14,47.830002,48.84,47.279999,48.639999,44600,47.222256
2015-08-13,46.759998,47.900002,46.759998,47.439999,105200,46.057233
2015-08-12,46.790001,47.610001,46.00,47.130001,148100,45.756271
2015-08-11,46.939999,47.00,46.040001,46.560001,52800,45.202885
2015-08-10,46.200001,46.98,45.580002,46.759998,64800,45.397053
2015-08-07,45.740002,46.34,44.810001,46.02,68600,44.678624
2015-08-06,44.77,45.830002,43.349998,45.040001,101900,43.727189
2015-08-05,49.32,50.279999,44.330002,44.68,197000,43.377682
2015-08-04,46.50,47.509998,45.91,46.43,664400,45.076673
2015-08-03,47.23,47.970001,45.950001,46.380001,72000,45.028131
2015-07-31,46.880001,48.029999,46.34,46.970001,40100,45.600934
2015-07-30,47.00,47.450001,45.869999,46.59,41900,45.23201
2015-07-29,47.970001,48.799999,46.200001,47.130001,143700,45.471812
2015-07-28,45.84,47.240002,45.48,46.630001,438200,44.989403
2015-07-27,45.240002,45.889999,45.240002,45.689999,71400,44.082473
2015-07-24,44.27,46.02,44.16,45.59,66300,43.985993
2015-07-23,43.23,46.73,43.080002,44.220001,203500,42.664195
2015-07-22,43.00,43.93,42.75,43.099998,168400,41.583598
2015-07-21,41.02,43.610001,41.02,43.009998,166600,41.496764
2015-07-20,45.009998,45.73,42.50,42.509998,166000,41.014356
2015-07-17,48.110001,48.110001,44.43,45.450001,153600,43.850919
2015-07-16,48.34,48.34,47.900002,48.110001,50700,46.417332
2015-07-15,49.169998,49.189999,47.900002,48.23,55600,46.533108
2015-07-14,49.830002,50.810001,49.00,49.189999,42500,47.459332
2015-07-13,51.48,51.529999,49.75,49.860001,79500,48.105761
2015-07-10,50.240002,52.439999,49.200001,51.09,92700,49.292485
2015-07-09,49.52,50.48,49.02,49.82,67000,48.067167
2015-07-08,50.529999,51.580002,49.00,49.02,48400,47.295315
2015-07-07,49.860001,51.610001,49.34,51.00,157000,49.205651
2015-07-06,51.02,51.880001,49.459999,50.869999,36200,49.080224
2015-07-02,51.02,51.650002,50.040001,51.380001,36300,49.572283
2015-07-01,51.130001,51.82,49.830002,50.490002,72600,48.713596
2015-06-30,51.150002,51.75,50.48,51.080002,45600,49.282838
2015-06-29,52.00,52.990002,50.59,50.959999,36500,49.167058
2015-06-26,53.060001,53.07,52.029999,52.32,43900,50.479209
2015-06-25,51.759998,53.139999,51.759998,52.419998,49200,50.575689
2015-06-24,53.360001,53.360001,51.540001,51.790001,19000,49.967857
2015-06-23,52.779999,53.459999,51.880001,52.849998,38600,50.990561
2015-06-22,52.18,52.970001,51.130001,52.57,45000,50.720413
2015-06-19,53.25,53.330002,51.279999,52.00,67900,50.170468
2015-06-18,54.869999,54.869999,52.830002,53.41,42400,51.530859
2015-06-17,54.029999,54.049999,52.740002,53.759998,64800,51.868544
2015-06-16,53.099998,53.959999,52.98,53.700001,72400,51.810657
2015-06-15,51.720001,53.450001,51.130001,53.080002,60000,51.212472
2015-06-12,50.59,52.00,50.00,51.720001,33000,49.90032
2015-06-11,51.259998,52.009998,50.689999,50.779999,36900,48.99339
2015-06-10,52.279999,52.880001,50.93,51.259998,36100,49.456502
2015-06-09,50.630001,52.09,50.490002,51.709999,86000,49.89067
2015-06-08,50.540001,50.990002,50.139999,50.50,70300,48.723243
2015-06-05,50.389999,50.98,49.450001,50.740002,563
00,48.9548
2015-06-04,51.25,51.470001,49.950001,50.18,55500,48.414502
2015-06-03,51.959999,52.48,51.299999,51.560001,167600,49.74595
2015-06-02,51.849998,52.32,51.240002,51.93,27800,50.102931
2015-06-01,51.34,51.880001,50.810001,51.880001,64400,50.054691
2015-05-29,51.029999,51.439999,50.490002,51.209999,75900,49.408262
2015-05-28,50.130001,51.970001,50.130001,50.91,29800,49.118818
2015-05-27,50.59,51.830002,50.189999,50.470001,42900,48.694299
2015-05-26,50.599998,51.209999,50.240002,50.540001,23800,48.761836
2015-05-22,49.549999,51.18,49.310001,50.689999,56800,48.906557
2015-05-21,50.369999,51.25,49.259998,49.650002,71000,47.90315
2015-05-20,49.599998,50.970001,49.150002,50.48,29100,48.703946
2015-05-19,49.450001,50.889999,48.880001,49.509998,134200,47.768073
2015-05-18,49.57,49.650002,49.060001,49.060001,34700,47.333908
2015-05-15,49.509998,49.990002,49.169998,49.709999,97100,47.961037
2015-05-14,49.369999,50.00,48.860001,49.860001,32700,48.105761
2015-05-13,49.919998,50.91,48.540001,49.150002,39500,47.420742
2015-05-12,49.990002,50.330002,49.290001,49.939999,32200,48.182944
2015-05-11,49.66,50.900002,49.66,50.130001,40200,48.366262
2015-05-08,50.110001,51.419998,49.66,50.259998,36000,48.491685
2015-05-07,50.25,50.82,49.240002,49.880001,35300,48.125058
2015-05-06,51.41,52.43,50.360001,50.630001,27300,48.84867
2015-05-05,51.349998,52.560001,50.310001,51.00,76000,49.205651
2015-05-04,51.200001,51.41,50.75,51.259998,95100,49.456502
2015-05-01,50.66,51.25,50.119999,50.98,31900,49.186354
2015-04-30,49.98,51.049999,49.299999,50.580002,69500,48.80043
2015-04-29,49.720001,50.41,48.93,49.98,65800,48.221538
2015-04-28,49.400002,50.18,49.049999,49.990002,28700,47.962967
2015-04-27,49.380001,50.360001,49.130001,49.450001,41000,47.444863
2015-04-24,50.00,50.130001,49.029999,49.209999,164200,47.214593
2015-04-23,52.189999,52.990002,49.830002,50.110001,82600,48.0781
2015-04-22,53.639999,53.639999,51.799999,51.82,44800,49.718761
2015-04-21,52.07,53.470001,51.75,52.990002,91800,50.841321
2015-04-20,49.700001,52.75,49.700001,52.009998,74300,49.901055
2015-04-17,49.619999,49.970001,49.09,49.889999,28700,47.86702
2015-04-16,49.080002,50.029999,49.080002,49.810001,40600,47.790266
2015-04-15,49.330002,50.099998,48.560001,49.490002,210100,47.483241
2015-04-14,49.400002,49.529999,48.639999,49.27,183600,47.272161
2015-04-13,49.369999,49.689999,48.439999,49.02,87700,47.032298
2015-04-10,49.439999,50.330002,48.720001,49.52,98300,47.512024
2015-04-09,49.799999,49.939999,49.029999,49.41,65100,47.406484
2015-04-08,49.439999,49.860001,49.00,49.23,51800,47.233782
2015-04-07,50.619999,51.380001,48.599998,49.400002,98000,47.396891
2015-04-06,50.09,51.00,49.540001,50.950001,36900,48.884039
2015-04-02,49.25,50.57,48.990002,49.689999,114400,47.675129
2015-04-01,48.57,50.669998,48.130001,49.900002,182800,47.876616
2015-03-31,50.369999,51.560001,48.400002,48.400002,328500,46.437439
2015-03-30,52.25,52.25,50.040001,50.75,90400,48.692148
2015-03-27,52.02,52.43,51.080002,51.599998,73900,49.50768
2015-03-26,52.830002,52.830002,51.560001,52.16,58800,50.044974
2015-03-25,51.720001,53.209999,51.299999,52.110001,40100,49.997003
2015-03-24,52.82,53.470001,51.59,51.709999,45100,49.613221
2015-03-23,52.939999,53.25,52.009998,52.84,46700,50.697401
2015-03-20,53.099998,53.50,52.34,52.939999,60500,50.793345
2015-
03-19,51.709999,53.400002,51.580002,52.790001,78800,50.64943
2015-03-18,50.060001,52.189999,49.349998,52.110001,74600,49.997003
2015-03-17,48.68,50.560001,48.68,49.869999,64100,47.84783
2015-03-16,50.419998,50.720001,48.669998,48.959999,156400,46.97473
2015-03-13,50.779999,51.25,50.029999,50.93,76100,48.86485
2015-03-12,51.07,51.57,50.880001,51.119999,68600,49.047144
2015-03-11,51.119999,52.25,50.650002,51.139999,137000,49.066334
2015-03-10,49.880001,51.419998,49.400002,51.18,127600,49.104713
2015-03-09,51.720001,52.34,50.279999,50.759998,171600,48.701741
2015-03-06,53.529999,53.709999,51.540001,52.080002,410000,49.96822
2015-03-05,53.950001,54.470001,52.639999,53.599998,138900,51.426583
2015-03-04,52.619999,53.169998,51.779999,52.470001,134100,50.342406
2015-03-03,54.490002,55.00,52.599998,52.700001,129600,50.563079
2015-03-02,53.43,54.139999,52.509998,52.75,143600,50.611051
2015-02-27,52.869999,54.919998,52.27,53.290001,174600,51.129155
2015-02-26,53.470001,53.860001,52.619999,52.830002,62100,50.687809
2015-02-25,52.790001,54.00,52.790001,53.650002,51000,51.474558
2015-02-24,52.490002,52.990002,52.279999,52.689999,51100,50.553482
2015-02-23,51.91,53.689999,51.290001,52.41,86400,50.284837
2015-02-20,50.50,52.470001,50.50,51.939999,85800,49.833894
2015-02-19,50.290001,51.16,50.290001,50.849998,47900,48.788092
2015-02-18,50.060001,51.419998,49.84,50.82,46900,48.75931
2015-02-17,50.279999,50.639999,49.700001,50.029999,89000,48.001342
2015-02-13,50.00,50.389999,49.75,49.869999,74200,47.84783
2015-02-12,49.150002,49.84,47.77,49.799999,95300,47.780669
2015-02-11,50.189999,50.669998,48.709999,48.880001,217600,46.897976
2015-02-10,53.119999,53.330002,50.439999,51.279999,116900,49.200656
2015-02-09,51.650002,54.290001,51.650002,53.150002,119600,50.994833
2015-02-06,51.57,52.299999,50.939999,51.889999,135900,49.785922
2015-02-05,51.00,51.68,49.68,51.00,94600,48.932011
2015-02-04,49.77,50.849998,49.27,50.150002,279700,48.116479
2015-02-03,50.259998,50.93,49.130001,50.209999,96600,48.174044
2015-02-02,50.869999,50.869999,48.700001,49.619999,76800,47.352755
2015-01-30,50.07,50.689999,49.27,49.950001,189500,47.667678
2015-01-29,47.509998,50.439999,47.220001,49.169998,344100,46.923315
2015-01-28,45.549999,47.91,44.419998,47.310001,180700,45.148306
2015-01-27,46.200001,46.790001,44.689999,45.439999,72000,43.363748
2015-01-26,45.09,47.32,44.73,46.470001,283600,44.346687
2015-01-23,43.130001,46.200001,42.849998,44.970001,171200,42.915225
2015-01-22,42.799999,43.459999,42.299999,43.139999,49000,41.16884
2015-01-21,41.860001,42.849998,41.290001,42.540001,116300,40.596257
2015-01-20,40.009998,42.130001,39.73,41.599998,270600,39.699205
2015-01-16,39.439999,40.549999,39.25,40.009998,94900,38.181856
2015-01-15,39.110001,39.68,38.529999,39.169998,172200,37.380237
2015-01-14,39.299999,39.889999,38.560001,38.669998,328400,36.903083
2015-01-13,40.169998,40.200001,39.299999,39.299999,82600,37.504298
2015-01-12,40.240002,40.98,39.119999,39.669998,174600,37.857391
2015-01-09,41.189999,41.490002,40.619999,40.630001,258600,38.773529
2015-01-08,40.209999,41.029999,40.040001,40.619999,214600,38.763984
2015-01-07,41.220001,41.509998,39.630001,40.41,152000,38.56358
2015-01-06,40.50,40.869999,3
9.380001,40.52,180200,38.668555
2015-01-05,41.779999,43.540001,40.299999,40.720001,200000,38.859417
2015-01-02,43.700001,43.970001,41.349998,42.18,79400,40.252706
2014-12-31,43.080002,45.200001,41.919998,43.25,168300,41.273815
2014-12-30,40.779999,43.470001,40.50,43.310001,166100,41.331074
2014-12-29,40.950001,41.779999,40.349998,41.09,208900,39.21251
2014-12-26,41.459999,42.450001,40.279999,40.98,70600,39.107535
2014-12-24,42.200001,42.830002,40.549999,41.560001,195700,39.661036
2014-12-23,40.290001,42.93,40.240002,42.880001,234000,40.920722
2014-12-22,41.93,42.93,40.50,40.549999,152900,38.697183
2014-12-19,42.869999,42.869999,40.75,42.23,197900,40.30042
2014-12-18,37.25,42.119999,36.73,41.950001,230800,40.033215
2014-12-17,36.119999,38.00,36.119999,37.07,274900,35.376192
2014-12-16,37.040001,38.650002,35.959999,36.509998,344200,34.841778
2014-12-15,38.91,38.91,37.209999,37.939999,134400,36.206439
2014-12-12,38.349998,39.799999,37.00,38.549999,211600,36.788567
2014-12-11,38.759998,40.389999,38.759998,39.099998,181000,37.313436
2014-12-10,41.060001,41.169998,38.43,38.82,260400,37.046231
2014-12-09,41.049999,42.040001,39.459999,41.619999,247600,39.718292
2014-12-08,43.040001,43.48,40.049999,40.349998,126400,38.50632
2014-12-05,43.919998,44.549999,43.110001,43.560001,49300,41.569651
2014-12-04,43.650002,44.860001,43.450001,43.860001,73200,41.855943
2014-12-03,41.740002,44.779999,41.650002,43.310001,197500,41.331074
2014-12-02,39.540001,44.419998,39.540001,42.220001,255900,40.290879
2014-12-01,41.07,41.07,39.009998,40.009998,190400,38.181856
2014-11-28,45.450001,45.779999,41.450001,41.720001,137800,39.813725
2014-11-26,46.580002,47.98,44.209999,46.50,187800,44.375315
2014-11-25,47.57,48.970001,45.91,47.00,188500,44.852469
2014-11-24,49.720001,50.66,46.349998,46.639999,143500,44.508918
2014-11-21,52.34,52.650002,48.849998,49.169998,699100,46.923315
2014-11-20,49.82,52.27,49.50,51.299999,229300,48.955992
2014-11-19,48.720001,50.84,48.57,50.07,331500,47.782194
2014-11-18,47.75,49.650002,46.790001,48.00,123100,45.806777
2014-11-17,46.599998,48.18,45.759998,47.59,113700,45.415511
2014-11-14,45.119999,46.599998,44.950001,46.509998,45000,44.384857
2014-11-13,45.25,46.299999,44.349998,45.66,87600,43.573696
2014-11-12,43.970001,44.810001,43.860001,44.52,26000,42.485786
2014-11-11,44.549999,44.549999,43.650002,43.91,26600,41.903658
2014-11-10,44.509998,44.82,43.68,44.240002,37200,42.218581
2014-11-07,42.720001,44.25,42.720001,44.25,56200,42.228123
2014-11-06,41.169998,43.00,41.169998,42.939999,94700,40.977978
2014-11-05,42.330002,42.330002,41.419998,41.470001,81700,39.575148
2014-11-04,41.959999,42.25,41.200001,42.00,66600,40.08093
2014-11-03,42.59,42.77,41.91,42.25,101100,40.319507
2014-10-31,44.18,44.50,41.720001,42.700001,69200,40.748946
2014-10-30,41.990002,44.34,41.93,44.27,116400,42.247209
2014-10-29,42.009998,42.990002,42.00,42.400002,58200,40.462654
2014-10-28,40.82,42.529999,39.439999,42.169998,131100,40.014125
2014-10-27,41.650002,42.419998,40.029999,41.009998,110200,38.913429
2014-10-24,42.650002,43.32,41.220001,41.869999,72400,39.729463
2014-10-23,46.130001,46.130001,42.080002,42.50,78200,40.32725
6
2014-10-22,45.169998,45.68,44.450001,44.619999,96700,42.338874
2014-10-21,44.490002,45.450001,44.110001,45.25,46300,42.936667
2014-10-20,44.330002,44.630001,43.549999,44.630001,69300,42.348365
2014-10-17,42.029999,44.150002,42.029999,44.130001,167800,41.873926
2014-10-16,39.50,43.00,39.50,41.759998,118700,39.625086
2014-10-15,40.099998,40.240002,38.099998,40.240002,145500,38.182797
2014-10-14,41.419998,42.25,39.560001,40.48,140700,38.410525
2014-10-13,43.919998,44.330002,40.599998,41.84,57000,39.700998
2014-10-10,43.360001,44.50,41.50,43.700001,76800,41.465909
2014-10-09,43.900002,45.50,40.290001,43.849998,137300,41.608238
2014-10-08,44.34,44.610001,42.599998,43.959999,76000,41.712615
2014-10-07,46.259998,46.259998,44.560001,44.560001,46600,42.281943
2014-10-06,45.98,46.91,45.07,46.029999,35200,43.67679
2014-10-03,48.369999,48.369999,45.029999,45.50,82000,43.173886
2014-10-02,45.209999,49.490002,41.580002,48.50,235800,46.020516
2014-10-01,44.259998,46.990002,44.02,45.619999,49700,43.28775
2014-09-30,44.950001,45.16,44.299999,44.630001,274200,42.348365
2014-09-29,45.07,46.439999,44.709999,44.860001,71300,42.566606
2014-09-26,44.75,45.77,44.599998,45.41,144400,43.088487
2014-09-25,47.119999,47.50,44.77,44.82,123800,42.52865
2014-09-24,45.950001,47.810001,45.09,47.52,287800,45.090617
2014-09-23,46.509998,47.16,45.029999,45.709999,69200,43.373149
2014-09-22,48.18,48.18,46.50,46.610001,44900,44.22714
2014-09-19,47.099998,49.189999,47.009998,48.099998,64800,45.640964
2014-09-18,48.52,48.950001,47.200001,47.599998,29200,45.166526
2014-09-17,47.91,48.52,47.599998,48.52,74200,46.039494
2014-09-16,48.689999,48.970001,47.73,48.00,46800,45.546078
2014-09-15,47.939999,48.529999,46.389999,48.299999,67700,45.83074
2014-09-12,50.709999,50.709999,47.400002,48.209999,166900,45.745341
2014-09-11,52.169998,52.169998,50.049999,50.799999,40800,48.202932
2014-09-10,52.75,52.75,51.970001,52.439999,210100,49.759089
2014-09-09,51.34,53.32,51.139999,53.09,92500,50.37586
2014-09-08,51.779999,51.990002,51.099998,51.610001,46100,48.971523
2014-09-05,52.00,52.00,50.900002,51.439999,67400,48.810212
2014-09-04,50.779999,52.549999,50.779999,52.439999,42900,49.759089
2014-09-03,53.490002,53.490002,50.439999,50.779999,71500,48.183954
2014-09-02,53.439999,53.73,52.16,53.360001,62700,50.632057
2014-08-29,53.34,54.060001,52.599998,53.310001,54900,50.584614
2014-08-28,54.380001,54.41,52.939999,53.290001,59600,50.565636
2014-08-27,52.959999,55.220001,52.330002,54.77,72100,51.969973
2014-08-26,51.200001,53.50,50.77,53.029999,39100,50.318926
2014-08-25,50.580002,51.330002,49.970001,51.259998,37000,48.639414
2014-08-22,49.23,50.57,49.169998,50.41,44100,47.83287
2014-08-21,48.919998,49.43,48.419998,49.110001,32700,46.599331
2014-08-20,49.00,49.419998,48.25,48.830002,28200,46.333647
2014-08-19,47.77,49.439999,47.52,48.93,49500,46.428533
2014-08-18,48.25,49.990002,47.93,48.07,80000,45.612499
2014-08-15,46.900002,48.93,46.439999,48.169998,62700,45.707385
2014-08-14,46.27,47.360001,45.959999,46.00,58000,43.648324
2014-08-13,44.400002,46.00,44.209999,45.959999,79700,43.610369
2014-08-12,44.439999,44.959999,44.259998,44.50,40600,42.22501
2014-08-11,44.68,45.310001,44.299999,44.48,79900,42.206032
2014-08-08,44.27,45.419998,44.
049999,44.23,55300,41.968812
2014-08-07,44.02,45.52,44.02,44.450001,94300,42.177566
2014-08-06,44.310001,44.970001,43.869999,44.02,74800,41.769549
2014-08-05,44.77,46.509998,44.400002,44.459999,129700,42.187054
2014-08-04,44.509998,45.330002,44.509998,45.060001,69000,42.756382
2014-08-01,44.610001,45.959999,43.50,44.509998,92900,42.234497
2014-07-31,45.119999,46.540001,44.040001,46.48,67200,44.103785
2014-07-30,46.700001,46.700001,44.029999,44.77,118400,42.481207
2014-07-29,44.349998,46.639999,43.650002,45.900002,183900,43.341839
2014-07-28,45.349998,45.740002,43.330002,44.439999,198600,41.963207
2014-07-25,45.130001,46.130001,45.130001,45.189999,80900,42.671407
2014-07-24,46.639999,46.700001,43.549999,45.630001,233600,43.086887
2014-07-23,48.34,48.439999,46.049999,46.349998,57100,43.766756
2014-07-22,48.279999,48.860001,47.57,47.990002,38800,45.315357
2014-07-21,48.200001,49.93,47.25,48.040001,90800,45.362569
2014-07-18,46.720001,48.34,46.50,47.630001,67000,44.97542
2014-07-17,45.200001,48.459999,45.119999,47.419998,148500,44.777121
2014-07-16,48.00,48.32,45.59,45.599998,135300,43.058556
2014-07-15,49.900002,50.099998,47.00,47.799999,198400,45.135944
2014-07-14,51.529999,52.57,49.529999,50.099998,42200,47.307756
2014-07-11,51.57,52.66,50.93,50.98,113900,48.138712
2014-07-10,50.130001,51.849998,49.689999,51.25,136000,48.393664
2014-07-09,54.00,54.00,49.610001,51.419998,139000,48.554188
2014-07-08,55.290001,55.290001,52.18,53.900002,67500,50.895972
2014-07-07,55.389999,56.889999,55.150002,55.599998,81200,52.501222
2014-07-03,53.610001,55.700001,53.610001,55.110001,46500,52.038534
2014-07-02,52.990002,53.66,52.509998,53.310001,67500,50.338855
2014-07-01,50.66,52.880001,50.630001,52.869999,47300,49.923375
2014-06-30,50.049999,50.700001,49.93,50.310001,58100,47.506055
2014-06-27,49.389999,50.00,49.349998,49.700001,86100,46.930052
2014-06-26,50.310001,50.310001,48.23,49.16,53100,46.420147
2014-06-25,50.150002,50.98,49.599998,49.599998,98600,46.835623
2014-06-24,49.029999,50.009998,49.029999,49.619999,54300,46.854509
2014-06-23,48.509998,50.380001,48.43,48.849998,203900,46.127423
2014-06-20,47.470001,49.639999,47.25,47.91,100800,45.239813
2014-06-19,45.23,47.189999,45.009998,47.049999,64300,44.427744
2014-06-18,44.299999,46.18,44.299999,45.00,184400,42.491998
2014-06-17,44.900002,44.900002,43.759998,44.299999,45200,41.83101
2014-06-16,44.00,45.00,43.860001,44.50,65300,42.019864
2014-06-13,44.07,44.540001,43.709999,43.759998,75300,41.321106
2014-06-12,43.919998,44.25,43.50,44.240002,55000,41.774357
2014-06-11,44.189999,44.73,43.849998,43.860001,58700,41.415534
2014-06-10,43.810001,44.700001,43.700001,44.50,45300,42.019864
2014-06-09,43.759998,44.25,43.709999,43.709999,64300,41.273893
2014-06-06,43.57,44.50,43.400002,43.84,106100,41.396649
2014-06-05,44.869999,45.049999,43.150002,43.540001,105400,41.113369
2014-06-04,43.950001,45.41,43.950001,45.00,69400,42.491998
2014-06-03,43.700001,44.52,43.439999,44.189999,33600,41.727141
2014-06-02,44.169998,44.599998,43.419998,43.900002,46100,41.453306
2014-05-30,44.189999,44.849998,42.610001,44.43,69800,41.953766
2014-05-29,43.560001,44.689999,43.560001,44.009998,36400,41.557172
2014-05-28,43.00,43.369999,42.41,43.330002,42700,40.915074
2014-05-27,43.389999,43.669998,43.029999,43.200001,30800,40.792319
2014-05-23,43.84,44.009998,43.02,43.02,33900,40.62235
2014-05-22,4
3.490002,44.470001,43.490002,43.73,56900,41.292779
2014-05-21,44.34,44.73,43.580002,43.59,52100,41.160582
2014-05-20,44.630001,45.23,43.650002,44.240002,95400,41.774357
2014-05-19,43.639999,45.209999,43.549999,44.50,142800,42.019864
2014-05-16,44.130001,44.759998,43.50,44.00,57900,41.547731
2014-05-15,43.599998,44.25,43.00,43.889999,92700,41.443861
2014-05-14,43.25,43.880001,43.200001,43.52,52000,41.094484
2014-05-13,43.459999,43.900002,43.09,43.560001,153900,41.132255
2014-05-12,43.060001,43.720001,42.540001,43.259998,109100,40.848972
2014-05-09,43.27,43.799999,42.549999,43.220001,110200,40.811204
2014-05-08,42.610001,44.07,42.610001,43.419998,85100,41.000055
2014-05-07,44.310001,44.779999,43.470001,44.080002,107200,41.623274
2014-05-06,43.299999,44.860001,43.150002,44.040001,177100,41.585503
2014-05-05,42.299999,43.75,41.73,43.439999,95400,41.018941
2014-05-02,41.220001,42.43,40.900002,42.200001,108000,39.848052
2014-05-01,41.439999,42.099998,40.25,40.990002,101000,38.70549
2014-04-30,40.029999,41.450001,39.419998,41.209999,95700,38.913226
2014-04-29,40.810001,41.639999,39.93,40.080002,75900,37.846208
2014-04-28,42.459999,42.799999,40.50,40.740002,148300,38.268295
2014-04-25,43.200001,43.779999,42.299999,42.459999,151800,39.88394
2014-04-24,44.349998,44.799999,42.529999,43.200001,69200,40.579046
2014-04-23,44.50,45.16,43.52,43.91,86400,41.245969
2014-04-22,43.790001,44.630001,43.450001,44.32,144900,41.631094
2014-04-21,43.209999,44.959999,42.900002,43.419998,135500,40.785696
2014-04-17,42.009998,43.799999,41.00,43.200001,144300,40.579046
2014-04-16,41.029999,42.650002,40.299999,41.970001,511100,39.42367
2014-04-15,40.880001,41.68,40.439999,40.470001,68700,38.014676
2014-04-14,39.48,42.00,39.32,41.09,59900,38.597059
2014-04-11,38.869999,40.139999,38.009998,39.32,55700,36.934445
2014-04-10,39.810001,40.080002,38.869999,39.189999,68600,36.812331
2014-04-09,39.18,40.189999,38.68,39.599998,50800,37.197456
2014-04-08,38.889999,40.25,38.810001,39.18,66900,36.80294
2014-04-07,39.639999,39.900002,38.59,39.009998,98800,36.643252
2014-04-04,41.41,41.41,38.759998,39.790001,106400,37.375931
2014-04-03,40.48,41.43,39.889999,40.900002,70400,38.418588
2014-04-02,40.849998,41.00,40.200001,40.630001,805800,38.164968
2014-04-01,39.889999,40.950001,39.09,40.700001,189000,38.230721
2014-03-31,39.00,40.240002,38.650002,39.59,204300,37.188065
2014-03-28,39.419998,39.50,38.150002,38.830002,86100,36.474176
2014-03-27,39.279999,39.540001,38.77,39.540001,75700,37.141099
2014-03-26,39.16,39.32,38.549999,38.900002,183400,36.539928
2014-03-25,39.509998,39.580002,38.919998,39.290001,86400,36.906266
2014-03-24,39.279999,39.509998,38.560001,39.310001,61500,36.925054
2014-03-21,39.279999,39.400002,38.77,39.040001,69200,36.671434
2014-03-20,38.860001,38.950001,38.259998,38.869999,65500,36.511746
2014-03-19,39.00,39.080002,38.50,38.689999,88900,36.342666
2014-03-18,39.509998,39.540001,38.68,39.00,81600,36.63386
2014-03-17,38.509998,39.779999,38.00,39.68,97100,37.272605
2014-03-14,37.900002,38.150002,37.389999,38.02,55700,35.713317
2014-03-13,37.93,38.00,37.41,37.630001,67000,35.346979
2014-03-12,38.25,38.380001,37.610001,37.68,67800,35.393945
2014-03-11,39.52,39.599998,38.360001,38.439999,178500,36.107834
2014-03-10,39.18,39.970001,38.58
0002,39.389999,89600,37.000198
2014-03-07,38.860001,39.209999,38.380001,38.709999,86500,36.361454
2014-03-06,38.830002,39.41,38.029999,38.490002,132200,36.154803
2014-03-05,37.84,40.279999,37.029999,38.599998,141700,36.258127
2014-03-04,37.200001,39.00,36.720001,38.220001,108600,35.901184
2014-03-03,36.689999,37.240002,36.310001,36.860001,90100,34.623695
2014-02-28,37.23,38.98,36.509998,36.990002,254400,34.745809
2014-02-27,37.82,37.91,36.290001,37.389999,111800,35.121539
2014-02-26,38.00,38.00,36.650002,37.919998,247900,35.619382
2014-02-25,40.080002,40.599998,38.169998,38.220001,152800,35.901184
2014-02-24,39.77,40.25,38.759998,39.970001,155500,37.545011
2014-02-21,38.310001,39.84,38.169998,39.59,157500,37.188065
2014-02-20,39.00,39.529999,38.00,38.23,138400,35.910576
2014-02-19,38.150002,39.860001,38.009998,39.00,323800,36.63386
2014-02-18,38.099998,38.419998,37.52,38.419998,127600,36.089047
2014-02-14,36.290001,38.099998,36.240002,37.380001,243200,35.112147
2014-02-13,35.490002,36.099998,35.290001,36.099998,144900,33.909802
2014-02-12,35.540001,35.75,35.450001,35.529999,88300,33.374385
2014-02-11,34.50,35.490002,34.369999,35.290001,120500,33.148948
2014-02-10,34.470001,34.560001,34.110001,34.50,157300,32.406876
2014-02-07,34.049999,34.50,33.82,34.470001,109400,32.378697
2014-02-06,33.900002,34.330002,33.610001,33.869999,260700,31.815097
2014-02-05,34.25,34.509998,33.09,33.869999,128100,31.815097
2014-02-04,34.099998,34.59,33.32,34.07,145700,32.002964
2014-02-03,35.700001,35.75,33.91,34.549999,127200,32.453842
2014-01-31,34.799999,35.830002,34.580002,35.549999,132100,33.393172
2014-01-30,34.84,35.52,34.50,35.00,71200,32.876541
2014-01-29,35.09,35.799999,34.419998,34.869999,85900,32.754427
2014-01-28,35.169998,36.110001,34.630001,35.470001,102300,33.283272
2014-01-27,35.25,35.50,34.509998,35.060001,81500,32.898549
2014-01-24,35.00,35.209999,34.50,35.16,96900,32.992382
2014-01-23,35.349998,35.779999,34.950001,35.119999,132000,32.954848
2014-01-22,34.50,35.830002,34.060001,35.060001,133600,32.898549
2014-01-21,34.389999,35.439999,33.709999,35.029999,335000,32.870396
2014-01-17,33.32,33.990002,33.00,33.970001,135100,31.875747
2014-01-16,33.029999,33.450001,32.66,33.23,171100,31.181367
2014-01-15,32.889999,33.00,32.490002,32.639999,105400,30.62774
2014-01-14,32.00,32.950001,32.00,32.580002,141500,30.571442
2014-01-13,32.200001,32.59,31.549999,31.90,140200,29.933362
2014-01-10,32.84,32.84,32.009998,32.189999,118600,30.205482
2014-01-09,31.799999,32.52,31.51,32.299999,185200,30.308701
2014-01-08,32.790001,32.790001,31.299999,31.969999,248000,29.999046
2014-01-07,33.59,33.59,32.380001,32.610001,286100,30.599591
2014-01-06,33.139999,33.50,32.759998,33.049999,488000,31.012464
2014-01-03,33.389999,33.720001,32.209999,32.599998,284500,30.590205
2014-01-02,34.299999,34.400002,32.66,32.740002,361600,30.721577
2013-12-31,33.279999,34.779999,33.200001,34.450001,275200,32.326155
2013-12-30,32.00,33.040001,31.690001,32.93,180900,30.899863
2013-12-27,31.50,31.879999,31.41,31.690001,130600,29.736309
2013-12-26
,30.58,31.549999,30.370001,31.540001,231900,29.595557
2013-12-24,30.24,30.24,29.91,30.24,129500,28.375701
2013-12-23,29.73,30.01,29.34,29.969999,203800,28.122346
2013-12-20,29.219999,29.48,29.02,29.450001,198700,27.634405
2013-12-19,29.200001,29.43,29.15,29.16,121600,27.362283
2013-12-18,29.379999,29.540001,28.85,29.25,141000,27.446735
2013-12-17,29.01,29.50,28.60,29.290001,411700,27.48427
2013-12-16,28.440001,28.969999,28.26,28.950001,286800,27.16523
2013-12-13,28.959999,28.959999,28.200001,28.200001,256600,26.461468
2013-12-12,28.00,28.629999,27.73,28.51,865800,26.752356
2013-12-11,28.25,28.59,27.50,28.00,11119500,26.273797